2.026080340147018433e-02
5.273546557873487473e-03
1.202626340091228485e-02
2.114374656230211258e-03
7.817451842129230499e-03
2.395806834101676941e-03
4.262266680598258972e-03
1.691541052423417568e-03
2.283189911395311356e-03
4.292170517146587372e-03
1.595596969127655029e-02
2.491698542144149542e-04
2.839432330802083015e-03
7.905791513621807098e-03
1.623317017219960690e-03
4.381766915321350098e-02
6.729413289576768875e-04
8.291412377730011940e-04
5.193760618567466736e-03
1.046560355462133884e-03
3.148254181724041700e-04
7.577155716717243195e-03
3.702576737850904465e-03
7.175435777753591537e-03
1.626589655643329024e-04
2.824879018589854240e-03
5.622711498290300369e-03
3.275233902968466282e-04
1.043866854161024094e-02
1.548046362586319447e-03
2.763788681477308273e-03
6.627078168094158173e-03
4.789406433701515198e-03
6.803566589951515198e-03
1.809330470860004425e-02
7.821563049219548702e-04
7.740122964605689049e-04
1.586272008717060089e-02
2.251469064503908157e-03
2.032060408964753151e-03
1.453583477996289730e-03
9.532462572678923607e-04
2.005872549489140511e-03
2.182567492127418518e-02
6.368542090058326721e-04
1.931718084961175919e-03
1.165813766419887543e-02
5.339894909411668777e-03
3.050507977604866028e-03
3.548372769728302956e-03
4.444447811692953110e-03
9.169087745249271393e-03
1.096055563539266586e-02
4.566863179206848145e-03
9.662498719990253448e-03
1.011802442371845245e-02
1.878527365624904633e-02
1.211107149720191956e-02
2.101558959111571312e-03
1.248051133006811142e-02
1.951737212948501110e-03
7.852452108636498451e-04
1.012608408927917480e-02
4.315672814846038818e-02
2.685435116291046143e-03
4.085669293999671936e-02
1.860877312719821930e-02
1.011010725051164627e-02
6.649957038462162018e-03
4.055469110608100891e-02
7.483980152755975723e-03
2.569605596363544464e-02
5.566756590269505978e-04
6.124721374362707138e-03
9.258785285055637360e-03
1.382914930582046509e-02
1.659621484577655792e-02
1.115697808563709259e-02
5.343656521290540695e-03
1.374498382210731506e-02
3.872138215228915215e-03
6.661005783826112747e-03
3.029222832992672920e-03
3.107786737382411957e-02
1.103314198553562164e-02
2.263522148132324219e-02
1.188837178051471710e-02
7.580413948744535446e-03
3.977731801569461823e-03
3.745887801051139832e-02
6.489101797342300415e-03
2.522963797673583031e-03
3.052170388400554657e-02
1.203204854391515255e-03
7.229390088468790054e-03
4.618888255208730698e-03
5.752995144575834274e-03
1.016488578170537949e-02
2.056614123284816742e-02
5.243349820375442505e-03
1.981126703321933746e-02
8.124355226755142212e-03
2.531141415238380432e-02
4.548450931906700134e-03
1.059641037136316299e-02
2.048919908702373505e-03
3.684405703097581863e-03
4.760013893246650696e-03
5.462820408865809441e-04
1.302696298807859421e-02
1.305053755640983582e-02
1.037936774082481861e-03
8.658115752041339874e-03
1.024371944367885590e-02
4.191290121525526047e-03
4.189335182309150696e-02
6.581187713891267776e-03
2.465869300067424774e-03
8.187233470380306244e-03
3.727587638422846794e-03
1.508626504801213741e-03
2.177456207573413849e-02
2.637621946632862091e-03
5.528934765607118607e-03
2.281602239236235619e-03
5.584771744906902313e-03
1.368681620806455612e-02
2.823169110342860222e-03
7.709230296313762665e-03
4.301736596971750259e-03
4.950025584548711777e-03
1.164787355810403824e-02
5.303306039422750473e-03
1.388661283999681473e-02
2.011232823133468628e-02
8.032831363379955292e-03
9.648428298532962799e-03
2.010729536414146423e-02
6.740534212440252304e-03
6.699054501950740814e-03
5.610118154436349869e-03
4.431669600307941437e-03
1.487618405371904373e-02
7.080731447786092758e-03
6.012607365846633911e-03
4.351408220827579498e-03
1.065640989691019058e-02
6.307001691311597824e-03
1.316247880458831787e-02
9.951489046216011047e-03
1.864433661103248596e-02
1.303909718990325928e-02
2.820491790771484375e-02
1.967972330749034882e-02
4.934723488986492157e-03
3.270849585533142090e-03
1.011236105114221573e-02
3.356001805514097214e-03
7.099721115082502365e-04
1.708995178341865540e-02
6.840357556939125061e-03
4.450444597750902176e-03
2.161812409758567810e-02
1.381351333111524582e-02
3.971102647483348846e-03
4.501597955822944641e-02
5.462534725666046143e-03
5.039663519710302353e-04
1.850130967795848846e-02
5.849821958690881729e-03
4.256327170878648758e-03
3.020500577986240387e-02
3.135174047201871872e-03
4.396470263600349426e-03
6.021344568580389023e-03
7.229642011225223541e-03
2.483885549008846283e-02
1.871607266366481781e-03
4.627273418009281158e-03
1.080266479402780533e-02
1.971181482076644897e-03
1.877671107649803162e-02
4.033924546092748642e-03
1.689130440354347229e-02
1.153427176177501678e-02
9.552962146699428558e-03
8.296602405607700348e-03
1.153571810573339462e-02
4.787984304130077362e-03
1.616349443793296814e-02
1.411108416505157948e-03
7.600170094519853592e-03
1.656092889606952667e-02
1.333034783601760864e-02
3.774551441892981529e-03
7.136146537959575653e-03
8.891720324754714966e-03
5.546624772250652313e-03
1.481386460363864899e-02
1.437494065612554550e-02
7.284817285835742950e-03
3.810671623796224594e-03
1.041981508024036884e-03
1.936467364430427551e-02
2.039196901023387909e-03
9.510261006653308868e-03
1.645110175013542175e-02
7.838761433959007263e-03
3.333436092361807823e-03
1.855354639701545238e-03
1.216429937630891800e-02
9.564953506924211979e-04
1.742006465792655945e-02
1.868309080600738525e-02
8.540649432688951492e-04
4.418708384037017822e-02
2.507754601538181305e-03
1.812082831747829914e-03
4.783119366038590670e-04
2.602015994489192963e-02
1.036969665437936783e-02
1.175870560109615326e-02
1.321600656956434250e-02
4.219206981360912323e-03
1.325333118438720703e-02
5.104615818709135056e-03
6.878797896206378937e-03
6.699236109852790833e-03
7.275416515767574310e-03
5.500477273017168045e-03
6.637057755142450333e-03
1.019907533191144466e-03
1.521404134109616280e-03
9.824165143072605133e-03
6.478114984929561615e-03
2.687854133546352386e-02
3.425175324082374573e-03
5.333289504051208496e-03
2.419761382043361664e-03
1.931628398597240448e-02
3.341333242133259773e-03
3.546051681041717529e-03
8.436058647930622101e-03
9.920819662511348724e-03
1.037299865856766701e-03
2.076457254588603973e-02
3.436846891418099403e-03
1.578992418944835663e-02
9.807617403566837311e-03
2.912779338657855988e-03
1.308077853173017502e-02
8.784656412899494171e-03
2.097105979919433594e-02
1.416733115911483765e-02
4.607663955539464951e-03
2.827674848958849907e-03
1.423042453825473785e-02
1.816105796024203300e-03
3.104674164205789566e-03
8.620641194283962250e-03
2.998832147568464279e-03
6.020670291036367416e-03
1.533264014869928360e-02
1.269093714654445648e-02
9.838424157351255417e-04
3.406099230051040649e-02
1.562070450745522976e-03
1.434173667803406715e-03
1.503311842679977417e-02
5.815011449158191681e-03
1.987085910513997078e-03
1.396817807108163834e-02
3.201212501153349876e-03
4.875425249338150024e-03
3.356043947860598564e-03
7.394759915769100189e-03
2.009340748190879822e-02
4.569320590235292912e-04
5.518851336091756821e-03
6.723056081682443619e-03
1.920196809805929661e-03
1.154221966862678528e-02
1.042483723722398281e-03
1.778708398342132568e-02
9.730153717100620270e-03
3.910518717020750046e-03
2.335227327421307564e-03
7.458278909325599670e-03
1.546880346722900867e-03
6.979251280426979065e-03
3.271810943260788918e-03
1.957990229129791260e-03
6.922060623764991760e-03
1.312370039522647858e-02
1.083602546714246273e-03
7.096413522958755493e-03
4.666008986532688141e-03
3.404418006539344788e-03
4.673454910516738892e-03
8.738458156585693359e-03
1.092266570776700974e-02
3.540076315402984619e-03
7.487207651138305664e-03
2.968214219436049461e-03
1.098583079874515533e-02
1.727945171296596527e-03
9.988740086555480957e-03
4.911215044558048248e-03
6.504486664198338985e-04
2.667181892320513725e-03
9.347484447062015533e-03
2.082190010696649551e-03
5.734984762966632843e-03
9.477637708187103271e-03
1.238353084772825241e-03
4.084990173578262329e-02
3.888094099238514900e-03
7.491036085411906242e-04
3.983991220593452454e-03
1.029285951517522335e-03
1.274054404348134995e-03
1.987232360988855362e-03
4.131914582103490829e-03
7.207570597529411316e-03
1.939415233209729195e-04
4.995720926672220230e-03
7.604594808071851730e-03
7.525088731199502945e-04
1.529577001929283142e-02
2.005892572924494743e-03
6.167723331600427628e-03
5.573582835495471954e-03
2.629257505759596825e-03
1.107390131801366806e-02
1.927584595978260040e-02
2.447332255542278290e-03
9.005111642181873322e-04
7.623284589499235153e-03
2.543088281527161598e-03
2.453657332807779312e-03
6.258231587707996368e-03
5.270699621178209782e-04
1.703229267150163651e-03
1.676561869680881500e-02
1.800397527404129505e-03
3.699897089973092079e-03
8.269258774816989899e-03
4.026565235108137131e-03
4.420743789523839951e-03
2.826793352141976357e-03
1.245338376611471176e-02
6.264931522309780121e-03
5.160208791494369507e-03
9.469103999435901642e-03
4.453655332326889038e-03
8.471110835671424866e-03
9.053439833223819733e-03
8.569542318582534790e-03
6.353834178298711777e-03
1.630207337439060211e-02
8.724699728190898895e-03
1.727920142002403736e-03
1.015241723507642746e-02
2.850631065666675568e-02
1.928283600136637688e-03
4.182369634509086609e-02
1.096385251730680466e-02
7.116416003555059433e-03
5.499930586665868759e-03
4.130512848496437073e-02
7.546719163656234741e-03
2.964957244694232941e-02
5.973660852760076523e-03
3.067502751946449280e-03
9.724218398332595825e-03
1.082430034875869751e-02
1.276950165629386902e-02
7.380441762506961823e-03
4.095270764082670212e-03
6.104636006057262421e-03
1.589177176356315613e-03
8.099706843495368958e-03
5.931325722485780716e-03
7.925840094685554504e-03
3.023437224328517914e-03
2.956251986324787140e-02
9.098600596189498901e-03
8.345349691808223724e-03
3.457092214375734329e-03
3.110322356224060059e-02
1.678861444815993309e-03
1.049568876624107361e-02
2.471296675503253937e-02
1.001155469566583633e-02
5.527645349502563477e-03
1.189073733985424042e-02
6.644842680543661118e-03
1.264829840511083603e-02
2.116778679192066193e-02
1.009545102715492249e-02
1.402524393051862717e-02
1.442064438015222549e-02
1.017493847757577896e-02
1.306036114692687988e-02
1.639701426029205322e-02
1.655198633670806885e-03
1.775017008185386658e-02
6.254689302295446396e-03
7.609846070408821106e-04
7.159661967307329178e-03
5.011895205825567245e-03
1.706444309093058109e-03
1.206737942993640900e-02
2.415197342634201050e-02
3.951911348849534988e-03
6.001607328653335571e-02
1.166090834885835648e-02
4.832076840102672577e-03
9.145353920757770538e-03
6.953758653253316879e-03
4.657856188714504242e-03
2.127532847225666046e-02
3.571902867406606674e-03
2.928488189354538918e-03
6.774733774363994598e-03
1.004758849740028381e-02
1.393363531678915024e-02
2.509112935513257980e-03
7.959797047078609467e-03
7.239332888275384903e-03
1.696652849204838276e-03
1.237793639302253723e-02
1.779663725756108761e-03
1.747352629899978638e-02
1.442137826234102249e-02
1.013806927949190140e-02
8.570443838834762573e-03
1.977888867259025574e-02
3.147526644170284271e-03
1.072360482066869736e-02
9.214161895215511322e-03
3.952793776988983154e-03
2.042234688997268677e-02
5.389843601733446121e-03
3.073350060731172562e-03
1.079797185957431793e-02
1.173931080847978592e-02
7.356743328273296356e-03
1.511618401855230331e-02
8.737028576433658600e-03
1.403803098946809769e-02
8.115640841424465179e-03
5.219365004450082779e-03
3.045347519218921661e-02
1.677086343988776207e-03
7.620193529874086380e-03
1.866090483963489532e-02
5.505360197275876999e-03
5.111424252390861511e-03
5.488711874932050705e-03
1.538475230336189270e-02
3.059331094846129417e-03
1.847557909786701202e-02
2.175308577716350555e-02
5.459405947476625443e-04
5.385579541325569153e-02
2.585055073723196983e-03
2.131265588104724884e-03
5.548161454498767853e-03
3.067645803093910217e-02
1.164765655994415283e-02
2.516555413603782654e-02
1.707599312067031860e-02
2.349975751712918282e-03
1.883464865386486053e-02
7.790687959641218185e-03
1.349339820444583893e-02
4.893121309578418732e-03
4.750666674226522446e-03
7.272745482623577118e-03
4.425026010721921921e-03
1.020407304167747498e-02
3.283124417066574097e-03
6.332266610115766525e-03
2.822519047185778618e-03
3.145564720034599304e-02
5.425721872597932816e-03
9.078706614673137665e-03
1.787016051821410656e-03
2.430948987603187561e-02
4.890137817710638046e-03
8.457190357148647308e-03
1.242753397673368454e-02
1.736082695424556732e-02
9.303474216721951962e-04
2.809693105518817902e-02
7.304244674742221832e-03
1.625452563166618347e-02
1.489451713860034943e-02
5.118512548506259918e-03
