5.860031604766845703e+00
4.834268093109130859e+00
7.036115169525146484e+00
4.366692543029785156e+00
1.025100350379943848e+00
1.226834878325462341e-01
1.899856090545654297e+00
5.674082636833190918e-01
2.113554954528808594e+00
6.034738421440124512e-01
3.782065629959106445e+00
1.694696247577667236e-01
1.363001108169555664e+00
6.203462183475494385e-02
1.448237419128417969e+00
3.355611085891723633e+00
5.647719278931617737e-02
8.313100039958953857e-02
9.763351678848266602e-01
4.067953228950500488e-01
7.315382957458496094e-01
1.060259819030761719e+00
2.162649154663085938e+00
5.743184685707092285e-01
4.469310119748115540e-02
6.087477207183837891e-01
8.593259453773498535e-01
1.971522420644760132e-01
4.468571186065673828e+00
4.715129137039184570e-01
4.465229809284210205e-01
1.080847024917602539e+00
7.157511264085769653e-02
7.141019701957702637e-01
2.025012254714965820e+00
5.006949305534362793e-01
3.261795938014984131e-01
8.427426815032958984e-01
2.034838497638702393e-01
1.023419380187988281e+00
6.036862730979919434e-01
1.427137255668640137e-01
3.837209939956665039e-01
5.832473278045654297e+00
2.697704136371612549e-01
7.308915853500366211e-01
2.107416152954101562e+00
2.372439391911029816e-02
2.081663608551025391e-01
6.255427002906799316e-01
9.298028945922851562e-01
3.649314880371093750e+00
1.327775001525878906e+00
1.961556792259216309e+00
6.592763662338256836e-01
4.297881945967674255e-02
2.189889430999755859e+00
7.375022768974304199e-01
1.465325057506561279e-01
6.199389100074768066e-01
3.958226740360260010e-01
1.778445094823837280e-01
2.031134128570556641e+00
1.770416855812072754e+00
1.094735383987426758e+00
2.408760786056518555e-01
1.222254872322082520e+00
9.044935107231140137e-01
2.965206503868103027e-01
9.295951724052429199e-01
1.069454550743103027e+00
1.433974385261535645e+00
8.125530481338500977e-01
5.625813007354736328e-01
8.856628537178039551e-01
8.285858035087585449e-01
3.871008872985839844e+00
1.119744062423706055e+00
1.061155080795288086e+00
3.576542377471923828e+00
1.794980049133300781e+00
1.702933162450790405e-01
4.082858189940452576e-02
5.299196839332580566e-01
1.029310703277587891e+00
4.106741547584533691e-01
4.133657455444335938e+00
8.220429420471191406e-01
1.881911307573318481e-01
5.689620971679687500e-01
1.531276106834411621e+00
1.154921427369117737e-01
1.833931803703308105e+00
5.955675840377807617e-01
1.795539379119873047e+00
7.770267128944396973e-01
6.351929306983947754e-01
1.433072090148925781e-01
5.883871316909790039e-01
6.735383272171020508e-01
6.843322753906250000e+00
1.148586273193359375e+01
1.014330768585205078e+01
6.296288013458251953e+00
2.670825958251953125e+00
2.155421525239944458e-01
2.945843219757080078e+00
1.879490375518798828e+00
9.051572084426879883e-01
2.163792848587036133e+00
6.132650375366210938e+00
3.734807670116424561e-01
4.491752147674560547e+00
9.007984995841979980e-01
6.523726463317871094e+00
4.051218509674072266e+00
8.386449217796325684e-01
5.600131750106811523e-01
1.657262921333312988e+00
1.599671006202697754e+00
1.426267504692077637e+00
4.550734519958496094e+00
5.059113025665283203e+00
1.844865798950195312e+00
4.421791136264801025e-01
1.255324244499206543e+00
4.011289119720458984e+00
1.826861143112182617e+00
6.199351310729980469e+00
3.763499498367309570e+00
3.920359611511230469e+00
1.276156306266784668e+00
1.704341620206832886e-01
8.225195407867431641e-01
5.572351455688476562e+00
1.824102044105529785e+00
3.845980644226074219e+00
2.752665519714355469e+00
1.070243239402770996e+00
1.929257392883300781e+00
3.092261314392089844e+00
4.490954577922821045e-01
3.120458126068115234e+00
3.485543727874755859e+00
3.362797021865844727e+00
2.873477697372436523e+00
3.007755279541015625e+00
9.286588430404663086e-02
6.786578893661499023e-01
1.626642227172851562e+00
6.414574146270751953e+00
1.434758663177490234e+01
1.566513156890869141e+01
1.853798484802246094e+01
1.107952356338500977e+00
4.277421236038208008e-01
4.412300109863281250e+00
6.207343339920043945e-01
2.015897989273071289e+00
3.379769325256347656e+00
3.257853269577026367e+00
6.112971901893615723e-01
6.296526908874511719e+00
8.325451016426086426e-01
5.535048961639404297e+00
3.570088863372802734e+00
4.482875764369964600e-01
2.280934005975723267e-01
2.307264566421508789e+00
1.499953746795654297e+00
2.600950717926025391e+00
6.195646286010742188e+00
2.295444011688232422e+00
1.246963500976562500e+00
3.855357468128204346e-01
1.611653208732604980e+00
5.169713497161865234e+00
7.417501807212829590e-01
6.622851848602294922e+00
6.100570678710937500e+00
1.401890277862548828e+00
1.538847923278808594e+00
1.466578394174575806e-01
1.843066334724426270e+00
2.363276720046997070e+00
1.191291451454162598e+00
3.803255319595336914e+00
1.717270135879516602e+00
6.550239920616149902e-01
3.224195718765258789e+00
1.765827536582946777e+00
9.189012050628662109e-01
4.551356315612792969e+00
5.914542198181152344e+00
1.454046845436096191e+00
2.366960287094116211e+00
2.535022735595703125e+00
5.828743800520896912e-02
6.781094074249267578e-01
2.667464494705200195e+00
3.784462928771972656e+00
1.078793883323669434e+00
9.710398316383361816e-01
1.843053054809570312e+01
5.852479934692382812e-01
6.621484756469726562e-01
2.123699903488159180e+00
3.838801622390747070e+00
5.992844104766845703e-01
3.522570729255676270e-01
5.602473258972167969e+00
3.950735330581665039e-01
5.958773136138916016e+00
4.771153628826141357e-01
1.317898392677307129e+00
5.598709106445312500e+00
4.308249354362487793e-01
2.256276756525039673e-01
2.462698966264724731e-01
3.733249425888061523e+00
5.930693149566650391e+00
3.595989942550659180e+00
1.257951927185058594e+01
1.199200272560119629e+00
1.067196607589721680e+00
2.850249052047729492e+00
1.859371185302734375e+00
1.285624623298645020e+00
5.049532890319824219e+00
1.237770199775695801e+00
1.215480923652648926e+00
2.068786025047302246e-01
4.519496485590934753e-02
2.737015783786773682e-01
1.522426366806030273e+00
3.751660108566284180e+00
8.680931329727172852e-01
3.397054910659790039e+00
1.288809657096862793e+00
1.169122338294982910e+00
2.528145313262939453e+00
7.908324599266052246e-01
1.045546174049377441e+00
5.456202983856201172e+00
5.918042659759521484e-01
5.202381134033203125e+00
1.725981354713439941e+00
2.022854238748550415e-01
6.270435452461242676e-01
1.144960999488830566e+00
6.391257762908935547e+00
1.262681770324707031e+01
1.526547431945800781e+01
1.991667556762695312e+01
1.173663854598999023e+00
2.608231306076049805e-01
1.001994037628173828e+01
1.695559978485107422e+00
4.321637153625488281e+00
1.448745846748352051e+00
2.164698600769042969e+00
1.034509301185607910e+00
6.973716259002685547e+00
7.362964749336242676e-01
2.412873744964599609e+00
4.615145206451416016e+00
6.274878978729248047e-01
8.408489823341369629e-01
3.111080169677734375e+00
1.472042918205261230e+00
3.068440437316894531e+00
3.857230424880981445e+00
3.736266374588012695e+00
1.523090243339538574e+00
5.633350610733032227e-01
3.081497192382812500e+00
5.083355426788330078e+00
4.632464051246643066e-01
1.163733768463134766e+01
3.247688293457031250e+00
9.837083220481872559e-01
2.000342845916748047e+00
5.549461022019386292e-02
3.516895771026611328e+00
3.286737203598022461e+00
5.701522827148437500e-01
2.290189981460571289e+00
1.687477588653564453e+00
4.013412594795227051e-01
1.528502106666564941e+00
2.029723882675170898e+00
4.616645872592926025e-01
1.738209486007690430e+00
1.045287704467773438e+01
6.815320849418640137e-01
2.786190032958984375e+00
2.276934862136840820e+00
1.364978253841400146e-01
3.942976593971252441e-01
2.984039545059204102e+00
3.842738151550292969e+00
4.064296722412109375e+00
4.126405715942382812e+00
3.371774196624755859e+00
2.508798837661743164e+00
1.144323647022247314e-01
2.757024526596069336e+00
3.306461095809936523e+00
5.893794298171997070e-01
4.344352483749389648e-01
3.052281379699707031e+00
2.457212060689926147e-01
3.467215538024902344e+00
2.209249138832092285e-01
1.914648771286010742e+00
3.254783630371093750e+00
3.013679087162017822e-01
1.608314067125320435e-01
7.682924866676330566e-01
4.612472951412200928e-01
6.239594817161560059e-01
8.819673061370849609e-01
4.635371208190917969e+00
2.288830757141113281e+00
1.895960271358489990e-01
6.376962065696716309e-01
2.210197448730468750e+00
1.054891824722290039e+00
7.467407703399658203e+00
9.641920328140258789e-01
2.557585716247558594e+00
4.777197837829589844e-01
2.922416292130947113e-02
7.362617850303649902e-01
4.857959747314453125e+00
9.113325476646423340e-01
8.813889026641845703e-01
1.162576198577880859e+00
3.302631080150604248e-01
6.214908361434936523e-01
2.340406656265258789e+00
1.167347356677055359e-01
3.807801306247711182e-01
3.261329174041748047e+00
1.683194875717163086e+00
1.392575383186340332e+00
2.960419893264770508e+00
4.320578277111053467e-02
3.218950033187866211e-01
4.090520739555358887e-01
4.969803333282470703e+00
1.338190436363220215e+00
1.021982669830322266e+00
1.036717319488525391e+01
4.599422216415405273e-01
8.414605259895324707e-01
1.030264019966125488e+00
9.457633495330810547e-01
1.233226060867309570e+00
1.223394751548767090e+00
5.868924617767333984e+00
4.993693232536315918e-01
2.323277473449707031e+00
1.364127874374389648e+00
1.128267407417297363e+00
1.934579014778137207e+00
4.922606050968170166e-01
5.171702504158020020e-01
2.322596907615661621e-01
4.253607749938964844e+00
4.445788383483886719e+00
3.587309122085571289e+00
4.042288780212402344e+00
3.352578580379486084e-01
5.541830062866210938e-01
3.068607568740844727e+00
2.389410972595214844e+00
9.624423980712890625e-01
1.558054208755493164e+00
1.790633559226989746e+00
9.210422039031982422e-01
3.765706121921539307e-01
2.426093071699142456e-01
1.699876785278320312e-01
6.024380922317504883e-01
3.821336507797241211e+00
1.926903963088989258e+00
1.021229982376098633e+00
7.819079160690307617e-01
1.821537494659423828e+00
1.370286226272583008e+00
9.628826975822448730e-01
2.957867622375488281e+00
5.528176784515380859e+00
1.010617017745971680e+00
1.924081325531005859e+00
1.415560603141784668e+00
2.631487846374511719e-01
1.108109116554260254e+00
1.030565857887268066e+00
7.738125324249267578e+00
1.396995449066162109e+01
9.463093757629394531e+00
1.674659729003906250e+01
1.841856956481933594e+00
1.766248643398284912e-01
7.578324317932128906e+00
1.612534523010253906e+00
1.281094908714294434e+00
1.582734942436218262e+00
2.957330703735351562e+00
3.911393880844116211e-01
7.778432369232177734e+00
1.619983673095703125e+00
5.198544025421142578e+00
4.187309741973876953e+00
1.383144021034240723e+00
6.771929264068603516e-01
2.127730846405029297e+00
1.962868213653564453e+00
3.222577333450317383e+00
8.620717048645019531e+00
5.684195041656494141e+00
1.252344727516174316e+00
8.477010130882263184e-01
2.642070770263671875e+00
6.542831420898437500e+00
1.248649835586547852e+00
7.858190536499023438e+00
6.330712318420410156e+00
1.832714080810546875e+00
2.043390989303588867e+00
1.149536073207855225e-01
1.696090221405029297e+00
2.638676166534423828e+00
1.519908070564270020e+00
5.346868038177490234e+00
3.933427572250366211e+00
6.136193275451660156e-01
2.388347864151000977e+00
4.083480358123779297e+00
6.515097618103027344e-01
4.008326053619384766e+00
4.575845718383789062e+00
1.747075796127319336e+00
4.201086521148681641e+00
2.680953741073608398e+00
1.176676750183105469e-01
9.751343131065368652e-01
2.628975629806518555e+00
8.750413894653320312e+00
2.311572551727294922e+00
2.272180557250976562e+00
2.857999610900878906e+01
4.319742619991302490e-01
7.900114059448242188e-01
2.780257940292358398e+00
1.835988640785217285e+00
1.193373322486877441e+00
1.023410320281982422e+00
8.806397438049316406e+00
6.580932736396789551e-01
5.870610237121582031e+00
1.157961487770080566e+00
1.449941515922546387e+00
4.943966865539550781e+00
4.246002435684204102e-01
3.432786166667938232e-01
5.305532813072204590e-01
7.302944183349609375e+00
8.545472145080566406e+00
8.168420791625976562e+00
1.113424777984619141e+01
6.455088257789611816e-01
1.015976786613464355e+00
5.615180969238281250e+00
3.357169866561889648e+00
1.183469891548156738e+00
4.352680206298828125e+00
2.147006034851074219e+00
9.673676490783691406e-01
8.420354723930358887e-01
1.745736300945281982e-01
4.232896864414215088e-01
8.575164079666137695e-01
5.348846912384033203e+00
1.727894425392150879e+00
2.689567327499389648e+00
1.301818847656250000e+00
2.932230710983276367e+00
3.091183185577392578e+00
1.803714871406555176e+00
2.711529493331909180e+00
9.423613548278808594e+00
5.614392161369323730e-01
4.684269428253173828e+00
2.937600612640380859e+00
3.089613318443298340e-01
1.588881611824035645e+00
1.567437887191772461e+00
