6.716288924217224121e-01
1.837255716323852539e+00
2.004827558994293213e-01
1.359128236770629883e+00
4.152963757514953613e-01
2.313175350427627563e-01
4.789908602833747864e-02
1.281422495841979980e+00
5.117980617797002196e-05
1.743853926658630371e+00
5.057258009910583496e-01
3.647064208984375000e+00
2.058427333831787109e+00
2.573391795158386230e-01
8.178260326385498047e-01
4.139207899570465088e-01
3.428659737110137939e-01
1.549260020256042480e-01
1.341915607452392578e+00
4.070068001747131348e-01
3.729395270347595215e-01
5.381444692611694336e-01
2.450946569442749023e-01
1.542343616485595703e+00
9.007628262042999268e-02
1.990142762660980225e-01
1.525084078311920166e-01
3.315366804599761963e-01
1.199911609292030334e-01
2.293229848146438599e-02
1.250785708427429199e+00
5.633267164230346680e-01
1.768572330474853516e-01
6.652737855911254883e-01
4.463387012481689453e+00
5.233086109161376953e+00
1.220471620559692383e+00
3.955588638782501221e-01
1.662237882614135742e+00
1.565848231315612793e+00
5.784742236137390137e-01
3.490858376026153564e-01
3.099279403686523438e-01
1.963488578796386719e+00
6.035614013671875000e-01
2.625533103942871094e+00
3.722361087799072266e+00
1.055519223213195801e+00
4.169563204050064087e-02
4.027044773101806641e-02
1.572315812110900879e+00
1.598924160003662109e+00
2.401558905839920044e-01
1.277348160743713379e+00
1.045981884002685547e+00
1.226111054420471191e+00
3.338638544082641602e-01
3.966122627258300781e+00
1.041386667566257529e-06
1.169884428381919861e-01
5.659759640693664551e-01
7.162830829620361328e-01
6.146323084831237793e-01
1.392269492149353027e+00
4.537774085998535156e+00
4.287934303283691406e-01
5.225889086723327637e-01
8.175666928291320801e-01
2.088730335235595703e+00
1.636368036270141602e-01
1.167992472648620605e+00
2.944638133049011230e-01
3.768627941608428955e-01
7.944202423095703125e-01
1.827411174774169922e+00
2.737798988819122314e-01
9.803549647331237793e-01
1.618448495864868164e+00
2.045820951461791992e+00
3.834477439522743225e-02
6.186975240707397461e-01
1.259991973638534546e-01
4.341176748275756836e-01
6.830740571022033691e-01
2.054392576217651367e+00
7.519111633300781250e-01
3.043414115905761719e+00
5.840017274022102356e-02
1.828159809112548828e+00
2.570318877696990967e-01
1.715356469154357910e+00
2.226395368576049805e+00
1.064570434391498566e-02
2.971592247486114502e-01
1.119464993476867676e+00
8.689919114112854004e-02
7.791732549667358398e-01
6.253896653652191162e-02
3.929801657795906067e-02
8.028646707534790039e-01
3.728102922439575195e+00
4.282094001770019531e+00
8.799756765365600586e-01
3.848298311233520508e+00
6.851722002029418945e-01
2.092105388641357422e+00
6.034615635871887207e-01
2.431835889816284180e+00
7.432878919644281268e-05
2.022206544876098633e+00
6.723923683166503906e-01
6.160770893096923828e+00
2.800166130065917969e+00
1.615972280502319336e+00
6.199558734893798828e+00
9.365379810333251953e-01
4.865428209304809570e-01
1.451485991477966309e+00
2.096585750579833984e+00
1.314259529113769531e+00
9.604077339172363281e-01
1.121388792991638184e+00
1.187170863151550293e+00
2.321858644485473633e+00
1.618187427520751953e+00
4.281255602836608887e-01
4.408611953258514404e-01
2.702299594879150391e+00
7.044997215270996094e-01
2.522562444210052490e-01
3.067479133605957031e+00
4.740183651447296143e-01
6.420791149139404297e-01
2.461592674255371094e+00
8.624173164367675781e+00
4.416228771209716797e+00
1.423326492309570312e+00
4.716921150684356689e-01
5.961133003234863281e+00
2.921740293502807617e+00
2.319486618041992188e+00
4.407710552215576172e+00
4.644650220870971680e-01
1.532069921493530273e+00
2.265615463256835938e+00
2.189281225204467773e+00
2.938321113586425781e+00
1.453726410865783691e+00
1.759450137615203857e-01
7.525411844253540039e-01
5.298503398895263672e+00
2.664319276809692383e+00
1.041194438934326172e+00
5.351166725158691406e+00
6.685227751731872559e-01
2.104574203491210938e+00
5.631456971168518066e-01
5.877667427062988281e+00
1.153721023001708090e-04
1.033703088760375977e+00
1.433283686637878418e+00
1.414855670928955078e+01
2.370944023132324219e+00
3.916327714920043945e+00
5.669405937194824219e+00
7.129285931587219238e-01
2.481278628110885620e-01
1.313836812973022461e+00
2.432218074798583984e+00
4.199067652225494385e-01
1.184903979301452637e+00
4.159384071826934814e-01
6.264035701751708984e-01
3.740569829940795898e+00
1.371091842651367188e+00
1.673604100942611694e-01
1.877215385437011719e+00
3.423081398010253906e+00
7.176374197006225586e-01
7.235191762447357178e-02
1.811589717864990234e+00
2.021072864532470703e+00
2.956034243106842041e-01
2.682714700698852539e+00
9.659954071044921875e+00
4.047056198120117188e+00
4.602054595947265625e+00
1.757885098457336426e+00
7.269989013671875000e+00
2.202313661575317383e+00
2.950618028640747070e+00
3.347860097885131836e+00
2.545976936817169189e-01
1.544258236885070801e+00
1.054154753684997559e+00
1.806984424591064453e+00
5.420730590820312500e+00
8.077809214591979980e-01
1.108695343136787415e-01
3.170151710510253906e-01
4.047994136810302734e+00
5.532482147216796875e+00
2.217893123626708984e+00
1.897417068481445312e+00
5.845264196395874023e-01
2.206485271453857422e+00
3.092435002326965332e-01
1.286058902740478516e+00
8.396283192269038409e-06
1.247746586799621582e+00
3.584780454635620117e+00
6.512642502784729004e-01
4.434711933135986328e+00
7.771993875503540039e-01
1.051080942153930664e+00
1.080851197242736816e+00
1.901326477527618408e-01
5.472051724791526794e-02
6.198141574859619141e-01
1.754577279090881348e+00
9.841455221176147461e-01
3.385364294052124023e+00
8.895658701658248901e-02
1.485365152359008789e+00
6.404574513435363770e-01
5.270931720733642578e-01
1.708123087882995605e+00
4.077652394771575928e-01
1.674964785575866699e+00
1.269115209579467773e-01
2.699823379516601562e+00
8.532358407974243164e-01
1.547580361366271973e-01
3.777086496353149414e+00
1.150419473648071289e+00
3.613972663879394531e+00
1.402816295623779297e+00
3.085295557975769043e-01
9.453410148620605469e+00
4.622637927532196045e-01
1.631337404251098633e+00
3.911535739898681641e-01
2.559471130371093750e-01
1.478609442710876465e+00
1.805214643478393555e+00
7.530050277709960938e-01
3.339174032211303711e+00
6.004640460014343262e-01
2.015426754951477051e-01
2.703021764755249023e-01
1.452461242675781250e+00
4.549820423126220703e+00
6.076815724372863770e-01
3.222053289413452148e+00
2.261517763137817383e+00
1.965307593345642090e+00
9.787935018539428711e-02
5.049594402313232422e+00
1.996145001612603664e-04
1.340280890464782715e+00
1.222247719764709473e+00
1.102498149871826172e+01
1.520913839340209961e+00
2.003854036331176758e+00
2.252241373062133789e+00
1.332585096359252930e+00
4.394493699073791504e-01
4.510053098201751709e-01
1.874378561973571777e+00
7.386338710784912109e-01
8.896938562393188477e-01
1.075546979904174805e+00
6.137645244598388672e-01
2.904910564422607422e+00
5.382413864135742188e-01
7.726483345031738281e-01
1.801957249641418457e+00
1.536806225776672363e+00
1.302622556686401367e+00
4.415121302008628845e-02
1.484406828880310059e+00
1.927272081375122070e+00
3.393127620220184326e-01
1.677004814147949219e+00
7.010926723480224609e+00
8.451552391052246094e+00
4.635816097259521484e+00
1.765395045280456543e+00
4.326725959777832031e+00
1.004022598266601562e+00
2.100115537643432617e+00
1.741155624389648438e+00
1.332181394100189209e-01
2.629103899002075195e+00
1.394463658332824707e+00
1.619490385055541992e+00
6.798326969146728516e+00
5.875231027603149414e-01
7.045244425535202026e-02
1.727366298437118530e-01
5.555170774459838867e-01
3.737761497497558594e+00
3.491528630256652832e-01
1.081195235252380371e+00
1.637871026992797852e+00
1.283899545669555664e+00
5.030074343085289001e-02
7.811759710311889648e-01
8.150032954290509224e-05
2.516058921813964844e+00
4.945204854011535645e-01
1.453797578811645508e+00
1.823994994163513184e+00
3.649398982524871826e-01
7.786911725997924805e-01
1.320524096488952637e+00
4.065063595771789551e-01
1.803527623414993286e-01
5.820797085762023926e-01
1.144525051116943359e+00
4.624433219432830811e-01
6.162753701210021973e-01
5.119657516479492188e-01
1.675453901290893555e+00
6.243076324462890625e-01
4.526191949844360352e-01
2.006886154413223267e-01
3.697045445442199707e-01
8.133476376533508301e-01
1.448348909616470337e-01
2.100321531295776367e+00
3.385208249092102051e-01
6.216150522232055664e-01
2.654186487197875977e-01
4.327247619628906250e+00
7.373117446899414062e+00
1.824979186058044434e+00
6.408997774124145508e-01
3.457092046737670898e+00
4.089312255382537842e-01
2.323012202978134155e-01
1.267587304115295410e+00
2.126392126083374023e-01
5.651888251304626465e-01
2.185603380203247070e+00
6.703788042068481445e-01
3.615627527236938477e+00
1.178959131240844727e+00
1.003242507576942444e-01
3.184993267059326172e-01
6.293635368347167969e+00
1.126956701278686523e+00
1.432003259658813477e+00
1.534622788429260254e+00
2.091597318649291992e-01
7.808411717414855957e-01
5.890247225761413574e-01
3.773427486419677734e+00
4.898938186670420691e-06
3.141839206218719482e-01
3.136740922927856445e+00
2.550236701965332031e+00
3.324360132217407227e+00
5.828636884689331055e-01
3.160537481307983398e+00
2.123554944992065430e-01
1.546947211027145386e-01
7.527597546577453613e-01
1.316974401473999023e+00
4.083196520805358887e-01
1.854303359985351562e+00
1.755619168281555176e+00
3.955358862876892090e-01
9.860356450080871582e-01
1.280651688575744629e+00
1.671255975961685181e-01
1.283355832099914551e+00
8.019705414772033691e-01
7.462127208709716797e-01
1.564444601535797119e-01
1.212629556655883789e+00
9.370943307876586914e-01
1.847037076950073242e-01
6.947734832763671875e+00
1.219505310058593750e+00
1.159734368324279785e+00
1.009454727172851562e+00
3.255371749401092529e-01
5.177635669708251953e+00
1.558099508285522461e+00
3.798477888107299805e+00
1.792320251464843750e+00
2.150695770978927612e-01
2.119853258132934570e+00
6.401169896125793457e-01
2.115472555160522461e+00
1.823005557060241699e+00
1.466964930295944214e-01
2.672210335731506348e-01
5.654583573341369629e-01
5.316559314727783203e+00
7.166277885437011719e+00
1.288993120193481445e+00
6.138231277465820312e+00
1.645551919937133789e+00
2.184965610504150391e+00
5.563859939575195312e-01
3.695361852645874023e+00
1.261735360458260402e-05
7.111157774925231934e-01
9.249561429023742676e-01
1.054675674438476562e+01
4.169703483581542969e+00
2.658374309539794922e+00
8.742792129516601562e+00
1.713452696800231934e+00
1.068767905235290527e+00
8.270110487937927246e-01
3.467527389526367188e+00
3.800047636032104492e-01
1.320409178733825684e+00
7.080446481704711914e-01
1.125018239021301270e+00
3.440085649490356445e+00
1.789294242858886719e+00
3.490061759948730469e-01
2.187282323837280273e+00
2.561141014099121094e+00
2.416453361511230469e+00
3.961797431111335754e-02
3.357271909713745117e+00
9.750390648841857910e-01
3.097957372665405273e-01
2.665337562561035156e+00
6.572488307952880859e+00
8.074222564697265625e+00
5.597506523132324219e+00
7.763204574584960938e-01
7.905088901519775391e+00
1.470866560935974121e+00
3.882036685943603516e+00
2.334912776947021484e+00
2.936289012432098389e-01
2.777138233184814453e+00
2.425765037536621094e+00
1.538918733596801758e+00
6.597733974456787109e+00
5.540372133255004883e-01
1.276962161064147949e-01
6.101402640342712402e-01
7.880328655242919922e+00
4.421117782592773438e+00
3.592674732208251953e+00
2.762583494186401367e+00
6.156664490699768066e-01
2.058381319046020508e+00
4.951656460762023926e-01
3.421905755996704102e+00
8.291869562526699156e-06
6.476370096206665039e-01
5.298938751220703125e+00
6.825656414031982422e+00
6.105835437774658203e+00
1.493136644363403320e+00
2.212534666061401367e+00
1.012362360954284668e+00
1.666385829448699951e-01
1.185704842209815979e-01
1.630552291870117188e+00
6.034795641899108887e-01
1.818426728248596191e+00
3.658770322799682617e+00
1.808439046144485474e-01
2.565922498703002930e+00
6.105619668960571289e-01
2.618155181407928467e-01
2.703609943389892578e+00
6.881714463233947754e-01
1.890222907066345215e+00
1.020882502198219299e-01
2.752394914627075195e+00
1.582970976829528809e+00
8.160018175840377808e-02
8.338339805603027344e+00
1.881946682929992676e+00
4.027835369110107422e+00
2.811895132064819336e+00
9.277306795120239258e-01
1.183654117584228516e+01
1.510193586349487305e+00
4.438040256500244141e+00
3.607536256313323975e-01
5.529340505599975586e-01
3.232266426086425781e+00
1.143678545951843262e+00
3.141649961471557617e+00
4.370455265045166016e+00
3.872707784175872803e-01
1.908352673053741455e-01
1.975150704383850098e-01
