2.771580219268798828e-01
7.640966773033142090e-01
7.728135678917169571e-03
9.847864508628845215e-01
1.631952226161956787e-01
2.913557738065719604e-02
2.561795711517333984e-01
5.612548589706420898e-01
4.645734952646307647e-05
1.707378625869750977e+00
4.755563735961914062e-01
9.389163851737976074e-01
9.822530150413513184e-01
1.358021646738052368e-01
5.815678089857101440e-02
8.186726272106170654e-02
4.118425250053405762e-01
2.477714046835899353e-02
1.026882529258728027e+00
5.505719184875488281e-01
2.071793824434280396e-01
2.082730382680892944e-01
1.127734780311584473e-01
9.176360368728637695e-01
4.189478605985641479e-02
4.536481797695159912e-01
5.883587524294853210e-02
1.950171589851379395e-01
6.392605602741241455e-02
5.246294289827346802e-02
4.798732101917266846e-01
8.690926432609558105e-02
1.254849433898925781e-01
3.216311335563659668e-01
8.855413794517517090e-01
3.057951211929321289e+00
5.010718107223510742e-01
3.697279691696166992e-01
1.076089978218078613e+00
7.656055688858032227e-01
1.711115986108779907e-01
1.249833628535270691e-01
1.190338850021362305e+00
8.654677271842956543e-01
1.147490292787551880e-01
1.819468140602111816e+00
2.308389663696289062e+00
8.120631575584411621e-01
8.401262015104293823e-02
2.745363488793373108e-02
1.671584844589233398e+00
3.171084225177764893e-01
1.239381283521652222e-01
1.403665304183959961e+00
3.280681967735290527e-01
2.257846742868423462e-01
6.374585032463073730e-01
6.962377429008483887e-01
1.223827553076262120e-06
2.865426242351531982e-01
1.067008256912231445e+00
2.979200184345245361e-01
3.574964702129364014e-01
7.950738072395324707e-01
5.130001902580261230e-01
1.625277996063232422e-01
4.676249027252197266e-01
2.081570923328399658e-01
6.343333721160888672e-01
3.278672993183135986e-01
1.817039102315902710e-01
2.520374059677124023e-01
3.333761096000671387e-01
7.872525453567504883e-01
9.594641327857971191e-01
2.702205181121826172e-01
5.634155273437500000e-01
1.011434197425842285e+00
1.234475493431091309e+00
5.730155855417251587e-02
9.332118928432464600e-02
2.057444863021373749e-02
3.355108201503753662e-01
1.300922334194183350e-01
8.970657587051391602e-01
6.516267657279968262e-01
1.103244185447692871e+00
1.712414324283599854e-01
8.106637597084045410e-01
3.159502148628234863e-01
2.824027836322784424e-01
7.706665396690368652e-01
1.480109896510839462e-02
1.224450916051864624e-01
2.672719657421112061e-01
4.211417585611343384e-02
3.305151760578155518e-01
2.334172651171684265e-02
8.020265400409698486e-02
5.851839780807495117e-01
1.334435462951660156e+00
1.213232517242431641e+00
1.437629759311676025e-01
1.836361646652221680e+00
1.779520511627197266e-01
3.369956016540527344e-01
9.720133543014526367e-01
7.146702408790588379e-01
4.795482527697458863e-05
1.570664525032043457e+00
5.277184844017028809e-01
1.542497515678405762e+00
9.647383093833923340e-01
8.432652950286865234e-01
9.231294989585876465e-01
2.916326522827148438e-01
4.315169155597686768e-01
2.970912456512451172e-01
1.268256425857543945e+00
8.577542901039123535e-01
1.748266220092773438e-01
3.500151038169860840e-01
4.880994856357574463e-01
9.845364689826965332e-01
5.071911215782165527e-01
5.759997963905334473e-01
2.640149891376495361e-01
1.252555966377258301e+00
2.582970559597015381e-01
2.034046500921249390e-01
6.874108910560607910e-01
7.178777456283569336e-02
3.849596977233886719e-01
7.206376194953918457e-01
1.616075277328491211e+00
2.563051939010620117e+00
3.840524554252624512e-01
3.647282123565673828e-01
1.920216679573059082e+00
1.636661291122436523e+00
4.476702809333801270e-01
1.468099117279052734e+00
8.542563319206237793e-01
4.133282899856567383e-01
2.871211469173431396e-01
6.633012890815734863e-01
1.576386213302612305e+00
6.208168864250183105e-01
1.392355114221572876e-01
2.315830737352371216e-01
2.715408325195312500e+00
9.751775860786437988e-01
3.147177100181579590e-01
2.769867658615112305e+00
2.616910040378570557e-01
3.396514356136322021e-01
9.865947961807250977e-01
1.401969909667968750e+00
3.484686749288812280e-05
9.213826656341552734e-01
1.415113210678100586e+00
4.091035842895507812e+00
9.464993476867675781e-01
2.602742195129394531e+00
9.596706032752990723e-01
2.633619308471679688e-01
3.648535609245300293e-01
4.082842767238616943e-01
1.320418953895568848e+00
4.872900247573852539e-01
2.946990132331848145e-01
2.409666031599044800e-01
3.450543284416198730e-01
1.696867227554321289e+00
6.850711107254028320e-01
3.218613266944885254e-01
9.196488261222839355e-01
1.621881127357482910e+00
3.569002151489257812e-01
1.118317320942878723e-01
4.382093548774719238e-01
3.090620040893554688e-01
2.752296626567840576e-01
1.127426266670227051e+00
2.444817781448364258e+00
2.559227943420410156e+00
1.737685322761535645e+00
1.151792407035827637e+00
2.900996685028076172e+00
1.398820400238037109e+00
6.544454097747802734e-01
1.273595213890075684e+00
5.927526950836181641e-01
5.343528985977172852e-01
2.250243872404098511e-01
7.162975668907165527e-01
1.661654949188232422e+00
2.758826911449432373e-01
1.205414533615112305e-01
1.797907799482345581e-01
1.705467104911804199e+00
1.179230690002441406e+00
4.694489538669586182e-01
2.058863401412963867e+00
1.179355457425117493e-01
4.127825796604156494e-01
7.054556608200073242e-01
3.138442337512969971e-01
2.484645665390416980e-05
9.582763910293579102e-01
1.818031191825866699e+00
2.028337121009826660e-01
1.880445599555969238e+00
2.493973225355148315e-01
1.294517666101455688e-01
4.902139902114868164e-01
1.739309579133987427e-01
5.223415046930313110e-02
3.390369713306427002e-01
1.433749675750732422e+00
2.057164758443832397e-01
1.136867642402648926e+00
6.040769442915916443e-02
8.071088194847106934e-01
3.420448601245880127e-01
6.065769195556640625e-01
1.199792385101318359e+00
2.451271116733551025e-01
1.014389157295227051e+00
1.686215251684188843e-01
5.689123272895812988e-01
1.814173907041549683e-01
1.203865483403205872e-01
8.909020423889160156e-01
5.084891989827156067e-02
1.902308583259582520e+00
5.745398998260498047e-01
3.065603077411651611e-01
2.611607551574707031e+00
1.506026685237884521e-01
2.034942954778671265e-01
1.050953865051269531e-01
7.256373763084411621e-01
4.872981309890747070e-01
3.417577445507049561e-01
5.969374179840087891e-01
1.357330441474914551e+00
2.518887817859649658e-01
2.530993521213531494e-01
1.520002633333206177e-01
7.883687019348144531e-01
1.089896559715270996e+00
1.414699256420135498e-01
1.807201623916625977e+00
8.166700601577758789e-01
2.658046782016754150e-01
2.403468638658523560e-01
1.110222697257995605e+00
6.301909161265939474e-05
9.687573313713073730e-01
1.349796414375305176e+00
2.673377513885498047e+00
6.412286758422851562e-01
1.618044734001159668e+00
1.240686774253845215e-01
4.023375809192657471e-01
4.198739528656005859e-01
8.868379145860671997e-02
7.453079223632812500e-01
5.960313677787780762e-01
2.571584284305572510e-01
2.978239953517913818e-01
2.100568115711212158e-01
1.146561741828918457e+00
1.962369829416275024e-01
5.414141416549682617e-01
8.694270253181457520e-01
7.254114151000976562e-01
4.764553904533386230e-01
8.559925109148025513e-02
2.557485699653625488e-01
3.755553960800170898e-01
1.476116627454757690e-01
7.872706651687622070e-01
1.772049188613891602e+00
2.634692192077636719e+00
1.542211771011352539e+00
1.345035552978515625e+00
1.845289707183837891e+00
4.829852283000946045e-01
4.125688970088958740e-01
5.609919428825378418e-01
2.962866127490997314e-01
8.909454345703125000e-01
3.398540019989013672e-01
9.152626991271972656e-01
1.821511864662170410e+00
1.880100518465042114e-01
9.897752851247787476e-02
5.458755791187286377e-02
2.319328039884567261e-01
1.037566900253295898e+00
3.931649774312973022e-02
1.118387460708618164e+00
6.039173603057861328e-01
1.760406196117401123e-01
2.014938443899154663e-01
2.317160367965698242e-01
6.167768879095092416e-05
1.611826777458190918e+00
4.601505696773529053e-01
4.005174040794372559e-01
8.953928351402282715e-01
1.250705271959304810e-01
6.175627559423446655e-02
3.427550792694091797e-01
4.176161587238311768e-01
6.209043413400650024e-02
3.515750467777252197e-01
1.000329375267028809e+00
1.647010296583175659e-01
2.736713290214538574e-01
2.435456216335296631e-01
9.759166836738586426e-01
3.209610879421234131e-01
5.363880991935729980e-01
1.286925971508026123e-01
1.304820775985717773e-01
2.861830294132232666e-01
1.259213387966156006e-01
3.628978431224822998e-01
5.796011909842491150e-02
2.798841297626495361e-01
1.142124980688095093e-01
7.661399841308593750e-01
2.681407690048217773e+00
6.355549693107604980e-01
9.215692281723022461e-01
1.487230658531188965e+00
2.004318684339523315e-01
5.288999527692794800e-02
3.106419444084167480e-01
4.070540666580200195e-01
1.595519781112670898e-01
4.177460372447967529e-01
6.600457429885864258e-01
1.719547748565673828e+00
3.725971579551696777e-01
8.499439805746078491e-02
1.317175477743148804e-01
2.828027009963989258e+00
2.827898561954498291e-01
3.610040545463562012e-01
1.762562513351440430e+00
5.697472766041755676e-02
8.402428030967712402e-02
8.308934569358825684e-01
8.330248594284057617e-01
3.618369532887300011e-07
2.746660113334655762e-01
1.847659349441528320e+00
8.973390460014343262e-01
1.290589094161987305e+00
3.031038343906402588e-01
5.292851924896240234e-01
1.165108978748321533e-01
2.190883904695510864e-01
2.842205464839935303e-01
5.488381385803222656e-01
5.336267352104187012e-01
3.058169484138488770e-01
6.602547168731689453e-01
3.509059846401214600e-01
8.471618890762329102e-01
5.636267066001892090e-01
3.288662135601043701e-01
8.627805709838867188e-01
3.620506823062896729e-01
7.581721544265747070e-01
2.205837517976760864e-01
3.321756720542907715e-01
1.646593511104583740e-01
2.651431262493133545e-01
1.997606277465820312e+00
3.715856075286865234e-01
1.246024489402770996e+00
5.381673574447631836e-01
1.744510829448699951e-01
1.637491583824157715e+00
6.995058655738830566e-01
9.596217870712280273e-01
7.270259857177734375e-01
5.589084029197692871e-01
1.100537300109863281e+00
9.826768934726715088e-02
1.150400280952453613e+00
8.150619864463806152e-01
8.386264741420745850e-02
3.092959523200988770e-01
4.167510867118835449e-01
2.063335180282592773e+00
1.576982140541076660e+00
2.236908674240112305e-01
2.889810562133789062e+00
5.724016427993774414e-01
2.411346733570098877e-01
9.606878161430358887e-01
5.293056368827819824e-01
2.037770354945678264e-05
6.622856259346008301e-01
9.890089631080627441e-01
2.501120567321777344e+00
1.258504509925842285e+00
9.328628778457641602e-01
8.722377419471740723e-01
6.004135012626647949e-01
1.170874118804931641e+00
1.770529150962829590e-01
1.240114688873291016e+00
4.015203118324279785e-01
2.108986079692840576e-01
2.189489603042602539e-01
4.618941247463226318e-01
1.827456355094909668e+00
8.140621781349182129e-01
4.478750824928283691e-01
1.211747765541076660e+00
7.125165462493896484e-01
1.176500678062438965e+00
5.705224350094795227e-02
6.254639625549316406e-01
4.905885830521583557e-02
2.249322682619094849e-01
6.944352388381958008e-01
1.355905771255493164e+00
3.496084213256835938e+00
1.743429541587829590e+00
8.247959017753601074e-01
2.647129535675048828e+00
1.003013968467712402e+00
4.684017598628997803e-01
7.706578373908996582e-01
4.145081043243408203e-01
7.350453734397888184e-01
4.643539488315582275e-01
3.190646171569824219e-01
1.824358820915222168e+00
2.298265844583511353e-01
7.150083780288696289e-02
2.423772811889648438e-01
3.397101879119873047e+00
1.152529358863830566e+00
7.001199722290039062e-01
2.602217674255371094e+00
2.326256781816482544e-01
3.673783838748931885e-01
1.054324865341186523e+00
8.118995428085327148e-01
2.336404941161163151e-05
5.467315912246704102e-01
3.009757518768310547e+00
2.080671072006225586e+00
2.115350961685180664e+00
9.173815250396728516e-01
3.670601546764373779e-01
6.069582700729370117e-01
1.836526542901992798e-01
3.113078139722347260e-02
7.893867492675781250e-01
5.374479293823242188e-01
2.544931471347808838e-01
1.271287202835083008e+00
1.340982019901275635e-01
1.360145449638366699e+00
3.031654655933380127e-01
3.540792167186737061e-01
1.862029671669006348e+00
4.480428397655487061e-01
1.391702413558959961e+00
1.445388942956924438e-01
6.846555471420288086e-01
3.025526106357574463e-01
1.045943871140480042e-01
2.219879388809204102e+00
4.940327405929565430e-01
2.478834867477416992e+00
1.278726100921630859e+00
6.377567648887634277e-01
3.723881959915161133e+00
7.261795401573181152e-01
9.230267405509948730e-01
1.035070866346359253e-01
1.074032783508300781e+00
1.195614576339721680e+00
2.233251631259918213e-01
1.570257544517517090e+00
1.361794114112854004e+00
1.734347045421600342e-01
2.514445483684539795e-01
1.349957436323165894e-01
