9.708242118358612061e-02
1.703348010778427124e-02
1.359200000762939453e+00
2.966763451695442200e-02
1.350567191839218140e-01
1.361328512430191040e-01
6.619235873222351074e-01
5.198969244956970215e-01
1.251985549926757812e+00
1.700050085783004761e-01
1.709502935409545898e-01
6.299524903297424316e-01
1.892093718051910400e-01
5.023686960339546204e-02
2.352873086929321289e-01
1.751693189144134521e-01
2.287336885929107666e-01
8.152840286493301392e-02
1.360484480857849121e+00
1.500494778156280518e-01
1.115974783897399902e+00
3.896185159683227539e-01
5.073997378349304199e-01
1.416119486093521118e-01
1.133699864149093628e-01
4.206535518169403076e-01
3.034851849079132080e-01
4.921199008822441101e-02
7.324358820915222168e-02
9.362559765577316284e-02
5.595723390579223633e-01
2.295070648193359375e+00
2.145263832062482834e-03
2.082731276750564575e-01
1.372200846672058105e+00
2.044257521629333496e-01
2.374896049499511719e+00
4.272495210170745850e-02
9.830460697412490845e-02
8.196410536766052246e-02
3.665165603160858154e-01
2.196542471647262573e-01
2.661937773227691650e-01
3.265469521284103394e-02
2.337923049926757812e-01
8.503482937812805176e-01
6.750433444976806641e-01
4.306913614273071289e-01
5.229212045669555664e-01
1.858279854059219360e-01
4.811267852783203125e-01
9.928800910711288452e-02
4.027351737022399902e-01
1.568986922502517700e-01
4.216619729995727539e-01
1.059133261442184448e-01
2.787392139434814453e-01
2.283803075551986694e-01
2.507893554866313934e-02
1.494672000408172607e-01
6.898057460784912109e-01
1.662934720516204834e-01
5.604606866836547852e-02
9.203889966011047363e-02
5.669221282005310059e-01
5.317320674657821655e-02
4.074867665767669678e-01
8.050011396408081055e-01
5.483839511871337891e-01
2.662542462348937988e-01
5.496459007263183594e-01
3.302470594644546509e-02
4.086271226406097412e-01
4.558421969413757324e-01
3.197952210903167725e-01
1.116269603371620178e-01
1.426414847373962402e+00
1.754463911056518555e-01
9.921128153800964355e-01
3.095620274543762207e-01
5.278966426849365234e-01
2.477813959121704102e-01
2.956220880150794983e-02
8.552677631378173828e-01
6.436368823051452637e-02
1.422076970338821411e-01
2.758534669876098633e+00
1.709633171558380127e-01
1.600000858306884766e-01
3.225551843643188477e-01
6.211912035942077637e-01
9.974306076765060425e-02
7.964783906936645508e-02
8.100202679634094238e-01
1.171798706054687500e-01
2.555177211761474609e-01
1.222050070762634277e+00
1.404012680053710938e+00
2.365441294386982918e-03
1.055847331881523132e-01
2.241014987230300903e-01
5.360047817230224609e-01
1.046747088432312012e+00
3.190329968929290771e-01
8.400411009788513184e-01
2.821546196937561035e-01
6.579271554946899414e-01
9.139789938926696777e-01
5.552559494972229004e-01
1.811097413301467896e-01
1.389135241508483887e+00
7.726316452026367188e-01
1.486245691776275635e-01
1.418394893407821655e-01
1.080455660820007324e+00
2.505673170089721680e-01
5.743979215621948242e-01
5.335234403610229492e-01
7.732195854187011719e-01
2.291918396949768066e-01
1.737981200218200684e+00
3.454344570636749268e-01
9.689304828643798828e-01
4.669223725795745850e-01
4.126497507095336914e-01
9.028807878494262695e-01
1.091617465019226074e+00
3.906002938747406006e-01
1.120555877685546875e+00
3.753214180469512939e-01
6.804111003875732422e-01
1.525733113288879395e+00
7.290484756231307983e-02
1.901289969682693481e-01
1.281506538391113281e+00
1.570888906717300415e-01
4.570098400115966797e+00
6.539591550827026367e-01
2.244663238525390625e-01
2.742710411548614502e-01
4.934727847576141357e-01
5.811831951141357422e-01
2.035406678915023804e-01
1.137320697307586670e-01
1.285891085863113403e-01
1.438956022262573242e+00
1.265215635299682617e+00
1.596789240837097168e+00
3.324691057205200195e-01
2.692032456398010254e-01
2.179665714502334595e-01
4.761597216129302979e-01
1.411290168762207031e+00
3.021374344825744629e-01
1.737575054168701172e+00
7.060141563415527344e-01
8.110905885696411133e-01
9.592768549919128418e-01
1.239039897918701172e+00
2.825710475444793701e-01
1.295516014099121094e+00
1.801523566246032715e+00
2.281514406204223633e-01
5.718989968299865723e-01
1.284252762794494629e+00
5.686098337173461914e-01
4.697964787483215332e-01
7.069863677024841309e-01
1.842244625091552734e+00
4.973215758800506592e-01
2.881817102432250977e+00
2.780038714408874512e-01
1.589308738708496094e+00
8.477929830551147461e-01
1.587769985198974609e+00
3.741735816001892090e-01
1.313248991966247559e+00
4.299135208129882812e-01
1.384177923202514648e+00
1.745052784681320190e-01
2.367234945297241211e+00
1.814550042152404785e+00
1.921283155679702759e-01
2.556249499320983887e-01
7.353562712669372559e-01
2.648726105690002441e-01
7.805513381958007812e+00
8.256019949913024902e-01
1.029935628175735474e-01
3.916693329811096191e-01
5.618084669113159180e-01
1.647058963775634766e+00
3.711316287517547607e-01
1.008976817131042480e+00
3.579773306846618652e-01
2.238411188125610352e+00
2.532268762588500977e+00
3.872006654739379883e+00
7.306885719299316406e-01
9.481984972953796387e-01
4.193716049194335938e-01
3.746088594198226929e-02
6.674315929412841797e-01
1.070131640881299973e-02
5.433802679181098938e-02
1.751593589782714844e+00
2.689833343029022217e-01
1.374860256910324097e-01
8.452640771865844727e-01
2.588098943233489990e-01
6.519564241170883179e-02
8.125833868980407715e-01
3.077883422374725342e-01
2.008690387010574341e-01
1.354292511940002441e+00
9.202394634485244751e-02
2.874549627304077148e-01
5.392913222312927246e-01
5.697448849678039551e-01
6.846098303794860840e-01
7.722456008195877075e-02
1.913578063249588013e-01
1.912648916244506836e+00
2.551785111427307129e-01
2.417081296443939209e-01
1.023093223571777344e+00
6.736859083175659180e-01
7.112900167703628540e-02
1.181743621826171875e+00
3.492080271244049072e-01
1.615033745765686035e-01
7.418203353881835938e-01
2.680937573313713074e-02
3.085619807243347168e-01
4.971916675567626953e-01
1.293196529150009155e-01
4.694517612457275391e+00
6.548548489809036255e-02
3.425045609474182129e-01
3.187931776046752930e-01
2.166238546371459961e+00
1.550759524106979370e-01
3.082485795021057129e-01
9.780796170234680176e-01
5.640931725502014160e-01
2.404508113861083984e+00
1.254338860511779785e+00
1.034786462783813477e+00
6.021544337272644043e-01
1.188251748681068420e-01
3.311728537082672119e-01
6.140308082103729248e-02
1.427144885063171387e+00
1.170573309063911438e-01
1.191070437431335449e+00
8.136304616928100586e-01
8.346165418624877930e-01
3.471933305263519287e-01
1.050803780555725098e+00
3.362114429473876953e-01
4.187913835048675537e-01
9.868101477622985840e-01
2.878461480140686035e-01
7.532253265380859375e-01
2.865000069141387939e-01
4.893433451652526855e-01
4.166184961795806885e-01
1.503099799156188965e-01
2.346849441528320312e+00
2.716354727745056152e-01
2.306298255920410156e+00
2.357323020696640015e-01
1.062383770942687988e+00
6.632996201515197754e-01
1.034530878067016602e+00
5.705896019935607910e-01
7.178087234497070312e-01
1.092308014631271362e-01
1.971697062253952026e-01
2.833577096462249756e-01
1.872738480567932129e+00
1.750759601593017578e+00
2.194892801344394684e-02
9.895631074905395508e-01
3.076756596565246582e-01
3.238000273704528809e-01
5.428133487701416016e+00
1.026226133108139038e-01
1.436952948570251465e-01
2.634736895561218262e-01
5.822070837020874023e-01
6.759661436080932617e-01
6.369671821594238281e-01
8.616340756416320801e-01
3.793786168098449707e-01
1.942012429237365723e+00
1.657231330871582031e+00
1.554805159568786621e+00
6.085605025291442871e-01
5.574237704277038574e-01
3.350453972816467285e-01
6.159560382366180420e-02
1.266584992408752441e+00
7.999093271791934967e-03
9.536598622798919678e-02
2.048370987176895142e-01
6.934360265731811523e-01
2.529501318931579590e-01
7.842521667480468750e-01
1.939307898283004761e-01
1.398428976535797119e-01
3.464727699756622314e-01
2.345207482576370239e-01
3.768879175186157227e-01
2.886568307876586914e-01
5.525787174701690674e-02
5.595829486846923828e-01
6.529427319765090942e-02
1.034708023071289062e+00
9.019537270069122314e-02
7.501760721206665039e-01
2.637666165828704834e-01
3.528011441230773926e-01
2.822676002979278564e-01
1.405989229679107666e-01
9.027798771858215332e-01
9.096742272377014160e-01
7.454733550548553467e-02
2.469295859336853027e-01
3.517036736011505127e-01
5.220565199851989746e-01
1.461964130401611328e+00
4.482845310121774673e-03
8.940702080726623535e-01
4.471886456012725830e-01
6.318542361259460449e-02
2.398202657699584961e+00
1.392481382936239243e-02
1.354088336229324341e-01
2.034525424242019653e-01
7.327461242675781250e-01
8.151008933782577515e-02
6.521005928516387939e-02
1.402292996644973755e-01
3.210815191268920898e-01
1.731011152267456055e+00
6.513594985008239746e-01
1.890318691730499268e-01
1.539690792560577393e-01
1.562986522912979126e-01
3.050525784492492676e-01
3.288207352161407471e-01
5.742982029914855957e-01
3.316144943237304688e-01
1.587483584880828857e-01
8.365439176559448242e-01
1.276245713233947754e-01
3.325195014476776123e-01
7.517390847206115723e-01
1.277521848678588867e-01
1.049177885055541992e+00
1.252048015594482422e+00
2.871249914169311523e-01
1.550695449113845825e-01
1.578597903251647949e+00
4.479898214340209961e-01
2.560754716396331787e-01
5.618684291839599609e-01
4.438669979572296143e-01
6.421270370483398438e-01
7.538197636604309082e-01
7.092911005020141602e-02
2.404830455780029297e+00
2.286798655986785889e-01
1.763964295387268066e-01
2.436831891536712646e-01
4.616924822330474854e-01
2.501467168331146240e-01
1.676052689552307129e+00
1.488992869853973389e-01
1.743191778659820557e-01
5.314493775367736816e-01
8.258616924285888672e-02
2.354404330253601074e-01
2.971911132335662842e-01
2.723657488822937012e-01
4.675476551055908203e+00
6.790429949760437012e-01
1.226160600781440735e-01
2.655206322669982910e-01
1.171828389167785645e+00
7.438972592353820801e-01
9.098692536354064941e-01
6.081312298774719238e-01
3.304485380649566650e-01
8.663954734802246094e-01
1.396023154258728027e+00
2.295611143112182617e+00
7.473424673080444336e-01
1.554340869188308716e-01
7.670384049415588379e-01
2.523299157619476318e-01
2.420931577682495117e+00
1.038083508610725403e-01
5.579709410667419434e-01
1.061344146728515625e+00
1.070213556289672852e+00
7.113173007965087891e-01
1.230468511581420898e+00
3.287819921970367432e-01
1.231069803237915039e+00
9.711571335792541504e-01
2.008768171072006226e-01
5.357232093811035156e-01
1.115339875221252441e+00
2.734275460243225098e-01
4.523293673992156982e-01
9.917589426040649414e-01
1.334808230400085449e+00
5.508366823196411133e-01
2.548210144042968750e+00
2.172945886850357056e-01
1.180837512016296387e+00
5.409550070762634277e-01
1.060876488685607910e+00
4.155932068824768066e-01
1.879452705383300781e+00
4.352825582027435303e-01
1.380371093750000000e+00
5.219234824180603027e-01
2.137401342391967773e+00
2.075459241867065430e+00
8.739317953586578369e-02
1.494023442268371582e+00
9.124754667282104492e-01
4.248420894145965576e-01
9.361108779907226562e+00
3.746782243251800537e-01
1.515254974365234375e-01
5.659323334693908691e-01
5.180586576461791992e-01
7.882006168365478516e-01
3.406610190868377686e-01
9.376307725906372070e-01
2.775494158267974854e-01
2.507482051849365234e+00
2.423192977905273438e+00
2.522334575653076172e+00
3.141442835330963135e-01
5.790317654609680176e-01
2.943030595779418945e-01
7.148816436529159546e-02
1.432788372039794922e+00
9.126984328031539917e-02
3.334298431873321533e-01
2.386159181594848633e+00
1.833051592111587524e-01
3.970359563827514648e-01
1.908964157104492188e+00
3.501841723918914795e-01
2.467817366123199463e-01
1.669715046882629395e+00
2.633924186229705811e-01
4.747210443019866943e-01
1.739296793937683105e+00
4.611601531505584717e-01
6.262244284152984619e-02
8.513910174369812012e-01
9.761294722557067871e-01
9.838196039199829102e-01
1.112785339355468750e+00
2.518377900123596191e-01
3.307081937789916992e+00
3.746095299720764160e-01
7.184053659439086914e-01
4.706278145313262939e-01
4.375988841056823730e-01
6.390804052352905273e-02
1.633175849914550781e+00
3.527252972126007080e-01
9.103183746337890625e-01
1.333537817001342773e+00
6.986392289400100708e-02
4.664210975170135498e-01
8.583963513374328613e-01
3.069517612457275391e-01
8.434304237365722656e+00
3.733766973018646240e-01
1.756022721529006958e-01
4.576817452907562256e-01
1.800094246864318848e+00
9.501660466194152832e-01
9.168640375137329102e-01
1.583480358123779297e+00
3.736810982227325439e-01
2.803207397460937500e+00
1.956864476203918457e+00
2.847744464874267578e+00
1.471097230911254883e+00
3.572632670402526855e-01
