1.026422619819641113e+00
2.080967426300048828e+00
3.643148243427276611e-01
9.957827925682067871e-01
1.420624494552612305e+00
5.596538186073303223e-01
1.202211454510688782e-01
1.510452866554260254e+00
3.964864299632608891e-04
3.613402843475341797e+00
8.492072224617004395e-01
7.178660392761230469e+00
2.066733837127685547e+00
7.570289373397827148e-01
1.110861301422119141e+00
7.041320800781250000e-01
6.193450093269348145e-01
5.451639294624328613e-01
9.248809814453125000e-01
2.403231859207153320e-01
3.703312575817108154e-01
1.119803667068481445e+00
4.366340935230255127e-01
1.778105020523071289e+00
4.982529878616333008e-01
7.621794193983078003e-02
7.037888765335083008e-01
5.541652441024780273e-01
3.915388882160186768e-01
1.296929270029067993e-02
9.718394279479980469e-01
1.611531257629394531e+00
3.895681798458099365e-01
8.741294741630554199e-01
7.094911575317382812e+00
5.879386425018310547e+00
1.773193717002868652e+00
2.905666530132293701e-01
1.732818245887756348e+00
3.262364625930786133e+00
6.520310044288635254e-01
5.945438146591186523e-01
2.487074583768844604e-03
2.475328207015991211e+00
7.366173863410949707e-01
3.615211963653564453e+00
4.139928340911865234e+00
1.816688895225524902e+00
2.865198813378810883e-02
1.121181473135948181e-01
1.489796638488769531e+00
2.173341274261474609e+00
2.847991883754730225e-01
8.321895003318786621e-01
1.300000905990600586e+00
1.171709299087524414e+00
2.453343570232391357e-01
4.674806594848632812e+00
1.913085543492343277e-05
3.328928649425506592e-01
4.205889403820037842e-01
1.780977606773376465e+00
6.364960074424743652e-01
1.682913899421691895e+00
5.304258346557617188e+00
4.576980173587799072e-01
1.068061113357543945e+00
1.180952429771423340e+00
2.830638647079467773e+00
1.256374716758728027e-01
1.325764179229736328e+00
3.537676036357879639e-01
1.850936561822891235e-01
4.701950550079345703e-01
2.599530935287475586e+00
1.536777317523956299e-01
1.194427490234375000e+00
1.902317047119140625e+00
2.751061916351318359e+00
4.814846906810998917e-03
5.416869521141052246e-01
3.138545751571655273e-01
4.334787726402282715e-01
1.089690804481506348e+00
2.089528322219848633e+00
8.378374576568603516e-01
2.166597127914428711e+00
9.294309467077255249e-02
1.660623431205749512e+00
5.358276963233947754e-01
1.889435648918151855e+00
2.304562807083129883e+00
6.077714497223496437e-04
6.313965320587158203e-01
1.258135557174682617e+00
2.201138734817504883e-01
7.967495918273925781e-01
2.655580639839172363e-01
5.483764782547950745e-02
5.976036787033081055e-01
3.795264720916748047e+00
5.044854164123535156e+00
8.952936530113220215e-01
3.032622814178466797e+00
1.626001834869384766e+00
2.603219270706176758e+00
5.411692857742309570e-01
3.532203435897827148e+00
7.659335969947278500e-04
4.131928443908691406e+00
1.057421565055847168e+00
6.307562828063964844e+00
2.472734212875366211e+00
3.510438919067382812e+00
8.459978103637695312e+00
1.000434994697570801e+00
1.372937679290771484e+00
2.224500894546508789e+00
2.062188386917114258e+00
6.391118168830871582e-01
1.463438868522644043e+00
1.375205516815185547e+00
9.498801231384277344e-01
1.863245844841003418e+00
3.581578731536865234e+00
1.404954493045806885e-01
1.057505965232849121e+00
4.403875350952148438e+00
1.949583411216735840e+00
6.571527570486068726e-02
2.722072601318359375e+00
9.368354082107543945e-01
9.143498539924621582e-01
2.549218177795410156e+00
1.216584205627441406e+01
3.735147237777709961e+00
2.176182746887207031e+00
3.776051104068756104e-01
5.440019130706787109e+00
4.378141403198242188e+00
2.412668704986572266e+00
5.766935825347900391e+00
4.787723068147897720e-03
1.639553189277648926e+00
3.120280981063842773e+00
2.448670148849487305e+00
2.485908508300781250e+00
3.136287689208984375e+00
1.693234294652938843e-01
6.874130964279174805e-01
4.972639083862304688e+00
3.465775489807128906e+00
1.076388955116271973e+00
4.226786613464355469e+00
1.662470698356628418e+00
2.427393674850463867e+00
5.402383208274841309e-01
8.354123115539550781e+00
3.376030654180794954e-04
2.413774967193603516e+00
1.200403332710266113e+00
1.830494117736816406e+01
1.748022913932800293e+00
5.673081398010253906e+00
6.522268295288085938e+00
1.153308868408203125e+00
6.907419562339782715e-01
2.367423295974731445e+00
2.081909894943237305e+00
3.108944892883300781e-01
1.261680364608764648e+00
1.100460410118103027e+00
6.569259762763977051e-01
3.690723896026611328e+00
2.939026594161987305e+00
9.529415518045425415e-02
3.162816524505615234e+00
4.234746456146240234e+00
1.377801895141601562e+00
1.626644283533096313e-02
1.495357036590576172e+00
3.589025974273681641e+00
4.164230525493621826e-01
3.275886774063110352e+00
1.306661701202392578e+01
5.247247219085693359e+00
5.027209758758544922e+00
1.446078300476074219e+00
6.761506557464599609e+00
2.996637821197509766e+00
3.411273241043090820e+00
3.837914228439331055e+00
2.639545127749443054e-03
2.203620910644531250e+00
1.295915842056274414e+00
2.022768497467041016e+00
6.458110332489013672e+00
1.825350642204284668e+00
1.045601069927215576e-01
2.696542441844940186e-01
5.505094051361083984e+00
7.595933914184570312e+00
3.897791862487792969e+00
9.986171126365661621e-01
1.708438038825988770e+00
3.098560571670532227e+00
7.172630429267883301e-01
1.811146616935729980e+00
3.262437821831554174e-04
1.846344709396362305e+00
5.238293170928955078e+00
3.591914176940917969e+00
5.053368568420410156e+00
1.392425179481506348e+00
1.431073427200317383e+00
1.223888158798217773e+00
6.538091897964477539e-01
2.484754323959350586e-01
8.243376612663269043e-01
1.138988971710205078e+00
1.692818880081176758e+00
6.182920932769775391e+00
1.608171015977859497e-01
1.595922827720642090e+00
1.322794675827026367e+00
2.336593419313430786e-01
2.688750028610229492e+00
7.080969214439392090e-01
2.933983802795410156e+00
2.836371213197708130e-02
2.456833124160766602e+00
2.123593807220458984e+00
2.269553244113922119e-01
6.394011974334716797e+00
1.710126519203186035e+00
3.488957166671752930e+00
1.767903566360473633e+00
2.319511324167251587e-01
1.233306789398193359e+01
2.091634750366210938e+00
3.289165258407592773e+00
5.782243013381958008e-01
8.773774839937686920e-03
2.163931608200073242e+00
1.852062106132507324e+00
2.109838724136352539e+00
3.476626634597778320e+00
9.942069649696350098e-01
3.395364284515380859e-01
2.600719928741455078e-01
2.202854394912719727e+00
6.251900196075439453e+00
1.018175363540649414e+00
2.959201097488403320e+00
5.420223236083984375e+00
2.879128217697143555e+00
3.452689647674560547e-01
8.224808692932128906e+00
6.675531039945781231e-04
2.989991426467895508e+00
1.478011727333068848e+00
2.462950325012207031e+01
1.819057345390319824e+00
3.767085075378417969e+00
3.528254270553588867e+00
2.206366539001464844e+00
1.270176410675048828e+00
1.489052772521972656e+00
2.235357761383056641e+00
5.186433196067810059e-01
1.216328501701354980e+00
2.217704534530639648e+00
1.125985980033874512e+00
4.073167800903320312e+00
2.062768936157226562e+00
5.855839252471923828e-01
4.688501358032226562e+00
2.697659969329833984e+00
2.636227607727050781e+00
2.138664759695529938e-02
1.453291177749633789e+00
5.441222667694091797e+00
7.742580771446228027e-01
2.549036741256713867e+00
1.242952251434326172e+01
1.362617778778076172e+01
6.365065574645996094e+00
1.734949231147766113e+00
5.642234325408935547e+00
2.266558885574340820e+00
3.567739725112915039e+00
2.262734651565551758e+00
5.182648077607154846e-03
4.633896350860595703e+00
1.661435127258300781e+00
2.489722728729248047e+00
1.156946372985839844e+01
1.670967340469360352e+00
1.107829809188842773e-01
3.243122994899749756e-01
8.828517198562622070e-01
3.955008029937744141e+00
4.805291295051574707e-01
8.289835453033447266e-01
3.265124797821044922e+00
1.482727885246276855e+00
1.391674727201461792e-01
1.456410527229309082e+00
3.638222115114331245e-04
4.098584175109863281e+00
5.706232190132141113e-01
3.287412881851196289e+00
1.710112690925598145e+00
1.131072402000427246e+00
1.783656597137451172e+00
1.538982033729553223e+00
1.137943029403686523e+00
8.349440097808837891e-01
7.446427345275878906e-01
5.991402864456176758e-01
6.843627095222473145e-01
9.275631904602050781e-01
7.150294780731201172e-01
1.795526742935180664e+00
1.891309618949890137e+00
2.264263927936553955e-01
6.353360414505004883e-01
8.550695776939392090e-01
1.757021307945251465e+00
6.490933150053024292e-02
2.118469715118408203e+00
8.174778819084167480e-01
1.103389501571655273e+00
5.327086448669433594e-01
7.248992443084716797e+00
7.058810234069824219e+00
2.390063047409057617e+00
4.317181110382080078e-01
3.792613983154296875e+00
1.814001560211181641e+00
6.254826784133911133e-01
2.069360017776489258e+00
3.812865354120731354e-03
8.799864649772644043e-01
2.854749202728271484e+00
1.253280878067016602e+00
2.896415472030639648e+00
2.419252634048461914e+00
7.697471231222152710e-02
5.472094416618347168e-01
7.585793495178222656e+00
1.909829497337341309e+00
2.158331155776977539e+00
7.993509769439697266e-01
6.608487367630004883e-01
1.002822875976562500e+00
8.337259888648986816e-01
4.770884990692138672e+00
5.192466051084920764e-05
8.493008017539978027e-01
4.874473571777343750e+00
3.752529621124267578e+00
4.280041217803955078e+00
1.150708317756652832e+00
3.438505887985229492e+00
4.066993296146392822e-01
4.791676998138427734e-01
8.792493939399719238e-01
2.048978328704833984e+00
2.655348479747772217e-01
3.095170021057128906e+00
3.849285125732421875e+00
1.197728589177131653e-01
8.928231596946716309e-01
2.250154018402099609e+00
8.756115287542343140e-02
1.724567651748657227e+00
1.210977673530578613e+00
1.367052078247070312e+00
1.924424991011619568e-02
1.125138401985168457e+00
1.632946968078613281e+00
1.842092871665954590e-01
1.035164070129394531e+01
1.371716260910034180e+00
1.244738578796386719e+00
1.241811990737915039e+00
2.046075910329818726e-01
5.298676967620849609e+00
3.074400424957275391e+00
4.905185222625732422e+00
1.804239392280578613e+00
5.310627631843090057e-03
2.928115129470825195e+00
9.004901647567749023e-01
3.813972949981689453e+00
1.826548457145690918e+00
4.467810690402984619e-01
4.589607715606689453e-01
3.482848703861236572e-01
5.976987838745117188e+00
8.993810653686523438e+00
1.580115556716918945e+00
5.313559055328369141e+00
2.842941045761108398e+00
2.898879528045654297e+00
4.841160476207733154e-01
5.687374114990234375e+00
1.091895392164587975e-04
1.912568211555480957e+00
1.202570438385009766e+00
1.715891265869140625e+01
3.635735750198364258e+00
5.532094478607177734e+00
1.185320472717285156e+01
2.203825712203979492e+00
1.987181544303894043e+00
1.629052877426147461e+00
3.287210702896118164e+00
2.715804576873779297e-01
1.962349653244018555e+00
1.865533351898193359e+00
1.229522466659545898e+00
3.233477354049682617e+00
4.091573238372802734e+00
1.738563925027847290e-01
4.175398826599121094e+00
4.549399375915527344e+00
3.785502672195434570e+00
1.113775838166475296e-02
2.920115709304809570e+00
2.645363092422485352e+00
5.096934437751770020e-01
3.848342418670654297e+00
8.981123924255371094e+00
7.863273143768310547e+00
6.113844871520996094e+00
7.227191925048828125e-01
8.180977821350097656e+00
2.252569437026977539e+00
5.898408412933349609e+00
3.134128093719482422e+00
2.321603009477257729e-03
3.337738752365112305e+00
2.874168872833251953e+00
1.812462329864501953e+00
7.312707424163818359e+00
1.509136676788330078e+00
1.217284202575683594e-01
5.544175505638122559e-01
9.819150924682617188e+00
6.367248058319091797e+00
5.952405452728271484e+00
1.656221032142639160e+00
1.591410756111145020e+00
2.651149511337280273e+00
9.986946582794189453e-01
4.714765548706054688e+00
1.399978500558063388e-04
1.706282973289489746e+00
7.612591743469238281e+00
9.528452873229980469e+00
7.820603370666503906e+00
2.093023300170898438e+00
2.782950878143310547e+00
1.331699371337890625e+00
5.748453736305236816e-01
5.024231076240539551e-01
1.769142627716064453e+00
6.319185495376586914e-01
3.323920726776123047e+00
8.629714012145996094e+00
2.323227971792221069e-01
2.550892353057861328e+00
1.929112911224365234e+00
1.873938739299774170e-01
3.712409019470214844e+00
1.281698226928710938e+00
2.491424083709716797e+00
2.434314787387847900e-02
2.839400529861450195e+00
3.268764734268188477e+00
1.647693961858749390e-01
1.317394256591796875e+01
2.342400789260864258e+00
3.792021751403808594e+00
2.991329431533813477e+00
5.113303065299987793e-01
1.403079605102539062e+01
3.949457406997680664e+00
7.194123744964599609e+00
8.440905213356018066e-01
1.317379903048276901e-02
4.481803894042968750e+00
1.413601398468017578e+00
5.536379814147949219e+00
4.591900825500488281e+00
9.219036102294921875e-01
4.315066635608673096e-01
2.494973689317703247e-01
