3.645648946985602379e-03
1.065665762871503830e-02
2.043456915998831391e-04
1.084372587502002716e-02
1.480052829720079899e-03
5.694090505130589008e-04
1.816122559830546379e-03
2.658275421708822250e-03
3.280369355707080103e-06
1.368473935872316360e-02
7.639641407877206802e-03
6.064550019800662994e-03
1.087274122983217239e-02
1.291660941205918789e-03
4.469771520234644413e-04
1.651309314183890820e-03
5.330711603164672852e-03
6.031966186128556728e-04
1.136878691613674164e-02
5.848316010087728500e-03
3.611700143665075302e-03
2.589259529486298561e-03
1.326980185694992542e-03
1.315908506512641907e-02
5.591014632955193520e-04
4.286314826458692551e-03
8.754437440074980259e-04
2.208863152191042900e-03
8.686715154908597469e-04
9.665314573794603348e-04
5.327375140041112900e-03
1.474535907618701458e-03
1.579356729052960873e-03
2.065728651359677315e-03
1.477055158466100693e-02
3.469610586762428284e-02
5.790676921606063843e-03
3.766997018828988075e-03
9.950822219252586365e-03
6.785638164728879929e-03
1.392374862916767597e-03
9.425120078958570957e-04
7.945335470139980316e-03
7.941943593323230743e-03
1.050913939252495766e-03
1.276189554482698441e-02
2.804373949766159058e-02
8.598303422331809998e-03
1.358573441393673420e-03
2.983059966936707497e-04
6.445050984621047974e-02
5.686621181666851044e-03
1.337620243430137634e-02
5.146792903542518616e-02
1.067279186099767685e-02
4.169487860053777695e-03
1.045690756291151047e-02
1.242827903479337692e-02
1.158814733059898572e-08
8.246273733675479889e-03
2.952514216303825378e-02
7.284593768417835236e-03
9.461344219744205475e-03
1.004767976701259613e-02
7.617429364472627640e-03
3.884950652718544006e-03
1.986229047179222107e-02
8.961510844528675079e-03
2.054077386856079102e-02
1.038103364408016205e-02
6.204752717167139053e-03
7.385693490505218506e-03
1.252834498882293701e-02
3.636263683438301086e-02
2.262798137962818146e-02
5.080653354525566101e-03
1.599606126546859741e-02
2.450902014970779419e-02
5.077541992068290710e-02
2.374047879129648209e-03
2.550672506913542747e-03
5.602556047961115837e-04
1.004949212074279785e-02
5.000466480851173401e-03
2.921046502888202667e-02
3.313044831156730652e-02
3.364640846848487854e-02
4.583810456097126007e-03
3.319419175386428833e-02
7.278777193278074265e-03
1.045407634228467941e-02
1.404060143977403641e-02
7.402009796351194382e-04
6.651799194514751434e-03
6.359086837619543076e-03
1.410442404448986053e-03
7.412716746330261230e-03
4.345982451923191547e-04
1.628286205232143402e-03
2.477171830832958221e-02
2.121903374791145325e-02
1.160189043730497360e-02
3.031054744496941566e-03
2.618594095110893250e-02
4.195891320705413818e-03
5.003336351364850998e-03
1.029820460826158524e-02
6.561387795954942703e-03
4.238574547343887389e-06
1.701194792985916138e-02
7.103219628334045410e-03
1.033393386751413345e-02
8.384535089135169983e-03
8.653339929878711700e-03
7.323509082198143005e-03
3.590024309232831001e-03
6.894972175359725952e-03
4.428313113749027252e-03
1.924027502536773682e-02
7.296013180166482925e-03
4.089512862265110016e-03
5.507033318281173706e-03
6.856348365545272827e-03
1.700219698250293732e-02
7.857078686356544495e-03
7.690267637372016907e-03
3.108078846707940102e-03
1.568702608346939087e-02
9.604738093912601471e-03
3.787895198911428452e-03
1.071139797568321228e-02
9.089821833185851574e-04
5.932164378464221954e-03
6.205904297530651093e-03
2.359242923557758331e-02
4.632662236690521240e-02
6.163675803691148758e-03
3.111974336206912994e-03
1.977431029081344604e-02
1.603079587221145630e-02
6.361862644553184509e-03
1.366284117102622986e-02
6.995646748691797256e-03
4.430466331541538239e-03
3.415487008169293404e-03
5.297615192830562592e-03
2.453793771564960480e-02
7.939588278532028198e-03
1.014287932775914669e-03
4.016008228063583374e-03
2.488240413367748260e-02
7.581107318401336670e-03
4.523272626101970673e-03
2.624214254319667816e-02
2.625416032969951630e-03
3.876938484609127045e-03
8.139736019074916840e-03
8.591772988438606262e-03
2.673271410458255559e-06
8.881448768079280853e-03
1.233944296836853027e-02
3.040306270122528076e-02
6.330231204628944397e-03
2.329623699188232422e-02
5.739205051213502884e-03
2.600347623229026794e-03
2.972987247630953789e-03
4.488049075007438660e-03
1.589401625096797943e-02
3.772678086534142494e-03
3.858113894239068031e-03
3.237331751734018326e-03
3.667257493361830711e-03
2.603393606841564178e-02
5.904908757656812668e-03
2.957884687930345535e-03
6.876559462398290634e-03
1.564176008105278015e-02
5.938243586570024490e-03
1.464549452066421509e-03
4.708722233772277832e-03
4.653621464967727661e-03
3.812591545283794403e-03
9.080325253307819366e-03
3.691910579800605774e-02
3.716968372464179993e-02
1.648038439452648163e-02
8.996045216917991638e-03
3.217657655477523804e-02
1.364921871572732925e-02
5.877335090190172195e-03
1.029150560498237610e-02
4.629041999578475952e-03
5.210418254137039185e-03
2.186803845688700676e-03
7.805105298757553101e-03
1.854967698454856873e-02
2.464548451825976372e-03
1.008170540444552898e-03
3.267132677137851715e-03
3.805141150951385498e-02
1.147710438817739487e-02
9.677972644567489624e-03
5.040512233972549438e-02
2.231979742646217346e-03
7.633179891854524612e-03
1.194680482149124146e-02
2.390174195170402527e-03
4.035784513689577579e-05
7.463799323886632919e-03
3.215751424431800842e-02
2.990373875945806503e-03
2.306935563683509827e-02
3.312052460387349129e-03
1.330935745500028133e-03
7.837856188416481018e-03
2.635430311784148216e-03
5.962052382528781891e-04
4.501956980675458908e-03
1.725925505161285400e-02
2.686795312911272049e-03
1.731625944375991821e-02
1.400412758812308311e-03
1.981550268828868866e-02
5.945128854364156723e-03
7.057978771626949310e-03
2.071890421211719513e-02
6.315833888947963715e-03
2.505619823932647705e-02
2.603327389806509018e-03
1.079060696065425873e-02
3.422140842303633690e-03
4.082721192389726639e-03
9.589568711817264557e-03
1.843623234890401363e-03
3.578078374266624451e-02
1.528763491660356522e-02
5.693760700523853302e-03
4.242512583732604980e-02
1.420479849912226200e-03
2.971756504848599434e-03
8.679769234731793404e-04
7.699242327362298965e-03
6.126295309513807297e-03
6.284425500780344009e-03
7.862883619964122772e-03
1.417164504528045654e-02
1.956065418198704720e-03
4.684529267251491547e-03
4.063634667545557022e-03
8.216533809900283813e-03
8.333653211593627930e-03
1.571271102875471115e-03
1.754925400018692017e-02
7.297669537365436554e-03
2.500931732356548309e-03
2.107876585796475410e-03
6.295254919677972794e-03
1.968295237020356581e-06
7.622546516358852386e-03
1.332160178571939468e-02
1.814051158726215363e-02
6.614070385694503784e-03
1.473113428801298141e-02
9.366751182824373245e-04
4.524551797658205032e-03
3.786436980590224266e-03
1.056463108398020267e-03
8.557303808629512787e-03
5.234247539192438126e-03
3.656845074146986008e-03
2.432482084259390831e-03
2.292855875566601753e-03
1.664024218916893005e-02
1.571175060234963894e-03
3.590932348743081093e-03
6.796007044613361359e-03
6.810112856328487396e-03
5.972332786768674850e-03
1.436210819520056248e-03
2.962018596008419991e-03
5.139403510838747025e-03
1.772805000655353069e-03
4.747699480503797531e-03
2.735063619911670685e-02
3.038225322961807251e-02
1.546963583678007126e-02
1.093245204538106918e-02
2.183375507593154907e-02
5.322369281202554703e-03
3.543663769960403442e-03
4.316011909395456314e-03
2.252558013424277306e-03
7.725883275270462036e-03
3.327392507344484329e-03
7.712556514889001846e-03
1.964528672397136688e-02
1.789724570699036121e-03
1.030626939609646797e-03
5.855528288520872593e-04
3.337432630360126495e-03
1.158569660037755966e-02
1.016934867948293686e-03
1.863566040992736816e-02
7.575537078082561493e-03
2.323892433196306229e-03
2.289727563038468361e-03
1.541255391202867031e-03
1.765745764714665711e-06
1.936183124780654907e-02
8.929142728447914124e-03
2.887909067794680595e-03
1.388221886008977890e-02
1.542566809803247452e-03
1.143510453402996063e-03
5.394625477492809296e-03
7.873768918216228485e-03
1.155484234914183617e-03
6.700312718749046326e-03
1.101004332304000854e-02
3.623278811573982239e-03
4.921543877571821213e-03
4.875969607383012772e-03
2.036710083484649658e-02
4.798052366822957993e-03
5.927284713834524155e-03
2.582753309980034828e-03
1.989273587241768837e-03
4.326778464019298553e-03
1.517846598289906979e-03
5.138269159942865372e-03
1.302272547036409378e-03
4.545552656054496765e-03
8.649494266137480736e-04
1.503121666610240936e-02
3.611350804567337036e-02
1.173830311745405197e-02
8.666363544762134552e-03
1.764578931033611298e-02
2.978919306769967079e-03
9.721932583488523960e-04
4.060246050357818604e-03
3.393399296328425407e-03
2.551335375756025314e-03
5.774297285825014114e-03
5.436436273157596588e-03
2.650137245655059814e-02
3.775001969188451767e-03
1.103851362131536007e-03
2.851420314982533455e-03
6.415214389562606812e-02
3.341886680573225021e-03
1.541215367615222931e-02
4.732160642743110657e-02
4.488847218453884125e-03
2.187676727771759033e-03
8.821419440209865570e-03
1.234861183911561966e-02
2.417430664536368567e-07
1.891194842755794525e-03
3.498942032456398010e-02
1.347443368285894394e-02
1.227390114217996597e-02
5.196201149374246597e-03
5.020604934543371201e-03
1.876317197456955910e-03
1.024833321571350098e-02
9.402050636708736420e-03
1.187729090452194214e-02
6.890924181789159775e-03
6.983639672398567200e-03
1.153766922652721405e-02
1.114170346409082413e-02
3.297556936740875244e-02
1.414615474641323090e-02
3.490088041871786118e-03
1.735809817910194397e-02
8.552022278308868408e-03
3.749396651983261108e-02
2.863715635612607002e-03
6.054356228560209274e-03
2.770619699731469154e-03
9.658198803663253784e-03
2.338268607854843140e-02
1.439306512475013733e-02
2.925296872854232788e-02
1.931365579366683960e-02
3.153614932671189308e-03
3.135844320058822632e-02
1.080218888819217682e-02
1.621849648654460907e-02
1.048580091446638107e-02
5.702183116227388382e-03
1.874881237745285034e-02
1.277053263038396835e-03
1.253461465239524841e-02
1.151843369007110596e-02
1.987357856705784798e-03
3.838717006146907806e-03
2.145410887897014618e-02
2.495709061622619629e-02
1.507165282964706421e-02
4.511695820838212967e-03
3.070283122360706329e-02
6.722079589962959290e-03
2.837267238646745682e-03
1.040808670222759247e-02
3.614407498389482498e-03
1.173740656668087468e-06
8.219070732593536377e-03
1.354358624666929245e-02
1.769213192164897919e-02
1.191336940973997116e-02
7.201377302408218384e-03
7.455479819327592850e-03
7.156131789088249207e-03
1.467709057033061981e-02
1.755090779624879360e-03
2.137404307723045349e-02
4.726014100015163422e-03
3.116480307653546333e-03
2.815943444147706032e-03
7.344908080995082855e-03
3.006739728152751923e-02
9.995465166866779327e-03
4.353998694568872452e-03
1.330898795276880264e-02
9.314844384789466858e-03
1.857310719788074493e-02
9.992474224418401718e-04
9.135021828114986420e-03
6.953273550607264042e-04
4.320275038480758667e-03
5.515324417501688004e-03
2.240611612796783447e-02
6.214444711804389954e-02
2.200749143958091736e-02
7.922935299575328827e-03
3.343475237488746643e-02
1.062127016484737396e-02
5.358451977372169495e-03
8.846839889883995056e-03
3.570794826373457909e-03
7.744034752249717712e-03
4.647678695619106293e-03
2.640793332830071449e-03
2.439430356025695801e-02
3.637457732111215591e-03
8.040411630645394325e-04
3.921083174645900726e-03
5.524327605962753296e-02
1.257792487740516663e-02
1.244000066071748734e-02
5.746999010443687439e-02
3.032666863873600960e-03
5.964835174381732941e-03
1.684926822781562805e-02
8.367065340280532837e-03
4.264785093255341053e-05
3.941506613045930862e-03
4.657001793384552002e-02
1.844080351293087006e-02
2.493935264647006989e-02
1.092323847115039825e-02
4.103985149413347244e-03
1.015420723706483841e-02
2.180591225624084473e-03
5.592586821876466274e-04
1.182463020086288452e-02
8.592277765274047852e-03
4.502593539655208588e-03
1.800082996487617493e-02
2.053359523415565491e-03
3.171727806329727173e-02
4.326736554503440857e-03
4.906103014945983887e-03
2.681945636868476868e-02
7.737225387245416641e-03
3.346457704901695251e-02
2.531161764636635780e-03
1.397381350398063660e-02
5.408861208707094193e-03
4.852821584790945053e-03
2.351391501724720001e-02
1.138030178844928741e-02
5.756715312600135803e-02
2.503826655447483063e-02
8.459134958684444427e-03
5.535028502345085144e-02
8.697614073753356934e-03
1.153327524662017822e-02
1.150960801169276237e-03
1.134428661316633224e-02
1.545493025332689285e-02
4.103864077478647232e-03
1.497426629066467285e-02
1.737455278635025024e-02
2.756236819550395012e-03
4.732143133878707886e-03
3.192002652212977409e-03
