4.558164775371551514e-01
5.754526853561401367e-01
5.209524631500244141e+00
3.763796091079711914e-01
1.157053589820861816e+00
8.019831180572509766e-01
3.078837156295776367e+00
1.652518272399902344e+00
2.806439161300659180e+00
1.030249446630477905e-01
5.547678470611572266e-01
1.378543734550476074e+00
1.831312775611877441e-01
7.677884697914123535e-01
5.052158832550048828e-01
1.758516907691955566e+00
5.686079859733581543e-01
5.388780236244201660e-01
8.316795825958251953e-01
4.965984523296356201e-01
6.871130466461181641e+00
6.191661953926086426e-01
1.841594099998474121e+00
5.887171626091003418e-01
3.604600191116333008e+00
2.358403205871582031e+00
1.117344737052917480e+00
4.438096284866333008e-02
7.071031332015991211e-01
1.815046668052673340e-01
3.734081506729125977e+00
7.348443508148193359e+00
1.707879640161991119e-02
3.295080959796905518e-01
1.117195844650268555e+00
3.360898792743682861e-02
1.650829315185546875e+00
7.938247919082641602e-01
6.328644603490829468e-02
2.320200055837631226e-01
6.638149023056030273e-01
2.856056928634643555e+00
1.203458160161972046e-01
6.631935238838195801e-01
1.331453919410705566e-01
4.266917705535888672e+00
1.042645812034606934e+00
1.988384485244750977e+00
2.127139329910278320e+00
9.926824830472469330e-03
6.542651057243347168e-01
6.650429964065551758e-01
1.283394336700439453e+00
6.135323047637939453e-01
3.318075895309448242e+00
1.165174841880798340e+00
6.130622029304504395e-01
3.161394894123077393e-01
3.824578821659088135e-01
5.373208969831466675e-02
1.053868055343627930e+00
4.361584782600402832e-01
3.500285372138023376e-02
4.833780229091644287e-01
1.638270258903503418e+00
8.710205554962158203e-01
1.399344325065612793e+00
1.691314458847045898e+00
3.276612460613250732e-01
5.295564532279968262e-01
7.341261506080627441e-01
7.823357731103897095e-02
6.228291392326354980e-01
2.762158393859863281e+00
2.771454572677612305e+00
7.017351388931274414e-01
3.315767288208007812e+00
3.284957706928253174e-01
2.050572395324707031e+00
2.411079883575439453e+00
2.288821220397949219e+00
4.696790277957916260e-01
6.080017425119876862e-03
2.021428108215332031e+00
8.126439154148101807e-02
1.946471035480499268e-01
3.246248245239257812e+00
8.985999226570129395e-01
2.877171337604522705e-01
1.372454166412353516e+00
2.213508486747741699e-01
9.015665054321289062e-01
1.154033765196800232e-01
1.599229454994201660e+00
2.996356785297393799e-01
1.998293161392211914e+00
1.139605045318603516e+00
3.008648872375488281e+00
2.264613360166549683e-01
3.124381043016910553e-02
6.244781613349914551e-01
2.720339536666870117e+00
6.443159580230712891e+00
9.392537474632263184e-01
5.609396457672119141e+00
1.797899603843688965e+00
3.731745958328247070e+00
2.490080833435058594e+00
1.652652502059936523e+00
1.253578662872314453e-01
1.786574006080627441e+00
1.934673905372619629e+00
1.918566375970840454e-01
1.201283574104309082e+00
3.628306627273559570e+00
1.518912315368652344e+00
2.023120403289794922e+00
3.244963645935058594e+00
4.431386291980743408e-01
9.968860149383544922e-01
6.143382072448730469e+00
6.472404003143310547e-01
3.227638483047485352e+00
4.488655090332031250e+00
1.106305694580078125e+01
6.224532604217529297e+00
7.533710002899169922e+00
3.308694362640380859e-01
3.847695112228393555e+00
3.062539815902709961e+00
5.254427433013916016e+00
4.710699081420898438e+00
1.937389932572841644e-02
1.611581921577453613e+00
1.533540606498718262e+00
1.624563485383987427e-01
4.357986450195312500e+00
3.400808095932006836e+00
2.233010083436965942e-01
1.327709794044494629e+00
7.686198353767395020e-01
4.776142597198486328e+00
2.081098258495330811e-01
1.140376687049865723e+00
2.831652462482452393e-01
1.191335201263427734e+01
1.487679719924926758e+00
4.029968261718750000e+00
1.354188323020935059e+00
9.134704619646072388e-02
1.111312031745910645e+00
1.734003067016601562e+00
6.492002964019775391e+00
8.681366443634033203e-01
9.416962623596191406e+00
2.979041337966918945e+00
3.969577312469482422e+00
2.684282779693603516e+00
2.164478302001953125e+00
1.821878552436828613e-01
9.710465073585510254e-01
4.312055110931396484e+00
3.479885160923004150e-01
2.029226064682006836e+00
1.369668722152709961e+00
5.101115226745605469e+00
1.316845297813415527e+00
2.141356468200683594e+00
1.092194199562072754e+00
1.492088198661804199e+00
5.866288185119628906e+00
4.334300756454467773e-01
3.106945991516113281e+00
4.248096942901611328e+00
1.627481079101562500e+01
2.334258079528808594e+00
4.980629444122314453e+00
3.678275048732757568e-01
2.227820396423339844e+00
1.383371353149414062e+00
1.100387668609619141e+01
5.530851364135742188e+00
1.046772375702857971e-01
9.402769804000854492e-01
7.359969615936279297e-01
1.503788679838180542e-01
8.813366889953613281e+00
2.109497070312500000e+00
1.085946857929229736e-01
1.390685677528381348e+00
7.855444550514221191e-01
6.833211421966552734e+00
1.677866131067276001e-01
4.198056221008300781e+00
1.547182947397232056e-01
9.583295822143554688e+00
4.604567050933837891e+00
9.984388351440429688e+00
2.467456102371215820e+00
6.609062850475311279e-02
1.077431917190551758e+00
4.626807868480682373e-01
2.566003084182739258e+00
2.067820429801940918e-01
1.613638877868652344e+00
1.085800266265869141e+01
7.732800245285034180e-01
4.670081436634063721e-01
4.342483043670654297e+00
3.472879827022552490e-01
2.641656696796417236e-01
1.209283351898193359e+00
5.383678898215293884e-02
2.292173862457275391e+00
3.998569250106811523e+00
2.295602560043334961e+00
8.302613496780395508e-01
1.391458034515380859e+00
6.271412968635559082e-01
3.425340414047241211e+00
1.509786725044250488e+00
4.792670905590057373e-01
6.416625976562500000e+00
1.148136615753173828e+00
2.432304620742797852e+00
7.388897418975830078e+00
3.507019281387329102e+00
2.104406058788299561e-01
7.318319320678710938e+00
7.276701331138610840e-01
1.353890538215637207e+00
3.361302614212036133e+00
1.194857712835073471e-02
7.159153223037719727e-01
4.566088318824768066e-01
8.767132461071014404e-02
4.976359367370605469e+00
1.439452052116394043e+00
6.252642869949340820e-01
7.148551344871520996e-01
2.093113422393798828e+00
2.923394203186035156e+00
2.936473190784454346e-01
5.504243373870849609e+00
8.201175332069396973e-01
1.734990119934082031e+01
9.746213555335998535e-01
1.903157114982604980e+00
2.052968978881835938e+00
6.061120424419641495e-03
1.470504641532897949e+00
6.762151718139648438e-01
7.239119529724121094e+00
1.061024546623229980e+00
5.997452735900878906e+00
5.064482212066650391e+00
4.959204673767089844e+00
1.700988173484802246e+00
4.239735126495361328e+00
2.603406012058258057e-01
1.078676223754882812e+00
2.300544261932373047e+00
4.847902655601501465e-01
3.343216657638549805e+00
1.009322643280029297e+00
5.159300327301025391e+00
2.206258058547973633e+00
1.325803160667419434e+00
2.271795034408569336e+00
1.410210847854614258e+00
7.678465843200683594e+00
8.120094537734985352e-01
2.287829160690307617e+00
2.622210502624511719e+00
1.169200801849365234e+01
3.920675992965698242e+00
3.254182100296020508e+00
2.417441904544830322e-01
1.779180288314819336e+00
9.290022850036621094e-01
1.136621475219726562e+01
8.221021652221679688e+00
6.090275570750236511e-02
1.651554942131042480e+00
7.049286961555480957e-01
1.743093430995941162e-01
7.660322189331054688e+00
8.707602024078369141e-01
4.368012845516204834e-01
1.199314236640930176e+00
9.467383027076721191e-01
4.135760307312011719e+00
4.889488220214843750e-01
4.762590885162353516e+00
8.424845933914184570e-01
1.087190628051757812e+01
4.166769504547119141e+00
6.960041999816894531e+00
2.577081441879272461e+00
4.868290945887565613e-02
4.733565747737884521e-01
7.148267626762390137e-01
5.753101348876953125e+00
2.234148234128952026e-01
1.491685390472412109e+00
1.349229693412780762e+00
2.492296457290649414e+00
1.157599449157714844e+00
2.219782114028930664e+00
1.439484208822250366e-01
3.844992816448211670e-01
4.566045403480529785e-01
1.822707056999206543e-01
2.039882659912109375e+00
2.246839284896850586e+00
7.376090884208679199e-01
2.476523399353027344e+00
7.107687592506408691e-01
8.929454684257507324e-01
4.976984858512878418e-01
4.004392623901367188e+00
6.692651510238647461e-01
1.276416540145874023e+00
1.739122748374938965e+00
3.910643339157104492e+00
5.552515983581542969e+00
4.401338100433349609e+00
8.440560847520828247e-02
2.269708156585693359e+00
1.194720745086669922e+00
2.773606777191162109e+00
5.181513786315917969e+00
3.444253234192728996e-03
1.779968619346618652e+00
1.039538741111755371e+00
4.445202276110649109e-02
1.833585381507873535e+00
8.282824754714965820e-01
1.775608062744140625e-01
7.463374137878417969e-01
8.798196315765380859e-01
1.607832074165344238e+00
1.034058332443237305e-01
8.105077743530273438e-01
2.740724086761474609e-01
9.228807449340820312e+00
6.735168695449829102e-01
1.153550624847412109e+00
6.871272921562194824e-01
1.460967306047677994e-02
8.288624286651611328e-01
1.247601151466369629e+00
9.911497831344604492e-01
9.953140616416931152e-01
2.847615003585815430e+00
5.300481796264648438e+00
4.415774941444396973e-01
8.776217103004455566e-01
3.294517755508422852e+00
1.672743707895278931e-01
1.393609642982482910e+00
4.075277805328369141e+00
2.810220792889595032e-02
1.106588363647460938e+00
2.056037187576293945e+00
4.337578296661376953e+00
3.780288398265838623e-01
1.941654682159423828e+00
5.779703259468078613e-01
2.903805732727050781e+00
1.561911940574645996e+00
1.224940270185470581e-01
7.748235225677490234e+00
1.625477671623229980e+00
2.122583150863647461e+00
1.258345723152160645e+00
2.560342073440551758e+00
4.119038581848144531e-01
4.815349578857421875e+00
1.063579320907592773e+00
1.016559123992919922e+00
1.857245564460754395e+00
2.106056548655033112e-02
5.862685441970825195e-01
1.528081744909286499e-01
2.057933360338211060e-01
4.365927219390869141e+00
3.471747159957885742e+00
2.204581499099731445e-01
8.050974011421203613e-01
1.402962684631347656e+00
3.750175952911376953e+00
5.066691637039184570e-01
3.919177770614624023e+00
3.574340939521789551e-01
4.646307945251464844e+00
8.620927929878234863e-01
3.445392847061157227e+00
3.638451814651489258e+00
1.578179001808166504e-02
2.331757545471191406e+00
1.617154598236083984e+00
1.066846752166748047e+01
7.695180773735046387e-01
9.550388336181640625e+00
7.063217163085937500e+00
4.016685009002685547e+00
1.832937955856323242e+00
3.463491201400756836e+00
3.206558823585510254e-01
1.375740289688110352e+00
2.062445163726806641e+00
2.599861025810241699e-01
1.685379147529602051e+00
2.924091100692749023e+00
5.341445446014404297e+00
1.953809738159179688e+00
5.444761753082275391e+00
6.469860672950744629e-01
3.398296117782592773e+00
7.106721401214599609e+00
6.337746381759643555e-01
4.452777862548828125e+00
4.936407089233398438e+00
1.868306922912597656e+01
5.316536426544189453e+00
6.283024311065673828e+00
5.184770226478576660e-01
5.506830215454101562e+00
2.269444465637207031e+00
1.332811450958251953e+01
6.090909004211425781e+00
7.965423911809921265e-02
2.287142753601074219e+00
6.603614687919616699e-01
3.086476624011993408e-01
2.003723526000976562e+01
1.636320233345031738e+00
2.412630468606948853e-01
2.795540809631347656e+00
6.698704361915588379e-01
8.195725440979003906e+00
1.941679716110229492e-01
5.376973628997802734e+00
4.908442199230194092e-01
1.919404602050781250e+01
4.821714401245117188e+00
7.724647998809814453e+00
1.801927447319030762e+00
7.756162434816360474e-02
1.526155591011047363e+00
1.040324807167053223e+00
3.661544084548950195e+00
7.175070047378540039e-01
4.034900188446044922e+00
1.386847782135009766e+01
1.160170912742614746e+00
1.117621302604675293e+00
7.170120716094970703e+00
5.867955684661865234e-01
8.422926068305969238e-01
4.290843486785888672e+00
6.256030499935150146e-02
2.504479646682739258e+00
3.395480632781982422e+00
6.793539524078369141e+00
5.306354761123657227e-01
3.101858377456665039e+00
8.770439624786376953e-01
5.892309188842773438e+00
3.389400482177734375e+00
4.080644845962524414e-01
1.289057254791259766e+01
1.746500849723815918e+00
5.060531139373779297e+00
5.051219940185546875e+00
2.944838285446166992e+00
4.021484255790710449e-01
8.964476585388183594e+00
9.360415935516357422e-01
3.187761306762695312e+00
5.095481872558593750e+00
4.971554502844810486e-02
7.046734094619750977e-01
4.301987886428833008e-01
2.400748580694198608e-01
1.089931392669677734e+01
3.528135299682617188e+00
3.060064613819122314e-01
1.192370772361755371e+00
2.420911312103271484e+00
7.332785129547119141e+00
4.725853204727172852e-01
9.637004852294921875e+00
6.587403416633605957e-01
1.766549301147460938e+01
2.078017234802246094e+00
5.425734519958496094e+00
4.908580780029296875e+00
1.511420775204896927e-02
