1.723142922855913639e-03
1.263226731680333614e-04
1.288834866136312485e-02
6.249173893593251705e-04
1.024411176331341267e-03
7.893146248534321785e-04
1.375751662999391556e-02
8.251257240772247314e-03
2.050109766423702240e-02
3.131157718598842621e-03
1.371984835714101791e-03
5.900336895138025284e-03
3.095099469646811485e-03
8.055539801716804504e-04
3.218410536646842957e-03
1.704623457044363022e-03
3.325441153720021248e-03
1.183450105600059032e-03
1.067371480166912079e-02
2.292655175551772118e-03
1.141469925642013550e-02
5.483187735080718994e-03
3.799612633883953094e-03
1.901511102914810181e-03
8.493050700053572655e-04
4.991050809621810913e-03
2.605992835015058517e-03
9.066392667591571808e-04
1.144375768490135670e-03
1.238215249031782150e-03
5.981700494885444641e-03
2.373923547565937042e-02
9.970070095732808113e-06
3.463794244453310966e-03
1.239473186433315277e-02
2.112835180014371872e-03
2.965217828750610352e-02
5.762364598922431469e-04
1.674653147347271442e-03
1.465856214053928852e-03
5.240875296294689178e-03
2.720980672165751457e-03
2.188665792346000671e-03
2.059524995274841785e-04
3.899594536051154137e-03
7.047292310744524002e-03
6.559145171195268631e-03
4.542064853012561798e-03
4.653340205550193787e-03
3.416760591790080070e-03
2.201566286385059357e-02
2.099755452945828438e-03
8.067653514444828033e-03
2.536687068641185760e-03
3.111402271315455437e-03
2.474908716976642609e-03
4.895754158496856689e-03
5.986911710351705551e-03
5.799802602268755436e-04
7.273697759956121445e-03
1.999592967331409454e-02
3.270932240411639214e-03
1.910488354042172432e-03
1.967127434909343719e-03
1.134240627288818359e-02
7.902614306658506393e-04
6.107524037361145020e-03
2.281792275607585907e-02
1.126945018768310547e-02
1.185277570039033890e-02
1.687442138791084290e-02
1.601949916221201420e-03
1.325690094381570816e-02
9.374033659696578979e-03
4.214497748762369156e-03
2.039604820311069489e-03
2.906982973217964172e-02
6.852250080555677414e-03
2.149734273552894592e-02
3.436630824580788612e-03
9.612220339477062225e-03
6.349236704409122467e-03
2.633035182952880859e-04
1.732623390853404999e-02
2.076506847515702248e-03
2.884431509301066399e-03
5.015977844595909119e-02
2.597828395664691925e-03
4.711947869509458542e-03
5.227261688560247421e-03
1.231912337243556976e-02
7.371815387159585953e-03
2.630747389048337936e-03
1.439395081251859665e-02
1.695864717476069927e-03
3.107405034825205803e-03
2.428038977086544037e-02
3.967525810003280640e-02
5.253561175777576864e-05
3.536488162353634834e-03
3.962731454521417618e-03
3.896048525348305702e-03
7.262581028044223785e-03
3.163786837831139565e-03
4.820987582206726074e-03
2.699573757126927376e-03
6.902270019054412842e-03
1.047874987125396729e-02
7.407605648040771484e-03
2.787188859656453133e-03
1.305174920707941055e-02
5.959914531558752060e-03
1.342796022072434425e-03
1.604168908670544624e-03
1.120970770716667175e-02
2.319900318980216980e-03
5.447148811072111130e-03
8.437519893050193787e-03
4.059790167957544327e-03
2.349737565964460373e-03
2.116661332547664642e-02
4.096087068319320679e-03
5.768905393779277802e-03
4.043183289468288422e-03
3.773813368752598763e-03
6.390996277332305908e-03
7.667248602956533432e-03
6.073977332562208176e-03
1.056675333529710770e-02
3.538010641932487488e-03
6.684673484414815903e-03
1.578959263861179352e-02
4.349417868070304394e-04
3.025737591087818146e-03
1.417129300534725189e-02
1.630301121622323990e-03
4.725739732384681702e-02
4.173537250608205795e-03
1.934087951667606831e-03
4.202047828584909439e-03
4.017376806586980820e-03
7.395755033940076828e-03
9.647210245020687580e-04
1.252230373211205006e-03
2.030191710218787193e-03
8.474973030388355255e-03
1.018550526350736618e-02
1.535987574607133865e-02
3.328135237097740173e-03
3.261148463934659958e-03
3.757975297048687935e-03
2.941322978585958481e-03
9.991613216698169708e-03
3.421796951442956924e-03
1.248158421367406845e-02
7.366645615547895432e-03
6.745500490069389343e-03
9.576688520610332489e-03
1.557873468846082687e-02
5.683225579559803009e-03
1.262992620468139648e-02
1.302892621606588364e-02
2.661698497831821442e-03
5.594405811280012131e-03
1.444724015891551971e-02
3.538426710292696953e-03
3.827394917607307434e-03
9.656199254095554352e-03
1.393823046237230301e-02
4.429931286722421646e-03
3.348124399781227112e-02
2.777987858280539513e-03
1.258208323270082474e-02
6.758885923773050308e-03
1.764214411377906799e-02
2.640794962644577026e-03
1.122363936156034470e-02
5.265757441520690918e-03
1.329481229186058044e-02
1.358741079457104206e-03
2.455992437899112701e-02
1.340486947447061539e-02
1.593663240782916546e-03
4.409362562000751495e-03
4.709641449153423309e-03
1.395829254761338234e-03
6.291104108095169067e-02
6.652717478573322296e-03
1.247465843334794044e-03
5.859782453626394272e-03
4.639450460672378540e-03
1.787936873733997345e-02
2.690432593226432800e-03
8.617885410785675049e-03
3.775749122723937035e-03
1.361137814819812775e-02
1.697423867881298065e-02
3.575895354151725769e-02
6.520303431898355484e-03
9.949657134711742401e-03
4.516284447163343430e-03
3.208963025826960802e-04
5.866017658263444901e-03
1.679816778050735593e-04
2.396044292254373431e-04
1.877039298415184021e-02
2.131691202521324158e-03
1.983248861506581306e-03
9.750172495841979980e-03
4.551779478788375854e-03
1.119014690630137920e-03
5.988587159663438797e-03
3.396077314391732216e-03
3.129054093733429909e-03
1.762450486421585083e-02
1.279164804145693779e-03
2.123829443007707596e-03
7.750787772238254547e-03
5.698231980204582214e-03
9.427621029317378998e-03
1.324452226981520653e-03
2.260367153212428093e-03
1.522985845804214478e-02
2.793502062559127808e-03
3.461581422016024590e-03
7.347287610173225403e-03
7.844788953661918640e-03
1.094642910175025463e-03
1.096655521541833878e-02
3.218182828277349472e-03
2.130985958501696587e-03
6.282163318246603012e-03
4.060044011566787958e-04
2.831471385434269905e-03
6.160941906273365021e-03
1.608671271242201328e-03
4.129719734191894531e-02
1.093368278816342354e-03
4.145557526499032974e-03
5.450684111565351486e-03
1.976455003023147583e-02
3.042865078896284103e-03
2.865447895601391792e-03
1.016415562480688095e-02
5.363712552934885025e-03
1.618790067732334137e-02
1.101208664476871490e-02
1.493120845407247543e-02
6.300657521933317184e-03
1.468925853259861469e-03
4.427809268236160278e-03
4.775984562002122402e-04
8.928790688514709473e-03
1.126227667555212975e-03
9.011910296976566315e-03
7.124180439859628677e-03
7.344892248511314392e-03
2.432030392810702324e-03
1.184968464076519012e-02
5.780461244285106659e-03
4.192130640149116516e-03
6.115412805229425430e-03
3.012950532138347626e-03
6.539380643516778946e-03
2.074944088235497475e-03
3.410260658711194992e-03
2.318696118891239166e-03
1.302338903769850731e-03
1.574287004768848419e-02
1.823460683226585388e-03
2.329583466053009033e-02
1.964115072041749954e-03
7.358455564826726913e-03
5.441220477223396301e-03
1.207254175096750259e-02
4.057574551552534103e-03
5.072800908237695694e-03
1.719870488159358501e-03
2.182747703045606613e-03
2.439729403704404831e-03
1.999189518392086029e-02
1.132776401937007904e-02
2.450465399306267500e-04
1.157298218458890915e-02
1.682945992797613144e-03
1.593020977452397346e-03
3.694241121411323547e-02
7.254425436258316040e-04
9.055366390384733677e-04
2.339352387934923172e-03
4.758297465741634369e-03
8.477644994854927063e-03
3.645628690719604492e-03
5.852896720170974731e-03
2.943588653579354286e-03
9.953923523426055908e-03
8.300159126520156860e-03
1.245366502553224564e-02
5.773862823843955994e-03
6.654861383140087128e-03
7.196291815489530563e-03
7.609039894305169582e-04
1.803882047533988953e-02
4.146682913415133953e-04
9.032672969624400139e-04
2.283073728904128075e-03
1.420226972550153732e-02
4.599237348884344101e-03
1.883173733949661255e-02
5.086958874017000198e-03
3.050622064620256424e-03
4.763050004839897156e-03
3.056034445762634277e-03
3.974363673478364944e-03
2.576265018433332443e-03
9.600367629900574684e-04
5.660592112690210342e-03
1.202075043693184853e-03
1.061651948839426041e-02
1.820528530515730381e-03
1.063347887247800827e-02
3.601860255002975464e-03
2.596501726657152176e-03
3.738117404282093048e-03
1.557163312099874020e-03
6.895506754517555237e-03
9.734050370752811432e-03
2.162068150937557220e-03
4.096896853297948837e-03
4.138057120144367218e-03
8.746766485273838043e-03
1.963632926344871521e-02
1.369659439660608768e-04
1.411082688719034195e-02
5.231584887951612473e-03
7.286051404662430286e-04
2.668235078454017639e-02
2.275399892823770642e-04
1.053935149684548378e-03
2.339011756703257561e-03
8.161684498190879822e-03
1.651330152526497841e-03
1.016879337839782238e-03
1.555032213218510151e-03
3.958260640501976013e-03
1.383391954004764557e-02
7.744295522570610046e-03
3.544650506228208542e-03
2.462110714986920357e-03
2.830145414918661118e-03
1.508621498942375183e-02
4.164217039942741394e-03
5.809779744595289230e-03
5.535135045647621155e-03
9.092650143429636955e-04
9.614699520170688629e-03
1.863829675130546093e-03
3.964041359722614288e-03
8.630685508251190186e-03
4.640055354684591293e-03
1.762003079056739807e-02
9.718685410916805267e-03
4.376612603664398193e-03
2.724402584135532379e-03
2.493062429130077362e-02
4.490070510655641556e-03
3.099881112575531006e-03
1.719628833234310150e-02
8.581846952438354492e-03
1.581250876188278198e-02
2.104483917355537415e-02
1.281856442801654339e-03
2.627162635326385498e-02
6.612689234316349030e-03
2.829039935022592545e-03
1.681001856923103333e-03
1.662851683795452118e-02
5.243451334536075592e-03
2.480858191847801208e-02
1.775062177330255508e-03
4.524736665189266205e-03
6.327879615128040314e-03
7.245105225592851639e-04
6.535102147608995438e-03
4.227897152304649353e-03
3.524187486618757248e-03
5.977935343980789185e-02
6.560552399605512619e-03
2.289842348545789719e-03
5.440503824502229691e-03
1.310392282903194427e-02
1.590576022863388062e-02
1.018206402659416199e-02
1.161994133144617081e-02
2.935719909146428108e-03
6.335769779980182648e-03
1.848638430237770081e-02
4.639293253421783447e-02
9.383773431181907654e-03
3.624361474066972733e-03
1.309983618557453156e-02
1.794924959540367126e-03
1.969598419964313507e-02
1.525684609077870846e-03
4.015578888356685638e-03
1.008521486073732376e-02
1.064671389758586884e-02
1.187581662088632584e-02
1.355291344225406647e-02
8.791236206889152527e-03
1.688523031771183014e-02
8.650015108287334442e-03
1.580039621330797672e-03
5.853604059666395187e-03
1.367201935499906540e-02
2.682741032913327217e-03
3.860236145555973053e-03
1.541187148541212082e-02
7.267406675964593887e-03
6.815644912421703339e-03
2.579930797219276428e-02
2.342509105801582336e-03
1.076465286314487457e-02
5.517197772860527039e-03
1.228399202227592468e-02
3.540794597938656807e-03
1.789458282291889191e-02
8.213787339627742767e-03
1.657668501138687134e-02
4.231440369039773941e-03
2.064516022801399231e-02
2.089263312518596649e-02
6.113304989412426949e-04
1.983417756855487823e-02
9.118913672864437103e-03
3.293866990134119987e-03
8.849267661571502686e-02
4.615685902535915375e-03
2.056719735264778137e-03
7.654653862118721008e-03
5.764719098806381226e-03
8.166164159774780273e-03
2.190717961639165878e-03
8.489259518682956696e-03
2.493083477020263672e-03
1.614465750753879547e-02
2.248603850603103638e-02
2.919050864875316620e-02
2.077345503494143486e-03
4.958726931363344193e-03
2.588717266917228699e-03
7.523832027800381184e-04
1.075234822928905487e-02
1.567376079037785530e-03
2.297740662470459938e-03
2.778606489300727844e-02
1.660524401813745499e-03
3.525878535583615303e-03
1.957774162292480469e-02
7.474986836314201355e-03
2.219398971647024155e-03
1.286352425813674927e-02
4.042250569909811020e-03
5.516615230590105057e-03
3.077724017202854156e-02
3.339151619002223015e-03
5.145845934748649597e-04
1.218954473733901978e-02
7.987960241734981537e-03
1.456064078956842422e-02
1.207912527024745941e-02
3.125431016087532043e-03
2.946630120277404785e-02
4.179594106972217560e-03
8.102837949991226196e-03
3.902855329215526581e-03
5.527170840650796890e-03
1.107435324229300022e-03
1.629134081304073334e-02
3.269431646913290024e-03
8.836656808853149414e-03
9.277466684579849243e-03
9.199455380439758301e-04
3.995273262262344360e-03
8.494033478200435638e-03
3.831937210634350777e-03
7.506788522005081177e-02
4.360188264399766922e-03
3.843225538730621338e-03
8.299972862005233765e-03
1.967194862663745880e-02
1.197789330035448074e-02
9.696432389318943024e-03
1.455505564808845520e-02
5.356103181838989258e-03
1.969717442989349365e-02
1.642336882650852203e-02
3.413804247975349426e-02
1.339515112340450287e-02
3.991494886577129364e-03
