5.115913152694702148e-01
1.164799109101295471e-01
4.559669494628906250e+00
2.012541443109512329e-01
3.115138709545135498e-01
2.409793138504028320e-01
2.000469207763671875e+00
9.505046606063842773e-01
2.434236764907836914e+00
2.734456658363342285e-01
3.235254883766174316e-01
1.207823276519775391e+00
1.477008461952209473e-01
6.178671717643737793e-01
4.378551244735717773e-01
1.176850080490112305e+00
3.274171948432922363e-01
3.190065622329711914e-01
1.077546000480651855e+00
9.580792188644409180e-01
3.425474643707275391e+00
6.809804439544677734e-01
1.752760052680969238e+00
6.350812911987304688e-01
1.622923374176025391e+00
6.911720633506774902e-01
5.067225098609924316e-01
1.609166525304317474e-02
4.698636531829833984e-01
2.165721058845520020e-01
2.439527988433837891e+00
5.376019001007080078e+00
6.963840220123529434e-03
2.902543544769287109e-01
9.915244579315185547e-01
6.367934495210647583e-02
2.181205272674560547e+00
1.696565449237823486e-01
1.914831548929214478e-01
4.648832678794860840e-01
5.190714001655578613e-01
2.245093345642089844e+00
3.004028201103210449e-01
1.007304713129997253e-01
1.385529488325119019e-01
3.054825305938720703e+00
9.269614815711975098e-01
1.555307984352111816e+00
1.104068636894226074e+00
6.016942486166954041e-02
7.469484806060791016e-01
4.465229809284210205e-01
1.516653299331665039e+00
4.211912453174591064e-01
2.149882793426513672e+00
7.102915644645690918e-01
7.185705900192260742e-01
2.365210205316543579e-01
3.036696016788482666e-01
9.101160615682601929e-02
8.128579258918762207e-01
4.513857364654541016e-01
1.992706954479217529e-02
3.676183223724365234e-01
1.826231598854064941e+00
7.726287841796875000e-01
1.088718533515930176e+00
1.193181276321411133e+00
3.968876004219055176e-01
7.811880707740783691e-01
5.466272830963134766e-01
3.424591571092605591e-02
4.811289310455322266e-01
3.593520164489746094e+00
1.852998852729797363e+00
1.600575447082519531e-01
3.011776208877563477e+00
2.914668023586273193e-01
2.193624258041381836e+00
2.435950994491577148e+00
2.321264028549194336e+00
5.678935647010803223e-01
5.340737849473953247e-02
2.199777126312255859e+00
5.152310431003570557e-02
2.235611379146575928e-01
3.808297634124755859e+00
4.797047674655914307e-01
2.606720626354217529e-01
1.933242678642272949e+00
2.451400458812713623e-01
7.382785081863403320e-01
1.423413157463073730e-01
1.710357069969177246e+00
1.183667108416557312e-01
1.592195510864257812e+00
1.388996481895446777e+00
3.164357423782348633e+00
7.324161380529403687e-02
1.007441580295562744e-01
7.236852645874023438e-01
1.621331453323364258e+00
5.564201354980468750e+00
1.175280928611755371e+00
3.202256441116333008e+00
9.464580416679382324e-01
2.882003545761108398e+00
1.474657177925109863e+00
1.940697789192199707e+00
3.302295506000518799e-01
1.786928892135620117e+00
2.411581277847290039e+00
1.549876779317855835e-01
8.079462051391601562e-01
2.961578845977783203e+00
1.894101977348327637e+00
1.202042818069458008e+00
2.045133352279663086e+00
6.377862095832824707e-01
1.629379272460937500e+00
4.318509578704833984e+00
8.731614351272583008e-01
3.801489353179931641e+00
4.332261562347412109e+00
6.288129806518554688e+00
2.805068969726562500e+00
4.433521747589111328e+00
3.852116167545318604e-01
2.880074501037597656e+00
2.257053136825561523e+00
4.279587268829345703e+00
4.685032367706298828e+00
1.280784159898757935e-01
1.166507244110107422e+00
1.128156185150146484e+00
1.682991087436676025e-01
5.803102493286132812e+00
1.764022469520568848e+00
4.068132936954498291e-01
1.955275058746337891e+00
5.953260660171508789e-01
4.334701538085937500e+00
5.072249174118041992e-01
3.161846995353698730e-01
1.066080406308174133e-01
9.726282119750976562e+00
1.593074798583984375e+00
4.155981063842773438e+00
1.048009037971496582e+00
1.934424489736557007e-01
9.424801468849182129e-01
1.099570631980895996e+00
5.177050113677978516e+00
8.867083191871643066e-01
5.524452209472656250e+00
1.738361001014709473e+00
3.008816480636596680e+00
1.437373042106628418e+00
2.336012601852416992e+00
4.476622343063354492e-01
9.535815715789794922e-01
4.443228244781494141e+00
2.336938381195068359e-01
2.236887931823730469e+00
1.966343522071838379e+00
4.571452617645263672e+00
7.791802883148193359e-01
1.522001624107360840e+00
1.919744610786437988e+00
2.508316993713378906e+00
3.112420082092285156e+00
4.680065214633941650e-01
3.727528095245361328e+00
5.160944938659667969e+00
9.580629348754882812e+00
4.822086095809936523e-01
3.666856765747070312e+00
2.969040274620056152e-01
2.477057218551635742e+00
1.469242453575134277e+00
8.499352455139160156e+00
4.959123134613037109e+00
2.697240412235260010e-01
7.916750907897949219e-01
7.858855724334716797e-01
2.258352488279342651e-01
8.914104461669921875e+00
1.316653609275817871e+00
1.123900860548019409e-01
2.156305789947509766e+00
6.945876479148864746e-01
5.732794761657714844e+00
1.989106684923171997e-01
2.328433275222778320e+00
5.717011168599128723e-02
7.457732677459716797e+00
4.466828346252441406e+00
9.928041458129882812e+00
1.782574176788330078e+00
3.392474949359893799e-01
1.348091244697570801e+00
9.264709800481796265e-02
2.434274673461914062e+00
1.638062670826911926e-02
5.262249708175659180e-01
5.819467544555664062e+00
6.852574944496154785e-01
3.150615692138671875e-01
3.479525566101074219e+00
6.248435378074645996e-01
8.769366145133972168e-02
1.957743525505065918e+00
1.139686778187751770e-01
1.589298486709594727e+00
3.901119947433471680e+00
2.095816373825073242e+00
3.816892504692077637e-01
8.803171515464782715e-01
6.851164102554321289e-01
3.640504598617553711e+00
4.459183812141418457e-01
5.626981258392333984e-01
6.933969497680664062e+00
1.438038825988769531e+00
1.253161191940307617e+00
3.703392028808593750e+00
1.803662896156311035e+00
8.714177459478378296e-02
5.709934234619140625e+00
1.211427688598632812e+00
1.191388607025146484e+00
3.190140008926391602e+00
2.667867206037044525e-02
8.294150829315185547e-01
3.494490385055541992e-01
1.512212902307510376e-01
6.345627307891845703e+00
1.766225844621658325e-01
8.198424577713012695e-01
1.215526938438415527e+00
2.098184347152709961e+00
2.424940824508666992e+00
6.931812763214111328e-01
2.524902582168579102e+00
5.807992219924926758e-01
1.378987598419189453e+01
1.590289115905761719e+00
2.441604852676391602e+00
1.327659606933593750e+00
2.853910438716411591e-02
1.208369135856628418e+00
1.341527253389358521e-01
5.673013687133789062e+00
5.512373447418212891e-01
2.904221773147583008e+00
2.199178934097290039e+00
3.482261896133422852e+00
5.406720638275146484e-01
3.291506767272949219e+00
5.779832005500793457e-01
4.973812699317932129e-01
1.983896493911743164e+00
2.898943424224853516e-01
3.427757263183593750e+00
8.697993755340576172e-01
3.493897438049316406e+00
1.196482419967651367e+00
5.976531505584716797e-01
3.144076108932495117e+00
1.514493107795715332e+00
4.104338645935058594e+00
8.804962038993835449e-01
2.107928752899169922e+00
3.073068141937255859e+00
6.283280372619628906e+00
1.412956595420837402e+00
1.899781942367553711e+00
7.503869384527206421e-02
9.612097740173339844e-01
9.836642742156982422e-01
8.045541763305664062e+00
5.944910049438476562e+00
2.887844294309616089e-02
1.578467965126037598e+00
5.326283574104309082e-01
2.299862056970596313e-01
7.071714401245117188e+00
1.938846856355667114e-01
4.700581133365631104e-01
1.645105600357055664e+00
7.106813788414001465e-01
2.656086206436157227e+00
7.393977046012878418e-01
1.947875380516052246e+00
4.455473423004150391e-01
8.383040428161621094e+00
3.422677755355834961e+00
5.456007003784179688e+00
1.407027363777160645e+00
2.618902623653411865e-01
5.485416650772094727e-01
1.538229882717132568e-01
5.034088611602783203e+00
6.356214731931686401e-02
4.649491012096405029e-01
4.024167656898498535e-01
2.099218845367431641e+00
6.024308204650878906e-01
2.201901912689208984e+00
3.654282987117767334e-01
1.390363276004791260e-01
4.842595756053924561e-01
1.821796298027038574e-01
1.870617151260375977e+00
1.360436439514160156e+00
4.879707098007202148e-01
1.406310558319091797e+00
2.499683052301406860e-01
1.519580245018005371e+00
5.674661993980407715e-01
1.969172239303588867e+00
9.303299188613891602e-01
9.611559510231018066e-01
1.678503036499023438e+00
1.846338868141174316e+00
2.664173126220703125e+00
2.186895132064819336e+00
3.670507296919822693e-02
1.351857900619506836e+00
9.553831815719604492e-01
2.546654701232910156e+00
4.817329883575439453e+00
2.721127122640609741e-03
1.393620610237121582e+00
6.544559597969055176e-01
3.611214831471443176e-02
2.210808277130126953e+00
4.854899644851684570e-02
2.607446908950805664e-01
9.920409917831420898e-01
7.999408245086669922e-01
1.006498932838439941e+00
1.898549050092697144e-01
2.946639358997344971e-01
1.949396729469299316e-01
7.686773300170898438e+00
6.919926404953002930e-01
7.354902029037475586e-01
2.398145645856857300e-01
7.501385360956192017e-02
8.131834864616394043e-01
9.480876326560974121e-01
9.514954090118408203e-01
6.827366948127746582e-01
1.561544537544250488e+00
2.709204912185668945e+00
3.382831215858459473e-01
6.577031016349792480e-01
2.325339317321777344e+00
2.003257423639297485e-01
1.367822289466857910e+00
4.135545730590820312e+00
5.282091721892356873e-02
8.590825796127319336e-01
2.379300355911254883e+00
3.487528800964355469e+00
1.341102719306945801e-01
1.289728403091430664e+00
5.018693208694458008e-01
2.705016374588012695e+00
1.079637885093688965e+00
1.098806709051132202e-01
6.536030769348144531e+00
1.776208996772766113e+00
1.181167960166931152e+00
3.564537167549133301e-01
1.424956202507019043e+00
3.553072214126586914e-01
3.870279312133789062e+00
1.047564387321472168e+00
6.850185990333557129e-01
1.345529913902282715e+00
1.467443406581878662e-01
5.630489587783813477e-01
8.297310769557952881e-02
2.947697341442108154e-01
5.009269714355468750e+00
1.624167442321777344e+00
2.311880737543106079e-01
1.229013085365295410e+00
1.127668380737304688e+00
3.229048252105712891e+00
7.182552218437194824e-01
1.613882064819335938e+00
2.479289025068283081e-01
3.513073444366455078e+00
1.243085026741027832e+00
3.736903190612792969e+00
2.127534866333007812e+00
4.811366647481918335e-02
2.044873476028442383e+00
8.790348768234252930e-01
9.013814926147460938e+00
5.276149511337280273e-01
3.785262584686279297e+00
3.140440702438354492e+00
3.457465171813964844e+00
1.025138735771179199e+00
3.153187036514282227e+00
6.596106290817260742e-01
1.216053128242492676e+00
2.282500743865966797e+00
1.592822223901748657e-01
1.247864961624145508e+00
3.329782247543334961e+00
3.753619670867919922e+00
1.031322002410888672e+00
3.083839893341064453e+00
8.165745735168457031e-01
3.709635496139526367e+00
4.204076290130615234e+00
7.016544342041015625e-01
4.090800285339355469e+00
5.062709331512451172e+00
8.898543357849121094e+00
1.073794126510620117e+00
3.998056411743164062e+00
3.267620205879211426e-01
4.163504123687744141e+00
2.516295671463012695e+00
9.901473045349121094e+00
6.072612285614013672e+00
1.830789744853973389e-01
2.666409730911254883e+00
8.703222870826721191e-01
4.412035644054412842e-01
1.548791694641113281e+01
7.198547720909118652e-01
3.322039842605590820e-01
3.383445024490356445e+00
4.660451412200927734e-01
5.957181930541992188e+00
4.034630656242370605e-01
2.124614238739013672e+00
2.709660232067108154e-01
1.225540542602539062e+01
4.454707622528076172e+00
7.089020252227783203e+00
9.721108675003051758e-01
2.576068639755249023e-01
1.332507729530334473e+00
3.457187712192535400e-01
3.053786993026733398e+00
2.432030588388442993e-01
1.550964593887329102e+00
7.256160259246826172e+00
7.028787136077880859e-01
7.016768455505371094e-01
5.179359912872314453e+00
7.970927953720092773e-01
4.242594540119171143e-01
4.936443805694580078e+00
7.900241762399673462e-02
2.007771968841552734e+00
3.351488113403320312e+00
5.461604118347167969e+00
9.844913333654403687e-02
1.486508965492248535e+00
9.493336677551269531e-01
5.335514068603515625e+00
1.419094443321228027e+00
4.109327793121337891e-01
1.083977508544921875e+01
1.923157334327697754e+00
2.546252012252807617e+00
1.394586801528930664e+00
1.062786698341369629e+00
1.622866094112396240e-01
6.124758243560791016e+00
1.180818796157836914e+00
2.525981903076171875e+00
3.923366308212280273e+00
1.187079399824142456e-01
6.904978156089782715e-01
2.668707966804504395e-01
3.242858052253723145e-01
1.059795951843261719e+01
8.203957080841064453e-01
3.555841147899627686e-01
1.696390748023986816e+00
1.814653396606445312e+00
5.564619064331054688e+00
7.075434923171997070e-01
4.100762844085693359e+00
2.907016277313232422e-01
1.178775882720947266e+01
2.794801473617553711e+00
5.893454074859619141e+00
3.186909914016723633e+00
7.396153360605239868e-02
