6.382242202758789062e+00
3.987392663955688477e+00
2.238898277282714844e+00
1.981639981269836426e+00
3.911098837852478027e-01
1.081247553229331970e-01
1.139004588127136230e+00
2.437098622322082520e-01
6.628862023353576660e-01
2.641491293907165527e-01
2.363306999206542969e+00
1.020157560706138611e-01
9.693605899810791016e-01
8.099333196878433228e-02
8.278114795684814453e-01
2.924966812133789062e+00
2.485513128340244293e-02
2.045949846506118774e-01
3.959847390651702881e-01
2.687718868255615234e-01
4.449755251407623291e-01
1.356439352035522461e+00
1.728395223617553711e+00
5.425894856452941895e-01
2.334783039987087250e-02
2.159630507230758667e-01
1.087006449699401855e+00
5.887172743678092957e-02
2.715713500976562500e+00
2.630905210971832275e-01
2.258249521255493164e-01
7.949694991111755371e-01
1.092916801571846008e-01
5.886508822441101074e-01
1.080458760261535645e+00
2.280534654855728149e-01
4.609336853027343750e-01
1.199154615402221680e+00
1.023712232708930969e-01
4.981528818607330322e-01
2.511085271835327148e-01
1.476938873529434204e-01
1.935778558254241943e-01
3.447141885757446289e+00
1.180240884423255920e-01
7.110089659690856934e-01
1.793408751487731934e+00
1.638123989105224609e-01
1.579625457525253296e-01
3.658814728260040283e-01
1.146412372589111328e+00
3.369835615158081055e+00
8.516535758972167969e-01
1.507182598114013672e+00
8.308185935020446777e-01
4.964862763881683350e-02
1.851625084877014160e+00
5.468750596046447754e-01
3.085064888000488281e-02
5.382782220840454102e-01
8.052590489387512207e-02
8.593449741601943970e-02
2.131956100463867188e+00
1.450983047485351562e+00
8.146538734436035156e-01
4.599829912185668945e-01
6.113716363906860352e-01
1.099736571311950684e+00
1.918375492095947266e-01
9.185267686843872070e-01
1.019513845443725586e+00
1.413781285285949707e+00
6.511634588241577148e-01
4.687389433383941650e-01
9.593982100486755371e-01
5.868586301803588867e-01
4.359879016876220703e+00
5.949341058731079102e-01
9.281269311904907227e-01
3.153998374938964844e+00
1.176501154899597168e+00
1.720623522996902466e-01
6.912478804588317871e-02
6.952414512634277344e-01
1.244658112525939941e+00
4.882632195949554443e-01
3.957034111022949219e+00
4.691187739372253418e-01
1.429195404052734375e-01
7.828956246376037598e-01
1.126472949981689453e+00
6.452257186174392700e-02
1.663252234458923340e+00
2.223400473594665527e-01
1.580794215202331543e+00
7.547455430030822754e-01
8.446521162986755371e-01
3.477634489536285400e-01
1.040459871292114258e+00
3.542848229408264160e-01
7.149988651275634766e+00
8.747824668884277344e+00
5.594226360321044922e+00
4.258631229400634766e+00
1.643279314041137695e+00
1.100879833102226257e-01
1.721101284027099609e+00
9.274238348007202148e-01
1.995069086551666260e-01
2.089248895645141602e+00
3.292816162109375000e+00
3.746752142906188965e-01
4.177206039428710938e+00
4.871233701705932617e-01
4.135416030883789062e+00
4.046048164367675781e+00
4.609546363353729248e-01
5.628728866577148438e-01
1.247521400451660156e+00
1.239187240600585938e+00
7.365216612815856934e-01
5.647235870361328125e+00
3.842271566390991211e+00
1.587824344635009766e+00
2.704779803752899170e-01
5.228720903396606445e-01
4.327167034149169922e+00
8.660928010940551758e-01
4.199910640716552734e+00
2.446581840515136719e+00
2.345203161239624023e+00
1.582874178886413574e+00
3.806892037391662598e-01
9.400734901428222656e-01
3.557560682296752930e+00
1.674411654472351074e+00
4.003139972686767578e+00
2.769003868103027344e+00
9.308642148971557617e-01
1.433806419372558594e+00
1.594799757003784180e+00
6.421024203300476074e-01
2.691660404205322266e+00
1.796475648880004883e+00
2.401465177536010742e+00
3.011819839477539062e+00
2.255846977233886719e+00
4.344535470008850098e-01
1.284422636032104492e+00
1.125730633735656738e+00
7.019695758819580078e+00
1.106475734710693359e+01
8.797565460205078125e+00
1.270399475097656250e+01
7.867373228073120117e-01
2.920514047145843506e-01
2.643867731094360352e+00
4.389302730560302734e-01
4.085814356803894043e-01
2.145200252532958984e+00
1.693769454956054688e+00
6.122978925704956055e-01
5.765672683715820312e+00
7.340775132179260254e-01
3.144474029541015625e+00
3.120734453201293945e+00
1.991776227951049805e-01
2.618112862110137939e-01
1.668460845947265625e+00
1.142558813095092773e+00
2.016293525695800781e+00
6.465232849121093750e+00
2.044323921203613281e+00
1.063053965568542480e+00
5.729945302009582520e-01
7.456635236740112305e-01
6.685765743255615234e+00
3.553370237350463867e-01
3.301815748214721680e+00
4.879462718963623047e+00
8.716868758201599121e-01
1.528600811958312988e+00
2.738506197929382324e-01
1.434163928031921387e+00
1.534198880195617676e+00
1.369915008544921875e+00
4.768259525299072266e+00
1.703819632530212402e+00
5.873364806175231934e-01
2.349637508392333984e+00
9.376478791236877441e-01
1.002986192703247070e+00
3.347804069519042969e+00
3.712624549865722656e+00
1.276329874992370605e+00
2.319965600967407227e+00
2.277427196502685547e+00
1.732835918664932251e-01
1.111102581024169922e+00
1.654115080833435059e+00
3.389119386672973633e+00
1.025184988975524902e+00
1.861703097820281982e-01
1.028487777709960938e+01
3.172606527805328369e-01
4.258336424827575684e-01
1.273187279701232910e+00
1.751917600631713867e+00
2.033005952835083008e-01
3.364812955260276794e-02
2.017759561538696289e+00
2.127668410539627075e-01
4.968115806579589844e+00
3.923827707767486572e-01
1.050440073013305664e+00
4.429842472076416016e+00
2.976296246051788330e-01
3.766850829124450684e-01
3.213196247816085815e-02
2.655125617980957031e+00
3.277482271194458008e+00
2.393045663833618164e+00
7.740746021270751953e+00
1.196896314620971680e+00
9.016540050506591797e-01
9.169665575027465820e-01
2.450958967208862305e+00
7.489436268806457520e-01
3.215304851531982422e+00
1.244132399559020996e+00
1.305327534675598145e+00
5.347162112593650818e-02
3.263295814394950867e-02
3.671089410781860352e-01
1.282564878463745117e+00
2.626793861389160156e+00
1.061553120613098145e+00
2.301523447036743164e+00
6.033321022987365723e-01
9.940291643142700195e-01
1.444349288940429688e+00
5.600302219390869141e-01
5.833759307861328125e-01
1.845391511917114258e+00
2.928576469421386719e-01
3.952717781066894531e+00
1.300495624542236328e+00
8.895892500877380371e-01
6.557078361511230469e-01
4.803155660629272461e-01
6.218658447265625000e+00
8.800694465637207031e+00
6.781126022338867188e+00
1.007415199279785156e+01
5.331373214721679688e-01
2.469795197248458862e-01
5.088764667510986328e+00
9.739928245544433594e-01
1.084967732429504395e+00
6.332772374153137207e-01
8.779482841491699219e-01
7.362009882926940918e-01
5.206602573394775391e+00
5.480535030364990234e-01
1.058859825134277344e+00
3.449987411499023438e+00
1.950178444385528564e-01
9.204321503639221191e-01
1.612724900245666504e+00
9.101106524467468262e-01
1.658601164817810059e+00
3.465981006622314453e+00
2.906697034835815430e+00
1.339667201042175293e+00
3.827186226844787598e-01
9.160618782043457031e-01
5.598009109497070312e+00
2.005062699317932129e-01
6.014477729797363281e+00
2.715704917907714844e+00
8.317195773124694824e-01
1.541451334953308105e+00
6.827418506145477295e-02
2.385412931442260742e+00
2.414369583129882812e+00
3.242985904216766357e-01
2.593715429306030273e+00
1.524708032608032227e+00
1.762195229530334473e-01
7.536305785179138184e-01
1.222706317901611328e+00
4.476981759071350098e-01
1.021480202674865723e+00
5.021770954132080078e+00
5.421103835105895996e-01
2.371084451675415039e+00
1.687708258628845215e+00
4.763892292976379395e-01
2.893454134464263916e-01
1.354488611221313477e+00
3.474275112152099609e+00
3.307211160659790039e+00
1.283997416496276855e+00
1.922250747680664062e+00
1.047675967216491699e+00
1.072024479508399963e-01
2.231573820114135742e+00
1.741475343704223633e+00
8.814455568790435791e-02
6.798999011516571045e-02
1.273671746253967285e+00
2.559632360935211182e-01
3.065825939178466797e+00
1.506273448467254639e-01
9.710959792137145996e-01
3.304007768630981445e+00
1.748197376728057861e-01
2.246989160776138306e-01
2.454834878444671631e-01
1.990636289119720459e-01
2.529399693012237549e-01
6.491589546203613281e-01
3.794026613235473633e+00
2.063833236694335938e+00
7.787878066301345825e-02
1.625034213066101074e-01
2.188547372817993164e+00
3.608300089836120605e-01
6.107959270477294922e+00
5.538536310195922852e-01
1.463226675987243652e+00
4.042273163795471191e-01
3.839880973100662231e-02
1.090124487876892090e+00
3.634921312332153320e+00
6.202964186668395996e-01
7.280673980712890625e-01
1.223081469535827637e+00
1.515128314495086670e-01
3.022426962852478027e-01
1.329115152359008789e+00
5.732506513595581055e-02
1.247722208499908447e-01
2.289375066757202148e+00
7.395837306976318359e-01
1.555504679679870605e+00
1.941349029541015625e+00
1.913375854492187500e-01
2.782292664051055908e-01
2.238924801349639893e-01
4.518279075622558594e+00
1.016906499862670898e+00
6.411114335060119629e-01
6.546327590942382812e+00
4.810592234134674072e-01
5.675891041755676270e-01
5.191708803176879883e-01
4.971941709518432617e-01
6.971918344497680664e-01
1.224856734275817871e+00
1.958224654197692871e+00
3.551483154296875000e-01
2.111075162887573242e+00
8.159192800521850586e-01
7.789905667304992676e-01
1.341643810272216797e+00
3.027151823043823242e-01
5.077311396598815918e-01
2.746351957321166992e-01
2.898129463195800781e+00
2.666305065155029297e+00
3.126137018203735352e+00
2.312981367111206055e+00
2.078628093004226685e-01
4.902996718883514404e-01
1.476542949676513672e+00
2.710577249526977539e+00
3.722388148307800293e-01
6.342135071754455566e-01
1.162163257598876953e+00
4.519226551055908203e-01
3.596251308917999268e-01
2.900247573852539062e-01
1.410388499498367310e-01
3.277347683906555176e-01
3.050021171569824219e+00
1.862841725349426270e+00
5.440187454223632812e-01
5.817094445228576660e-01
1.547598004341125488e+00
4.529894590377807617e-01
1.054901242256164551e+00
2.222171783447265625e+00
2.342804431915283203e+00
7.074748873710632324e-01
1.824697613716125488e+00
8.781902790069580078e-01
5.827578306198120117e-01
1.246848940849304199e+00
6.736602783203125000e-01
9.689023017883300781e+00
1.189870738983154297e+01
3.703537702560424805e+00
1.008602046966552734e+01
1.947707176208496094e+00
7.944223284721374512e-02
5.938073158264160156e+00
1.265350103378295898e+00
2.583695650100708008e-01
8.701098561286926270e-01
1.481687664985656738e+00
2.330795824527740479e-01
6.749342441558837891e+00
1.309795379638671875e+00
3.333878040313720703e+00
4.269628047943115234e+00
7.696362137794494629e-01
8.596816062927246094e-01
1.394172191619873047e+00
1.163964986801147461e+00
2.301284551620483398e+00
8.349377632141113281e+00
5.239812374114990234e+00
8.215411901473999023e-01
8.597268462181091309e-01
1.006365656852722168e+00
7.487763404846191406e+00
4.814795851707458496e-01
5.773817539215087891e+00
4.606507301330566406e+00
1.019219756126403809e+00
2.319455385208129883e+00
2.532385587692260742e-01
1.961054325103759766e+00
2.387138366699218750e+00
1.261592388153076172e+00
5.651465415954589844e+00
3.761692285537719727e+00
4.199344813823699951e-01
1.946645140647888184e+00
2.521755456924438477e+00
6.664202809333801270e-01
2.772585868835449219e+00
1.962828755378723145e+00
1.319584369659423828e+00
4.265458106994628906e+00
2.743714332580566406e+00
3.861300051212310791e-01
1.328623294830322266e+00
1.485954642295837402e+00
7.980458736419677734e+00
2.110506534576416016e+00
1.281654834747314453e+00
1.696191787719726562e+01
2.229408025741577148e-01
4.509640634059906006e-01
1.821684241294860840e+00
8.494988679885864258e-01
5.941808223724365234e-01
4.700470566749572754e-01
2.995958089828491211e+00
4.224747717380523682e-01
5.198244094848632812e+00
8.183019161224365234e-01
8.762577176094055176e-01
3.882076263427734375e+00
2.307995110750198364e-01
4.216538965702056885e-01
4.498620331287384033e-01
4.414421081542968750e+00
4.861744403839111328e+00
6.006274700164794922e+00
6.891608715057373047e+00
4.314347207546234131e-01
1.119634151458740234e+00
2.158637285232543945e+00
3.944300889968872070e+00
4.925301373004913330e-01
2.476066350936889648e+00
1.804276108741760254e+00
6.821478009223937988e-01
7.146026492118835449e-01
1.998304724693298340e-01
4.234047830104827881e-01
4.127328395843505859e-01
3.613708496093750000e+00
1.846083402633666992e+00
2.190610647201538086e+00
6.435438394546508789e-01
2.039664268493652344e+00
1.399640321731567383e+00
1.507401108741760254e+00
1.609145760536193848e+00
4.182692527770996094e+00
1.996984183788299561e-01
4.225941658020019531e+00
1.825899839401245117e+00
9.192103743553161621e-01
1.311478734016418457e+00
7.771649360656738281e-01
