1.220649871826171875e+02
4.200883789062500000e+02
4.641002655029296875e+01
3.056004028320312500e+02
1.391654510498046875e+02
7.290251922607421875e+01
1.188505744934082031e+01
3.210692138671875000e+02
2.149782702326774597e-02
4.094772338867187500e+02
1.273495864868164062e+02
1.086530761718750000e+03
3.862836608886718750e+02
7.338658142089843750e+01
1.571428680419921875e+02
1.007887420654296875e+02
7.004599761962890625e+01
3.741344451904296875e+01
2.992092285156250000e+02
8.355061340332031250e+01
7.291699218750000000e+01
1.026694564819335938e+02
5.976454925537109375e+01
3.436763000488281250e+02
1.045108222961425781e+01
4.732183456420898438e+01
5.105708312988281250e+01
8.771315002441406250e+01
3.135877609252929688e+01
6.102263450622558594e+00
2.438442687988281250e+02
1.700918426513671875e+02
3.647478866577148438e+01
1.591505737304687500e+02
1.100172119140625000e+03
1.285244506835937500e+03
2.904213867187500000e+02
1.029097137451171875e+02
3.234533691406250000e+02
3.878887329101562500e+02
1.356811370849609375e+02
8.545374298095703125e+01
6.221453094482421875e+01
4.744160461425781250e+02
1.190170211791992188e+02
6.076325683593750000e+02
8.857640991210937500e+02
2.357240447998046875e+02
9.692743301391601562e+00
6.139402389526367188e+00
3.986756896972656250e+02
3.842967834472656250e+02
6.422512054443359375e+01
2.690517883300781250e+02
2.454725036621093750e+02
2.524078979492187500e+02
1.062454986572265625e+02
8.864825439453125000e+02
8.489479660056531429e-04
1.945146369934082031e+01
1.155968475341796875e+02
1.244981079101562500e+02
1.432881774902343750e+02
2.753325500488281250e+02
1.136877075195312500e+03
9.090280914306640625e+01
1.476524658203125000e+02
1.926326904296875000e+02
5.275588378906250000e+02
4.406943511962890625e+01
3.084013977050781250e+02
7.669567871093750000e+01
8.410702514648437500e+01
1.426768341064453125e+02
4.678362121582031250e+02
7.523276519775390625e+01
2.420135192871093750e+02
3.619265747070312500e+02
5.459796752929687500e+02
9.276588439941406250e+00
1.353510742187500000e+02
2.137919616699218750e+01
9.358567047119140625e+01
1.797632141113281250e+02
3.110001525878906250e+02
1.515025177001953125e+02
7.053317871093750000e+02
7.467232704162597656e+00
4.050838928222656250e+02
3.449486160278320312e+01
4.035444335937500000e+02
4.903392028808593750e+02
2.551972866058349609e+00
6.422045135498046875e+01
2.618377685546875000e+02
9.962478637695312500e+00
1.450289764404296875e+02
1.228481864929199219e+01
6.705186367034912109e+00
2.498657989501953125e+02
7.550045166015625000e+02
9.695245971679687500e+02
1.838366546630859375e+02
8.564822998046875000e+02
2.254913635253906250e+02
5.228867187500000000e+02
1.620672607421875000e+02
5.447763061523437500e+02
4.049230366945266724e-02
4.636926574707031250e+02
1.296867675781250000e+02
1.230248901367187500e+03
5.463513793945312500e+02
4.578726806640625000e+02
1.490830200195312500e+03
2.401115722656250000e+02
1.203579101562500000e+02
3.750108032226562500e+02
4.950308227539062500e+02
2.272899932861328125e+02
2.135405731201171875e+02
1.893553924560546875e+02
2.813141174316406250e+02
4.997882690429687500e+02
3.948082580566406250e+02
9.753744506835937500e+01
1.372108764648437500e+02
6.843106079101562500e+02
2.278105316162109375e+02
4.452520751953125000e+01
6.638905029296875000e+02
9.087161254882812500e+01
1.599461975097656250e+02
4.153263549804687500e+02
1.858986572265625000e+03
1.015044006347656250e+03
4.417160949707031250e+02
1.171806411743164062e+02
1.301138061523437500e+03
5.361765136718750000e+02
4.075732116699218750e+02
1.094851806640625000e+03
9.460178375244140625e+01
2.654101257324218750e+02
5.599283447265625000e+02
3.713548583984375000e+02
6.046816406250000000e+02
3.099774475097656250e+02
3.065908622741699219e+01
1.997645874023437500e+02
1.190746093750000000e+03
6.077259521484375000e+02
2.281175994873046875e+02
1.203140502929687500e+03
1.814358520507812500e+02
5.377387695312500000e+02
1.416913604736328125e+02
1.390803588867187500e+03
2.894379571080207825e-02
1.800066375732421875e+02
3.748013610839843750e+02
3.399084716796875000e+03
4.536171264648437500e+02
1.044673828125000000e+03
1.297981811523437500e+03
1.629552154541015625e+02
7.041416168212890625e+01
3.258127441406250000e+02
5.757302856445312500e+02
7.899658966064453125e+01
2.633319091796875000e+02
1.221895599365234375e+02
1.635373687744140625e+02
8.584212036132812500e+02
3.576838684082031250e+02
4.294132614135742188e+01
5.507448730468750000e+02
8.332158203125000000e+02
2.367244262695312500e+02
1.540145397186279297e+01
3.562752075195312500e+02
4.983814697265625000e+02
7.067138671875000000e+01
5.772530517578125000e+02
2.094797363281250000e+03
9.028408203125000000e+02
1.214321289062500000e+03
3.946618041992187500e+02
1.758468750000000000e+03
4.181578369140625000e+02
6.227066650390625000e+02
7.846650390625000000e+02
3.945922851562500000e+01
3.230692138671875000e+02
2.381009979248046875e+02
3.490669860839843750e+02
1.209857055664062500e+03
1.384640655517578125e+02
2.898250007629394531e+01
9.101442718505859375e+01
1.193808715820312500e+03
1.364912109375000000e+03
6.846312255859375000e+02
4.445991821289062500e+02
1.428364715576171875e+02
5.960595092773437500e+02
1.108267211914062500e+02
2.826779479980468750e+02
1.292441040277481079e-02
2.376710205078125000e+02
1.043814575195312500e+03
2.989302062988281250e+02
1.127214721679687500e+03
1.865848999023437500e+02
2.254360198974609375e+02
2.640566406250000000e+02
3.434691619873046875e+01
1.087468910217285156e+01
1.337721710205078125e+02
3.897582397460937500e+02
2.340577545166015625e+02
8.971844482421875000e+02
3.046112823486328125e+01
3.468201293945312500e+02
1.336821136474609375e+02
1.222000656127929688e+02
4.677339172363281250e+02
8.940471649169921875e+01
3.924816284179687500e+02
3.256753158569335938e+01
6.509971313476562500e+02
2.590678710937500000e+02
3.536029815673828125e+01
1.238534423828125000e+03
1.613060150146484375e+02
8.443199462890625000e+02
3.246306762695312500e+02
1.055738449096679688e+02
2.657290283203125000e+03
1.013159332275390625e+02
4.330949707031250000e+02
8.721327209472656250e+01
7.545037078857421875e+01
3.923614196777343750e+02
4.276076965332031250e+02
2.085115814208984375e+02
8.051950073242187500e+02
9.609521484375000000e+01
7.192792510986328125e+01
5.782278442382812500e+01
4.976746215820312500e+02
1.142766235351562500e+03
1.918923339843750000e+02
8.775594482421875000e+02
6.267427368164062500e+02
5.571311035156250000e+02
3.525276184082031250e+01
1.082232055664062500e+03
1.855738461017608643e-02
3.149018249511718750e+02
3.824064941406250000e+02
3.545223144531250000e+03
3.920587768554687500e+02
6.403601074218750000e+02
5.517008666992187500e+02
3.556524963378906250e+02
1.030738677978515625e+02
7.353223419189453125e+01
3.885730590820312500e+02
1.406655120849609375e+02
1.927574615478515625e+02
2.338742523193359375e+02
1.779005584716796875e+02
7.817596435546875000e+02
1.404026184082031250e+02
1.389463043212890625e+02
5.903237915039062500e+02
4.037578430175781250e+02
3.663357849121093750e+02
1.068316841125488281e+01
3.763704223632812500e+02
6.007109985351562500e+02
7.255104064941406250e+01
4.847321166992187500e+02
1.712811157226562500e+03
2.339566650390625000e+03
1.231465698242187500e+03
5.063625793457031250e+02
1.327003173828125000e+03
2.296549987792968750e+02
5.838204345703125000e+02
3.167003173828125000e+02
3.985890197753906250e+01
6.823074951171875000e+02
3.209204101562500000e+02
4.295095825195312500e+02
1.866950073242187500e+03
1.313669128417968750e+02
2.214166831970214844e+01
4.183396911621093750e+01
1.515027465820312500e+02
8.344605102539062500e+02
1.004290313720703125e+02
2.660982055664062500e+02
3.780826416015625000e+02
3.359561767578125000e+02
1.686902046203613281e+01
1.816322326660156250e+02
2.406664192676544189e-02
5.546586303710937500e+02
1.422175140380859375e+02
2.301835632324218750e+02
4.836271362304687500e+02
1.069540405273437500e+02
2.286062164306640625e+02
3.234895935058593750e+02
8.186058044433593750e+01
5.663981246948242188e+01
1.225985870361328125e+02
3.073385925292968750e+02
1.278553695678710938e+02
1.804878997802734375e+02
1.200416564941406250e+02
3.690378112792968750e+02
1.844229125976562500e+02
1.136577758789062500e+02
5.591300964355468750e+01
9.622268676757812500e+01
2.067224273681640625e+02
4.158056259155273438e+01
5.496350708007812500e+02
6.810955810546875000e+01
1.679860229492187500e+02
8.691631317138671875e+01
9.059960937500000000e+02
1.458010742187500000e+03
4.189939270019531250e+02
1.576256866455078125e+02
9.424705810546875000e+02
9.644934082031250000e+01
6.394414520263671875e+01
3.717492980957031250e+02
4.644055557250976562e+01
1.078923416137695312e+02
5.714509887695312500e+02
1.291157226562500000e+02
6.917675781250000000e+02
2.608137207031250000e+02
2.199297714233398438e+01
9.171250152587890625e+01
1.515193115234375000e+03
2.757956848144531250e+02
3.989353637695312500e+02
3.047108154296875000e+02
4.744109344482421875e+01
1.653548583984375000e+02
1.433545837402343750e+02
9.140635375976562500e+02
3.182276152074337006e-03
7.088924407958984375e+01
8.893391113281250000e+02
6.665306396484375000e+02
8.524176025390625000e+02
1.170936660766601562e+02
5.005122070312500000e+02
5.499539566040039062e+01
1.779579162597656250e+01
1.123400802612304688e+02
2.832454528808593750e+02
6.381974792480468750e+01
4.200334777832031250e+02
5.491109619140625000e+02
6.024277877807617188e+01
2.130406494140625000e+02
1.921338500976562500e+02
4.445530319213867188e+01
3.304659118652343750e+02
1.257740097045898438e+02
1.749071350097656250e+02
2.822550201416015625e+01
2.790446472167968750e+02
2.295426635742187500e+02
2.773599624633789062e+01
2.025431518554687500e+03
2.350484924316406250e+02
2.864581298828125000e+02
2.391946411132812500e+02
6.225473403930664062e+01
1.163185791015625000e+03
3.890531311035156250e+02
9.426750488281250000e+02
2.414688568115234375e+02
5.848205947875976562e+01
6.033729858398437500e+02
1.100110778808593750e+02
5.974498291015625000e+02
4.482651062011718750e+02
2.927144050598144531e+01
7.705653381347656250e+01
8.576490783691406250e+01
1.447408935546875000e+03
1.792094116210937500e+03
3.571940917968750000e+02
1.497195678710937500e+03
5.072580566406250000e+02
6.476506958007812500e+02
1.585108642578125000e+02
9.524983520507812500e+02
9.114973247051239014e-03
1.571687164306640625e+02
2.996396484375000000e+02
2.981034912109375000e+03
9.715203247070312500e+02
8.048114013671875000e+02
2.184038818359375000e+03
4.543886108398437500e+02
2.474523925781250000e+02
2.168373260498046875e+02
7.911585693359375000e+02
9.600828552246093750e+01
3.451136169433593750e+02
2.154852447509765625e+02
3.146622924804687500e+02
8.466897583007812500e+02
4.825949096679687500e+02
8.727407836914062500e+01
6.968736572265625000e+02
7.136436157226562500e+02
6.826868896484375000e+02
1.383142852783203125e+01
8.170567626953125000e+02
2.869704895019531250e+02
9.016822052001953125e+01
7.320159301757812500e+02
1.571037109375000000e+03
1.968296752929687500e+03
1.528953613281250000e+03
2.653972167968750000e+02
2.171494384765625000e+03
3.103613891601562500e+02
9.701917114257812500e+02
6.394031372070312500e+02
6.537580108642578125e+01
6.019410400390625000e+02
6.191444091796875000e+02
3.080150756835937500e+02
1.575286132812500000e+03
1.104431686401367188e+02
3.368374252319335938e+01
1.744252166748046875e+02
2.317421142578125000e+03
1.138894653320312500e+03
1.080536987304687500e+03
6.605303344726562500e+02
1.513491973876953125e+02
5.616367797851562500e+02
1.739000091552734375e+02
8.262011718750000000e+02
1.113365869969129562e-02
1.218364639282226562e+02
1.609154052734375000e+03
1.294359985351562500e+03
1.651395996093750000e+03
2.996294250488281250e+02
5.906761474609375000e+02
2.797709350585937500e+02
2.838039970397949219e+01
4.663679885864257812e+01
3.613864746093750000e+02
1.887276916503906250e+02
5.041782836914062500e+02
1.173279174804687500e+03
4.714208221435546875e+01
6.170327148437500000e+02
1.515797729492187500e+02
6.640086364746093750e+01
7.212346191406250000e+02
1.264441833496093750e+02
4.763166809082031250e+02
3.062993240356445312e+01
7.447459106445312500e+02
3.938240661621093750e+02
2.027251052856445312e+01
2.818384765625000000e+03
2.957768249511718750e+02
7.809501953125000000e+02
7.107318115234375000e+02
1.763660125732421875e+02
3.272059082031250000e+03
3.578084411621093750e+02
1.277589721679687500e+03
1.126872100830078125e+02
1.045706710815429688e+02
8.222065429687500000e+02
3.084943542480468750e+02
6.773582153320312500e+02
9.402078857421875000e+02
5.057933044433593750e+01
7.296829223632812500e+01
5.800044631958007812e+01
