3.071174926757812500e+02
9.147028808593750000e+02
1.395076904296875000e+02
3.862062988281250000e+02
6.132068481445312500e+02
2.320514373779296875e+02
4.918302154541015625e+01
7.019362182617187500e+02
9.680285304784774780e-02
1.375541137695312500e+03
3.755734863281250000e+02
3.162391601562500000e+03
7.026850585937500000e+02
2.755694274902343750e+02
4.185046081542968750e+02
2.506496429443359375e+02
2.758088989257812500e+02
1.694707336425781250e+02
4.332193298339843750e+02
9.964257049560546875e+01
1.376184844970703125e+02
4.493604431152343750e+02
1.929216003417968750e+02
6.953628540039062500e+02
1.687212829589843750e+02
3.850083160400390625e+01
3.445008850097656250e+02
2.575543212890625000e+02
1.635342254638671875e+02
6.963913917541503906e+00
3.598982238769531250e+02
7.482893676757812500e+02
1.539535980224609375e+02
3.435071716308593750e+02
2.797931640625000000e+03
2.486771240234375000e+03
7.329384765625000000e+02
1.098629226684570312e+02
6.112464599609375000e+02
1.100069946289062500e+03
3.025599975585937500e+02
2.377675476074218750e+02
1.102135896682739258e+00
1.013838073730468750e+03
2.684318542480468750e+02
1.393275878906250000e+03
1.784119995117187500e+03
6.922358398437500000e+02
1.382502746582031250e+01
3.115558624267578125e+01
5.620151977539062500e+02
8.151339111328125000e+02
1.197852096557617188e+02
2.810745544433593750e+02
4.707482299804687500e+02
4.034309387207031250e+02
9.953143310546875000e+01
1.800925659179687500e+03
2.310349978506565094e-02
1.196900024414062500e+02
1.849495697021484375e+02
5.927665405273437500e+02
2.327385101318359375e+02
6.155252685546875000e+02
2.052923828125000000e+03
1.650506286621093750e+02
4.706485900878906250e+02
4.565524291992187500e+02
1.176826171875000000e+03
5.141225814819335938e+01
5.423370361328125000e+02
1.495093536376953125e+02
6.149676132202148438e+01
1.477805633544921875e+02
9.445360107421875000e+02
6.509452056884765625e+01
4.401767578125000000e+02
7.516567382812500000e+02
1.137028442382812500e+03
2.000849485397338867e+00
1.906738739013671875e+02
1.015259399414062500e+02
1.714384155273437500e+02
4.316020202636718750e+02
6.505519409179687500e+02
2.882092285156250000e+02
8.652436523437500000e+02
3.262291336059570312e+01
6.252088012695312500e+02
1.552606811523437500e+02
6.870198974609375000e+02
8.132805175781250000e+02
3.867312669754028320e-01
2.114934997558593750e+02
4.804710693359375000e+02
7.234876251220703125e+01
2.757456665039062500e+02
9.272769927978515625e+01
1.760811233520507812e+01
2.577095336914062500e+02
8.895125732421875000e+02
1.616249511718750000e+03
2.531671447753906250e+02
8.774602050781250000e+02
5.531582641601562500e+02
8.134533691406250000e+02
1.332081146240234375e+02
9.958201293945312500e+02
2.230078428983688354e-01
1.281266723632812500e+03
2.351695709228515625e+02
1.808604370117187500e+03
6.612453613281250000e+02
1.113704589843750000e+03
2.318588378906250000e+03
3.854862976074218750e+02
4.233059387207031250e+02
6.086818237304687500e+02
6.052596435546875000e+02
1.852652435302734375e+02
3.112072448730468750e+02
3.658080139160156250e+02
2.838973388671875000e+02
5.885776367187500000e+02
9.436390991210937500e+02
5.238255691528320312e+01
3.526447143554687500e+02
1.228296630859375000e+03
6.663297119140625000e+02
1.349277400970458984e+01
8.428363037109375000e+02
2.662911376953125000e+02
2.599937438964843750e+02
4.961994628906250000e+02
3.544930419921875000e+03
1.315536621093750000e+03
7.240875244140625000e+02
1.151305618286132812e+02
1.673953247070312500e+03
1.106566650390625000e+03
5.548660278320312500e+02
1.513578735351562500e+03
1.543518424034118652e+00
3.931921691894531250e+02
9.774896850585937500e+02
5.885797729492187500e+02
7.764824218750000000e+02
9.223334350585937500e+02
3.721511459350585938e+01
1.939702911376953125e+02
1.310951171875000000e+03
1.061754150390625000e+03
2.981880798339843750e+02
1.212177368164062500e+03
4.846225280761718750e+02
7.347416992187500000e+02
1.520620422363281250e+02
2.454901123046875000e+03
1.398665010929107666e-01
6.056373291015625000e+02
3.779384155273437500e+02
5.614648437500000000e+03
4.306929931640625000e+02
1.773189697265625000e+03
1.869711914062500000e+03
3.215486450195312500e+02
2.309090881347656250e+02
6.754311523437500000e+02
6.584605712890625000e+02
8.562326812744140625e+01
3.431782226562500000e+02
3.436763000488281250e+02
1.972606048583984375e+02
1.079767333984375000e+03
8.712490844726562500e+02
3.684826660156250000e+01
1.013910217285156250e+03
1.322339355468750000e+03
5.244024658203125000e+02
3.771404504776000977e+00
3.877453308105468750e+02
1.103585937500000000e+03
1.135806808471679688e+02
8.218956909179687500e+02
3.439108398437500000e+03
1.504347412109375000e+03
1.552525878906250000e+03
3.904523315429687500e+02
2.085038085937500000e+03
6.915203247070312500e+02
9.077098388671875000e+02
1.064400146484375000e+03
9.114006161689758301e-01
6.316518554687500000e+02
3.933184509277343750e+02
5.271324462890625000e+02
1.950553588867187500e+03
4.520493469238281250e+02
3.134669113159179688e+01
9.770226287841796875e+01
2.126192871093750000e+03
2.616200927734375000e+03
1.513574462890625000e+03
4.248887329101562500e+02
5.450861206054687500e+02
1.057010253906250000e+03
2.736547546386718750e+02
5.663056030273437500e+02
1.776234805583953857e-01
7.060278930664062500e+02
1.977484130859375000e+03
1.575319702148437500e+03
1.889612426757812500e+03
4.728408813476562500e+02
5.254080810546875000e+02
4.263126525878906250e+02
2.114192810058593750e+02
9.160349273681640625e+01
2.474607543945312500e+02
3.331506347656250000e+02
5.702073974609375000e+02
2.337358154296875000e+03
7.373690795898437500e+01
5.795881958007812500e+02
4.133696899414062500e+02
8.230242156982421875e+01
8.749182739257812500e+02
2.846695556640625000e+02
8.320230102539062500e+02
1.010386466979980469e+01
8.935285644531250000e+02
7.926234741210937500e+02
7.723608398437500000e+01
2.634321289062500000e+03
5.808957519531250000e+02
1.237377807617187500e+03
5.432675781250000000e+02
9.333973693847656250e+01
4.265292480468750000e+03
7.881901855468750000e+02
1.187606567382812500e+03
2.143744354248046875e+02
3.277844429016113281e+00
8.808677368164062500e+02
6.395808715820312500e+02
9.149274902343750000e+02
1.250050170898437500e+03
3.406061401367187500e+02
1.204369888305664062e+02
8.680823516845703125e+01
9.549981689453125000e+02
1.754732299804687500e+03
3.771818542480468750e+02
9.341999511718750000e+02
1.197642211914062500e+03
6.698146362304687500e+02
1.058348541259765625e+02
2.077800292968750000e+03
7.675169408321380615e-02
8.651558227539062500e+02
5.400897827148437500e+02
7.046894531250000000e+03
7.406046752929687500e+02
1.142996582031250000e+03
1.256230712890625000e+03
5.438486328125000000e+02
3.197592773437500000e+02
3.599503173828125000e+02
7.032976074218750000e+02
1.105764923095703125e+02
3.803437500000000000e+02
7.544323730468750000e+02
2.649067993164062500e+02
1.231486083984375000e+03
5.581742553710937500e+02
9.225386810302734375e+01
1.320996826171875000e+03
7.451467285156250000e+02
6.825666503906250000e+02
3.311006307601928711e+00
4.745464782714843750e+02
1.477055786132812500e+03
1.379053955078125000e+02
9.657479248046875000e+02
3.074941162109375000e+03
3.404057861328125000e+03
1.880695434570312500e+03
3.467924499511718750e+02
1.823006713867187500e+03
7.197128295898437500e+02
1.205592895507812500e+03
4.933639831542968750e+02
1.082035779953002930e+00
1.376405761718750000e+03
4.027869262695312500e+02
9.610381469726562500e+02
3.078541748046875000e+03
4.522958984375000000e+02
3.147232818603515625e+01
8.776226806640625000e+01
4.307476501464843750e+02
1.411934448242187500e+03
2.487921142578125000e+02
3.296644897460937500e+02
9.829421386718750000e+02
5.989891357421875000e+02
5.659735488891601562e+01
5.448037109375000000e+02
1.510792821645736694e-01
1.485422241210937500e+03
2.825602416992187500e+02
1.087841064453125000e+03
8.041221313476562500e+02
4.584652099609375000e+02
8.005927734375000000e+02
5.442531738281250000e+02
3.880941162109375000e+02
2.982312927246093750e+02
3.036389770507812500e+02
2.216719970703125000e+02
2.948199462890625000e+02
4.712645874023437500e+02
2.423514862060546875e+02
6.314016723632812500e+02
7.149652709960937500e+02
7.795831298828125000e+01
2.274106292724609375e+02
3.603979187011718750e+02
6.199794311523437500e+02
2.061882972717285156e+01
8.572338256835937500e+02
2.770907897949218750e+02
3.718049926757812500e+02
2.907114562988281250e+02
2.600212890625000000e+03
2.226790039062500000e+03
8.244953002929687500e+02
1.512753753662109375e+02
1.585295043945312500e+03
7.490246582031250000e+02
2.785141601562500000e+02
8.288538818359375000e+02
1.371065139770507812e+00
2.951672058105468750e+02
1.033004638671875000e+03
4.967151489257812500e+02
9.675439453125000000e+02
9.059761962890625000e+02
3.026362037658691406e+01
1.830352783203125000e+02
2.147219726562500000e+03
7.046104125976562500e+02
7.709907836914062500e+02
2.254528503417968750e+02
2.536745910644531250e+02
3.114655151367187500e+02
2.376870422363281250e+02
1.362159301757812500e+03
4.654957354068756104e-02
3.134882202148437500e+02
1.646941162109375000e+03
1.479864746093750000e+03
1.458794677734375000e+03
2.859126892089843750e+02
7.109244384765625000e+02
1.498303985595703125e+02
1.230344467163085938e+02
1.751603851318359375e+02
5.035388793945312500e+02
8.667561340332031250e+01
8.454799194335937500e+02
1.430455688476562500e+03
4.133061981201171875e+01
2.925349121093750000e+02
5.271901245117187500e+02
3.991836547851562500e+01
5.901115112304687500e+02
2.271172485351562500e+02
3.862050781250000000e+02
6.839217185974121094e+00
3.572538146972656250e+02
5.486621704101562500e+02
5.626868820190429688e+01
3.258329589843750000e+03
4.502792053222656250e+02
4.953203125000000000e+02
3.897187194824218750e+02
6.264960098266601562e+01
1.713734497070312500e+03
9.884482421875000000e+02
1.541041748046875000e+03
2.976494445800781250e+02
1.870036363601684570e+00
1.040742309570312500e+03
2.210447692871093750e+02
1.287477783203125000e+03
6.980744018554687500e+02
1.377853851318359375e+02
1.273992691040039062e+02
7.162539672851562500e+01
1.843691528320312500e+03
2.637919677734375000e+03
5.090868225097656250e+02
1.430978759765625000e+03
1.018471984863281250e+03
8.834545898437500000e+02
1.580013732910156250e+02
1.892916503906250000e+03
6.099139526486396790e-02
6.338598632812500000e+02
4.342118530273437500e+02
5.491876464843750000e+03
1.155414550781250000e+03
1.603930541992187500e+03
3.387392333984375000e+03
7.026357421875000000e+02
6.051350097656250000e+02
5.082302246093750000e+02
1.041620239257812500e+03
1.015472488403320312e+02
6.463005981445312500e+02
6.639010009765625000e+02
3.738254394531250000e+02
9.723635253906250000e+02
1.231236938476562500e+03
6.751243591308593750e+01
1.324632690429687500e+03
1.368546875000000000e+03
1.269218872070312500e+03
4.831205368041992188e+00
9.110006713867187500e+02
7.930936889648437500e+02
1.827422485351562500e+02
1.269974853515625000e+03
2.748140869140625000e+03
2.612157226562500000e+03
1.896533813476562500e+03
2.301939086914062500e+02
2.527918945312500000e+03
7.171804809570312500e+02
1.750332153320312500e+03
1.045769531250000000e+03
9.389539957046508789e-01
1.040688720703125000e+03
9.045361938476562500e+02
6.092009277343750000e+02
2.278812500000000000e+03
4.663299560546875000e+02
3.679460906982421875e+01
1.943866271972656250e+02
3.429514892578125000e+03
2.344185791015625000e+03
1.981734252929687500e+03
5.490200805664062500e+02
5.994279174804687500e+02
9.905279541015625000e+02
3.530669860839843750e+02
1.387276367187500000e+03
1.220890358090400696e-01
4.953759765625000000e+02
2.640677978515625000e+03
3.129317871093750000e+03
2.504778564453125000e+03
6.564113159179687500e+02
9.788687133789062500e+02
5.036122436523437500e+02
1.794268188476562500e+02
1.730382385253906250e+02
5.459825439453125000e+02
2.328613586425781250e+02
1.088941772460937500e+03
3.029726318359375000e+03
7.933103942871093750e+01
8.320940551757812500e+02
6.139714355468750000e+02
6.351266860961914062e+01
1.221020629882812500e+03
3.568640441894531250e+02
8.731545410156250000e+02
8.526519775390625000e+00
9.631038818359375000e+02
1.049982055664062500e+03
6.023202514648437500e+01
4.736528808593750000e+03
6.066812133789062500e+02
1.230017333984375000e+03
9.602696533203125000e+02
1.437595977783203125e+02
4.860517089843750000e+03
1.151652465820312500e+03
2.432298583984375000e+03
2.954801635742187500e+02
3.042290687561035156e+00
1.442592529296875000e+03
5.207368774414062500e+02
1.572668579101562500e+03
1.495340942382812500e+03
2.349453277587890625e+02
1.502058715820312500e+02
9.297434234619140625e+01
