5.335132598876953125e+01
2.092190246582031250e+02
4.462389469146728516e+00
2.383898315429687500e+02
5.018429183959960938e+01
1.214186763763427734e+01
5.750186157226562500e+01
1.531655120849609375e+02
4.180989786982536316e-02
4.024248657226562500e+02
1.443015594482421875e+02
3.094929199218750000e+02
2.337130432128906250e+02
4.718791961669921875e+01
1.420085716247558594e+01
2.133273887634277344e+01
1.010888214111328125e+02
9.539277076721191406e+00
2.644955749511718750e+02
1.375247192382812500e+02
4.773504257202148438e+01
3.825603485107421875e+01
3.292038726806640625e+01
1.910634460449218750e+02
5.551112174987792969e+00
1.177863693237304688e+02
2.225375366210937500e+01
5.612979888916015625e+01
1.604598999023437500e+01
1.409673690795898438e+01
1.105813140869140625e+02
2.752624702453613281e+01
3.061261749267578125e+01
7.653870391845703125e+01
2.832081298828125000e+02
7.384709472656250000e+02
1.281318664550781250e+02
1.310285339355468750e+02
2.617299194335937500e+02
2.287902832031250000e+02
4.734437561035156250e+01
3.532145309448242188e+01
2.614477233886718750e+02
2.222304229736328125e+02
2.813376998901367188e+01
4.915802917480468750e+02
5.647727050781250000e+02
2.015576019287109375e+02
2.206607246398925781e+01
3.844710826873779297e+00
4.547656860351562500e+02
8.535214233398437500e+01
5.558232879638671875e+01
3.767420043945312500e+02
8.889261627197265625e+01
5.022223663330078125e+01
1.849540100097656250e+02
1.802826690673828125e+02
2.620039507746696472e-03
5.291664505004882812e+01
2.247209777832031250e+02
5.706793975830078125e+01
8.087675476074218750e+01
1.713772888183593750e+02
1.570367431640625000e+02
5.772014236450195312e+01
1.707224426269531250e+02
6.444638824462890625e+01
1.583228454589843750e+02
7.546273040771484375e+01
6.148826217651367188e+01
4.907480239868164062e+01
1.011357421875000000e+02
2.037943725585937500e+02
3.251645507812500000e+02
8.511441802978515625e+01
1.863663787841796875e+02
1.779934997558593750e+02
3.647134094238281250e+02
1.732429122924804688e+01
2.953092575073242188e+01
7.013170719146728516e+00
9.856562805175781250e+01
3.839001464843750000e+01
1.665298614501953125e+02
1.701512298583984375e+02
3.060686340332031250e+02
3.106017875671386719e+01
1.925513153076171875e+02
5.714363479614257812e+01
6.730628967285156250e+01
1.822680664062500000e+02
3.338065385818481445e+00
2.937115478515625000e+01
8.585380554199218750e+01
5.664256095886230469e+00
7.601448822021484375e+01
6.999286651611328125e+00
1.485209083557128906e+01
2.308410034179687500e+02
4.624237365722656250e+02
4.120751037597656250e+02
4.479866027832031250e+01
6.311020507812500000e+02
7.245030212402343750e+01
1.194186553955078125e+02
3.188776550292968750e+02
1.567215423583984375e+02
4.016910865902900696e-02
4.837179260253906250e+02
1.615708923339843750e+02
5.524422607421875000e+02
3.071710510253906250e+02
2.511402893066406250e+02
3.102281494140625000e+02
9.552214050292968750e+01
1.732293548583984375e+02
1.224386672973632812e+02
3.383097839355468750e+02
2.899356079101562500e+02
5.524164581298828125e+01
1.240779495239257812e+02
1.772478332519531250e+02
3.411754150390625000e+02
2.092279815673828125e+02
2.202818908691406250e+02
8.564430236816406250e+01
3.296819152832031250e+02
7.818236541748046875e+01
7.180957031250000000e+01
2.137221832275390625e+02
1.882730102539062500e+01
1.190628128051757812e+02
2.163289794921875000e+02
4.640074462890625000e+02
8.206550292968750000e+02
1.315997619628906250e+02
1.205727157592773438e+02
6.466072387695312500e+02
4.818465881347656250e+02
1.114225540161132812e+02
5.150532836914062500e+02
2.360467987060546875e+02
1.261440429687500000e+02
1.088113098144531250e+02
2.000348815917968750e+02
4.510133972167968750e+02
1.602913208007812500e+02
2.917745590209960938e+01
8.794340515136718750e+01
8.175693969726562500e+02
3.265693359375000000e+02
1.059014129638671875e+02
8.198823852539062500e+02
8.385966491699218750e+01
1.182205734252929688e+02
3.515976257324218750e+02
3.805179138183593750e+02
1.983774825930595398e-02
2.493735961914062500e+02
4.784026184082031250e+02
1.451611206054687500e+03
2.589577941894531250e+02
9.221552124023437500e+02
2.675494689941406250e+02
8.753406524658203125e+01
1.446580200195312500e+02
1.608377380371093750e+02
3.852331237792968750e+02
1.812881927490234375e+02
7.721334838867187500e+01
6.358936309814453125e+01
1.027477874755859375e+02
4.934176330566406250e+02
2.068633270263671875e+02
8.709732818603515625e+01
3.725808410644531250e+02
4.497684020996093750e+02
1.199166946411132812e+02
3.688330459594726562e+01
1.430505218505859375e+02
9.261546325683593750e+01
7.344624328613281250e+01
2.888179016113281250e+02
7.668438110351562500e+02
7.748025512695312500e+02
5.987573242187500000e+02
3.616640930175781250e+02
9.054270019531250000e+02
4.379805297851562500e+02
1.651876068115234375e+02
4.345451049804687500e+02
1.350514373779296875e+02
1.641892395019531250e+02
7.658670806884765625e+01
2.131088409423828125e+02
4.286862182617187500e+02
8.651546478271484375e+01
3.238206100463867188e+01
5.923572158813476562e+01
6.268543701171875000e+02
3.919188842773437500e+02
1.725289764404296875e+02
7.088730468750000000e+02
3.928096389770507812e+01
1.371721801757812500e+02
2.544101715087890625e+02
9.086604309082031250e+01
6.361677777022123337e-03
2.507304992675781250e+02
7.416548461914062500e+02
6.775701904296875000e+01
6.440321044921875000e+02
6.813245391845703125e+01
4.753341674804687500e+01
1.776687011718750000e+02
4.125220108032226562e+01
1.582481479644775391e+01
1.133210144042968750e+02
4.280177917480468750e+02
6.235057449340820312e+01
3.943154296875000000e+02
1.988484954833984375e+01
2.784966430664062500e+02
9.445363616943359375e+01
1.895168914794921875e+02
4.392893676757812500e+02
4.333189010620117188e+01
2.994569091796875000e+02
5.450754928588867188e+01
2.070428771972656250e+02
6.941744232177734375e+01
4.018135070800781250e+01
3.742697753906250000e+02
1.860530090332031250e+01
6.749184570312500000e+02
2.139824066162109375e+02
1.043908767700195312e+02
9.417037353515625000e+02
5.009970092773437500e+01
7.182038116455078125e+01
2.918820381164550781e+01
2.106387939453125000e+02
1.796276092529296875e+02
1.023191375732421875e+02
1.897902069091796875e+02
4.595621643066406250e+02
5.720808410644531250e+01
8.607376098632812500e+01
5.637311935424804688e+01
2.811607666015625000e+02
3.814106445312500000e+02
5.226327514648437500e+01
5.834033203125000000e+02
2.701133728027343750e+02
9.889640045166015625e+01
7.255899047851562500e+01
3.314760437011718750e+02
3.058706037700176239e-02
2.651066894531250000e+02
4.506937866210937500e+02
1.006764648437500000e+03
1.983633117675781250e+02
6.220763549804687500e+02
4.999256515502929688e+01
1.472313385009765625e+02
1.556508789062500000e+02
3.830068969726562500e+01
1.932645416259765625e+02
2.053428497314453125e+02
6.374789047241210938e+01
8.671762084960937500e+01
9.230142211914062500e+01
3.576333923339843750e+02
7.663600158691406250e+01
1.699593505859375000e+02
3.387107849121093750e+02
1.960554351806640625e+02
1.722673797607421875e+02
2.599432182312011719e+01
8.749455261230468750e+01
1.320419921875000000e+02
4.711030578613281250e+01
2.276208496093750000e+02
6.239751586914062500e+02
8.517256469726562500e+02
5.701776123046875000e+02
5.302807617187500000e+02
6.225657958984375000e+02
1.542436370849609375e+02
1.341272277832031250e+02
1.479297180175781250e+02
7.793679046630859375e+01
2.886887512207031250e+02
1.265643386840820312e+02
2.798696594238281250e+02
5.591580200195312500e+02
7.355419921875000000e+01
3.700739288330078125e+01
2.095823669433593750e+01
6.074759674072265625e+01
3.130361328125000000e+02
1.662201499938964844e+01
3.537854003906250000e+02
1.933979949951171875e+02
6.709677124023437500e+01
5.334268951416015625e+01
7.331388854980468750e+01
4.138896241784095764e-02
4.761091918945312500e+02
1.658870544433593750e+02
7.118053436279296875e+01
2.640653381347656250e+02
4.918480682373046875e+01
2.558655548095703125e+01
1.034021377563476562e+02
1.264023513793945312e+02
2.064734077453613281e+01
8.813378143310546875e+01
3.236743774414062500e+02
5.228908538818359375e+01
6.888751983642578125e+01
7.615718841552734375e+01
2.619944458007812500e+02
1.067059249877929688e+02
1.678764038085937500e+02
4.509371566772460938e+01
4.296866607666015625e+01
8.705944824218750000e+01
4.521584701538085938e+01
1.213952331542968750e+02
1.702396011352539062e+01
9.244797515869140625e+01
2.199913597106933594e+01
2.035437774658203125e+02
7.599826660156250000e+02
2.208967895507812500e+02
3.023406982421875000e+02
4.292072448730468750e+02
6.234238052368164062e+01
1.281196784973144531e+01
1.355604400634765625e+02
1.245524673461914062e+02
3.496187210083007812e+01
1.476105651855468750e+02
1.904098358154296875e+02
4.958470764160156250e+02
1.056176147460937500e+02
2.499846649169921875e+01
4.229745101928710938e+01
9.634641113281250000e+02
8.638157653808593750e+01
1.342829284667968750e+02
5.785112304687500000e+02
1.913852882385253906e+01
2.943567276000976562e+01
3.096085510253906250e+02
2.743861999511718750e+02
1.164581626653671265e-03
8.688543701171875000e+01
6.443142700195312500e+02
2.947330322265625000e+02
4.335449523925781250e+02
8.940006256103515625e+01
1.643131866455078125e+02
4.612712860107421875e+01
5.775724411010742188e+01
8.999394226074218750e+01
1.731377716064453125e+02
1.259352722167968750e+02
9.837094116210937500e+01
2.495907135009765625e+02
1.021358795166015625e+02
2.709054565429687500e+02
1.619829406738281250e+02
1.095965118408203125e+02
3.303501281738281250e+02
1.010312652587890625e+02
2.676118469238281250e+02
7.229202270507812500e+01
1.164821319580078125e+02
5.356480407714843750e+01
7.102067565917968750e+01
6.458778686523437500e+02
1.083445816040039062e+02
4.334646301269531250e+02
1.939560852050781250e+02
5.419704818725585938e+01
5.465650634765625000e+02
2.269996032714843750e+02
2.888734130859375000e+02
2.162684020996093750e+02
1.775018615722656250e+02
3.548336791992187500e+02
2.457200050354003906e+01
3.237674560546875000e+02
2.659485473632812500e+02
2.180780792236328125e+01
8.524632263183593750e+01
1.404326171875000000e+02
6.801354370117187500e+02
5.392351074218750000e+02
8.563175201416015625e+01
9.048050537109375000e+02
1.817063903808593750e+02
9.217388153076171875e+01
3.289544677734375000e+02
1.650552673339843750e+02
2.419117838144302368e-02
1.643620300292968750e+02
2.937312316894531250e+02
9.470819702148437500e+02
3.651989135742187500e+02
3.804317932128906250e+02
2.905082702636718750e+02
1.912683715820312500e+02
3.840643310546875000e+02
7.534312438964843750e+01
3.642890014648437500e+02
1.205676269531250000e+02
6.277217864990234375e+01
6.307229995727539062e+01
1.835273742675781250e+02
4.894295654296875000e+02
2.647248535156250000e+02
1.512991180419921875e+02
4.464534301757812500e+02
1.975466461181640625e+02
3.383226928710937500e+02
1.292716693878173828e+01
2.258965911865234375e+02
2.749291419982910156e+01
6.193194961547851562e+01
2.236171875000000000e+02
4.042870483398437500e+02
1.106437255859375000e+03
5.669563598632812500e+02
2.709657897949218750e+02
8.239477539062500000e+02
3.382763366699218750e+02
1.474216461181640625e+02
2.732750244140625000e+02
1.082580566406250000e+02
2.359690246582031250e+02
1.462644653320312500e+02
8.376808166503906250e+01
5.243336181640625000e+02
7.330092620849609375e+01
3.351762771606445312e+01
1.051608810424804688e+02
1.184478393554687500e+03
3.819797363281250000e+02
2.659137878417968750e+02
9.222848510742187500e+02
6.432685852050781250e+01
1.245544815063476562e+02
3.481007690429687500e+02
2.554796447753906250e+02
5.193163175135850906e-03
1.408561248779296875e+02
1.147473144531250000e+03
6.930903930664062500e+02
7.451828613281250000e+02
2.355292053222656250e+02
1.326433563232421875e+02
2.110319824218750000e+02
5.460314178466796875e+01
1.896764945983886719e+01
2.646173400878906250e+02
1.810973205566406250e+02
8.120903015136718750e+01
4.470624084472656250e+02
4.039666748046875000e+01
4.745610351562500000e+02
1.024212646484375000e+02
1.119465103149414062e+02
7.015203857421875000e+02
1.083843231201171875e+02
4.380128173828125000e+02
5.172195434570312500e+01
2.564421386718750000e+02
1.144215621948242188e+02
3.490111541748046875e+01
7.960390014648437500e+02
1.486122741699218750e+02
8.253544311523437500e+02
4.884145202636718750e+02
1.983616790771484375e+02
1.254349731445312500e+03
2.509479980468750000e+02
2.713405761718750000e+02
4.269769668579101562e+01
3.256146240234375000e+02
4.170603637695312500e+02
7.363995361328125000e+01
4.574996643066406250e+02
4.573630676269531250e+02
4.795781326293945312e+01
8.036876678466796875e+01
4.663871002197265625e+01
