1.958653259277343750e+02
1.838915252685546875e+02
1.979772949218750000e+03
1.810139923095703125e+02
5.243417358398437500e+02
4.293766784667968750e+02
1.257726684570312500e+03
6.106967163085937500e+02
1.108136352539062500e+03
4.283256149291992188e+01
1.892985382080078125e+02
5.291997070312500000e+02
8.673049163818359375e+01
3.389428405761718750e+02
1.823930053710937500e+02
7.361308593750000000e+02
2.407660675048828125e+02
2.121246185302734375e+02
4.624206237792968750e+02
2.430314941406250000e+02
2.676937500000000000e+03
2.186983795166015625e+02
6.832303466796875000e+02
2.370002899169921875e+02
1.545549316406250000e+03
8.749692993164062500e+02
3.766459655761718750e+02
2.287205696105957031e+01
2.377006988525390625e+02
8.857762145996093750e+01
1.792574951171875000e+03
2.890706054687500000e+03
7.315703868865966797e+00
1.627305297851562500e+02
4.351237792968750000e+02
1.835980796813964844e+01
6.990394287109375000e+02
3.079942932128906250e+02
1.999996948242187500e+01
1.101252822875976562e+02
1.963189697265625000e+02
9.858402099609375000e+02
5.388458251953125000e+01
3.685327758789062500e+02
4.553230285644531250e+01
1.583806274414062500e+03
4.564950256347656250e+02
9.196433715820312500e+02
8.417097167968750000e+02
5.470842838287353516e+00
2.984156799316406250e+02
2.476677093505859375e+02
5.299051513671875000e+02
2.527137603759765625e+02
1.390079223632812500e+03
5.165039062500000000e+02
2.343070526123046875e+02
1.125578613281250000e+02
1.423340759277343750e+02
1.984097099304199219e+01
4.460473937988281250e+02
1.770705261230468750e+02
1.098738002777099609e+01
1.564409484863281250e+02
7.407468261718750000e+02
3.469153442382812500e+02
6.260729370117187500e+02
6.685372314453125000e+02
1.366345062255859375e+02
2.323840942382812500e+02
2.267089385986328125e+02
3.843415069580078125e+01
2.619938659667968750e+02
1.100898803710937500e+03
1.054859985351562500e+03
2.745955200195312500e+02
1.403728393554687500e+03
1.517555084228515625e+02
9.442361450195312500e+02
1.006916687011718750e+03
9.147644042968750000e+02
1.693840026855468750e+02
3.038912057876586914e+00
9.136967773437500000e+02
2.761806488037109375e+01
7.970272827148437500e+01
1.363676513671875000e+03
3.449189453125000000e+02
1.227554473876953125e+02
5.903636474609375000e+02
9.508370971679687500e+01
3.433676757812500000e+02
4.550406265258789062e+01
7.284096069335937500e+02
1.319264831542968750e+02
7.273679199218750000e+02
5.034493103027343750e+02
1.355546875000000000e+03
8.369668579101562500e+01
1.192338180541992188e+01
1.974007720947265625e+02
7.589658203125000000e+02
2.020788452148437500e+03
2.237130126953125000e+02
1.623981689453125000e+03
5.441403198242187500e+02
1.016836120605468750e+03
6.592899169921875000e+02
5.149069213867187500e+02
3.681917190551757812e+01
4.554748840332031250e+02
4.522601318359375000e+02
5.749482345581054688e+01
3.790987548828125000e+02
1.114406982421875000e+03
4.098512878417968750e+02
6.439890747070312500e+02
9.233811645507812500e+02
1.397194976806640625e+02
2.951250305175781250e+02
1.739092407226562500e+03
2.102434997558593750e+02
8.937562866210937500e+02
1.308603637695312500e+03
3.298633056640625000e+03
1.876797485351562500e+03
2.253260253906250000e+03
8.541298675537109375e+01
1.091336547851562500e+03
8.645060424804687500e+02
1.637079589843750000e+03
1.388835083007812500e+03
5.902656555175781250e+00
5.312761840820312500e+02
4.443435363769531250e+02
5.176990890502929688e+01
1.424221923828125000e+03
8.417566528320312500e+02
6.571820068359375000e+01
4.450425720214843750e+02
2.084132232666015625e+02
1.374653320312500000e+03
5.124164962768554688e+01
4.002509460449218750e+02
9.616635894775390625e+01
3.909602050781250000e+03
4.982881774902343750e+02
1.168525268554687500e+03
3.504779663085937500e+02
2.354287910461425781e+01
3.345116271972656250e+02
4.455105285644531250e+02
1.758206909179687500e+03
2.511581268310546875e+02
2.780627197265625000e+03
8.072211303710937500e+02
1.102509155273437500e+03
7.180097045898437500e+02
5.859783935546875000e+02
5.294908142089843750e+01
2.695494689941406250e+02
1.161471557617187500e+03
9.043338775634765625e+01
4.977397766113281250e+02
3.678174743652343750e+02
1.367988159179687500e+03
3.749078674316406250e+02
5.488663940429687500e+02
3.103076477050781250e+02
3.480332336425781250e+02
1.571686523437500000e+03
1.256444320678710938e+02
7.383832397460937500e+02
1.259253295898437500e+03
4.795678222656250000e+03
6.333428344726562500e+02
1.431064208984375000e+03
1.162281265258789062e+02
5.894816894531250000e+02
4.491465759277343750e+02
3.380079589843750000e+03
1.475087768554687500e+03
2.947092247009277344e+01
3.370692138671875000e+02
1.672020874023437500e+02
4.608042144775390625e+01
2.436812500000000000e+03
4.475227661132812500e+02
4.589229965209960938e+01
4.403062438964843750e+02
2.203984375000000000e+02
1.735135131835937500e+03
4.491508483886718750e+01
1.276605834960937500e+03
5.196749114990234375e+01
2.540067138671875000e+03
1.420515747070312500e+03
3.026491210937500000e+03
6.462425537109375000e+02
2.295871353149414062e+01
3.377347412109375000e+02
1.916632995605468750e+02
9.912269287109375000e+02
8.100151062011718750e+01
5.671141357421875000e+02
3.553788574218750000e+03
2.969346923828125000e+02
2.068656921386718750e+02
1.572641601562500000e+03
1.045363922119140625e+02
1.107141342163085938e+02
5.284200439453125000e+02
2.247379302978515625e+01
7.828715209960937500e+02
1.388663330078125000e+03
8.927426147460937500e+02
2.825623168945312500e+02
5.520216674804687500e+02
2.169908599853515625e+02
1.324484863281250000e+03
5.804056396484375000e+02
1.799544219970703125e+02
2.570199218750000000e+03
4.000204162597656250e+02
1.035671997070312500e+03
2.518006103515625000e+03
1.172625976562500000e+03
7.098719024658203125e+01
2.432390625000000000e+03
2.446911926269531250e+02
5.652205810546875000e+02
1.231713012695312500e+03
5.134812355041503906e+00
2.281463623046875000e+02
1.680264434814453125e+02
3.019371223449707031e+01
1.765374145507812500e+03
5.970025634765625000e+02
1.550493316650390625e+02
1.973565979003906250e+02
6.785172119140625000e+02
1.165944580078125000e+03
1.182325286865234375e+02
1.824781005859375000e+03
2.502251586914062500e+02
6.198324218750000000e+03
3.403205566406250000e+02
6.523468017578125000e+02
8.753856811523437500e+02
2.842419862747192383e+00
5.077472534179687500e+02
2.422291717529296875e+02
2.435331542968750000e+03
3.090545654296875000e+02
2.095336669921875000e+03
1.735905761718750000e+03
1.545241699218750000e+03
5.730797729492187500e+02
1.463723144531250000e+03
9.251889801025390625e+01
2.652622070312500000e+02
8.183562011718750000e+02
1.280214843750000000e+02
9.121501464843750000e+02
3.531991271972656250e+02
1.801129028320312500e+03
5.256054687500000000e+02
4.764738159179687500e+02
6.593759155273437500e+02
5.512863159179687500e+02
2.626737792968750000e+03
2.568565368652343750e+02
9.167130737304687500e+02
8.541508789062500000e+02
3.975491943359375000e+03
1.173966674804687500e+03
9.668897705078125000e+02
8.746224975585937500e+01
7.179725341796875000e+02
2.960287170410156250e+02
3.819945068359375000e+03
2.898025634765625000e+03
2.057400703430175781e+01
5.025299377441406250e+02
2.569855651855468750e+02
5.564578247070312500e+01
3.026443847656250000e+03
2.881189575195312500e+02
7.418728637695312500e+01
4.250410766601562500e+02
3.210598754882812500e+02
1.503799560546875000e+03
1.059424285888671875e+02
1.734538818359375000e+03
1.388022613525390625e+02
3.577703613281250000e+03
1.378875244140625000e+03
2.487368652343750000e+03
9.459757690429687500e+02
1.416672706604003906e+01
1.747688598632812500e+02
3.251309814453125000e+02
2.172421386718750000e+03
8.989109802246093750e+01
6.071137695312500000e+02
6.728253784179687500e+02
8.700826416015625000e+02
4.434444274902343750e+02
9.570710449218750000e+02
5.930740737915039062e+01
1.304099884033203125e+02
1.725538177490234375e+02
7.611600494384765625e+01
8.320665283203125000e+02
9.751793212890625000e+02
3.045854797363281250e+02
8.463989868164062500e+02
3.095216064453125000e+02
3.327929992675781250e+02
2.471069641113281250e+02
1.465029907226562500e+03
2.700337219238281250e+02
5.880089721679687500e+02
7.184069213867187500e+02
1.521393310546875000e+03
2.300331542968750000e+03
1.706648559570312500e+03
3.349830245971679688e+01
1.048222167968750000e+03
4.710476684570312500e+02
9.148428955078125000e+02
1.950848999023437500e+03
1.908041000366210938e+00
6.275309448242187500e+02
3.996678771972656250e+02
1.881048583984375000e+01
7.662667236328125000e+02
3.583835144042968750e+02
6.302887344360351562e+01
3.051760253906250000e+02
3.259719848632812500e+02
7.275026855468750000e+02
4.305085372924804688e+01
3.933621215820312500e+02
1.013655700683593750e+02
4.000169189453125000e+03
2.320368499755859375e+02
4.500726318359375000e+02
2.648634948730468750e+02
5.727179050445556641e+00
2.961634216308593750e+02
3.017850036621093750e+02
3.549985961914062500e+02
3.195158081054687500e+02
8.557138061523437500e+02
1.978991333007812500e+03
1.875005035400390625e+02
2.851318664550781250e+02
1.135145751953125000e+03
6.255970001220703125e+01
4.107691345214843750e+02
1.219834838867187500e+03
1.109505271911621094e+01
3.565023193359375000e+02
5.876637573242187500e+02
1.496301391601562500e+03
1.224757003784179688e+02
5.319375610351562500e+02
1.696438293457031250e+02
9.876050415039062500e+02
6.564771118164062500e+02
5.176318740844726562e+01
2.590065673828125000e+03
4.317071228027343750e+02
6.540442504882812500e+02
4.708347778320312500e+02
6.576086425781250000e+02
1.270248565673828125e+02
1.513765380859375000e+03
2.801809082031250000e+02
3.933179626464843750e+02
6.697365722656250000e+02
9.493402481079101562e+00
1.805462799072265625e+02
6.324191284179687500e+01
7.083432006835937500e+01
1.510757324218750000e+03
1.077116699218750000e+03
6.466676330566406250e+01
2.149929199218750000e+02
4.623660583496093750e+02
1.166099487304687500e+03
1.755050964355468750e+02
1.376252929687500000e+03
1.363015594482421875e+02
1.645789916992187500e+03
3.038547668457031250e+02
1.176096435546875000e+03
1.206040771484375000e+03
5.544016361236572266e+00
5.619367065429687500e+02
5.326563110351562500e+02
2.590642333984375000e+03
2.287780303955078125e+02
2.520798339843750000e+03
1.920376708984375000e+03
1.006512084960937500e+03
4.916323852539062500e+02
9.435868530273437500e+02
9.911602783203125000e+01
4.464105529785156250e+02
5.876567993164062500e+02
6.239192962646484375e+01
4.992788085937500000e+02
9.349467163085937500e+02
1.422492675781250000e+03
5.751616210937500000e+02
1.395490600585937500e+03
2.120306091308593750e+02
8.877670898437500000e+02
1.742828735351562500e+03
1.909110565185546875e+02
1.253685546875000000e+03
1.348588745117187500e+03
4.685692382812500000e+03
1.418036132812500000e+03
1.758365356445312500e+03
1.372278289794921875e+02
1.582261962890625000e+03
7.198660278320312500e+02
3.284809326171875000e+03
1.594875976562500000e+03
1.510478591918945312e+01
6.621542968750000000e+02
1.854982452392578125e+02
9.683882141113281250e+01
4.756493164062500000e+03
5.009866333007812500e+02
8.310099029541015625e+01
7.819030151367187500e+02
2.300497283935546875e+02
2.112759765625000000e+03
5.734167098999023438e+01
1.567637084960937500e+03
1.514058532714843750e+02
4.867886230468750000e+03
1.213359619140625000e+03
2.130307373046875000e+03
4.989563293457031250e+02
2.277415084838867188e+01
4.655473632812500000e+02
3.330148010253906250e+02
1.100508178710937500e+03
2.230155792236328125e+02
1.200759033203125000e+03
4.632461425781250000e+03
2.887785034179687500e+02
2.928125000000000000e+02
2.179529052734375000e+03
1.648043212890625000e+02
2.706121215820312500e+02
1.243306518554687500e+03
1.650617980957031250e+01
7.970870361328125000e+02
1.178365600585937500e+03
2.108661865234375000e+03
1.828766326904296875e+02
9.479967651367187500e+02
2.382190704345703125e+02
2.013572265625000000e+03
8.432371826171875000e+02
1.314741210937500000e+02
4.204514160156250000e+03
5.898801879882812500e+02
1.473817626953125000e+03
1.775142578125000000e+03
9.917395629882812500e+02
1.293276672363281250e+02
3.013811523437500000e+03
3.265940551757812500e+02
8.465649414062500000e+02
1.385304199218750000e+03
1.367100334167480469e+01
2.389331054687500000e+02
1.008833312988281250e+02
7.576749420166015625e+01
3.511762451171875000e+03
1.166242065429687500e+03
1.012890243530273438e+02
3.556041259765625000e+02
7.879338378906250000e+02
2.194092285156250000e+03
1.604914398193359375e+02
3.002281005859375000e+03
2.078214874267578125e+02
5.897960937500000000e+03
5.470671386718750000e+02
1.477684326171875000e+03
1.521271972656250000e+03
5.105814456939697266e+00
