1.333430297851562500e+03
9.757096557617187500e+02
7.808099975585937500e+02
4.964088439941406250e+02
6.411985778808593750e+01
2.916670036315917969e+01
3.236208190917968750e+02
5.447811889648437500e+01
2.105853271484375000e+02
5.069820404052734375e+01
5.461331787109375000e+02
3.925733184814453125e+01
1.766032104492187500e+02
1.251653385162353516e+01
1.559093780517578125e+02
6.666420288085937500e+02
4.995274543762207031e+00
4.059383392333984375e+01
1.270407867431640625e+02
5.980834960937500000e+01
9.815955352783203125e+01
2.739557189941406250e+02
3.358580322265625000e+02
1.295610809326171875e+02
3.946048021316528320e+00
6.323554611206054688e+01
1.953967742919921875e+02
7.792521476745605469e+00
6.727655029296875000e+02
5.656730270385742188e+01
5.974189758300781250e+01
2.190332946777343750e+02
3.305189895629882812e+01
1.895105895996093750e+02
2.725896606445312500e+02
4.152116394042968750e+01
7.815090179443359375e+01
2.440431976318359375e+02
2.407912635803222656e+01
7.393255615234375000e+01
6.099082565307617188e+01
3.654492568969726562e+01
2.833545494079589844e+01
9.137597656250000000e+02
2.662595748901367188e+01
1.444132690429687500e+02
3.475294799804687500e+02
3.255500030517578125e+01
1.555852794647216797e+01
8.492893981933593750e+01
2.558728332519531250e+02
7.972332763671875000e+02
1.048081283569335938e+02
3.314961547851562500e+02
2.403078765869140625e+02
5.467561721801757812e+00
4.807423095703125000e+02
1.464040069580078125e+02
1.019211483001708984e+01
9.843578338623046875e+01
8.312715530395507812e+00
1.615861892700195312e+01
4.544755859375000000e+02
4.185332641601562500e+02
1.871990356445312500e+02
1.109360656738281250e+02
1.910908355712890625e+02
3.521060791015625000e+02
2.484768676757812500e+01
2.437102203369140625e+02
2.556931762695312500e+02
3.458252563476562500e+02
1.536162414550781250e+02
1.022619934082031250e+02
2.491191406250000000e+02
1.496592559814453125e+02
1.040661132812500000e+03
1.712100219726562500e+02
2.147316131591796875e+02
7.518272094726562500e+02
2.921664123535156250e+02
3.812908554077148438e+01
1.503763103485107422e+01
1.723177947998046875e+02
2.668725585937500000e+02
1.165978469848632812e+02
9.780838012695312500e+02
1.333394622802734375e+02
3.841856002807617188e+01
1.881430969238281250e+02
2.683368835449218750e+02
1.936122322082519531e+01
3.955538330078125000e+02
1.806770896911621094e+01
3.984469909667968750e+02
1.734369506835937500e+02
1.970238800048828125e+02
9.314038085937500000e+01
2.650842895507812500e+02
7.599652862548828125e+01
1.263836303710937500e+03
2.045517089843750000e+03
1.135264282226562500e+03
8.370166015625000000e+02
4.526141052246093750e+02
1.567389011383056641e+01
4.235190734863281250e+02
2.587642211914062500e+02
2.729936218261718750e+01
4.007081604003906250e+02
5.908157348632812500e+02
6.439172363281250000e+01
9.463191528320312500e+02
1.492610168457031250e+02
9.403740234375000000e+02
7.535920410156250000e+02
9.274356079101562500e+01
1.984017028808593750e+02
2.498599700927734375e+02
2.138688201904296875e+02
1.614310607910156250e+02
1.064304077148437500e+03
8.284284667968750000e+02
3.310134582519531250e+02
8.079579925537109375e+01
9.840224456787109375e+01
9.967268066406250000e+02
2.100745544433593750e+02
9.628328857421875000e+02
6.614580688476562500e+02
5.473336181640625000e+02
2.830579223632812500e+02
7.373460388183593750e+01
2.391087646484375000e+02
8.766963500976562500e+02
2.956663818359375000e+02
9.552471313476562500e+02
5.424919433593750000e+02
1.961236419677734375e+02
3.140245056152343750e+02
4.033952331542968750e+02
1.210450286865234375e+02
5.469526977539062500e+02
2.995803833007812500e+02
6.238158569335937500e+02
5.990349731445312500e+02
4.786293029785156250e+02
7.195379638671875000e+01
2.434623107910156250e+02
1.988681182861328125e+02
1.389626708984375000e+03
2.674541748046875000e+03
1.989341674804687500e+03
3.174406005859375000e+03
2.319593200683593750e+02
5.979611587524414062e+01
7.684537353515625000e+02
1.217214431762695312e+02
9.086115264892578125e+01
4.724226684570312500e+02
2.827144470214843750e+02
1.511623687744140625e+02
1.465121582031250000e+03
2.168009338378906250e+02
7.456166992187500000e+02
6.815673828125000000e+02
6.594242858886718750e+01
8.249583435058593750e+01
3.979511413574218750e+02
2.652801818847656250e+02
5.225748291015625000e+02
1.437267944335937500e+03
4.879064331054687500e+02
2.195743408203125000e+02
2.015135955810546875e+02
1.852779388427734375e+02
1.710217651367187500e+03
8.418061065673828125e+01
7.758225708007812500e+02
1.364334716796875000e+03
2.101368560791015625e+02
3.769959716796875000e+02
5.750920867919921875e+01
3.960223083496093750e+02
3.594140014648437500e+02
2.941485595703125000e+02
1.235226684570312500e+03
3.940391845703125000e+02
1.305578613281250000e+02
5.645494384765625000e+02
2.432395629882812500e+02
1.894024505615234375e+02
8.097465820312500000e+02
7.489652099609375000e+02
3.057670898437500000e+02
5.373335571289062500e+02
4.708399047851562500e+02
5.286551284790039062e+01
2.764857788085937500e+02
3.573673400878906250e+02
8.346523437500000000e+02
1.842626953125000000e+02
4.526086425781250000e+01
3.003694335937500000e+03
6.781118011474609375e+01
1.215872116088867188e+02
2.916029968261718750e+02
4.701989440917968750e+02
6.580656433105468750e+01
1.367258453369140625e+01
5.328363037109375000e+02
8.095887756347656250e+01
1.316683837890625000e+03
7.410652923583984375e+01
2.412404174804687500e+02
1.100891723632812500e+03
5.915407562255859375e+01
8.118141174316406250e+01
1.781454086303710938e+01
7.101691284179687500e+02
9.489616088867187500e+02
6.884673461914062500e+02
2.120783203125000000e+03
2.473463592529296875e+02
2.158150024414062500e+02
2.765845642089843750e+02
5.149911499023437500e+02
1.783610992431640625e+02
8.101134643554687500e+02
2.273037567138671875e+02
2.739552612304687500e+02
2.706528282165527344e+01
1.413891506195068359e+01
6.971162414550781250e+01
2.841646118164062500e+02
8.116286621093750000e+02
1.900817413330078125e+02
6.170728149414062500e+02
1.944520568847656250e+02
2.594018249511718750e+02
3.518960876464843750e+02
1.957296752929687500e+02
1.346780242919921875e+02
4.982945861816406250e+02
6.788510894775390625e+01
1.136401367187500000e+03
2.760989685058593750e+02
1.952337646484375000e+02
1.614291534423828125e+02
1.364954071044921875e+02
1.508343505859375000e+03
2.096508544921875000e+03
1.681080078125000000e+03
2.839351074218750000e+03
1.513317565917968750e+02
5.771953582763671875e+01
1.451508911132812500e+03
2.410804595947265625e+02
2.943158874511718750e+02
1.075936355590820312e+02
2.480920867919921875e+02
2.082236480712890625e+02
1.383577148437500000e+03
1.294506988525390625e+02
2.685082092285156250e+02
8.839404296875000000e+02
6.228976821899414062e+01
1.862336425781250000e+02
4.250483093261718750e+02
2.283371582031250000e+02
4.534720458984375000e+02
9.096030883789062500e+02
7.750607910156250000e+02
3.000549621582031250e+02
1.209504165649414062e+02
2.724605712890625000e+02
1.328978881835937500e+03
4.138847351074218750e+01
1.584593627929687500e+03
6.662816772460937500e+02
1.741698455810546875e+02
4.392394409179687500e+02
2.787024688720703125e+01
6.259525146484375000e+02
5.799364013671875000e+02
1.198424911499023438e+02
5.771216430664062500e+02
4.260437927246093750e+02
4.403519821166992188e+01
1.906389160156250000e+02
3.371545715332031250e+02
1.116742706298828125e+02
2.369398498535156250e+02
1.290125366210937500e+03
8.745851898193359375e+01
6.612393188476562500e+02
3.647037353515625000e+02
1.013096923828125000e+02
9.835871887207031250e+01
3.393647460937500000e+02
7.244659423828125000e+02
6.165247192382812500e+02
2.343511657714843750e+02
4.718080749511718750e+02
2.828933715820312500e+02
2.242144393920898438e+01
4.076117553710937500e+02
4.486207275390625000e+02
2.072557067871093750e+01
2.043346405029296875e+01
2.884559936523437500e+02
6.448106384277343750e+01
7.537402343750000000e+02
2.976825141906738281e+01
2.535890655517578125e+02
7.081051635742187500e+02
3.999066925048828125e+01
4.413479995727539062e+01
3.953107833862304688e+01
6.192581176757812500e+01
6.574581909179687500e+01
1.339058380126953125e+02
9.219817504882812500e+02
5.222212524414062500e+02
2.373846626281738281e+01
4.350702667236328125e+01
5.303235473632812500e+02
1.081443252563476562e+02
1.288417968750000000e+03
1.496169128417968750e+02
4.002149353027343750e+02
5.305559158325195312e+01
7.120727539062500000e+00
1.961818847656250000e+02
8.658190917968750000e+02
1.573862304687500000e+02
1.913397216796875000e+02
2.400645141601562500e+02
4.274005126953125000e+01
8.573802947998046875e+01
3.308698120117187500e+02
2.042143058776855469e+01
3.548129653930664062e+01
4.549813232421875000e+02
2.112880554199218750e+02
3.577035522460937500e+02
4.770429687500000000e+02
4.750594711303710938e+01
7.667341613769531250e+01
4.175745773315429688e+01
1.321186157226562500e+03
2.273398590087890625e+02
1.502008819580078125e+02
1.977044555664062500e+03
9.033939361572265625e+01
1.293779754638671875e+02
1.477520904541015625e+02
1.030230789184570312e+02
2.114967956542968750e+02
2.985022888183593750e+02
6.311359252929687500e+02
1.079780044555664062e+02
5.623493652343750000e+02
2.307311096191406250e+02
1.632774963378906250e+02
3.616218566894531250e+02
6.700025939941406250e+01
1.380936584472656250e+02
7.293928527832031250e+01
9.450455322265625000e+02
8.592996215820312500e+02
9.218623657226562500e+02
7.037929077148437500e+02
3.988705825805664062e+01
1.589209136962890625e+02
5.090308532714843750e+02
6.862677001953125000e+02
1.054665908813476562e+02
1.703059234619140625e+02
2.800879516601562500e+02
1.136772384643554688e+02
9.793848419189453125e+01
9.222383117675781250e+01
3.798321533203125000e+01
7.212760925292968750e+01
9.475198364257812500e+02
4.505079956054687500e+02
1.600025787353515625e+02
1.643039550781250000e+02
4.317058410644531250e+02
1.157599182128906250e+02
3.311222229003906250e+02
5.794322509765625000e+02
6.396328125000000000e+02
1.512130584716796875e+02
5.658829345703125000e+02
2.322075805664062500e+02
1.788826599121093750e+02
3.546159362792968750e+02
1.931223297119140625e+02
2.138618408203125000e+03
2.767922851562500000e+03
9.567922973632812500e+02
3.022984863281250000e+03
4.357527770996093750e+02
2.155108642578125000e+01
1.610813110351562500e+03
3.170068664550781250e+02
7.298463439941406250e+01
1.835502777099609375e+02
3.136128540039062500e+02
8.379303741455078125e+01
1.816703979492187500e+03
3.596064453125000000e+02
7.942270507812500000e+02
1.022596679687500000e+03
1.902057342529296875e+02
2.396477050781250000e+02
3.591381530761718750e+02
3.216467895507812500e+02
6.718187255859375000e+02
2.002484863281250000e+03
1.349864501953125000e+03
2.106557922363281250e+02
2.686251220703125000e+02
3.043712768554687500e+02
1.927717651367187500e+03
1.275142593383789062e+02
1.422332397460937500e+03
1.182254272460937500e+03
2.561163940429687500e+02
5.431105957031250000e+02
5.460195922851562500e+01
5.136502075195312500e+02
5.736290283203125000e+02
3.469501647949218750e+02
1.356895141601562500e+03
9.410767211914062500e+02
1.064118041992187500e+02
4.692539978027343750e+02
6.361220703125000000e+02
1.625563201904296875e+02
6.812902221679687500e+02
5.196879272460937500e+02
3.143992004394531250e+02
1.115665527343750000e+03
6.294293212890625000e+02
1.115134963989257812e+02
3.355339050292968750e+02
3.678009643554687500e+02
1.963355957031250000e+03
3.703139648437500000e+02
1.608586425781250000e+02
5.072856445312500000e+03
7.145911407470703125e+01
1.407115631103515625e+02
4.389786987304687500e+02
2.534071350097656250e+02
1.551802215576171875e+02
1.503357086181640625e+02
7.603067626953125000e+02
1.448489379882812500e+02
1.526908569335937500e+03
2.115222778320312500e+02
2.545577239990234375e+02
1.059283691406250000e+03
5.844689559936523438e+01
7.740839385986328125e+01
8.637040710449218750e+01
1.415349121093750000e+03
1.561329345703125000e+03
1.703479980468750000e+03
2.146624023437500000e+03
1.257257080078125000e+02
3.219416503906250000e+02
6.885504150390625000e+02
9.953928833007812500e+02
1.565764923095703125e+02
6.587142333984375000e+02
4.136814575195312500e+02
2.163718872070312500e+02
1.458406372070312500e+02
7.250119781494140625e+01
9.411006927490234375e+01
1.103359451293945312e+02
1.288369750976562500e+03
4.650949096679687500e+02
5.995819702148437500e+02
2.323270416259765625e+02
6.315935058593750000e+02
4.011372375488281250e+02
4.829963989257812500e+02
4.629010009765625000e+02
9.432069702148437500e+02
6.757099151611328125e+01
1.292239135742187500e+03
4.504108276367187500e+02
2.631026000976562500e+02
4.195452575683593750e+02
1.963472595214843750e+02
