2.403391601562500000e+03
2.193412597656250000e+03
3.262029785156250000e+03
2.238834716796875000e+03
3.649118347167968750e+02
5.901539993286132812e+01
9.550582275390625000e+02
2.628833618164062500e+02
9.203919067382812500e+02
2.221695251464843750e+02
1.536031738281250000e+03
9.171940612792968750e+01
5.366087646484375000e+02
3.239164733886718750e+01
6.385697021484375000e+02
1.508190673828125000e+03
2.660455703735351562e+01
2.882762908935546875e+01
4.690815734863281250e+02
1.989365844726562500e+02
3.644646911621093750e+02
5.188824462890625000e+02
8.911162109375000000e+02
2.374146575927734375e+02
2.662617111206054688e+01
2.875619506835937500e+02
3.209994506835937500e+02
8.178231811523437500e+01
2.063634277343750000e+03
2.047960205078125000e+02
1.967035675048828125e+02
4.710276184082031250e+02
3.884882736206054688e+01
3.904551696777343750e+02
8.496853637695312500e+02
2.161882476806640625e+02
1.396774902343750000e+02
3.877141113281250000e+02
8.768286895751953125e+01
3.401132507324218750e+02
2.526378326416015625e+02
6.983585357666015625e+01
1.593476715087890625e+02
2.735617187500000000e+03
1.081957931518554688e+02
3.292908325195312500e+02
7.938230590820312500e+02
1.183189392089843750e+01
6.085355758666992188e+01
3.143486328125000000e+02
3.098396911621093750e+02
1.212180786132812500e+03
3.921787414550781250e+02
7.574786987304687500e+02
2.262311096191406250e+02
1.797751045227050781e+01
7.542842407226562500e+02
3.113855285644531250e+02
6.004394531250000000e+01
2.011437530517578125e+02
1.398326721191406250e+02
5.126091766357421875e+01
6.576440429687500000e+02
7.141436767578125000e+02
2.969893493652343750e+02
9.928799438476562500e+01
4.861386718750000000e+02
3.160340270996093750e+02
9.012512207031250000e+01
4.165763244628906250e+02
3.946218261718750000e+02
5.050097045898437500e+02
3.010259094238281250e+02
1.944000549316406250e+02
3.144721374511718750e+02
3.072109375000000000e+02
1.395303222656250000e+03
4.014942626953125000e+02
3.343674926757812500e+02
1.264577636718750000e+03
6.680772705078125000e+02
6.831642150878906250e+01
1.469592285156250000e+01
2.098755187988281250e+02
3.025436706542968750e+02
1.794155273437500000e+02
1.464600463867187500e+03
2.623235473632812500e+02
6.869097900390625000e+01
2.047342987060546875e+02
4.986736145019531250e+02
4.377108764648437500e+01
6.706486816406250000e+02
1.862489471435546875e+02
6.212589111328125000e+02
2.382555236816406250e+02
2.316530151367187500e+02
6.466464996337890625e+01
2.468556365966796875e+02
2.132222747802734375e+02
1.963849609375000000e+03
3.439998535156250000e+03
2.878886962890625000e+03
2.017390869140625000e+03
8.535018920898437500e+02
5.276091766357421875e+01
9.852860717773437500e+02
6.394564819335937500e+02
2.506784973144531250e+02
5.945148315429687500e+02
1.703314453125000000e+03
9.294877624511718750e+01
1.493479614257812500e+03
3.055154724121093750e+02
1.999772949218750000e+03
1.173039184570312500e+03
2.635448303222656250e+02
2.073680572509765625e+02
5.170559082031250000e+02
4.280531616210937500e+02
4.239240417480468750e+02
1.411722656250000000e+03
1.682861572265625000e+03
5.894194946289062500e+02
1.489446105957031250e+02
3.644025573730468750e+02
1.232207397460937500e+03
5.865115356445312500e+02
1.960239013671875000e+03
1.229306152343750000e+03
1.140420410156250000e+03
3.738389282226562500e+02
4.300222778320312500e+01
2.621820068359375000e+02
1.700698974609375000e+03
5.080369567871093750e+02
1.150697509765625000e+03
8.839184570312500000e+02
2.939797973632812500e+02
5.395047607421875000e+02
1.034193725585937500e+03
1.243672256469726562e+02
8.933533935546875000e+02
9.385268554687500000e+02
9.997755126953125000e+02
9.215340576171875000e+02
9.203355102539062500e+02
2.398412704467773438e+01
2.152911834716796875e+02
4.818044433593750000e+02
1.455228393554687500e+03
4.375803710937500000e+03
4.802365722656250000e+03
5.475855468750000000e+03
2.913585510253906250e+02
1.021312103271484375e+02
1.505470092773437500e+03
1.988724060058593750e+02
6.235883789062500000e+02
8.169379882812500000e+02
6.164650268554687500e+02
1.662242889404296875e+02
1.909770996093750000e+03
2.760679321289062500e+02
1.451377685546875000e+03
1.076258422851562500e+03
1.781183624267578125e+02
7.575836181640625000e+01
7.383148803710937500e+02
3.549514770507812500e+02
6.946107788085937500e+02
1.479082275390625000e+03
6.088074340820312500e+02
3.427995910644531250e+02
1.448747558593750000e+02
4.682850952148437500e+02
1.616776489257812500e+03
1.846587677001953125e+02
1.967131469726562500e+03
1.908661010742187500e+03
3.680822753906250000e+02
4.918329162597656250e+02
3.340212249755859375e+01
6.395294189453125000e+02
5.574080810546875000e+02
2.326741790771484375e+02
1.140853149414062500e+03
5.088754882812500000e+02
1.625601196289062500e+02
7.651772460937500000e+02
4.838005676269531250e+02
1.789681091308593750e+02
1.178630249023437500e+03
1.754104980468750000e+03
3.249262084960937500e+02
6.226574707031250000e+02
5.932459716796875000e+02
2.183811759948730469e+01
1.922790832519531250e+02
7.787657470703125000e+02
1.426987426757812500e+03
4.645116577148437500e+02
4.549561157226562500e+02
6.328737792968750000e+03
1.927269744873046875e+02
2.458715057373046875e+02
6.593468017578125000e+02
1.069106689453125000e+03
2.702333984375000000e+02
1.506310424804687500e+02
2.069202636718750000e+03
1.697354431152343750e+02
1.794045288085937500e+03
1.706670684814453125e+02
4.619566955566406250e+02
1.734471313476562500e+03
1.354430236816406250e+02
8.840781402587890625e+01
1.168444213867187500e+02
1.432728637695312500e+03
2.119436279296875000e+03
1.418915893554687500e+03
3.751600585937500000e+03
3.286156311035156250e+02
3.184259948730468750e+02
1.061135864257812500e+03
5.836552734375000000e+02
4.177619628906250000e+02
1.558414306640625000e+03
3.993975524902343750e+02
3.858776245117187500e+02
1.019006271362304688e+02
2.517183494567871094e+01
1.123504714965820312e+02
4.658636474609375000e+02
1.412424804687500000e+03
2.865469970703125000e+02
1.025098876953125000e+03
4.449035644531250000e+02
4.444306945800781250e+02
8.154091186523437500e+02
3.304517517089843750e+02
4.000110473632812500e+02
2.100407958984375000e+03
2.214214019775390625e+02
1.549519653320312500e+03
5.864767456054687500e+02
6.608557128906250000e+01
2.159458923339843750e+02
4.489074096679687500e+02
2.129626708984375000e+03
3.595247070312500000e+03
4.541800781250000000e+03
6.159576171875000000e+03
3.339243469238281250e+02
8.950197601318359375e+01
2.455786621093750000e+03
4.440915222167968750e+02
9.993337402343750000e+02
4.201318054199218750e+02
7.590486450195312500e+02
2.445280456542968750e+02
2.037612670898437500e+03
2.172851562500000000e+02
8.269804687500000000e+02
1.481745483398437500e+03
1.604627685546875000e+02
9.581740570068359375e+01
7.978555908203125000e+02
4.772651367187500000e+02
9.591419067382812500e+02
1.390130493164062500e+03
1.208978881835937500e+03
4.172886962890625000e+02
1.517009887695312500e+02
8.394557495117187500e+02
1.483692993164062500e+03
1.537193450927734375e+02
3.125923583984375000e+03
1.176535522460937500e+03
2.913494262695312500e+02
5.403804931640625000e+02
2.641623306274414062e+01
8.240516967773437500e+02
7.966149291992187500e+02
2.651556701660156250e+02
7.194540405273437500e+02
5.781245727539062500e+02
1.220239028930664062e+02
4.910346679687500000e+02
6.449415283203125000e+02
1.565470886230468750e+02
6.492190551757812500e+02
3.008992919921875000e+03
1.841230010986328125e+02
8.337658691406250000e+02
7.107377929687500000e+02
3.233721923828125000e+01
1.689541473388671875e+02
7.517330932617187500e+02
1.577951538085937500e+03
1.426224609375000000e+03
1.468135620117187500e+03
1.532159667968750000e+03
8.709878540039062500e+02
3.715837097167968750e+01
9.337349243164062500e+02
1.036771728515625000e+03
2.237513732910156250e+02
1.691905212402343750e+02
1.212178466796875000e+03
9.331459045410156250e+01
1.261829711914062500e+03
9.076150512695312500e+01
8.132222290039062500e+02
1.200424804687500000e+03
9.962323760986328125e+01
5.988269424438476562e+01
2.882839965820312500e+02
2.186703948974609375e+02
3.071482543945312500e+02
4.347157287597656250e+02
1.860386352539062500e+03
7.979444580078125000e+02
7.434109497070312500e+01
2.877460632324218750e+02
7.550748291015625000e+02
3.949756774902343750e+02
2.590855957031250000e+03
3.727485961914062500e+02
8.801123657226562500e+02
1.833265228271484375e+02
1.082422161102294922e+01
2.349010162353515625e+02
1.718204956054687500e+03
3.686441040039062500e+02
3.438522033691406250e+02
4.764194641113281250e+02
1.353697967529296875e+02
2.458306579589843750e+02
8.605303344726562500e+02
5.725676727294921875e+01
1.743479919433593750e+02
1.298727416992187500e+03
5.546741943359375000e+02
5.775806274414062500e+02
1.069904418945312500e+03
1.736636352539062500e+01
1.369316711425781250e+02
1.534067077636718750e+02
1.931218994140625000e+03
4.400903015136718750e+02
4.075780639648437500e+02
4.121269042968750000e+03
1.260055618286132812e+02
2.925498352050781250e+02
4.175236206054687500e+02
3.510841369628906250e+02
4.215821838378906250e+02
3.873134155273437500e+02
2.297508544921875000e+03
2.121350708007812500e+02
8.598348388671875000e+02
4.196954345703125000e+02
3.024273986816406250e+02
6.776871337890625000e+02
1.413146972656250000e+02
1.402434387207031250e+02
9.105098724365234375e+01
1.694234008789062500e+03
1.790868408203125000e+03
1.340960327148437500e+03
1.681676025390625000e+03
1.113224639892578125e+02
2.059252471923828125e+02
1.356908935546875000e+03
7.733363647460937500e+02
2.965061950683593750e+02
5.583745117187500000e+02
4.813514709472656250e+02
2.706193237304687500e+02
1.469012145996093750e+02
8.627671813964843750e+01
6.820188140869140625e+01
2.192161560058593750e+02
1.519454711914062500e+03
5.373756103515625000e+02
3.719914550781250000e+02
3.005671691894531250e+02
6.491902465820312500e+02
4.561468200683593750e+02
3.837700195312500000e+02
8.791770019531250000e+02
2.137863525390625000e+03
2.619926757812500000e+02
7.884476318359375000e+02
4.945976257324218750e+02
9.614349365234375000e+01
3.895725097656250000e+02
4.150964050292968750e+02
2.627702880859375000e+03
4.539299804687500000e+03
3.206621582031250000e+03
5.559348632812500000e+03
6.583467407226562500e+02
6.634891510009765625e+01
2.599583251953125000e+03
5.735353393554687500e+02
4.549003601074218750e+02
4.953694152832031250e+02
1.008632385253906250e+03
1.350764770507812500e+02
2.496784912109375000e+03
5.381845092773437500e+02
1.715911132812500000e+03
1.284166870117187500e+03
4.556434020996093750e+02
2.269203033447265625e+02
7.430222167968750000e+02
6.223500366210937500e+02
1.065777709960937500e+03
2.749481201171875000e+03
1.933688720703125000e+03
4.285707397460937500e+02
2.834309387207031250e+02
8.961135253906250000e+02
2.171443603515625000e+03
4.172660827636718750e+02
2.557879638671875000e+03
2.032046386718750000e+03
6.487089233398437500e+02
6.954922485351562500e+02
3.710831069946289062e+01
6.038265380859375000e+02
9.696550903320312500e+02
4.695746459960937500e+02
1.699638549804687500e+03
1.281277709960937500e+03
1.875294494628906250e+02
7.067324829101562500e+02
1.291680419921875000e+03
1.995148773193359375e+02
1.297523681640625000e+03
1.579415893554687500e+03
6.055488281250000000e+02
1.370841186523437500e+03
9.284922485351562500e+02
4.204205322265625000e+01
3.460299682617187500e+02
8.508231811523437500e+02
2.581132568359375000e+03
5.715970458984375000e+02
5.203026123046875000e+02
8.586960937500000000e+03
1.572230529785156250e+02
3.043082885742187500e+02
8.264492187500000000e+02
7.071245727539062500e+02
3.712765197753906250e+02
3.051809692382812500e+02
2.657182128906250000e+03
2.373991088867187500e+02
1.886271484375000000e+03
3.165728759765625000e+02
4.262858886718750000e+02
1.558062011718750000e+03
1.218886642456054688e+02
7.843060302734375000e+01
1.402691650390625000e+02
2.278255859375000000e+03
2.751337646484375000e+03
2.435215820312500000e+03
3.711898925781250000e+03
2.259301757812500000e+02
3.124722900390625000e+02
1.815656494140625000e+03
8.957933349609375000e+02
3.644824523925781250e+02
1.463071533203125000e+03
5.316853027343750000e+02
3.114037780761718750e+02
2.149397430419921875e+02
6.998329925537109375e+01
1.211048126220703125e+02
2.739438476562500000e+02
1.852399047851562500e+03
4.391212158203125000e+02
9.169123535156250000e+02
4.440351867675781250e+02
8.328866577148437500e+02
9.555075073242187500e+02
5.431735229492187500e+02
7.669046630859375000e+02
2.993856445312500000e+03
1.905993652343750000e+02
1.561211425781250000e+03
8.062871093750000000e+02
9.286416625976562500e+01
4.652270812988281250e+02
4.902872009277343750e+02
