3.339505004882812500e+01
1.188254547119140625e+01
3.882473144531250000e+02
1.698888015747070312e+01
6.033557891845703125e+01
4.019859313964843750e+01
2.173518829345703125e+02
1.634109344482421875e+02
3.736705322265625000e+02
6.032764816284179688e+01
5.330401229858398438e+01
2.013355712890625000e+02
6.929728698730468750e+01
1.992071914672851562e+01
7.085327911376953125e+01
5.706898498535156250e+01
8.471166229248046875e+01
2.412596702575683594e+01
4.209263000488281250e+02
4.964650344848632812e+01
3.849499206542968750e+02
1.226128921508789062e+02
1.842240905761718750e+02
3.936708450317382812e+01
4.766953659057617188e+01
1.647543945312500000e+02
9.498227691650390625e+01
1.656443786621093750e+01
1.964276695251464844e+01
2.520715332031250000e+01
1.978846435546875000e+02
6.752843017578125000e+02
1.082045316696166992e+00
7.042680358886718750e+01
4.139087219238281250e+02
6.858538055419921875e+01
7.555538940429687500e+02
2.097732543945312500e+01
3.068830490112304688e+01
2.560023880004882812e+01
1.279172439575195312e+02
7.374743652343750000e+01
9.691329193115234375e+01
1.917525672912597656e+01
7.307101440429687500e+01
2.791925048828125000e+02
2.236217346191406250e+02
1.512906341552734375e+02
1.673880004882812500e+02
5.410628128051757812e+01
1.531329040527343750e+02
3.180996131896972656e+01
1.190433425903320312e+02
3.596508026123046875e+01
1.034497299194335938e+02
2.969366836547851562e+01
6.744309234619140625e+01
6.264146041870117188e+01
1.313657951354980469e+01
3.804431915283203125e+01
2.128648223876953125e+02
4.540632247924804688e+01
1.247914505004882812e+01
2.446629524230957031e+01
1.647359313964843750e+02
1.461220550537109375e+01
1.313006134033203125e+02
2.533866424560546875e+02
1.971808013916015625e+02
6.492552185058593750e+01
1.385340270996093750e+02
3.822034120559692383e+00
9.327694702148437500e+01
1.541720275878906250e+02
9.037774658203125000e+01
2.891310119628906250e+01
4.796934814453125000e+02
6.218072509765625000e+01
3.229590759277343750e+02
1.115449981689453125e+02
1.544455261230468750e+02
6.576304626464843750e+01
9.480379104614257812e+00
2.732011718750000000e+02
2.686690330505371094e+01
4.152640533447265625e+01
7.853092041015625000e+02
5.291290664672851562e+01
5.534277343750000000e+01
1.076101608276367188e+02
1.260954666137695312e+02
2.920744705200195312e+01
1.783786582946777344e+01
2.505316314697265625e+02
3.680982589721679688e+01
7.412649536132812500e+01
3.386984558105468750e+02
4.174633178710937500e+02
2.634551763534545898e+00
3.714942550659179688e+01
8.100545501708984375e+01
1.942286682128906250e+02
3.420065002441406250e+02
9.534680175781250000e+01
2.758820495605468750e+02
5.881262969970703125e+01
2.360180358886718750e+02
2.675405273437500000e+02
2.174761962890625000e+02
5.900619888305664062e+01
3.909320373535156250e+02
2.286100311279296875e+02
4.879563140869140625e+01
5.050228118896484375e+01
3.324863281250000000e+02
6.830717468261718750e+01
2.110721740722656250e+02
1.821257324218750000e+02
2.603165588378906250e+02
6.873633575439453125e+01
6.005027465820312500e+02
1.289113922119140625e+02
2.729779052734375000e+02
1.820645446777343750e+02
1.736548004150390625e+02
3.623675231933593750e+02
4.518340148925781250e+02
1.400359802246093750e+02
3.057705688476562500e+02
1.236181488037109375e+02
2.761196289062500000e+02
4.694056701660156250e+02
2.534994888305664062e+01
8.540775299072265625e+01
4.431586608886718750e+02
4.165275955200195312e+01
1.427084716796875000e+03
1.992570495605468750e+02
8.468069458007812500e+01
1.050516815185546875e+02
1.805967864990234375e+02
1.703466339111328125e+02
6.269179534912109375e+01
4.147193908691406250e+01
4.879193115234375000e+01
5.116445007324218750e+02
4.044717712402343750e+02
4.955956726074218750e+02
1.012571945190429688e+02
1.061186752319335938e+02
9.842938995361328125e+01
1.760249938964843750e+02
3.927696838378906250e+02
9.810760498046875000e+01
6.078728027343750000e+02
2.264896697998046875e+02
2.710455322265625000e+02
3.077686767578125000e+02
3.400008544921875000e+02
8.966047668457031250e+01
3.071795349121093750e+02
4.623399047851562500e+02
7.102072143554687500e+01
1.791004028320312500e+02
3.478996276855468750e+02
1.458459930419921875e+02
1.545339355468750000e+02
2.287045898437500000e+02
6.326311645507812500e+02
1.495134735107421875e+02
1.010499877929687500e+03
8.290338134765625000e+01
4.687093811035156250e+02
3.030001525878906250e+02
5.780260009765625000e+02
1.476088867187500000e+02
5.604005737304687500e+02
1.287177429199218750e+02
3.690709228515625000e+02
4.228570938110351562e+01
8.473276367187500000e+02
4.799930725097656250e+02
7.006195831298828125e+01
1.121291351318359375e+02
2.535917205810546875e+02
7.614968109130859375e+01
2.358017333984375000e+03
2.037967681884765625e+02
2.948690605163574219e+01
1.520911865234375000e+02
2.336235504150390625e+02
4.201426086425781250e+02
8.770507049560546875e+01
4.187859497070312500e+02
8.139072418212890625e+01
5.774830322265625000e+02
7.135863037109375000e+02
1.124397460937500000e+03
2.130658569335937500e+02
3.146417236328125000e+02
1.303943176269531250e+02
1.701619720458984375e+01
2.116407775878906250e+02
1.723557114601135254e+00
8.201413154602050781e+00
5.643139648437500000e+02
8.040917205810546875e+01
4.968568420410156250e+01
2.727680053710937500e+02
8.307012939453125000e+01
1.089642715454101562e+01
2.686932983398437500e+02
9.145414733886718750e+01
8.272349548339843750e+01
4.669367980957031250e+02
2.619538879394531250e+01
8.714089202880859375e+01
1.491898498535156250e+02
1.782364044189453125e+02
2.419368133544921875e+02
3.387446594238281250e+01
5.050617980957031250e+01
6.390444335937500000e+02
7.790295410156250000e+01
8.024691772460937500e+01
3.824631347656250000e+02
2.108633117675781250e+02
2.352361106872558594e+01
3.634055786132812500e+02
1.104510650634765625e+02
5.823583602905273438e+01
2.287721252441406250e+02
9.267784118652343750e+00
9.033370971679687500e+01
1.765468292236328125e+02
4.717267608642578125e+01
1.557035644531250000e+03
2.476233673095703125e+01
1.210245437622070312e+02
1.029440765380859375e+02
7.091079101562500000e+02
5.719086456298828125e+01
1.159513549804687500e+02
3.107648620605468750e+02
2.013265533447265625e+02
8.418018188476562500e+02
4.138160400390625000e+02
3.287242126464843750e+02
1.678323822021484375e+02
4.163901519775390625e+01
1.059419326782226562e+02
1.914305496215820312e+01
4.286901550292968750e+02
3.597243118286132812e+01
3.741410522460937500e+02
2.934295654296875000e+02
2.817552185058593750e+02
9.024334716796875000e+01
3.745718078613281250e+02
9.697430419921875000e+01
1.044347305297851562e+02
2.725640869140625000e+02
1.046576995849609375e+02
2.735495605468750000e+02
7.736193847656250000e+01
1.264834365844726562e+02
1.356724548339843750e+02
5.968924713134765625e+01
7.811218872070312500e+02
7.462219238281250000e+01
7.464548950195312500e+02
7.569277954101562500e+01
3.038421325683593750e+02
2.162433776855468750e+02
3.728466186523437500e+02
1.889753570556640625e+02
2.625813598632812500e+02
3.120880126953125000e+01
6.409557342529296875e+01
7.820739746093750000e+01
6.803409423828125000e+02
4.798674621582031250e+02
1.116887569427490234e+01
3.040280456542968750e+02
1.084645767211914062e+02
9.876972961425781250e+01
1.557671020507812500e+03
2.245602226257324219e+01
5.064903259277343750e+01
8.678232574462890625e+01
1.930628967285156250e+02
1.790905303955078125e+02
1.762341613769531250e+02
3.038095092773437500e+02
1.166045303344726562e+02
6.083703613281250000e+02
4.366132812500000000e+02
4.311102600097656250e+02
2.032272796630859375e+02
2.076877899169921875e+02
9.761360931396484375e+01
2.603708839416503906e+01
4.165849609375000000e+02
2.380367994308471680e+00
4.178992843627929688e+01
5.117351913452148438e+01
2.346964416503906250e+02
6.202188873291015625e+01
2.725398864746093750e+02
7.062982940673828125e+01
3.825229644775390625e+01
1.171862335205078125e+02
7.004279327392578125e+01
1.338562927246093750e+02
9.043606567382812500e+01
1.860460662841796875e+01
2.083543853759765625e+02
2.696403694152832031e+01
4.011291503906250000e+02
2.686729049682617188e+01
2.106672210693359375e+02
9.289435577392578125e+01
1.071807403564453125e+02
1.147326202392578125e+02
5.354497528076171875e+01
3.217236633300781250e+02
3.189869079589843750e+02
3.196328353881835938e+01
7.258193206787109375e+01
9.679539489746093750e+01
1.774313812255859375e+02
4.710137329101562500e+02
1.384903788566589355e+00
2.468258056640625000e+02
1.755424194335937500e+02
1.237592792510986328e+01
7.475755615234375000e+02
3.212644100189208984e+00
4.755094146728515625e+01
7.085182189941406250e+01
2.456873321533203125e+02
1.479757022857666016e+01
1.615515327453613281e+01
5.420540618896484375e+01
9.848403930664062500e+01
5.662778930664062500e+02
1.892571258544921875e+02
5.869292068481445312e+01
5.372140502929687500e+01
5.244836807250976562e+01
9.201258087158203125e+01
1.303654327392578125e+02
1.794220886230468750e+02
1.012981414794921875e+02
3.690651321411132812e+01
2.994942321777343750e+02
4.298849868774414062e+01
8.307640838623046875e+01
2.613792724609375000e+02
4.679805755615234375e+01
2.642484130859375000e+02
4.168041381835937500e+02
8.994689178466796875e+01
5.575670623779296875e+01
5.365682373046875000e+02
1.434411163330078125e+02
8.085949707031250000e+01
1.795657653808593750e+02
1.422151184082031250e+02
2.106394500732421875e+02
2.321069030761718750e+02
3.046290397644042969e+01
8.093746948242187500e+02
7.817807769775390625e+01
5.352158355712890625e+01
8.049752807617187500e+01
1.844604492187500000e+02
8.471697998046875000e+01
5.564232788085937500e+02
4.873512649536132812e+01
5.224278640747070312e+01
1.767102355957031250e+02
3.604504776000976562e+01
8.305576324462890625e+01
8.353642272949218750e+01
8.307945251464843750e+01
1.548345703125000000e+03
2.428193664550781250e+02
5.517497253417968750e+01
9.100665283203125000e+01
3.962684020996093750e+02
2.452343750000000000e+02
2.860767822265625000e+02
2.250572052001953125e+02
1.082917098999023438e+02
3.008027038574218750e+02
4.780449218750000000e+02
7.535735473632812500e+02
2.705869140625000000e+02
5.511797714233398438e+01
2.374807281494140625e+02
8.204479980468750000e+01
6.619968261718750000e+02
2.910417175292968750e+01
1.686310272216796875e+02
3.878010253906250000e+02
3.051319580078125000e+02
2.012471618652343750e+02
3.943979492187500000e+02
1.086955184936523438e+02
3.046455688476562500e+02
2.993317871093750000e+02
4.657905578613281250e+01
1.411279754638671875e+02
3.552128906250000000e+02
9.026914978027343750e+01
1.042544403076171875e+02
3.316276245117187500e+02
3.250810852050781250e+02
1.776193847656250000e+02
7.653688964843750000e+02
7.130158996582031250e+01
4.135539855957031250e+02
1.724965820312500000e+02
4.076193542480468750e+02
1.088473358154296875e+02
5.785990600585937500e+02
1.364401550292968750e+02
4.335780029296875000e+02
1.332382812500000000e+02
7.100886230468750000e+02
5.249583740234375000e+02
3.063933753967285156e+01
4.056179199218750000e+02
3.299259643554687500e+02
1.270739440917968750e+02
2.959155273437500000e+03
1.039274978637695312e+02
4.296821594238281250e+01
1.823671875000000000e+02
1.539006195068359375e+02
2.469290771484375000e+02
1.019150161743164062e+02
3.656181640625000000e+02
1.139944686889648438e+02
8.014949340820312500e+02
6.867944335937500000e+02
7.609110717773437500e+02
7.913632965087890625e+01
1.832093658447265625e+02
1.076455078125000000e+02
4.024184799194335938e+01
3.937433471679687500e+02
3.204879760742187500e+01
4.971579742431640625e+01
8.279603271484375000e+02
6.418035125732421875e+01
9.853860473632812500e+01
5.416866455078125000e+02
1.136864395141601562e+02
5.695043945312500000e+01
5.230957031250000000e+02
8.953997802734375000e+01
1.544753570556640625e+02
6.571955566406250000e+02
1.454091033935546875e+02
2.469982528686523438e+01
2.397594451904296875e+02
2.493559570312500000e+02
3.364777221679687500e+02
2.724318847656250000e+02
6.166554641723632812e+01
1.146683471679687500e+03
1.159704513549804688e+02
1.867068939208984375e+02
1.712663269042968750e+02
1.355988616943359375e+02
2.362706947326660156e+01
5.707631225585937500e+02
1.073053741455078125e+02
2.081214904785156250e+02
3.131912231445312500e+02
2.514344024658203125e+01
1.344367370605468750e+02
1.939725494384765625e+02
9.667368316650390625e+01
2.661922607421875000e+03
1.472436370849609375e+02
6.002122116088867188e+01
1.549502410888671875e+02
6.757351684570312500e+02
2.915877380371093750e+02
2.643125610351562500e+02
5.472024536132812500e+02
1.440250244140625000e+02
8.862003784179687500e+02
6.241909179687500000e+02
8.494870605468750000e+02
3.908593750000000000e+02
1.032516174316406250e+02
