1.582733535766601562e+01
4.824247360229492188e+01
1.124076724052429199e+00
4.607418060302734375e+01
6.727357387542724609e+00
3.415413141250610352e+00
8.304529190063476562e+00
1.451151275634765625e+01
2.295916527509689331e-02
6.366556549072265625e+01
2.900918579101562500e+01
3.667733764648437500e+01
4.125432968139648438e+01
6.986949920654296875e+00
2.336836814880371094e+00
6.426069259643554688e+00
2.055379486083984375e+01
2.590681314468383789e+00
5.486204147338867188e+01
2.347772026062011719e+01
1.424835014343261719e+01
1.100910282135009766e+01
7.080302238464355469e+00
5.811082839965820312e+01
2.491297721862792969e+00
2.139034271240234375e+01
4.818109035491943359e+00
1.092895507812500000e+01
3.816602230072021484e+00
4.796152591705322266e+00
2.716216850280761719e+01
6.849775314331054688e+00
8.198432922363281250e+00
1.208007812500000000e+01
7.284333801269531250e+01
1.632434692382812500e+02
2.183787536621093750e+01
1.892394447326660156e+01
4.809965133666992188e+01
3.958971405029296875e+01
7.858037471771240234e+00
5.441888332366943359e+00
4.518887710571289062e+01
4.039823913574218750e+01
4.476169586181640625e+00
7.692050170898437500e+01
1.420789489746093750e+02
4.481160736083984375e+01
6.016908168792724609e+00
1.193657994270324707e+00
1.349941711425781250e+02
1.900790214538574219e+01
2.851986503601074219e+01
1.197721481323242188e+02
2.308913040161132812e+01
1.638838386535644531e+01
3.624405288696289062e+01
2.731227302551269531e+01
2.960076963063329458e-04
2.483165359497070312e+01
5.333268356323242188e+01
1.359195613861083984e+01
2.312627792358398438e+01
2.813452911376953125e+01
2.477084732055664062e+01
1.419792938232421875e+01
5.060888671875000000e+01
1.844270515441894531e+01
5.408172225952148438e+01
2.620884323120117188e+01
1.547971534729003906e+01
1.761298561096191406e+01
3.180684852600097656e+01
8.799931335449218750e+01
5.402054595947265625e+01
1.703548049926757812e+01
4.057019424438476562e+01
5.936843109130859375e+01
1.104141845703125000e+02
6.023481369018554688e+00
8.280319213867187500e+00
2.133404254913330078e+00
3.163349723815917969e+01
1.135497570037841797e+01
6.944448852539062500e+01
9.314076995849609375e+01
7.146957397460937500e+01
1.475634479522705078e+01
7.923330688476562500e+01
2.277747917175292969e+01
2.009564399719238281e+01
3.977856445312500000e+01
1.511372685432434082e+00
1.541261196136474609e+01
1.731148910522460938e+01
4.982642650604248047e+00
2.098897743225097656e+01
2.544540643692016602e+00
4.205792903900146484e+00
5.056913375854492188e+01
8.262818908691406250e+01
5.894845199584960938e+01
1.407097625732421875e+01
1.197901077270507812e+02
1.328708744049072266e+01
3.156227302551269531e+01
4.423371505737304688e+01
2.135618782043457031e+01
3.033112362027168274e-02
8.330613708496093750e+01
2.919322204589843750e+01
6.409719848632812500e+01
3.891225433349609375e+01
3.341257095336914062e+01
4.094434356689453125e+01
1.833372497558593750e+01
3.373688888549804688e+01
2.210321044921875000e+01
7.757413482666015625e+01
3.693313980102539062e+01
1.375080966949462891e+01
2.817737579345703125e+01
3.190590476989746094e+01
8.927886962890625000e+01
3.035745429992675781e+01
4.368022155761718750e+01
1.584250640869140625e+01
6.208749008178710938e+01
2.144963645935058594e+01
1.624651527404785156e+01
5.330006790161132812e+01
4.482019424438476562e+00
3.192541122436523438e+01
3.556717681884765625e+01
1.034975967407226562e+02
2.210323486328125000e+02
2.007989120483398438e+01
2.001083374023437500e+01
1.060528717041015625e+02
9.159049224853515625e+01
2.318652343750000000e+01
7.559767150878906250e+01
3.994348144531250000e+01
2.337345314025878906e+01
1.498266506195068359e+01
3.196734809875488281e+01
1.179889373779296875e+02
3.861075592041015625e+01
5.239490032196044922e+00
1.480751514434814453e+01
1.246791458129882812e+02
4.846290206909179688e+01
2.627869415283203125e+01
1.520966644287109375e+02
1.397786998748779297e+01
2.444859886169433594e+01
5.087871170043945312e+01
4.327558135986328125e+01
2.266103215515613556e-02
4.991904449462890625e+01
6.835064697265625000e+01
1.727234802246093750e+02
3.776130676269531250e+01
1.341478271484375000e+02
3.562953186035156250e+01
1.604020690917968750e+01
1.862833786010742188e+01
2.794601058959960938e+01
8.863375854492187500e+01
2.279639053344726562e+01
2.014572906494140625e+01
1.591516113281250000e+01
1.922305870056152344e+01
1.427209320068359375e+02
2.787379264831542969e+01
1.985951805114746094e+01
4.556311416625976562e+01
7.784266662597656250e+01
2.596844100952148438e+01
8.848856925964355469e+00
3.059442901611328125e+01
1.997846031188964844e+01
2.034292602539062500e+01
5.463664245605468750e+01
1.982927246093750000e+02
2.212973937988281250e+02
9.083774566650390625e+01
5.406183624267578125e+01
1.823838958740234375e+02
8.303269958496093750e+01
3.010549354553222656e+01
6.093823623657226562e+01
2.838481903076171875e+01
3.371078491210937500e+01
1.194702243804931641e+01
4.047032165527343750e+01
1.087192993164062500e+02
1.770656585693359375e+01
5.881488800048828125e+00
1.166242122650146484e+01
1.129462661743164062e+02
5.269086074829101562e+01
3.758769226074218750e+01
1.809814300537109375e+02
8.092401504516601562e+00
3.174242401123046875e+01
5.026295852661132812e+01
9.548110961914062500e+00
5.716891586780548096e-02
3.925912475585937500e+01
1.138351974487304688e+02
1.001648235321044922e+01
1.004636840820312500e+02
1.049388027191162109e+01
5.955433845520019531e+00
3.002344703674316406e+01
1.180451107025146484e+01
3.457484483718872070e+00
2.211647224426269531e+01
7.350171661376953125e+01
1.352955055236816406e+01
6.830206298828125000e+01
6.022082805633544922e+00
6.719490051269531250e+01
1.655404472351074219e+01
3.781304168701171875e+01
7.886949157714843750e+01
1.601171302795410156e+01
7.378907775878906250e+01
1.196748352050781250e+01
5.352980804443359375e+01
1.448579978942871094e+01
1.910838317871093750e+01
4.028810882568359375e+01
6.253951072692871094e+00
1.601742248535156250e+02
4.238381195068359375e+01
1.941938781738281250e+01
1.555587463378906250e+02
7.708093643188476562e+00
1.062149715423583984e+01
4.216745853424072266e+00
3.772830200195312500e+01
3.069260597229003906e+01
2.194639015197753906e+01
3.838420104980468750e+01
8.704835510253906250e+01
1.259530735015869141e+01
1.711825942993164062e+01
1.500261974334716797e+01
4.048212051391601562e+01
5.342421340942382812e+01
1.026710128784179688e+01
9.762398529052734375e+01
4.242217636108398438e+01
1.424485969543457031e+01
1.249230670928955078e+01
3.477164840698242188e+01
1.934174448251724243e-02
4.368799591064453125e+01
6.726188659667968750e+01
1.117305450439453125e+02
3.917047500610351562e+01
9.433390045166015625e+01
6.611194133758544922e+00
2.861491584777832031e+01
2.449742507934570312e+01
7.605404376983642578e+00
4.956359863281250000e+01
3.287824249267578125e+01
1.810440635681152344e+01
1.611370658874511719e+01
1.529598999023437500e+01
9.225558471679687500e+01
9.377296447753906250e+00
2.233131027221679688e+01
4.593998336791992188e+01
3.545801925659179688e+01
3.393606567382812500e+01
7.064683914184570312e+00
1.835344123840332031e+01
2.803288650512695312e+01
9.108259201049804688e+00
3.209828567504882812e+01
1.556701354980468750e+02
1.769912261962890625e+02
8.859768676757812500e+01
6.686825561523437500e+01
1.246169967651367188e+02
3.232298660278320312e+01
2.260044860839843750e+01
2.294233322143554688e+01
1.306699943542480469e+01
5.336028289794921875e+01
1.856254386901855469e+01
4.343750381469726562e+01
1.178418579101562500e+02
1.396328449249267578e+01
6.775462150573730469e+00
3.662220478057861328e+00
1.434150886535644531e+01
5.077128601074218750e+01
5.145565509796142578e+00
7.656781768798828125e+01
3.345598983764648438e+01
1.288398265838623047e+01
1.112167167663574219e+01
7.559412956237792969e+00
2.117469348013401031e-02
8.606158447265625000e+01
3.381267166137695312e+01
1.150623226165771484e+01
5.459567260742187500e+01
7.400074005126953125e+00
5.619890213012695312e+00
2.405131340026855469e+01
3.196652603149414062e+01
5.379567146301269531e+00
2.892759895324707031e+01
5.062166595458984375e+01
1.464716339111328125e+01
2.119749259948730469e+01
2.143381309509277344e+01
7.474177551269531250e+01
1.933296012878417969e+01
3.175571250915527344e+01
1.229030799865722656e+01
8.770427703857421875e+00
1.830308151245117188e+01
9.689443588256835938e+00
2.976271057128906250e+01
6.069460868835449219e+00
2.269141960144042969e+01
4.200264930725097656e+00
5.679547882080078125e+01
1.616947326660156250e+02
4.569261550903320312e+01
3.861878204345703125e+01
7.973771667480468750e+01
1.480403995513916016e+01
4.457733631134033203e+00
2.095110702514648438e+01
2.057353782653808594e+01
1.117578411102294922e+01
2.503185653686523438e+01
3.383597564697265625e+01
1.262042388916015625e+02
2.087518310546875000e+01
6.300176620483398438e+00
1.070567989349365234e+01
1.860369567871093750e+02
1.651125335693359375e+01
4.147904586791992188e+01
1.698719329833984375e+02
7.771851539611816406e+00
9.943374633789062500e+00
4.589823532104492188e+01
3.919414520263671875e+01
3.110660705715417862e-03
1.203901863098144531e+01
1.137227096557617188e+02
4.688891601562500000e+01
5.107678985595703125e+01
1.866371917724609375e+01
2.073985862731933594e+01
8.189126968383789062e+00
2.191245841979980469e+01
2.376553535461425781e+01
3.800751495361328125e+01
2.566469192504882812e+01
2.416617584228515625e+01
4.839036560058593750e+01
2.645155525207519531e+01
9.974376678466796875e+01
3.342556762695312500e+01
2.034655952453613281e+01
5.649499893188476562e+01
2.519956779479980469e+01
8.955062866210937500e+01
1.446174716949462891e+01
3.420503997802734375e+01
1.148048686981201172e+01
3.507876586914062500e+01
1.053751220703125000e+02
3.721860122680664062e+01
1.404061126708984375e+02
4.379272460937500000e+01
1.443160343170166016e+01
1.127084274291992188e+02
4.937205886840820312e+01
5.426895904541015625e+01
3.825057601928710938e+01
3.128173065185546875e+01
7.336216735839843750e+01
4.889921188354492188e+00
6.306451416015625000e+01
5.436018371582031250e+01
8.977652549743652344e+00
1.519551181793212891e+01
3.564643859863281250e+01
1.086190185546875000e+02
8.212738037109375000e+01
2.408649826049804688e+01
1.442442016601562500e+02
3.088059043884277344e+01
1.721951866149902344e+01
5.217497634887695312e+01
1.801825714111328125e+01
1.378118898719549179e-02
3.933652877807617188e+01
5.639015579223632812e+01
1.109718704223632812e+02
5.979084396362304688e+01
4.701261901855468750e+01
3.860515594482421875e+01
3.668681335449218750e+01
7.438206481933593750e+01
1.160055351257324219e+01
9.620834350585937500e+01
2.345759963989257812e+01
1.527830505371093750e+01
1.314849376678466797e+01
3.844329071044921875e+01
1.353295135498046875e+02
4.245840072631835938e+01
2.304983139038085938e+01
7.147483825683593750e+01
3.872324371337890625e+01
7.660278320312500000e+01
5.363099098205566406e+00
5.472312927246093750e+01
5.000556468963623047e+00
2.027337074279785156e+01
3.294153213500976562e+01
1.088878402709960938e+02
3.212124633789062500e+02
9.742558288574218750e+01
4.122855758666992188e+01
1.652617340087890625e+02
6.244160461425781250e+01
2.680022811889648438e+01
4.602032089233398438e+01
1.986102294921875000e+01
4.831072998046875000e+01
2.043131446838378906e+01
1.488364505767822266e+01
1.248059616088867188e+02
2.316671371459960938e+01
5.115709781646728516e+00
1.672164916992187500e+01
1.963073730468750000e+02
5.813862991333007812e+01
5.427617645263671875e+01
2.256275939941406250e+02
1.399209880828857422e+01
2.647023773193359375e+01
6.733820343017578125e+01
3.478132629394531250e+01
6.583210080862045288e-02
2.233161354064941406e+01
1.767907562255859375e+02
9.462220001220703125e+01
1.039118499755859375e+02
4.728169250488281250e+01
1.836583709716796875e+01
3.839479446411132812e+01
1.125529861450195312e+01
2.918630361557006836e+00
5.729118347167968750e+01
3.477677154541015625e+01
2.041338920593261719e+01
7.723286437988281250e+01
9.252140998840332031e+00
1.311920928955078125e+02
1.597339820861816406e+01
2.427603721618652344e+01
1.099962310791015625e+02
3.020810699462890625e+01
1.119313812255859375e+02
1.117583274841308594e+01
6.892259979248046875e+01
2.583399963378906250e+01
2.234105300903320312e+01
1.075990829467773438e+02
5.265207290649414062e+01
2.531897125244140625e+02
8.986759185791015625e+01
3.675343704223632812e+01
2.278222045898437500e+02
4.809186172485351562e+01
4.548369598388671875e+01
6.563647747039794922e+00
6.132500076293945312e+01
7.493627929687500000e+01
1.525111961364746094e+01
8.393669891357421875e+01
9.693254089355468750e+01
1.723659324645996094e+01
1.649586296081542969e+01
1.150552654266357422e+01
