9.664459228515625000e+01
2.701993179321289062e+01
5.294192123413085938e+01
1.176021480560302734e+01
3.013732719421386719e+01
9.734270095825195312e+00
1.814299011230468750e+01
7.793595790863037109e+00
1.316676330566406250e+01
1.739234161376953125e+01
8.504079437255859375e+01
1.331346988677978516e+00
1.465456771850585938e+01
3.276985168457031250e+01
6.581781387329101562e+00
1.982275848388671875e+02
2.878433942794799805e+00
4.048509120941162109e+00
2.645118522644042969e+01
6.528110027313232422e+00
1.822485446929931641e+00
3.997240829467773438e+01
1.516236019134521484e+01
3.104642295837402344e+01
7.581126093864440918e-01
1.379014396667480469e+01
2.504970169067382812e+01
1.449359536170959473e+00
3.877680969238281250e+01
5.768017292022705078e+00
1.203285026550292969e+01
3.541203308105468750e+01
2.119904136657714844e+01
2.946165657043457031e+01
7.012217712402343750e+01
3.405266523361206055e+00
3.978472232818603516e+00
7.540261840820312500e+01
1.064790725708007812e+01
9.010267257690429688e+00
5.906537055969238281e+00
5.343227386474609375e+00
9.883358955383300781e+00
1.078129653930664062e+02
3.245175361633300781e+00
8.844900131225585938e+00
4.935795211791992188e+01
2.529798889160156250e+01
1.618782615661621094e+01
1.530114555358886719e+01
1.679792594909667969e+01
2.615565109252929688e+01
4.042698287963867188e+01
1.313704109191894531e+01
3.757949829101562500e+01
1.714679336547851562e+01
4.683394622802734375e+01
3.436833953857421875e+01
3.268906354904174805e+00
3.143079566955566406e+01
5.634185314178466797e+00
2.193385601043701172e+00
2.847815132141113281e+01
1.041774063110351562e+02
1.044818305969238281e+01
1.229259567260742188e+02
5.516405487060546875e+01
3.876639938354492188e+01
1.928216552734375000e+01
7.228018188476562500e+01
2.006515502929687500e+01
6.930487060546875000e+01
1.719943165779113770e+00
1.478297424316406250e+01
2.571859741210937500e+01
3.938064575195312500e+01
5.130106353759765625e+01
2.720968627929687500e+01
1.890766525268554688e+01
3.832126998901367188e+01
1.466453075408935547e+01
1.799538993835449219e+01
1.099632072448730469e+01
9.164848327636718750e+01
4.545973205566406250e+01
4.809716033935546875e+01
3.744485855102539062e+01
2.909882926940917969e+01
1.429745388031005859e+01
7.376675415039062500e+01
2.423701286315917969e+01
6.187787055969238281e+00
8.950212097167968750e+01
4.648132324218750000e+00
2.370195007324218750e+01
1.054837417602539062e+01
2.031337547302246094e+01
1.945102310180664062e+01
5.448535156250000000e+01
1.836754417419433594e+01
1.093864669799804688e+02
4.359473037719726562e+01
1.086332092285156250e+02
2.509235763549804688e+01
5.475532913208007812e+01
1.101248550415039062e+01
1.639850997924804688e+01
2.366199302673339844e+01
3.379070758819580078e+00
6.376572036743164062e+01
7.879585266113281250e+01
5.511059761047363281e+00
5.235791015625000000e+01
3.989387512207031250e+01
2.671964073181152344e+01
2.304151458740234375e+02
2.996990776062011719e+01
1.215595722198486328e+01
4.233454895019531250e+01
1.847445487976074219e+01
8.603460311889648438e+00
1.117176208496093750e+02
1.562366580963134766e+01
2.569785308837890625e+01
1.178874683380126953e+01
2.549524879455566406e+01
7.125048065185546875e+01
1.317013835906982422e+01
4.527142333984375000e+01
2.036854171752929688e+01
3.249712371826171875e+01
5.972362136840820312e+01
2.858574867248535156e+01
5.924479293823242188e+01
1.028456039428710938e+02
3.838479614257812500e+01
4.950363922119140625e+01
1.029008102416992188e+02
3.848430633544921875e+01
3.017318344116210938e+01
2.456659889221191406e+01
2.455514335632324219e+01
7.264733886718750000e+01
4.398470687866210938e+01
3.561765289306640625e+01
2.156763648986816406e+01
4.859958648681640625e+01
3.701466369628906250e+01
7.134233093261718750e+01
5.384853363037109375e+01
1.076025314331054688e+02
7.499542999267578125e+01
1.506369628906250000e+02
9.969073486328125000e+01
3.225036621093750000e+01
1.818388748168945312e+01
5.121920013427734375e+01
1.731524658203125000e+01
4.744449615478515625e+00
8.276533508300781250e+01
4.275711441040039062e+01
2.264446258544921875e+01
1.130881042480468750e+02
6.992451477050781250e+01
2.769037246704101562e+01
2.584521789550781250e+02
2.442253875732421875e+01
3.388967275619506836e+00
9.692613983154296875e+01
2.656032180786132812e+01
2.444973182678222656e+01
1.578437500000000000e+02
1.403020000457763672e+01
2.514158248901367188e+01
3.643987655639648438e+01
3.174644660949707031e+01
1.245294265747070312e+02
8.791283607482910156e+00
2.635215377807617188e+01
5.902857971191406250e+01
1.205541992187500000e+01
9.232449340820312500e+01
1.971531677246093750e+01
7.060873413085937500e+01
6.800631713867187500e+01
4.406575012207031250e+01
4.563446426391601562e+01
7.460437774658203125e+01
3.024340820312500000e+01
7.140424346923828125e+01
8.815426826477050781e+00
3.934079742431640625e+01
7.769789123535156250e+01
7.057991790771484375e+01
2.230746841430664062e+01
3.797831726074218750e+01
4.743878936767578125e+01
2.923258972167968750e+01
7.373495483398437500e+01
7.070487976074218750e+01
3.982986831665039062e+01
1.333179855346679688e+01
6.078152179718017578e+00
7.213811492919921875e+01
1.186895465850830078e+01
2.674552154541015625e+01
5.272061920166015625e+01
3.164382934570312500e+01
1.586425304412841797e+01
5.300010681152343750e+00
5.719864273071289062e+01
5.070415019989013672e+00
7.122780609130859375e+01
6.892877960205078125e+01
4.392256259918212891e+00
2.121407775878906250e+02
9.715187072753906250e+00
1.012037181854248047e+01
2.152550458908081055e+00
9.224971008300781250e+01
4.179090499877929688e+01
4.156678009033203125e+01
4.966632080078125000e+01
2.166881370544433594e+01
4.480764389038085938e+01
1.990900993347167969e+01
2.793132209777832031e+01
1.865547943115234375e+01
4.080431365966796875e+01
1.678772354125976562e+01
3.344916152954101562e+01
4.237838745117187500e+00
8.543998718261718750e+00
3.579835891723632812e+01
3.665041351318359375e+01
1.004745407104492188e+02
1.408124446868896484e+01
3.597682571411132812e+01
1.407794570922851562e+01
5.787003707885742188e+01
1.575531864166259766e+01
2.237036514282226562e+01
3.254528045654296875e+01
4.892815017700195312e+01
4.483047008514404297e+00
8.837486267089843750e+01
1.973269653320312500e+01
6.733074188232421875e+01
3.180781364440917969e+01
1.430751514434814453e+01
7.321851348876953125e+01
5.069641876220703125e+01
1.011781463623046875e+02
7.538715362548828125e+01
2.730982589721679688e+01
1.689631271362304688e+01
7.143352508544921875e+01
1.017279243469238281e+01
2.075820541381835938e+01
3.532697677612304688e+01
1.953915596008300781e+01
3.056984901428222656e+01
7.544119262695312500e+01
5.588279724121093750e+01
7.071713924407958984e+00
2.072162475585937500e+02
8.186764717102050781e+00
9.909834861755371094e+00
8.401130676269531250e+01
2.131842613220214844e+01
1.108533477783203125e+01
7.233732604980468750e+01
1.879960441589355469e+01
2.534376907348632812e+01
1.760205650329589844e+01
3.408108901977539062e+01
9.273285675048828125e+01
2.720259189605712891e+00
3.384917449951171875e+01
3.761508560180664062e+01
1.217169570922851562e+01
6.306013488769531250e+01
6.498454093933105469e+00
6.062528228759765625e+01
5.525578308105468750e+01
1.424405002593994141e+01
1.062012672424316406e+01
4.998217010498046875e+01
1.007827568054199219e+01
3.031814384460449219e+01
2.147324180603027344e+01
1.138454818725585938e+01
2.435432624816894531e+01
7.936923980712890625e+01
5.759905338287353516e+00
4.367242050170898438e+01
2.783331680297851562e+01
2.044834899902343750e+01
2.018675613403320312e+01
4.324081039428710938e+01
5.177606201171875000e+01
1.495094490051269531e+01
3.112420463562011719e+01
1.382592391967773438e+01
4.430812072753906250e+01
7.802697181701660156e+00
3.982839202880859375e+01
2.536171150207519531e+01
2.617644548416137695e+00
7.804933547973632812e+00
4.356012725830078125e+01
9.191100120544433594e+00
3.234702682495117188e+01
3.732083511352539062e+01
6.555105686187744141e+00
1.788017578125000000e+02
1.192002582550048828e+01
4.087446212768554688e+00
1.549876785278320312e+01
5.065993309020996094e+00
5.643742084503173828e+00
9.443133354187011719e+00
1.895694160461425781e+01
3.112403106689453125e+01
1.439562559127807617e+00
1.967179870605468750e+01
3.519935989379882812e+01
3.208015680313110352e+00
6.572976684570312500e+01
8.069557189941406250e+00
2.914377021789550781e+01
2.097262191772460938e+01
1.119805717468261719e+01
4.940441894531250000e+01
8.694619750976562500e+01
1.284431648254394531e+01
5.065364837646484375e+00
3.824250030517578125e+01
1.217864513397216797e+01
9.877519607543945312e+00
2.845650100708007812e+01
3.761974811553955078e+00
7.717477798461914062e+00
7.340018463134765625e+01
8.870877265930175781e+00
1.641661834716796875e+01
3.462010192871093750e+01
2.067877006530761719e+01
1.972394943237304688e+01
1.064835166931152344e+01
6.492709350585937500e+01
2.206022644042968750e+01
2.424824333190917969e+01
4.731437301635742188e+01
2.137177276611328125e+01
2.145553970336914062e+01
2.821796417236328125e+01
2.664724349975585938e+01
3.197404098510742188e+01
7.002202606201171875e+01
5.363087463378906250e+01
8.890819549560546875e+00
4.154996871948242188e+01
7.971974182128906250e+01
8.931150436401367188e+00
1.767759704589843750e+02
3.570332717895507812e+01
2.511097526550292969e+01
2.118191528320312500e+01
1.050149688720703125e+02
3.162508773803710938e+01
1.172076873779296875e+02
3.032554244995117188e+01
7.392732620239257812e+00
3.744346237182617188e+01
3.458058166503906250e+01
5.483551025390625000e+01
1.874747085571289062e+01
1.869290351867675781e+01
1.552682590484619141e+01
7.598824024200439453e+00
3.159152793884277344e+01
2.613344764709472656e+01
2.022113037109375000e+01
1.530327224731445312e+01
1.079156799316406250e+02
3.070967483520507812e+01
3.682696914672851562e+01
1.841888999938964844e+01
8.114851379394531250e+01
5.530153751373291016e+00
4.759054183959960938e+01
8.343000793457031250e+01
5.750675201416015625e+01
2.171659851074218750e+01
5.704494094848632812e+01
2.806464385986328125e+01
5.420148086547851562e+01
8.694925689697265625e+01
4.658772277832031250e+01
8.275376892089843750e+01
7.848123168945312500e+01
4.650632476806640625e+01
8.058466339111328125e+01
8.483469390869140625e+01
1.073780345916748047e+01
8.047463989257812500e+01
2.787189865112304688e+01
5.644599437713623047e+00
3.482534408569335938e+01
3.129127502441406250e+01
1.128269386291503906e+01
6.806710052490234375e+01
9.822203063964843750e+01
2.138757514953613281e+01
3.126515502929687500e+02
5.183683776855468750e+01
2.303673744201660156e+01
4.893400192260742188e+01
2.761137199401855469e+01
2.575950431823730469e+01
1.096451034545898438e+02
2.271203804016113281e+01
1.430875587463378906e+01
3.686292266845703125e+01
4.657803726196289062e+01
6.995504760742187500e+01
1.052373027801513672e+01
4.229538726806640625e+01
3.815392684936523438e+01
9.612071990966796875e+00
7.291564178466796875e+01
1.085873985290527344e+01
7.322071075439453125e+01
7.265699005126953125e+01
4.516226196289062500e+01
3.938956451416015625e+01
1.146590118408203125e+02
1.519969081878662109e+01
4.884720611572265625e+01
3.999308776855468750e+01
2.401810264587402344e+01
8.734570312500000000e+01
3.709541320800781250e+01
1.610046195983886719e+01
6.891437530517578125e+01
5.616554260253906250e+01
3.281151580810546875e+01
6.892404174804687500e+01
4.515303421020507812e+01
7.333749389648437500e+01
3.926953506469726562e+01
2.892420959472656250e+01
1.372985229492187500e+02
8.481725692749023438e+00
2.662537002563476562e+01
7.554675292968750000e+01
2.039506149291992188e+01
2.344350814819335938e+01
2.691133308410644531e+01
7.438378143310546875e+01
1.620561027526855469e+01
8.296153259277343750e+01
8.841781616210937500e+01
3.508147716522216797e+00
2.661082763671875000e+02
1.208881759643554688e+01
1.141704559326171875e+01
2.740866279602050781e+01
1.144660034179687500e+02
5.024947357177734375e+01
1.204616165161132812e+02
6.412384796142578125e+01
9.802996635437011719e+00
7.309051513671875000e+01
3.184649658203125000e+01
6.059246063232421875e+01
1.762251281738281250e+01
2.302331352233886719e+01
2.688673019409179688e+01
1.833951759338378906e+01
5.004808807373046875e+01
1.893496704101562500e+01
2.622962951660156250e+01
1.423669624328613281e+01
1.227882919311523438e+02
2.343147468566894531e+01
5.695831298828125000e+01
9.535889625549316406e+00
9.135246276855468750e+01
1.913355255126953125e+01
4.674225234985351562e+01
5.459262084960937500e+01
9.303351593017578125e+01
4.265207767486572266e+00
1.225046615600585938e+02
3.860854721069335938e+01
7.302384185791015625e+01
6.225837326049804688e+01
2.240600395202636719e+01
