1.022823791503906250e+02
3.117082977294921875e+01
1.025928833007812500e+03
6.892946624755859375e+01
9.766725158691406250e+01
8.795331573486328125e+01
5.158554077148437500e+02
2.018532409667968750e+02
5.571692504882812500e+02
6.615215301513671875e+01
7.283781433105468750e+01
2.739195251464843750e+02
3.980212020874023438e+01
1.788248291015625000e+02
6.408337402343750000e+01
2.932186584472656250e+02
7.523181152343750000e+01
6.093671417236328125e+01
3.519379882812500000e+02
1.999335632324218750e+02
9.214609985351562500e+02
1.891479339599609375e+02
3.870628967285156250e+02
1.389225463867187500e+02
4.257680969238281250e+02
1.795827941894531250e+02
9.067378234863281250e+01
3.962721586227416992e+00
5.662055206298828125e+01
4.581808853149414062e+01
6.532327270507812500e+02
1.301655395507812500e+03
2.283041477203369141e+00
7.215985107421875000e+01
2.607330322265625000e+02
1.798853492736816406e+01
4.582278442382812500e+02
4.195640182495117188e+01
2.475253105163574219e+01
9.377792358398437500e+01
8.950776672363281250e+01
4.753526611328125000e+02
7.147296142578125000e+01
4.014194488525390625e+01
3.168951034545898438e+01
7.224111328125000000e+02
2.248607177734375000e+02
4.038009948730468750e+02
2.857145385742187500e+02
1.456518363952636719e+01
1.908118743896484375e+02
1.053070907592773438e+02
3.560896606445312500e+02
6.689293670654296875e+01
4.734836425781250000e+02
1.852481842041015625e+02
1.642987365722656250e+02
4.504143905639648438e+01
6.167656326293945312e+01
1.922904205322265625e+01
2.229450988769531250e+02
1.010907974243164062e+02
4.749125957489013672e+00
4.997417831420898438e+01
5.069628906250000000e+02
1.737210388183593750e+02
2.940922241210937500e+02
3.422651062011718750e+02
7.251996612548828125e+01
1.868652954101562500e+02
9.352507781982421875e+01
9.593636512756347656e+00
1.159335708618164062e+02
8.494006958007812500e+02
3.563268737792968750e+02
4.487694549560546875e+01
7.718828735351562500e+02
9.090586090087890625e+01
5.762037353515625000e+02
6.589819946289062500e+02
5.478906860351562500e+02
1.223799209594726562e+02
1.755014991760253906e+01
6.572483520507812500e+02
9.904420852661132812e+00
6.527648925781250000e+01
9.541536254882812500e+02
1.147833328247070312e+02
7.687952423095703125e+01
5.043956298828125000e+02
4.595050048828125000e+01
1.627663879394531250e+02
4.220528030395507812e+01
4.868991088867187500e+02
4.027885437011718750e+01
3.139966735839843750e+02
3.528615417480468750e+02
7.818650512695312500e+02
8.984486579895019531e+00
1.793772697448730469e+01
1.468081817626953125e+02
3.687695617675781250e+02
1.360653808593750000e+03
1.943212127685546875e+02
7.772882690429687500e+02
1.594044799804687500e+02
7.017913208007812500e+02
3.267745971679687500e+02
3.816395874023437500e+02
6.848792266845703125e+01
3.373499145507812500e+02
4.273463745117187500e+02
2.985205841064453125e+01
1.909364929199218750e+02
6.770922851562500000e+02
3.112189941406250000e+02
3.331284790039062500e+02
4.329476013183593750e+02
1.461031188964843750e+02
2.904931945800781250e+02
8.751027221679687500e+02
2.053397827148437500e+02
6.515145874023437500e+02
1.120885986328125000e+03
1.543537719726562500e+03
5.487869873046875000e+02
1.165314697265625000e+03
7.781163024902343750e+01
5.647143554687500000e+02
5.778380126953125000e+02
1.131603759765625000e+03
1.017401611328125000e+03
3.194230461120605469e+01
3.518328857421875000e+02
2.476172180175781250e+02
3.569796371459960938e+01
1.162579345703125000e+03
3.349900512695312500e+02
7.118836975097656250e+01
4.766398620605468750e+02
1.050102157592773438e+02
8.773822631835937500e+02
7.201897430419921875e+01
1.406324005126953125e+02
3.465723800659179688e+01
2.196743652343750000e+03
4.145840454101562500e+02
1.016036132812500000e+03
1.728533020019531250e+02
5.162765121459960938e+01
2.293644409179687500e+02
2.500685882568359375e+02
1.186751831054687500e+03
1.891981811523437500e+02
1.377687500000000000e+03
4.533471069335937500e+02
6.859799194335937500e+02
3.108243408203125000e+02
5.543140869140625000e+02
1.099828033447265625e+02
1.901016387939453125e+02
1.035506347656250000e+03
4.637070846557617188e+01
4.749124145507812500e+02
4.915628967285156250e+02
1.062190307617187500e+03
1.531478881835937500e+02
3.429230957031250000e+02
4.111377563476562500e+02
5.567113647460937500e+02
7.435457153320312500e+02
1.089562377929687500e+02
8.043380126953125000e+02
1.255092895507812500e+03
2.414290039062500000e+03
9.659954833984375000e+01
9.459009399414062500e+02
7.862684631347656250e+01
5.905684814453125000e+02
3.630570678710937500e+02
2.180119873046875000e+03
1.071757324218750000e+03
6.058506393432617188e+01
2.490624084472656250e+02
1.429784545898437500e+02
5.095001602172851562e+01
2.187252929687500000e+03
2.612797546386718750e+02
2.620081329345703125e+01
5.436421508789062500e+02
1.719545593261718750e+02
1.260564575195312500e+03
4.125418853759765625e+01
7.435013427734375000e+02
1.439184379577636719e+01
1.760985839843750000e+03
1.149021362304687500e+03
2.499095703125000000e+03
3.836635742187500000e+02
8.360118103027343750e+01
2.905534057617187500e+02
2.764939498901367188e+01
4.752524414062500000e+02
5.148746013641357422e+00
1.149054107666015625e+02
1.601164306640625000e+03
1.149672317504882812e+02
7.449424743652343750e+01
8.444602050781250000e+02
1.383447875976562500e+02
2.180945205688476562e+01
4.980065307617187500e+02
2.262372589111328125e+01
4.298460083007812500e+02
9.321751098632812500e+02
5.047189331054687500e+02
7.187136840820312500e+01
1.783894042968750000e+02
1.521217651367187500e+02
9.135758056640625000e+02
8.354284667968750000e+01
1.160900421142578125e+02
1.793936523437500000e+03
2.779184265136718750e+02
2.967793273925781250e+02
8.620271606445312500e+02
3.641072998046875000e+02
1.954332351684570312e+01
1.306454711914062500e+03
2.206527404785156250e+02
2.852077331542968750e+02
6.401879882812500000e+02
1.059858894348144531e+01
1.359887084960937500e+02
5.316789245605468750e+01
3.057840538024902344e+01
1.388922119140625000e+03
5.657700347900390625e+01
1.775151519775390625e+02
2.180941467285156250e+02
4.816588439941406250e+02
5.492382202148437500e+02
1.634372406005859375e+02
6.087851562500000000e+02
1.553542175292968750e+02
3.411550781250000000e+03
3.676336059570312500e+02
5.476621093750000000e+02
3.871417846679687500e+02
8.636046409606933594e+00
3.081206970214843750e+02
3.563859939575195312e+01
1.414768066406250000e+03
1.403779754638671875e+02
7.239595336914062500e+02
6.910162353515625000e+02
8.892825927734375000e+02
1.359665985107421875e+02
8.955878906250000000e+02
1.568151702880859375e+02
1.222970962524414062e+02
5.124972534179687500e+02
7.386679840087890625e+01
8.473041381835937500e+02
2.250977935791015625e+02
9.837452392578125000e+02
2.173709869384765625e+02
1.626439971923828125e+02
8.168088378906250000e+02
4.316634521484375000e+02
1.157246582031250000e+03
2.383434906005859375e+02
5.784860229492187500e+02
7.096740722656250000e+02
1.676589355468750000e+03
2.965528259277343750e+02
4.041472778320312500e+02
2.363423728942871094e+01
2.868093872070312500e+02
2.103768920898437500e+02
2.199446044921875000e+03
1.581529296875000000e+03
1.336779975891113281e+01
3.727319641113281250e+02
1.526219635009765625e+02
5.882570648193359375e+01
2.047629272460937500e+03
3.506340026855468750e+01
8.447216796875000000e+01
3.844481201171875000e+02
1.810766601562500000e+02
6.887457275390625000e+02
1.735326843261718750e+02
6.327073364257812500e+02
1.000752334594726562e+02
2.191440673828125000e+03
9.516259765625000000e+02
1.471194580078125000e+03
3.906614990234375000e+02
6.073922729492187500e+01
1.218612365722656250e+02
5.252689361572265625e+01
1.148832763671875000e+03
1.233610057830810547e+01
1.358093414306640625e+02
1.187576904296875000e+02
4.340937500000000000e+02
1.442980957031250000e+02
5.095228881835937500e+02
8.457411193847656250e+01
3.001267814636230469e+01
1.071273269653320312e+02
4.519171524047851562e+01
4.539861755371093750e+02
3.948783874511718750e+02
1.201531448364257812e+02
3.846433715820312500e+02
6.494179534912109375e+01
3.235524597167968750e+02
1.429660034179687500e+02
3.638423156738281250e+02
1.967135314941406250e+02
2.555360260009765625e+02
4.817259826660156250e+02
4.423743896484375000e+02
7.144929199218750000e+02
6.231373291015625000e+02
1.047710704803466797e+01
3.984421386718750000e+02
2.786253356933593750e+02
4.903793029785156250e+02
1.016034423828125000e+03
1.205679655075073242e+00
3.663968505859375000e+02
1.287111663818359375e+02
9.594025611877441406e+00
5.256671142578125000e+02
1.687671661376953125e+01
6.078542327880859375e+01
2.792135925292968750e+02
2.026524810791015625e+02
2.564507446289062500e+02
4.631349563598632812e+01
8.865831756591796875e+01
4.442646026611328125e+01
1.916010498046875000e+03
1.507663879394531250e+02
2.030077209472656250e+02
5.635192871093750000e+01
1.904941177368164062e+01
2.273960876464843750e+02
1.751541595458984375e+02
2.491296081542968750e+02
1.630785217285156250e+02
3.224161071777343750e+02
9.641229858398437500e+02
8.232521057128906250e+01
1.629477081298828125e+02
7.401726074218750000e+02
6.644393157958984375e+01
2.851542358398437500e+02
1.145314819335937500e+03
1.351658821105957031e+01
2.213582763671875000e+02
5.858602294921875000e+02
1.045248535156250000e+03
2.954453277587890625e+01
2.960961303710937500e+02
1.314168701171875000e+02
8.442584838867187500e+02
2.768211059570312500e+02
3.044480514526367188e+01
2.094732421875000000e+03
3.616379394531250000e+02
2.528675537109375000e+02
1.033755722045898438e+02
2.551399688720703125e+02
7.333563995361328125e+01
1.017853332519531250e+03
2.265263366699218750e+02
1.865768737792968750e+02
4.226775512695312500e+02
3.454375457763671875e+01
1.065810699462890625e+02
1.580796432495117188e+01
8.389466094970703125e+01
1.385888305664062500e+03
3.864908752441406250e+02
5.808591461181640625e+01
2.558494262695312500e+02
2.998935546875000000e+02
8.646505126953125000e+02
2.120596618652343750e+02
5.159285278320312500e+02
8.238179016113281250e+01
1.040048583984375000e+03
3.546337280273437500e+02
1.002774353027343750e+03
7.113042602539062500e+02
1.065454483032226562e+01
4.913905334472656250e+02
2.054148101806640625e+02
1.974233154296875000e+03
1.259289703369140625e+02
9.451146850585937500e+02
8.935638427734375000e+02
7.703346557617187500e+02
2.141389923095703125e+02
7.190308837890625000e+02
1.719013977050781250e+02
2.583456420898437500e+02
4.970180053710937500e+02
3.431869506835937500e+01
3.383598327636718750e+02
8.575536499023437500e+02
9.238270263671875000e+02
2.514967956542968750e+02
7.080741577148437500e+02
2.381197052001953125e+02
8.663532714843750000e+02
9.432675781250000000e+02
1.767039489746093750e+02
9.396256103515625000e+02
1.184453125000000000e+03
2.190101074218750000e+03
2.615364990234375000e+02
9.937547607421875000e+02
9.033837890625000000e+01
1.046733642578125000e+03
5.902606201171875000e+02
2.405846923828125000e+03
1.298713867187500000e+03
4.570824813842773438e+01
6.630651855468750000e+02
1.532687072753906250e+02
9.848248291015625000e+01
3.740317138671875000e+03
1.500532836914062500e+02
8.311981201171875000e+01
8.139408569335937500e+02
1.291824188232421875e+02
1.252184692382812500e+03
9.655209350585937500e+01
6.919028320312500000e+02
7.428839111328125000e+01
2.989644531250000000e+03
1.092010620117187500e+03
1.674774047851562500e+03
2.118197631835937500e+02
5.930035400390625000e+01
3.609999389648437500e+02
1.212068862915039062e+02
7.173388061523437500e+02
7.399393463134765625e+01
3.616867370605468750e+02
2.273595947265625000e+03
1.472468414306640625e+02
1.672391815185546875e+02
1.425419067382812500e+03
2.167653503417968750e+02
1.211976318359375000e+02
1.307749755859375000e+03
1.855673217773437500e+01
5.314434204101562500e+02
1.061485473632812500e+03
1.447729492187500000e+03
3.347137069702148438e+01
4.176784362792968750e+02
2.163067626953125000e+02
1.582638061523437500e+03
2.800271911621093750e+02
9.264864349365234375e+01
3.374853515625000000e+03
5.035826721191406250e+02
5.413209838867187500e+02
4.889992065429687500e+02
3.094972534179687500e+02
4.620733261108398438e+01
1.880333251953125000e+03
3.489934387207031250e+02
5.189127807617187500e+02
9.425775146484375000e+02
3.999545288085937500e+01
1.847140808105468750e+02
3.887429428100585938e+01
8.885925292968750000e+01
2.861383789062500000e+03
2.854642944335937500e+02
9.965557861328125000e+01
4.240006713867187500e+02
5.610862426757812500e+02
1.445780273437500000e+03
1.923195495605468750e+02
1.206391601562500000e+03
1.013343811035156250e+02
3.540223876953125000e+03
6.858922119140625000e+02
1.481779663085937500e+03
9.139719238281250000e+02
1.418456268310546875e+01
