4.462602996826171875e+01
3.390050888061523438e+01
2.306227874755859375e+01
2.185114669799804688e+01
5.499846935272216797e+00
8.555337786674499512e-01
1.442837047576904297e+01
3.289843797683715820e+00
1.054372310638427734e+01
3.356578588485717773e+00
2.454903411865234375e+01
1.663382768630981445e+00
6.945971965789794922e+00
5.914600491523742676e-01
1.101462841033935547e+01
2.255118179321289062e+01
3.851951062679290771e-01
1.240628480911254883e+00
5.308250904083251953e+00
2.774465084075927734e+00
5.436234474182128906e+00
1.082067966461181641e+01
1.774367904663085938e+01
5.170575618743896484e+00
1.831036806106567383e-01
3.708573341369628906e+00
6.559621334075927734e+00
9.268472790718078613e-01
3.136235809326171875e+01
2.744140386581420898e+00
3.261066198348999023e+00
7.637096881866455078e+00
6.552423238754272461e-01
6.427147865295410156e+00
1.422618293762207031e+01
2.907952308654785156e+00
3.434496164321899414e+00
1.028543186187744141e+01
1.236012339591979980e+00
6.961323261260986328e+00
4.132574558258056641e+00
1.345961213111877441e+00
2.344762325286865234e+00
3.177786064147949219e+01
1.240848898887634277e+00
5.513420104980468750e+00
1.808459091186523438e+01
7.488974332809448242e-01
1.534565687179565430e+00
4.956806659698486328e+00
8.582941055297851562e+00
3.174050903320312500e+01
8.189095497131347656e+00
1.331127357482910156e+01
7.175954341888427734e+00
3.740236461162567139e-01
2.024666404724121094e+01
5.764237880706787109e+00
7.313030362129211426e-01
5.589801788330078125e+00
1.680097937583923340e+00
1.624684453010559082e+00
2.049087905883789062e+01
1.274793624877929688e+01
8.795001983642578125e+00
2.887210607528686523e+00
6.553655624389648438e+00
8.572808265686035156e+00
1.808730959892272949e+00
9.361141204833984375e+00
1.056559848785400391e+01
1.328180885314941406e+01
5.918754100799560547e+00
5.629739284515380859e+00
6.770254135131835938e+00
7.050840377807617188e+00
3.676647949218750000e+01
7.044244766235351562e+00
1.010190200805664062e+01
2.661550521850585938e+01
1.446412181854248047e+01
1.617816448211669922e+00
4.547107219696044922e-01
6.644082546234130859e+00
1.189150428771972656e+01
3.882866382598876953e+00
2.763667678833007812e+01
5.325032234191894531e+00
1.633323669433593750e+00
7.403709888458251953e+00
1.401805973052978516e+01
7.916642427444458008e-01
1.644984245300292969e+01
3.929490804672241211e+00
1.349003219604492188e+01
6.360681056976318359e+00
8.516961097717285156e+00
2.116171121597290039e+00
7.566758632659912109e+00
4.953824043273925781e+00
6.624096679687500000e+01
8.309011840820312500e+01
4.666199874877929688e+01
3.141881370544433594e+01
1.743855094909667969e+01
1.292901396751403809e+00
1.723859596252441406e+01
1.160551643371582031e+01
5.019806385040283203e+00
1.844993782043457031e+01
4.178551483154296875e+01
4.732600688934326172e+00
3.994502639770507812e+01
5.106047153472900391e+00
3.772411346435546875e+01
3.602030944824218750e+01
5.626125335693359375e+00
4.867925643920898438e+00
1.120640182495117188e+01
1.381196594238281250e+01
8.082528114318847656e+00
5.157612991333007812e+01
4.204424667358398438e+01
1.563974380493164062e+01
2.435329437255859375e+00
7.999557971954345703e+00
3.591078186035156250e+01
1.142414760589599609e+01
4.830865859985351562e+01
2.927897644042968750e+01
2.478109931945800781e+01
1.369794464111328125e+01
2.261811733245849609e+00
9.386092185974121094e+00
3.150334358215332031e+01
1.624474334716796875e+01
3.878620910644531250e+01
2.594630432128906250e+01
9.314239501953125000e+00
1.809934234619140625e+01
2.331003761291503906e+01
6.047356605529785156e+00
2.932225608825683594e+01
1.797947883605957031e+01
2.037450218200683594e+01
2.851153182983398438e+01
2.482777976989746094e+01
2.353624820709228516e+00
9.094215393066406250e+00
1.424619674682617188e+01
6.201705932617187500e+01
9.093827819824218750e+01
7.947434997558593750e+01
1.095850830078125000e+02
8.028876304626464844e+00
2.921637535095214844e+00
2.411255836486816406e+01
4.882128715515136719e+00
1.086561775207519531e+01
1.930552864074707031e+01
2.259798431396484375e+01
6.634778976440429688e+00
5.202896881103515625e+01
7.017262458801269531e+00
3.414830398559570312e+01
2.973258590698242188e+01
2.495537042617797852e+00
2.242445707321166992e+00
1.554734134674072266e+01
1.279478359222412109e+01
2.392269134521484375e+01
5.824379730224609375e+01
1.641306686401367188e+01
1.118397426605224609e+01
4.461699485778808594e+00
1.083648490905761719e+01
5.129375076293945312e+01
5.103523254394531250e+00
4.348589706420898438e+01
3.876775360107421875e+01
1.308180522918701172e+01
1.278007221221923828e+01
1.633119344711303711e+00
1.557962131500244141e+01
1.809597396850585938e+01
1.233941459655761719e+01
3.718859481811523438e+01
1.585888195037841797e+01
6.051796436309814453e+00
2.373367881774902344e+01
1.407227420806884766e+01
8.704553604125976562e+00
2.951411819458007812e+01
4.195662307739257812e+01
1.104879474639892578e+01
2.196300506591796875e+01
2.511738586425781250e+01
9.910359382629394531e-01
8.530982017517089844e+00
2.013208770751953125e+01
2.331431770324707031e+01
6.268500804901123047e+00
2.638088464736938477e+00
1.031055221557617188e+02
3.761724948883056641e+00
3.485540151596069336e+00
1.625682640075683594e+01
1.548565101623535156e+01
2.509853124618530273e+00
9.150651097297668457e-01
3.007253837585449219e+01
3.273588180541992188e+00
4.078002548217773438e+01
3.896775722503662109e+00
1.216069126129150391e+01
3.375545501708984375e+01
3.255554437637329102e+00
2.413986682891845703e+00
8.145043849945068359e-01
2.634726142883300781e+01
3.735707473754882812e+01
2.545408821105957031e+01
5.039425277709960938e+01
1.082196426391601562e+01
6.803106307983398438e+00
1.486868190765380859e+01
1.824555969238281250e+01
8.628718376159667969e+00
3.610124206542968750e+01
1.202364540100097656e+01
1.349630451202392578e+01
8.288292884826660156e-01
2.439692467451095581e-01
3.627670288085937500e+00
1.371138668060302734e+01
2.577195739746093750e+01
8.219983100891113281e+00
2.091776847839355469e+01
7.118463516235351562e+00
8.819529533386230469e+00
1.896760559082031250e+01
5.533171176910400391e+00
6.386541843414306641e+00
2.647474098205566406e+01
3.128544569015502930e+00
3.005967330932617188e+01
1.340567398071289062e+01
4.524120330810546875e+00
5.276930809020996094e+00
7.478978633880615234e+00
6.015523147583007812e+01
8.906116485595703125e+01
6.103196716308593750e+01
1.114201126098632812e+02
8.058440208435058594e+00
2.023557186126708984e+00
4.160737228393554688e+01
1.330435752868652344e+01
1.633231544494628906e+01
8.356097221374511719e+00
1.041749286651611328e+01
7.173113346099853516e+00
5.358630752563476562e+01
5.255950450897216797e+00
1.522487068176269531e+01
3.571550750732421875e+01
3.378588914871215820e+00
4.776265621185302734e+00
1.241083145141601562e+01
9.727677345275878906e+00
2.114318466186523438e+01
3.285813903808593750e+01
3.259933471679687500e+01
1.393950843811035156e+01
3.256932973861694336e+00
1.226610088348388672e+01
4.667629623413085938e+01
2.921443223953247070e+00
7.086651611328125000e+01
2.506442260742187500e+01
1.062990093231201172e+01
1.429942607879638672e+01
4.568621516227722168e-01
2.329897117614746094e+01
2.725792694091796875e+01
2.784453153610229492e+00
2.238954734802246094e+01
1.483253860473632812e+01
2.371244907379150391e+00
9.312251091003417969e+00
1.700193214416503906e+01
4.379064083099365234e+00
1.194652271270751953e+01
5.061445617675781250e+01
5.221753120422363281e+00
2.360895729064941406e+01
1.849194335937500000e+01
2.432364702224731445e+00
2.281396389007568359e+00
1.672173309326171875e+01
3.255498886108398438e+01
3.046329689025878906e+01
1.887835693359375000e+01
1.827707481384277344e+01
1.195423793792724609e+01
8.226643800735473633e-01
2.316431999206542969e+01
1.139458942413330078e+01
2.914317607879638672e+00
1.246036291122436523e+00
1.660242843627929688e+01
3.285078525543212891e+00
2.773041343688964844e+01
1.410777449607849121e+00
1.353636264801025391e+01
2.913936424255371094e+01
1.970871567726135254e+00
1.548619508743286133e+00
4.011915683746337891e+00
1.973534822463989258e+00
3.828073024749755859e+00
5.593585968017578125e+00
3.258961868286132812e+01
1.565420532226562500e+01
8.505043387413024902e-01
3.250050783157348633e+00
1.957418251037597656e+01
5.165866851806640625e+00
5.032322692871093750e+01
6.395404338836669922e+00
1.597198963165283203e+01
4.158668518066406250e+00
2.238748520612716675e-01
9.881221771240234375e+00
3.265104293823242188e+01
6.044775485992431641e+00
6.837615489959716797e+00
1.120996475219726562e+01
2.038656711578369141e+00
3.974913597106933594e+00
1.574080562591552734e+01
6.331637501716613770e-01
1.745564937591552734e+00
2.515429115295410156e+01
8.228872299194335938e+00
1.437005329132080078e+01
1.829100036621093750e+01
9.381802082061767578e-01
2.333102464675903320e+00
2.869146347045898438e+00
4.445941543579101562e+01
9.311516761779785156e+00
7.062372207641601562e+00
8.102604675292968750e+01
4.458737373352050781e+00
4.201840877532958984e+00
5.994536876678466797e+00
5.752705097198486328e+00
6.905797004699707031e+00
1.167841625213623047e+01
2.321367454528808594e+01
4.872164726257324219e+00
1.868521881103515625e+01
8.720362663269042969e+00
1.109764099121093750e+01
1.366368103027343750e+01
3.492919683456420898e+00
4.438980579376220703e+00
2.153321266174316406e+00
2.765414428710937500e+01
2.922276306152343750e+01
3.453923797607421875e+01
2.663276290893554688e+01
2.356760263442993164e+00
4.604955196380615234e+00
1.876182746887207031e+01
2.705848884582519531e+01
5.745268344879150391e+00
6.799413681030273438e+00
1.595539283752441406e+01
7.701444149017333984e+00
3.572294712066650391e+00
2.119405984878540039e+00
1.615578413009643555e+00
3.395430564880371094e+00
2.351290893554687500e+01
2.067954444885253906e+01
5.950090885162353516e+00
7.191247463226318359e+00
1.792020606994628906e+01
6.907038211822509766e+00
1.063190269470214844e+01
2.164797782897949219e+01
2.979765510559082031e+01
6.890898227691650391e+00
1.867484092712402344e+01
1.265139770507812500e+01
4.149991989135742188e+00
1.112693977355957031e+01
9.184457778930664062e+00
8.110102844238281250e+01
1.192740249633789062e+02
4.977793502807617188e+01
1.245077743530273438e+02
1.840847587585449219e+01
8.225697875022888184e-01
5.538132095336914062e+01
1.372237205505371094e+01
7.295619487762451172e+00
9.885327339172363281e+00
1.844926071166992188e+01
3.029606580734252930e+00
6.950683593750000000e+01
1.417920112609863281e+01
4.362779998779296875e+01
4.112394714355468750e+01
9.758299827575683594e+00
5.431519031524658203e+00
1.517611312866210938e+01
1.287402534484863281e+01
2.959905624389648438e+01
7.534040832519531250e+01
5.304046630859375000e+01
8.828766822814941406e+00
7.395855426788330078e+00
1.820758438110351562e+01
6.955017089843750000e+01
5.997504234313964844e+00
6.922038269042968750e+01
5.337615966796875000e+01
1.260753726959228516e+01
2.243995094299316406e+01
1.328827738761901855e+00
2.073547935485839844e+01
2.550018501281738281e+01
1.198719596862792969e+01
5.679800796508789062e+01
3.433042526245117188e+01
4.613863945007324219e+00
2.332196617126464844e+01
3.426358795166015625e+01
6.458408832550048828e+00
3.301925659179687500e+01
2.513173675537109375e+01
1.067233943939208984e+01
3.917150497436523438e+01
2.971167755126953125e+01
1.892726898193359375e+00
1.110635089874267578e+01
2.180602073669433594e+01
7.490812683105468750e+01
2.039526176452636719e+01
1.529313564300537109e+01
1.212647781372070312e+02
2.569799423217773438e+00
4.162711143493652344e+00
2.138510322570800781e+01
9.780447959899902344e+00
7.077330112457275391e+00
7.085576534271240234e+00
4.843926239013671875e+01
5.826352119445800781e+00
5.395439147949218750e+01
8.578094482421875000e+00
1.225577831268310547e+01
4.019806289672851562e+01
2.526521205902099609e+00
3.200549364089965820e+00
3.973778963088989258e+00
4.132891082763671875e+01
5.567626571655273438e+01
5.022237014770507812e+01
7.551825714111328125e+01
4.818240642547607422e+00
8.059964179992675781e+00
3.108865737915039062e+01
3.578510665893554688e+01
6.793249130249023438e+00
3.115111160278320312e+01
2.055783462524414062e+01
9.810921669006347656e+00
7.490674972534179688e+00
1.451152801513671875e+00
4.807811737060546875e+00
5.079990863800048828e+00
3.955804443359375000e+01
1.883865737915039062e+01
2.360337066650390625e+01
8.776087760925292969e+00
2.364130020141601562e+01
2.004149436950683594e+01
1.564525985717773438e+01
2.119221878051757812e+01
5.703472518920898438e+01
2.528689861297607422e+00
4.230232238769531250e+01
2.153296089172363281e+01
5.431942939758300781e+00
1.199030590057373047e+01
1.176536083221435547e+01
