1.444284343719482422e+01
2.426570653915405273e+00
1.332040100097656250e+02
6.501230716705322266e+00
8.693724632263183594e+00
3.475924253463745117e+00
6.129882812500000000e+01
4.415005493164062500e+01
1.123619155883789062e+02
1.643683815002441406e+01
1.417944812774658203e+01
7.420643615722656250e+01
1.792268943786621094e+01
8.906210899353027344e+00
1.866204071044921875e+01
2.476951217651367188e+01
2.495967483520507812e+01
1.127906608581542969e+01
1.518954620361328125e+02
4.124979782104492188e+01
6.302032470703125000e+01
4.721346282958984375e+01
9.462687683105468750e+01
9.674960136413574219e+00
2.992705726623535156e+01
5.837225723266601562e+01
2.456973266601562500e+01
3.094260215759277344e+00
1.219321060180664062e+01
7.228396892547607422e+00
9.036223602294921875e+01
1.711411743164062500e+02
4.964872896671295166e-01
1.905257225036621094e+01
8.499066925048828125e+01
1.938665390014648438e+01
1.446688537597656250e+02
5.794828891754150391e+00
1.320286369323730469e+01
1.702758216857910156e+01
2.073636627197265625e+01
4.158212280273437500e+01
3.072755622863769531e+01
7.392732620239257812e+00
2.256378173828125000e+01
8.541668701171875000e+01
6.238682174682617188e+01
6.958272552490234375e+01
5.163745880126953125e+01
1.228395557403564453e+01
4.342638778686523438e+01
1.754399871826171875e+01
5.536005401611328125e+01
1.813479614257812500e+01
7.460676574707031250e+01
1.956520080566406250e+01
3.149265480041503906e+01
2.137207031250000000e+01
2.913356304168701172e+00
7.946361064910888672e+00
5.850017547607421875e+01
1.625172615051269531e+01
3.506970882415771484e+00
6.873743057250976562e+00
7.726151275634765625e+01
8.433378219604492188e+00
5.586690902709960938e+01
9.292266845703125000e+01
1.227371501922607422e+01
3.426367950439453125e+01
3.869477462768554688e+01
2.133934736251831055e+00
2.062341117858886719e+01
8.049420928955078125e+01
5.214014434814453125e+01
6.669666290283203125e+00
1.287952423095703125e+02
2.172047615051269531e+01
1.409048919677734375e+02
3.694411849975585938e+01
9.805234527587890625e+01
1.883607673645019531e+01
3.807643175125122070e+00
9.850213623046875000e+01
6.437011718750000000e+00
1.846360015869140625e+01
2.479001159667968750e+02
2.341301536560058594e+01
1.148498249053955078e+01
7.960398101806640625e+01
5.556825256347656250e+01
9.031379699707031250e+00
7.497883319854736328e+00
1.374062347412109375e+02
6.321478366851806641e+00
2.284193611145019531e+01
1.135232391357421875e+02
1.258641662597656250e+02
9.809843301773071289e-01
1.104840755462646484e+01
1.714523696899414062e+01
4.356467819213867188e+01
1.631933746337890625e+02
2.572758102416992188e+01
1.398093261718750000e+02
3.070040702819824219e+01
7.311256408691406250e+01
7.081690216064453125e+01
5.169733047485351562e+01
1.731122589111328125e+01
3.791329193115234375e+01
9.569329833984375000e+01
1.469776916503906250e+01
5.856954574584960938e+00
1.156022033691406250e+02
4.180173492431640625e+01
6.604377746582031250e+01
4.080446243286132812e+01
6.823363494873046875e+01
3.969827270507812500e+01
8.449037170410156250e+01
4.127801895141601562e+01
1.112552947998046875e+02
7.659058380126953125e+01
6.805731964111328125e+01
3.600593566894531250e+01
1.235694122314453125e+02
2.981993675231933594e+01
1.213511734008789062e+02
2.355180168151855469e+01
1.473077697753906250e+02
2.241466064453125000e+02
9.573847770690917969e+00
2.602255630493164062e+01
6.129074859619140625e+01
1.424020099639892578e+01
4.242894287109375000e+02
8.328548431396484375e+01
2.965362739562988281e+01
7.537113189697265625e+01
5.044759750366210938e+01
9.602416992187500000e+01
2.550134277343750000e+01
2.766334772109985352e+00
6.527470588684082031e+00
3.147254333496093750e+02
5.844228744506835938e+01
2.075090332031250000e+02
3.679457092285156250e+01
2.391106796264648438e+01
2.617954826354980469e+01
3.165887260437011719e+01
1.962754516601562500e+02
4.598690795898437500e+01
1.186479797363281250e+02
6.584995269775390625e+01
1.006247329711914062e+02
3.819904708862304688e+01
5.351232147216796875e+01
2.142019844055175781e+01
1.159916305541992188e+02
1.472923736572265625e+02
1.288553237915039062e+01
7.682164764404296875e+01
1.075298995971679688e+02
9.681072235107421875e+01
4.222289657592773438e+01
9.152148437500000000e+01
2.149387664794921875e+02
1.132820205688476562e+02
2.636498718261718750e+02
1.294454765319824219e+01
2.093766784667968750e+02
1.457338562011718750e+02
1.670119628906250000e+02
4.790790939331054688e+01
1.760693054199218750e+02
3.470433425903320312e+01
9.565877532958984375e+01
2.858119392395019531e+01
3.589574890136718750e+02
2.567659606933593750e+02
5.213910102844238281e+00
8.037276268005371094e+00
8.156443023681640625e+01
1.642884826660156250e+01
8.126962890625000000e+02
3.893502044677734375e+01
9.629528045654296875e+00
1.022169570922851562e+02
6.330831527709960938e+01
6.534155273437500000e+01
3.187649345397949219e+01
1.246359329223632812e+02
1.890936279296875000e+01
3.030404968261718750e+02
2.161555023193359375e+02
2.676985168457031250e+02
6.270355224609375000e+01
7.437551879882812500e+01
4.026191711425781250e+01
1.628391504287719727e+00
6.917145538330078125e+01
9.025403261184692383e-01
9.697916030883789062e+00
1.299937591552734375e+02
2.727938079833984375e+01
5.857058048248291016e+00
1.198726806640625000e+02
2.527388763427734375e+01
4.505898952484130859e+00
1.157936325073242188e+02
1.754870033264160156e+01
2.161086845397949219e+01
1.348231811523437500e+02
2.545071792602539062e+01
1.153418064117431641e+01
6.546225738525390625e+01
5.014945602416992188e+01
1.112029418945312500e+02
2.655798912048339844e+00
1.428594875335693359e+01
2.829267883300781250e+02
2.271651268005371094e+01
2.530889701843261719e+01
1.658449707031250000e+02
7.013491821289062500e+01
6.808441638946533203e+00
1.627595672607421875e+02
3.922607421875000000e+01
2.973775291442871094e+01
1.344926605224609375e+02
2.409077644348144531e+00
2.856507873535156250e+01
4.573977661132812500e+01
9.384448051452636719e+00
5.470336303710937500e+02
2.824334621429443359e+00
5.495534515380859375e+01
5.373131561279296875e+01
2.248259429931640625e+02
2.043100357055664062e+01
2.667748451232910156e+01
7.225110626220703125e+01
3.030952262878417969e+01
2.261783905029296875e+02
9.185669708251953125e+01
1.270703582763671875e+02
3.667937469482421875e+01
5.701001167297363281e+00
3.787266540527343750e+01
7.298242092132568359e+00
1.586753997802734375e+02
1.948151016235351562e+01
4.911399459838867188e+01
4.572809982299804688e+01
1.025319366455078125e+02
1.885021209716796875e+01
1.066038436889648438e+02
2.547532272338867188e+01
3.283202743530273438e+01
9.480671691894531250e+01
2.300707054138183594e+01
3.259678649902343750e+01
1.444469928741455078e+01
5.408015060424804688e+01
2.111744117736816406e+01
1.015742683410644531e+01
2.822178955078125000e+02
4.640995407104492188e+01
2.169082336425781250e+02
3.719148254394531250e+01
1.253785018920898438e+02
1.001731491088867188e+02
1.411313323974609375e+02
8.645223999023437500e+01
5.888365554809570312e+01
8.330718040466308594e+00
7.538495063781738281e+00
3.142105293273925781e+01
2.614901123046875000e+02
2.635839843750000000e+02
2.717504024505615234e+00
7.214070892333984375e+01
6.984932422637939453e+00
2.444648361206054688e+01
5.734095458984375000e+02
8.732701301574707031e+00
1.335885620117187500e+01
6.303400421142578125e+01
6.197626113891601562e+01
6.835328674316406250e+01
1.698335075378417969e+01
8.058255004882812500e+01
2.386392021179199219e+01
3.509722595214843750e+02
1.293096771240234375e+02
2.242238616943359375e+02
6.210025024414062500e+01
4.550130462646484375e+01
3.340903472900390625e+01
8.702283859252929688e+00
1.351240386962890625e+02
2.190323829650878906e+00
5.270730972290039062e+00
9.580612182617187500e+00
8.439244079589843750e+01
2.273293304443359375e+01
8.164872741699218750e+01
1.884860038757324219e+01
1.002769470214843750e+01
3.838902664184570312e+01
1.950575256347656250e+01
2.964898490905761719e+01
4.348400115966796875e+01
5.728700637817382812e+00
3.147576141357421875e+01
6.801436901092529297e+00
1.319703063964843750e+02
1.778114509582519531e+01
7.784514617919921875e+01
4.237255859375000000e+01
3.104245376586914062e+01
5.180502700805664062e+01
1.790129280090332031e+01
1.103477478027343750e+02
8.639928436279296875e+01
5.532526493072509766e+00
4.019539642333984375e+01
3.718989944458007812e+01
7.266000366210937500e+01
2.285653686523437500e+02
3.726949095726013184e-01
2.962296676635742188e+01
4.916606140136718750e+01
6.282119274139404297e+00
2.387108154296875000e+02
1.384431600570678711e+00
1.833126068115234375e+01
4.622740173339843750e+01
6.132820129394531250e+01
1.199808692932128906e+01
5.627391815185546875e+00
2.303752326965332031e+01
2.491819763183593750e+01
2.638501586914062500e+02
4.769817352294921875e+01
8.374257087707519531e+00
6.765205383300781250e+00
1.325337314605712891e+01
2.897521400451660156e+01
1.459258842468261719e+01
2.868788146972656250e+01
3.194000244140625000e+01
3.410786437988281250e+01
1.201616973876953125e+02
1.177594947814941406e+01
3.353474044799804688e+01
8.414784240722656250e+01
8.761396408081054688e+00
8.631285858154296875e+01
1.208466186523437500e+02
1.537013721466064453e+01
1.947640037536621094e+01
1.682947540283203125e+02
7.528224182128906250e+01
1.649101066589355469e+01
7.654666137695312500e+01
3.575932312011718750e+01
9.774503326416015625e+01
7.578932189941406250e+01
8.232629776000976562e+00
1.972949981689453125e+02
3.967589569091796875e+01
1.436326694488525391e+01
1.248287677764892578e+01
3.419649124145507812e+01
1.482485771179199219e+01
2.043497772216796875e+02
1.835881614685058594e+01
8.491468429565429688e+00
5.875542449951171875e+01
1.140778446197509766e+01
2.942590904235839844e+01
2.131095504760742188e+01
2.827082252502441406e+01
4.689971008300781250e+02
5.107412338256835938e+01
1.814598846435546875e+01
6.041429138183593750e+01
6.691606140136718750e+01
1.012842941284179688e+02
5.282329940795898438e+01
9.382384490966796875e+01
2.620770454406738281e+01
8.716197204589843750e+01
9.697183990478515625e+01
1.980511627197265625e+02
4.769862747192382812e+01
1.168787384033203125e+01
6.217970657348632812e+01
3.787128067016601562e+01
2.382886047363281250e+02
1.375296688079833984e+01
1.043329696655273438e+02
1.261823348999023438e+02
1.122142562866210938e+02
4.244398498535156250e+01
1.353518371582031250e+02
3.332789993286132812e+01
1.034083099365234375e+02
1.337163391113281250e+02
1.343619441986083984e+01
3.716260910034179688e+01
1.193150863647460938e+02
6.920163726806640625e+01
4.720441055297851562e+01
1.337735290527343750e+02
4.246428680419921875e+01
1.277975997924804688e+02
2.485213317871093750e+02
3.465424728393554688e+01
1.600291442871093750e+02
9.631341552734375000e+01
1.053670349121093750e+02
4.977766799926757812e+01
1.916040191650390625e+02
3.783329391479492188e+01
1.693727111816406250e+02
2.924465942382812500e+01
3.642840881347656250e+02
3.257955932617187500e+02
6.901255130767822266e+00
1.538717041015625000e+02
1.010960922241210938e+02
2.508900260925292969e+01
2.675829467773437500e+02
3.362052154541015625e+01
7.811829566955566406e+00
1.244696121215820312e+02
8.225599288940429688e+00
1.355624847412109375e+02
2.477737426757812500e+01
1.069025039672851562e+02
1.959917259216308594e+01
3.489980163574218750e+02
2.381830444335937500e+02
3.402848205566406250e+02
1.307581615447998047e+01
3.612785720825195312e+01
2.397161483764648438e+01
1.038202571868896484e+01
1.676259918212890625e+02
2.941592931747436523e+00
3.678137969970703125e+01
3.149588623046875000e+02
6.774437427520751953e+00
2.828665924072265625e+01
1.172810211181640625e+02
2.790245819091796875e+01
7.454957962036132812e+00
2.304727020263671875e+02
1.636179161071777344e+01
7.474211883544921875e+01
2.170872039794921875e+02
1.039375457763671875e+02
2.859951019287109375e+00
5.363137054443359375e+01
5.163308334350585938e+01
1.596002655029296875e+02
6.844227600097656250e+01
3.234545516967773438e+01
3.837841491699218750e+02
5.563563156127929688e+01
7.496054840087890625e+01
7.235005187988281250e+01
1.356416225433349609e+01
4.288419246673583984e+00
2.268323211669921875e+02
2.351984977722167969e+01
1.270797500610351562e+02
1.952074584960937500e+02
9.165390968322753906e+00
3.870718383789062500e+01
4.210667419433593750e+01
3.000805473327636719e+01
9.400740966796875000e+02
3.653307723999023438e+01
1.654372978210449219e+01
9.124551391601562500e+01
2.036412506103515625e+02
9.280707550048828125e+01
1.004085922241210938e+02
7.693973541259765625e+01
1.094396591186523438e+01
4.977306518554687500e+02
2.039944458007812500e+02
3.459600524902343750e+02
1.042459487915039062e+02
1.764770317077636719e+01
