4.169304668903350830e-01
4.240816533565521240e-01
5.311945915222167969e+00
7.774229049682617188e-01
1.475438117980957031e+00
1.165232062339782715e+00
3.246189832687377930e+00
2.211938619613647461e+00
2.835338830947875977e+00
4.841930046677589417e-02
6.540350317955017090e-01
1.485709190368652344e+00
1.775374263525009155e-01
7.710041403770446777e-01
8.180462718009948730e-01
1.607592940330505371e+00
7.078370451927185059e-01
5.412631034851074219e-01
1.311484336853027344e+00
4.112159907817840576e-01
6.517752170562744141e+00
3.124122619628906250e-01
1.822963953018188477e+00
8.187513351440429688e-01
3.539705514907836914e+00
2.555040597915649414e+00
1.425946593284606934e+00
7.643943279981613159e-02
1.235654950141906738e+00
3.831600844860076904e-01
3.975351095199584961e+00
8.488643646240234375e+00
3.147464245557785034e-02
4.224528372287750244e-01
1.836864590644836426e+00
3.130529075860977173e-02
2.055200576782226562e+00
8.733336925506591797e-01
6.862402707338333130e-02
2.719583213329315186e-01
4.481435716152191162e-01
2.700680971145629883e+00
9.770339727401733398e-02
9.821934700012207031e-01
9.566736221313476562e-02
4.930036544799804688e+00
7.432329058647155762e-01
2.270258665084838867e+00
2.157726526260375977e+00
2.195701189339160919e-02
8.119965195655822754e-01
4.657148718833923340e-01
1.572708368301391602e+00
6.789904236793518066e-01
2.993763446807861328e+00
1.104523539543151855e+00
6.421028375625610352e-01
5.448837876319885254e-01
8.704228997230529785e-01
3.497913107275962830e-02
1.170261025428771973e+00
6.046677231788635254e-01
4.298863559961318970e-02
4.302607178688049316e-01
1.655594110488891602e+00
8.713778853416442871e-01
1.607185840606689453e+00
1.483382701873779297e+00
6.546221971511840820e-01
3.823574483394622803e-01
9.192544221878051758e-01
5.283498391509056091e-02
1.172250866889953613e+00
2.434858083724975586e+00
2.705246925354003906e+00
1.396601319313049316e+00
3.060057878494262695e+00
4.924415647983551025e-01
2.038310289382934570e+00
3.464098215103149414e+00
2.031848430633544922e+00
9.404143095016479492e-01
1.013447903096675873e-02
3.478462219238281250e+00
1.976564079523086548e-01
9.125129878520965576e-02
3.309945344924926758e+00
8.521856069564819336e-01
4.075866043567657471e-01
1.262517929077148438e+00
4.123527109622955322e-01
1.272203683853149414e+00
9.670196473598480225e-02
1.551792621612548828e+00
1.559442132711410522e-01
3.443660736083984375e+00
9.801954627037048340e-01
4.046621799468994141e+00
5.192065834999084473e-01
9.810061007738113403e-02
4.820006489753723145e-01
2.070983171463012695e+00
6.646350383758544922e+00
8.447073698043823242e-01
4.453857421875000000e+00
1.807792067527770996e+00
3.678007602691650391e+00
2.427591085433959961e+00
1.539905428886413574e+00
4.426724463701248169e-02
1.663948059082031250e+00
1.459353446960449219e+00
1.515922248363494873e-01
1.002157330513000488e+00
3.098334789276123047e+00
1.336801528930664062e+00
2.036332130432128906e+00
2.795710086822509766e+00
5.857712626457214355e-01
6.330285072326660156e-01
5.178231239318847656e+00
3.136795759201049805e-01
2.714862585067749023e+00
3.593364953994750977e+00
9.761970520019531250e+00
6.976911544799804688e+00
7.111237049102783203e+00
2.897749841213226318e-01
3.281614542007446289e+00
3.261319160461425781e+00
4.325522422790527344e+00
4.105788230895996094e+00
2.161207981407642365e-02
1.570395112037658691e+00
2.060149192810058594e+00
7.900951057672500610e-02
3.663451910018920898e+00
3.592756032943725586e+00
1.790244430303573608e-01
8.538905978202819824e-01
4.857913255691528320e-01
3.886343240737915039e+00
1.724186986684799194e-01
1.386187195777893066e+00
1.808386594057083130e-01
1.219722652435302734e+01
1.084898948669433594e+00
3.431883811950683594e+00
1.220148682594299316e+00
1.485850661993026733e-01
6.845639944076538086e-01
1.055535912513732910e+00
5.422411918640136719e+00
6.583746075630187988e-01
7.627603054046630859e+00
2.054412841796875000e+00
2.554570674896240234e+00
2.351784467697143555e+00
1.533315181732177734e+00
7.963211089372634888e-02
8.242644667625427246e-01
4.347784996032714844e+00
2.448409795761108398e-01
1.357990384101867676e+00
9.886945486068725586e-01
3.681667566299438477e+00
1.077490925788879395e+00
1.353292107582092285e+00
1.069707036018371582e+00
8.486961126327514648e-01
3.624303102493286133e+00
1.599345058202743530e-01
2.384509325027465820e+00
3.664958238601684570e+00
1.301595687866210938e+01
1.948234081268310547e+00
3.634429931640625000e+00
3.038248121738433838e-01
1.670804262161254883e+00
9.696078896522521973e-01
7.900972366333007812e+00
3.716380119323730469e+00
1.285581439733505249e-01
6.914137601852416992e-01
5.925608277320861816e-01
6.745292246341705322e-02
6.607450485229492188e+00
1.435105323791503906e+00
1.659128814935684204e-01
7.908740639686584473e-01
4.772419333457946777e-01
5.985848426818847656e+00
1.153126880526542664e-01
3.334731101989746094e+00
7.768727838993072510e-02
8.235931396484375000e+00
3.449702501296997070e+00
9.792086601257324219e+00
1.928645372390747070e+00
1.073516756296157837e-01
7.801752090454101562e-01
5.115031599998474121e-01
3.097810029983520508e+00
3.203864097595214844e-01
1.706555366516113281e+00
9.451980590820312500e+00
1.037752866744995117e+00
6.666715741157531738e-01
4.603038787841796875e+00
1.317453384399414062e-01
4.334416985511779785e-01
1.298663139343261719e+00
7.362733036279678345e-02
1.822223186492919922e+00
4.670812606811523438e+00
1.980242490768432617e+00
8.997318148612976074e-01
1.289813280105590820e+00
6.522707939147949219e-01
2.922025442123413086e+00
1.876952171325683594e+00
2.568385303020477295e-01
6.348381996154785156e+00
1.016649246215820312e+00
2.737753629684448242e+00
8.135045051574707031e+00
2.866279363632202148e+00
2.501287758350372314e-01
6.789474487304687500e+00
6.746492981910705566e-01
1.345966100692749023e+00
3.295772790908813477e+00
1.055252924561500549e-02
6.882280707359313965e-01
5.335249900817871094e-01
4.643009975552558899e-02
4.562342166900634766e+00
1.646771192550659180e+00
5.533930659294128418e-01
4.978131949901580811e-01
1.404465079307556152e+00
2.826134681701660156e+00
2.860440611839294434e-01
4.697790622711181641e+00
5.538831353187561035e-01
1.749842643737792969e+01
6.994502544403076172e-01
2.051897764205932617e+00
2.483118534088134766e+00
2.041047252714633942e-02
1.123548865318298340e+00
4.671163856983184814e-01
6.328908443450927734e+00
1.026648640632629395e+00
5.225013256072998047e+00
4.481115341186523438e+00
3.820868253707885742e+00
1.513079404830932617e+00
3.788790702819824219e+00
1.015018746256828308e-01
1.081511378288269043e+00
1.999251484870910645e+00
4.833665788173675537e-01
2.323949337005615234e+00
1.194284915924072266e+00
4.225437641143798828e+00
1.812033891677856445e+00
1.217522740364074707e+00
1.989014744758605957e+00
1.109778523445129395e+00
5.634719848632812500e+00
3.752463161945343018e-01
2.256346225738525391e+00
2.038477420806884766e+00
9.928236007690429688e+00
3.378454446792602539e+00
2.608909368515014648e+00
2.293030023574829102e-01
1.914372444152832031e+00
8.911614418029785156e-01
9.205330848693847656e+00
6.920609474182128906e+00
7.700793445110321045e-02
1.416903614997863770e+00
6.240670680999755859e-01
1.144783794879913330e-01
7.268367290496826172e+00
9.211708307266235352e-01
3.321634829044342041e-01
8.323031067848205566e-01
6.841769814491271973e-01
3.769665718078613281e+00
3.154580891132354736e-01
4.336750030517578125e+00
4.959963262081146240e-01
1.007839488983154297e+01
2.928132534027099609e+00
6.716994762420654297e+00
2.266132354736328125e+00
5.548613145947456360e-02
4.872585535049438477e-01
5.062453150749206543e-01
6.578493595123291016e+00
3.477580547332763672e-01
1.527314424514770508e+00
1.303645372390747070e+00
2.212756156921386719e+00
1.205888509750366211e+00
2.192701816558837891e+00
7.762162387371063232e-02
5.263213515281677246e-01
8.511735796928405762e-01
2.256675064563751221e-01
2.636536836624145508e+00
2.475824356079101562e+00
7.838587164878845215e-01
3.494681119918823242e+00
7.065423130989074707e-01
1.259263396263122559e+00
4.439560770988464355e-01
3.344362735748291016e+00
3.374182581901550293e-01
1.553602099418640137e+00
1.496023535728454590e+00
3.729029417037963867e+00
6.249477386474609375e+00
4.996960163116455078e+00
1.168972402811050415e-01
2.416808843612670898e+00
1.138999462127685547e+00
2.455909729003906250e+00
4.758234977722167969e+00
9.138799272477626801e-03
2.212894439697265625e+00
1.163853049278259277e+00
2.908423542976379395e-02
1.952501416206359863e+00
1.029296755790710449e+00
1.555365175008773804e-01
7.030658721923828125e-01
6.317120790481567383e-01
1.792496562004089355e+00
1.048197224736213684e-01
1.047350645065307617e+00
1.688514947891235352e-01
1.011488914489746094e+01
5.404334664344787598e-01
2.054657697677612305e+00
9.855937361717224121e-01
3.281625360250473022e-02
7.065843939781188965e-01
8.937817215919494629e-01
1.874382853507995605e+00
1.034430384635925293e+00
2.435702085494995117e+00
4.312669277191162109e+00
5.882177948951721191e-01
7.622227668762207031e-01
2.703804969787597656e+00
9.133073687553405762e-02
2.182649612426757812e+00
3.741475105285644531e+00
4.566783457994461060e-02
8.716691136360168457e-01
1.940493583679199219e+00
4.088241100311279297e+00
5.964785814285278320e-01
1.648025155067443848e+00
6.489554047584533691e-01
1.932307243347167969e+00
1.303329586982727051e+00
6.678041815757751465e-02
6.872927188873291016e+00
1.222225189208984375e+00
2.162367582321166992e+00
1.841349840164184570e+00
2.019981861114501953e+00
3.515816628932952881e-01
4.805498600006103516e+00
8.665612339973449707e-01
1.199528098106384277e+00
1.858999848365783691e+00
2.022129297256469727e-02
6.449720263481140137e-01
2.677877247333526611e-01
8.654045313596725464e-02
3.768793106079101562e+00
3.283277750015258789e+00
2.126100212335586548e-01
5.257095098495483398e-01
1.014470577239990234e+00
2.995564460754394531e+00
4.512675702571868896e-01
3.179037570953369141e+00
2.782032489776611328e-01
4.931869029998779297e+00
5.994663834571838379e-01
3.385741233825683594e+00
3.795723676681518555e+00
5.579741671681404114e-02
1.207327008247375488e+00
8.633673787117004395e-01
7.151489734649658203e+00
6.885705590248107910e-01
6.226861953735351562e+00
4.958134651184082031e+00
2.340257883071899414e+00
1.342517971992492676e+00
2.436231374740600586e+00
8.541484177112579346e-02
1.201772451400756836e+00
1.494048833847045898e+00
1.745184510946273804e-01
1.236636400222778320e+00
2.236393928527832031e+00
3.246773481369018555e+00
1.479130744934082031e+00
3.685794591903686523e+00
7.144166827201843262e-01
2.053486824035644531e+00
4.112242221832275391e+00
2.475217282772064209e-01
3.505487680435180664e+00
3.117001533508300781e+00
1.215936565399169922e+01
4.388695240020751953e+00
3.868686914443969727e+00
4.356002211570739746e-01
4.091682910919189453e+00
1.543703079223632812e+00
8.107247352600097656e+00
3.629456996917724609e+00
8.032252639532089233e-02
1.584457039833068848e+00
4.587056636810302734e-01
1.035443618893623352e-01
1.321849536895751953e+01
1.357378125190734863e+00
2.148057818412780762e-01
1.628590226173400879e+00
5.027842521667480469e-01
5.973834037780761719e+00
1.332658976316452026e-01
4.035341262817382812e+00
2.432799637317657471e-01
1.516894626617431641e+01
2.620986223220825195e+00
5.822164535522460938e+00
1.407597422599792480e+00
6.787699460983276367e-02
9.927696585655212402e-01
7.315327525138854980e-01
3.199077367782592773e+00
6.059544682502746582e-01
3.005222320556640625e+00
1.104522895812988281e+01
9.355086684226989746e-01
8.697148561477661133e-01
5.741733551025390625e+00
2.541677951812744141e-01
7.455706596374511719e-01
3.292357921600341797e+00
5.963943526148796082e-02
1.642901182174682617e+00
3.077064752578735352e+00
5.140450000762939453e+00
6.410078406333923340e-01
2.420126438140869141e+00
7.162247300148010254e-01
4.443750858306884766e+00
2.176625490188598633e+00
1.714456975460052490e-01
1.110949897766113281e+01
1.316304564476013184e+00
3.870798349380493164e+00
4.513836860656738281e+00
2.100684404373168945e+00
3.261215686798095703e-01
8.192313194274902344e+00
7.253201603889465332e-01
2.245868682861328125e+00
3.639353275299072266e+00
3.042762726545333862e-02
6.446921825408935547e-01
3.663734793663024902e-01
9.001630544662475586e-02
8.580708503723144531e+00
2.900989294052124023e+00
2.149924933910369873e-01
7.377887368202209473e-01
1.591467857360839844e+00
6.227269649505615234e+00
2.838028371334075928e-01
7.856800079345703125e+00
3.510791659355163574e-01
1.576661968231201172e+01
1.083284735679626465e+00
4.210160255432128906e+00
4.225544452667236328e+00
3.255873918533325195e-02
