3.771996688842773438e+01
1.136638031005859375e+02
8.589609861373901367e-01
1.379989776611328125e+02
1.779162406921386719e+01
1.219694137573242188e+00
3.216154098510742188e+01
7.038761901855468750e+01
2.600208111107349396e-02
1.257284545898437500e+02
1.028241882324218750e+02
5.009558105468750000e+01
8.523487091064453125e+01
2.562114000320434570e+00
8.035825729370117188e+00
9.205004692077636719e+00
4.651156234741210938e+01
4.084482669830322266e+00
1.520787811279296875e+02
8.227311706542968750e+01
2.507604217529296875e+01
1.362124443054199219e+01
1.492482185363769531e+01
5.257028198242187500e+01
9.784584999084472656e+00
7.241503143310546875e+01
3.216720581054687500e+00
1.243193340301513672e+01
7.179518222808837891e+00
1.197449493408203125e+01
7.109677124023437500e+01
2.431402587890625000e+01
1.937205314636230469e+01
5.089825820922851562e+01
8.966120910644531250e+01
4.064573974609375000e+02
3.489876174926757812e+01
6.739524078369140625e+01
1.901220512390136719e+01
3.325459289550781250e+01
5.062145709991455078e+00
5.086205959320068359e+00
1.814059906005859375e+02
1.256771545410156250e+02
1.688448524475097656e+01
1.288739624023437500e+02
3.961206665039062500e+02
3.655172348022460938e+01
1.875959014892578125e+01
4.296010494232177734e+00
1.820462188720703125e+02
7.211013793945312500e+01
6.187444686889648438e+01
3.940943298339843750e+02
7.816904449462890625e+01
8.626953125000000000e+00
1.504583263397216797e+01
9.334121704101562500e+01
3.185396781191229820e-04
4.989646911621093750e+01
7.008732604980468750e+01
1.262254905700683594e+01
8.901562500000000000e+01
1.244652557373046875e+02
4.555328369140625000e+01
1.591574287414550781e+01
1.796793937683105469e+01
2.135428619384765625e+01
2.431296730041503906e+01
8.726780700683593750e+01
5.000690460205078125e+01
6.587022399902343750e+01
9.690622711181640625e+01
2.848032836914062500e+02
2.123598937988281250e+02
2.422687149047851562e+01
8.514654541015625000e+01
4.579261016845703125e+01
1.330391082763671875e+02
1.082387256622314453e+01
6.581540107727050781e+00
5.116605758666992188e+00
1.630485725402832031e+01
7.675534248352050781e+00
1.142429275512695312e+02
4.545931243896484375e+01
2.222830047607421875e+02
1.524177837371826172e+01
1.846505126953125000e+02
7.074179077148437500e+01
6.193667221069335938e+01
1.489490661621093750e+02
6.941187858581542969e+00
4.124057006835937500e+01
5.830891036987304688e+01
1.174029159545898438e+01
1.385350799560546875e+01
1.491531610488891602e+00
6.215080261230468750e+00
7.928494262695312500e+01
1.437942810058593750e+02
8.131421661376953125e+01
1.316541862487792969e+01
1.965405120849609375e+02
1.696483039855957031e+01
3.165277862548828125e+01
1.274519805908203125e+02
2.905389785766601562e+01
4.047518223524093628e-02
9.184112548828125000e+01
5.486591339111328125e+01
1.155710754394531250e+02
4.749729156494140625e+01
1.303804168701171875e+02
3.827521896362304688e+01
1.931298255920410156e+01
5.756334304809570312e+01
1.639409065246582031e+01
2.294081878662109375e+02
1.823560333251953125e+01
8.157990455627441406e+00
6.418664550781250000e+01
1.621838569641113281e+01
1.077165222167968750e+02
9.478223419189453125e+01
1.010049438476562500e+02
4.202761173248291016e+00
8.899544525146484375e+01
7.061488342285156250e+01
5.465686321258544922e+00
7.721027374267578125e+01
1.513272762298583984e+01
8.360633850097656250e+01
5.383155441284179688e+01
4.672854995727539062e+01
5.488136596679687500e+02
5.674017429351806641e+00
5.673209667205810547e+00
7.966043090820312500e+01
7.810007476806640625e+01
9.313070297241210938e+00
1.434799804687500000e+02
6.876885223388671875e+01
3.410407638549804688e+01
1.229107666015625000e+01
3.479682540893554688e+01
1.000703277587890625e+02
1.786877059936523438e+01
1.551444530487060547e+01
1.855599784851074219e+01
3.612983093261718750e+02
2.996605873107910156e+01
2.217975616455078125e+01
2.543468780517578125e+02
5.238154411315917969e+00
2.185542488098144531e+01
4.300714492797851562e+01
4.084493255615234375e+01
1.772919297218322754e-02
1.544328155517578125e+02
3.863807678222656250e+01
1.899963226318359375e+02
4.257865524291992188e+01
9.132377624511718750e+01
2.008810997009277344e+01
4.881991195678710938e+01
1.281233978271484375e+01
8.531599998474121094e+00
1.027108688354492188e+02
4.591804885864257812e+01
5.099671936035156250e+01
4.109563827514648438e+01
6.032353878021240234e+00
9.338031005859375000e+01
7.859251403808593750e+01
2.857401657104492188e+01
3.558178329467773438e+01
2.413404693603515625e+02
6.416635513305664062e+00
2.118667984008789062e+01
7.431195831298828125e+01
2.126532363891601562e+01
2.836335372924804688e+01
2.004566764831542969e+01
1.730154724121093750e+02
2.093567352294921875e+02
9.379935455322265625e+01
8.838224792480468750e+01
4.905936279296875000e+02
1.282347259521484375e+02
9.849865722656250000e+01
1.951414642333984375e+02
6.278344345092773438e+01
1.145603370666503906e+01
3.609803390502929688e+01
1.478263759613037109e+01
4.829869461059570312e+01
3.865290832519531250e+01
3.384050607681274414e+00
9.969163894653320312e+00
2.501526794433593750e+02
6.458496093750000000e+01
3.166875839233398438e+01
3.617150268554687500e+02
9.052935600280761719e+00
6.053433609008789062e+01
2.409668922424316406e+01
2.512203407287597656e+01
2.607760727405548096e-01
1.737617492675781250e+01
1.648312072753906250e+02
4.369421958923339844e+00
3.197805480957031250e+02
2.332719421386718750e+01
2.965603351593017578e+00
3.258633041381835938e+01
3.744501495361328125e+01
3.813977956771850586e+00
6.479726314544677734e+00
2.563370666503906250e+02
5.144898414611816406e+00
2.064768829345703125e+02
1.687672805786132812e+01
9.995500946044921875e+01
7.751530456542968750e+01
4.185363769531250000e+01
1.140180282592773438e+02
2.803668785095214844e+01
3.635057449340820312e+01
2.808167934417724609e+00
9.787054443359375000e+01
4.057560729980468750e+01
1.413135337829589844e+01
1.063969116210937500e+02
2.698520421981811523e+00
4.112959899902343750e+02
7.246702575683593750e+01
1.282408618927001953e+01
1.605497436523437500e+02
4.469867706298828125e+00
8.014747619628906250e+00
4.377105236053466797e+00
5.302687072753906250e+01
4.516796112060546875e+01
7.206132507324218750e+01
9.539778137207031250e+01
1.300504150390625000e+02
2.540655326843261719e+01
5.150606155395507812e+00
5.641661167144775391e+00
9.132270812988281250e+00
1.534801025390625000e+02
2.586145782470703125e+01
2.003001861572265625e+02
1.348030376434326172e+01
4.554641342163085938e+01
3.634675979614257812e+00
2.304169654846191406e+01
1.715016737580299377e-02
1.251796417236328125e+02
2.006381378173828125e+02
4.739179992675781250e+01
2.296825218200683594e+01
1.108255615234375000e+02
2.409412145614624023e+00
1.734030914306640625e+01
1.130704021453857422e+01
1.325289821624755859e+01
4.199022293090820312e+01
6.789688110351562500e+01
1.300412368774414062e+01
2.714555358886718750e+01
2.861199188232421875e+01
1.204045639038085938e+02
6.921200752258300781e+00
1.243635940551757812e+01
2.268353652954101562e+01
6.803405761718750000e+01
8.696066284179687500e+01
1.681350898742675781e+01
1.978447341918945312e+01
1.175723743438720703e+01
1.899698829650878906e+01
1.127467880249023438e+02
3.485357360839843750e+02
9.851426696777343750e+01
8.662020874023437500e+01
2.396596527099609375e+01
3.224154052734375000e+02
1.988726234436035156e+01
5.337620162963867188e+01
1.213036537170410156e+01
8.822930335998535156e+00
2.089486122131347656e+01
2.842537117004394531e+01
1.011685409545898438e+02
3.102218017578125000e+02
2.917630434036254883e+00
1.237480068206787109e+01
9.213080406188964844e+00
2.429486274719238281e+01
1.484049377441406250e+02
6.700589179992675781e+00
5.979225158691406250e+01
9.674283027648925781e+00
3.689990997314453125e+01
3.343132019042968750e+01
3.027783584594726562e+01
2.146383188664913177e-02
1.908836822509765625e+02
9.656026458740234375e+01
2.928246307373046875e+01
1.615151519775390625e+02
2.740056276321411133e+00
6.071090221405029297e+00
3.386400604248046875e+01
3.495592117309570312e+01
7.373808383941650391e+00
6.001855087280273438e+01
1.077390213012695312e+02
3.684173202514648438e+01
4.453184127807617188e+01
6.118416213989257812e+01
2.270213317871093750e+02
4.442695999145507812e+01
6.720471191406250000e+01
4.378235816955566406e+00
3.919880390167236328e+00
2.239878273010253906e+01
9.646339416503906250e+00
5.295313262939453125e+01
1.648821830749511719e+01
7.432411193847656250e+00
1.690021872520446777e+00
9.759116363525390625e+01
1.425429229736328125e+02
1.097830963134765625e+02
4.917584991455078125e+01
1.530388793945312500e+02
8.755245208740234375e+00
4.476638317108154297e+00
1.859353256225585938e+01
1.616722488403320312e+01
1.465603256225585938e+01
2.291880035400390625e+01
1.147797012329101562e+02
3.328259582519531250e+02
3.463925170898437500e+01
1.513742923736572266e+01
2.700457954406738281e+01
2.215773468017578125e+02
1.225422859191894531e+01
9.020342254638671875e+01
1.141317291259765625e+02
1.173568534851074219e+01
1.199753570556640625e+01
1.235802459716796875e+02
1.206211547851562500e+02
1.086891512386500835e-03
6.264272212982177734e+00
7.822164916992187500e+01
7.789156341552734375e+01
5.549566268920898438e+01
1.460133361816406250e+01
5.209136581420898438e+01
3.998804330825805664e+00
2.749995040893554688e+01
1.003551578521728516e+01
8.248336029052734375e+01
2.828427505493164062e+01
3.318842315673828125e+01
1.203544006347656250e+02
8.458649444580078125e+01
9.337791442871093750e+01
5.502146530151367188e+01
3.229340744018554688e+01
1.154215240478515625e+02
8.338182830810546875e+01
2.456347656250000000e+02
3.557963562011718750e+01
5.110084152221679688e+01
1.770788192749023438e+01
7.470199584960937500e+01
4.696005249023437500e+01
5.599687194824218750e+01
1.226633987426757812e+02
2.971802520751953125e+01
1.579118824005126953e+01
3.265113220214843750e+02
1.470351600646972656e+01
8.829161834716796875e+01
9.153617858886718750e+00
1.020080337524414062e+02
4.898903274536132812e+01
5.747924327850341797e+00
4.478220367431640625e+01
1.566458435058593750e+02
2.667861557006835938e+01
1.943154335021972656e+01
4.339521026611328125e+01
2.542946624755859375e+02
4.725737380981445312e+01
1.185885143280029297e+01
7.058113861083984375e+01
7.624600982666015625e+01
3.214805984497070312e+01
5.112493515014648438e+01
4.203890609741210938e+01
9.742184542119503021e-03
2.480555534362792969e+01
1.353836631774902344e+01
2.755196838378906250e+02
7.532550048828125000e+01
4.747399902343750000e+01
8.612416839599609375e+01
1.017148056030273438e+02
1.436339569091796875e+02
5.679623603820800781e+00
1.908630676269531250e+02
9.622732162475585938e+00
2.375186347961425781e+01
2.482521533966064453e+00
4.750889587402343750e+01
4.466025085449218750e+02
2.814377021789550781e+01
1.075591564178466797e+01
2.052504425048828125e+02
1.366952209472656250e+02
1.735594329833984375e+02
1.375502872467041016e+01
4.310514068603515625e+01
1.284597516059875488e+00
5.235710144042968750e+01
4.077519989013671875e+01
7.500352478027343750e+01
4.813723144531250000e+02
1.596465301513671875e+02
7.670736694335937500e+01
1.402716979980468750e+02
1.831297912597656250e+02
4.280899047851562500e+01
7.478945922851562500e+01
1.911963844299316406e+01
5.227342224121093750e+01
6.123979949951171875e+01
1.634119987487792969e+01
9.237805175781250000e+01
5.165863037109375000e+01
1.142745780944824219e+01
7.363979816436767578e+00
2.577379455566406250e+02
1.588228607177734375e+02
1.959092140197753906e+01
2.589439086914062500e+02
1.073184871673583984e+01
7.702671813964843750e+01
7.875210571289062500e+01
3.585123825073242188e+01
2.668671011924743652e-01
8.130489349365234375e+01
4.164626159667968750e+02
3.027252807617187500e+02
2.297112426757812500e+02
2.114966011047363281e+01
6.377791595458984375e+01
4.282462310791015625e+01
8.855120658874511719e+00
5.870662927627563477e-01
4.186165618896484375e+01
6.269659042358398438e+00
2.009961700439453125e+01
3.780760192871093750e+01
6.606833457946777344e+00
1.269843139648437500e+02
6.546632766723632812e+00
6.596427154541015625e+01
1.209725799560546875e+02
2.208496856689453125e+01
1.015310058593750000e+02
1.854783248901367188e+01
8.053741455078125000e+01
1.221445560455322266e+01
8.584855079650878906e+00
3.733997802734375000e+02
2.261342048645019531e+01
6.552640380859375000e+02
8.808343505859375000e+01
8.935623931884765625e+01
2.500532684326171875e+02
1.352081756591796875e+02
1.230907211303710938e+02
4.559349060058593750e+00
3.196663665771484375e+01
2.265771789550781250e+02
1.570993423461914062e+01
5.771978759765625000e+01
6.441099548339843750e+01
1.368575477600097656e+01
3.709020376205444336e+00
6.068719387054443359e+00
