3.086193847656250000e+01
8.682910919189453125e+01
2.528799772262573242e+00
1.157092819213867188e+02
1.885732078552246094e+01
2.770732164382934570e+00
1.872426223754882812e+01
6.558522796630859375e+01
5.316819529980421066e-03
1.083607864379882812e+02
4.819300079345703125e+01
1.059327850341796875e+02
9.224535369873046875e+01
5.453242301940917969e+00
1.421984004974365234e+01
9.410219192504882812e+00
3.636673736572265625e+01
3.797919511795043945e+00
8.964810943603515625e+01
5.436518096923828125e+01
1.511580848693847656e+01
2.487294578552246094e+01
1.192487239837646484e+01
8.406133270263671875e+01
4.937324047088623047e+00
4.415382766723632812e+01
4.425955295562744141e+00
1.209066772460937500e+01
5.718212604522705078e+00
3.647732973098754883e+00
5.446744537353515625e+01
9.655319213867187500e+00
9.135249137878417969e+00
3.391043472290039062e+01
8.459601593017578125e+01
2.965676269531250000e+02
5.261533355712890625e+01
4.356849670410156250e+01
5.577376174926757812e+01
6.512603759765625000e+01
1.591849708557128906e+01
9.806406974792480469e+00
1.035270690917968750e+02
7.368554687500000000e+01
1.491606521606445312e+01
8.546746826171875000e+01
2.262781677246093750e+02
5.979748535156250000e+01
7.212806224822998047e+00
2.814378976821899414e+00
1.194333267211914062e+02
4.941036987304687500e+01
8.637233734130859375e+00
1.310802764892578125e+02
4.425601959228515625e+01
2.063117218017578125e+01
1.896152687072753906e+01
9.695095825195312500e+01
5.007643630960956216e-05
1.627440643310546875e+01
5.612308502197265625e+01
1.990771865844726562e+01
3.370795059204101562e+01
7.586380767822265625e+01
6.495812225341796875e+01
1.686338996887207031e+01
1.708123207092285156e+01
2.444020080566406250e+01
3.580568695068359375e+01
2.795029449462890625e+01
3.016806411743164062e+01
2.620321846008300781e+01
3.439488983154296875e+01
7.218090057373046875e+01
9.561910247802734375e+01
2.994215583801269531e+01
6.659878540039062500e+01
7.658366394042968750e+01
8.854444122314453125e+01
4.752047061920166016e+00
1.194817924499511719e+01
2.918891191482543945e+00
2.091745567321777344e+01
9.009367942810058594e+00
1.006770858764648438e+02
2.749446487426757812e+01
1.459657592773437500e+02
1.005056381225585938e+01
9.402397155761718750e+01
3.244932174682617188e+01
5.564317703247070312e+01
1.006148147583007812e+02
1.512075066566467285e+00
1.246577548980712891e+01
3.367396545410156250e+01
3.030757427215576172e+00
2.262275505065917969e+01
1.773825049400329590e+00
6.804632663726806641e+00
4.829877853393554688e+01
1.737427215576171875e+02
1.360460815429687500e+02
1.642278480529785156e+01
2.415933074951171875e+02
1.798012733459472656e+01
4.970392990112304688e+01
9.400459289550781250e+01
6.939839935302734375e+01
4.764871206134557724e-03
9.350710296630859375e+01
4.359328079223632812e+01
1.887227172851562500e+02
1.349729156494140625e+02
9.507585906982421875e+01
9.289545440673828125e+01
3.164116859436035156e+01
3.322533416748046875e+01
2.810717201232910156e+01
1.318497619628906250e+02
3.571576309204101562e+01
1.446977329254150391e+01
4.699834823608398438e+01
3.024728202819824219e+01
1.040176010131835938e+02
7.560460662841796875e+01
5.969554901123046875e+01
7.448523521423339844e+00
1.028334732055664062e+02
3.460042572021484375e+01
1.104683208465576172e+01
8.971374511718750000e+01
8.348354339599609375e+00
3.651924514770507812e+01
6.106388092041015625e+01
9.395853424072265625e+01
2.415697021484375000e+02
1.603971862792968750e+01
1.113490867614746094e+01
1.650827941894531250e+02
1.040452041625976562e+02
2.985188674926757812e+01
1.711639709472656250e+02
8.843038177490234375e+01
5.473229980468750000e+01
3.446546173095703125e+01
6.383076858520507812e+01
1.295691986083984375e+02
2.509406661987304688e+01
1.583522129058837891e+01
2.249056243896484375e+01
3.232175598144531250e+02
9.344905853271484375e+01
3.315169906616210938e+01
3.159313354492187500e+02
1.386688518524169922e+01
5.421125411987304688e+01
5.389826583862304688e+01
1.101139755249023438e+02
5.015458445996046066e-03
8.988085174560546875e+01
8.619572448730468750e+01
4.092078247070312500e+02
1.025553436279296875e+02
1.437617492675781250e+02
9.789620208740234375e+01
2.835818099975585938e+01
1.456019687652587891e+01
2.471709251403808594e+01
1.371988067626953125e+02
4.707866668701171875e+01
3.604383468627929688e+01
2.567365455627441406e+01
1.542414188385009766e+01
1.329191131591796875e+02
8.492108917236328125e+01
3.044484901428222656e+01
8.962192535400390625e+01
1.738913574218750000e+02
1.075251197814941406e+01
1.010890865325927734e+01
6.325769424438476562e+01
2.973105049133300781e+01
1.935188865661621094e+01
5.106362152099609375e+01
1.517421569824218750e+02
1.790268249511718750e+02
1.916443786621093750e+02
1.370327758789062500e+02
3.874556579589843750e+02
1.533310394287109375e+02
1.178823394775390625e+02
1.679875946044921875e+02
4.644480514526367188e+01
3.691136169433593750e+01
2.842794609069824219e+01
2.760342979431152344e+01
1.870596923828125000e+02
3.192180061340332031e+01
5.503459453582763672e+00
1.174930953979492188e+01
1.760148773193359375e+02
1.342739105224609375e+02
6.084351730346679688e+01
2.188196411132812500e+02
1.180685615539550781e+01
6.393164825439453125e+01
2.676604843139648438e+01
3.017011642456054688e+01
7.038044859655201435e-04
4.708240509033203125e+01
1.750920867919921875e+02
5.676726818084716797e+00
2.592315063476562500e+02
3.645136642456054688e+01
9.298750877380371094e+00
4.653148269653320312e+01
1.457684803009033203e+01
3.728078603744506836e+00
1.332722091674804688e+01
1.783086242675781250e+02
1.489062690734863281e+01
1.943370208740234375e+02
5.463793754577636719e+00
8.942063903808593750e+01
4.945597839355468750e+01
4.702848815917968750e+01
9.537354278564453125e+01
1.736196517944335938e+01
5.754071044921875000e+01
5.536145687103271484e+00
8.585717010498046875e+01
2.190402793884277344e+01
8.352355003356933594e+00
1.495342712402343750e+02
6.955298423767089844e+00
2.042995605468750000e+02
7.370709228515625000e+01
1.649659729003906250e+01
2.442700195312500000e+02
1.059205913543701172e+01
2.781160163879394531e+01
7.205767631530761719e+00
5.132874679565429688e+01
6.273284912109375000e+01
5.328194427490234375e+01
4.404138946533203125e+01
1.783953857421875000e+02
2.922784423828125000e+01
9.356321334838867188e+00
9.892099380493164062e+00
2.334374618530273438e+01
1.758120422363281250e+02
1.977414703369140625e+01
2.288045196533203125e+02
3.344811630249023438e+01
4.662893676757812500e+01
6.444137096405029297e+00
8.063240814208984375e+01
9.932748973369598389e-03
8.193070220947265625e+01
1.334527893066406250e+02
1.116315383911132812e+02
4.756195068359375000e+01
1.561599884033203125e+02
1.841928482055664062e+01
3.270006179809570312e+01
1.713604164123535156e+01
1.197516822814941406e+01
5.537602233886718750e+01
6.142270278930664062e+01
2.376575469970703125e+01
4.013092041015625000e+01
2.758859825134277344e+01
1.402912597656250000e+02
1.257773780822753906e+01
1.993312263488769531e+01
5.170762252807617188e+01
6.774741363525390625e+01
5.971637725830078125e+01
6.600036144256591797e+00
3.378921508789062500e+01
2.154762077331542969e+01
1.522334289550781250e+01
9.538162994384765625e+01
2.130590515136718750e+02
1.888034057617187500e+02
1.749835510253906250e+02
4.595388793945312500e+01
2.297789001464843750e+02
3.835518646240234375e+01
7.102976989746093750e+01
3.144000244140625000e+01
1.804231262207031250e+01
5.328237152099609375e+01
4.503532791137695312e+01
7.375961303710937500e+01
2.774357910156250000e+02
7.949930191040039062e+00
1.022654247283935547e+01
6.865721702575683594e+00
1.817980575561523438e+01
1.552480621337890625e+02
6.199810981750488281e+00
7.619871520996093750e+01
2.098870849609375000e+01
3.379154968261718750e+01
1.527190017700195312e+01
2.210815429687500000e+01
5.521444138139486313e-03
1.357683410644531250e+02
4.889027786254882812e+01
3.993563461303710938e+01
1.110731735229492188e+02
5.927140712738037109e+00
9.672204971313476562e+00
4.364574432373046875e+01
2.613382148742675781e+01
5.245513916015625000e+00
3.142150688171386719e+01
1.031910400390625000e+02
1.502723121643066406e+01
2.884476470947265625e+01
2.709017372131347656e+01
1.076568603515625000e+02
3.494673538208007812e+01
4.885837554931640625e+01
8.110363960266113281e+00
6.231450557708740234e+00
3.718868637084960938e+01
8.582220077514648438e+00
5.708267974853515625e+01
4.506922245025634766e+00
1.379852008819580078e+01
3.493243694305419922e+00
1.001921234130859375e+02
2.027514190673828125e+02
7.149206542968750000e+01
6.873052978515625000e+01
1.807997894287109375e+02
1.522326374053955078e+01
2.907970428466796875e+00
3.599193572998046875e+01
2.901902389526367188e+01
1.078520011901855469e+01
4.077643203735351562e+01
5.498983001708984375e+01
1.990903930664062500e+02
4.137258529663085938e+01
8.719304084777832031e+00
1.419477939605712891e+01
2.404377288818359375e+02
2.030669212341308594e+01
4.871069335937500000e+01
1.282333984375000000e+02
5.151183605194091797e+00
1.212343692779541016e+01
7.277926635742187500e+01
1.094898605346679688e+02
7.630655454704537988e-05
1.504541397094726562e+01
9.384551239013671875e+01
1.134020385742187500e+02
1.581564941406250000e+02
1.461017036437988281e+01
8.372861480712890625e+01
4.934566497802734375e+00
1.281525421142578125e+01
1.253391170501708984e+01
6.087646102905273438e+01
3.610057449340820312e+01
3.426334381103515625e+01
9.761267852783203125e+01
3.804978942871093750e+01
5.850010299682617188e+01
5.683871841430664062e+01
2.726442527770996094e+01
9.988430023193359375e+01
3.899181747436523438e+01
7.251074218750000000e+01
1.969770622253417969e+01
3.107515716552734375e+01
1.661693000793457031e+01
1.636053466796875000e+01
9.187871551513671875e+01
3.265383911132812500e+01
7.388436126708984375e+01
2.832734680175781250e+01
2.167292785644531250e+01
2.399684600830078125e+02
3.550173950195312500e+01
1.389528961181640625e+02
2.080325508117675781e+01
5.481327438354492188e+01
1.023348922729492188e+02
1.081037521362304688e+01
5.184370040893554688e+01
1.150237655639648438e+02
6.736817359924316406e+00
1.866065788269042969e+01
3.660841369628906250e+01
2.452210845947265625e+02
1.407987670898437500e+02
3.133577156066894531e+01
1.990935668945312500e+02
6.503637695312500000e+01
4.906208801269531250e+01
4.179649353027343750e+01
1.014379959106445312e+02
1.731185591779649258e-03
3.081409454345703125e+01
2.086262893676757812e+01
3.771251525878906250e+02
1.549786834716796875e+02
7.692758178710937500e+01
1.735152587890625000e+02
5.992043685913085938e+01
9.683686065673828125e+01
1.371651840209960938e+01
1.622189788818359375e+02
1.685037612915039062e+01
2.953318405151367188e+01
8.292922973632812500e+00
5.273896789550781250e+01
2.143698120117187500e+02
6.394497299194335938e+01
2.526966857910156250e+01
1.463114166259765625e+02
9.549982452392578125e+01
1.279266281127929688e+02
3.884961366653442383e+00
7.861592864990234375e+01
5.182601928710937500e+00
1.900679779052734375e+01
6.657458496093750000e+01
1.140929107666015625e+02
2.560900878906250000e+02
2.434518890380859375e+02
7.151105499267578125e+01
2.424389343261718750e+02
1.113001251220703125e+02
9.023928833007812500e+01
1.088827896118164062e+02
3.216846084594726562e+01
7.540403747558593750e+01
6.766504669189453125e+01
1.844681549072265625e+01
1.438537445068359375e+02
2.301208496093750000e+01
8.155658721923828125e+00
1.648415565490722656e+01
2.694492797851562500e+02
1.690424957275390625e+02
5.241654205322265625e+01
2.552189941406250000e+02
2.184573745727539062e+01
5.570624923706054688e+01
6.281258392333984375e+01
1.064712066650390625e+02
8.782129152677953243e-04
5.913610458374023438e+01
3.708157653808593750e+02
3.129931335449218750e+02
2.256759643554687500e+02
4.671276092529296875e+01
5.725416564941406250e+01
4.701421737670898438e+01
1.057153129577636719e+01
1.611972808837890625e+00
5.267060089111328125e+01
1.026242065429687500e+01
2.996858978271484375e+01
8.632761383056640625e+01
1.041294002532958984e+01
1.493416595458984375e+02
2.543950462341308594e+01
3.415900421142578125e+01
1.695596466064453125e+02
3.202692031860351562e+01
1.044947128295898438e+02
1.100491714477539062e+01
7.882983398437500000e+01
2.144868469238281250e+01
6.109206199645996094e+00
3.520364685058593750e+02
2.641697311401367188e+01
2.308795166015625000e+02
9.142108917236328125e+01
7.546060180664062500e+01
3.580710754394531250e+02
8.370491027832031250e+01
1.530736236572265625e+02
7.964247703552246094e+00
5.086349105834960938e+01
1.618927001953125000e+02
2.219790649414062500e+01
8.333386230468750000e+01
1.591630859375000000e+02
1.438465785980224609e+01
5.726555347442626953e+00
8.383548736572265625e+00
