1.261861085891723633e+00
2.299849987030029297e+00
3.706843852996826172e-01
6.216213107109069824e-01
1.696825623512268066e+00
5.587497353553771973e-01
9.890709817409515381e-02
1.417330980300903320e+00
2.798085333779454231e-03
5.309921741485595703e+00
1.007216334342956543e+00
6.638442516326904297e+00
2.157284975051879883e+00
8.532239794731140137e-01
1.079910755157470703e+00
5.204349756240844727e-01
7.142557501792907715e-01
4.141965508460998535e-01
1.387299060821533203e+00
1.588915139436721802e-01
3.700297772884368896e-01
1.154556512832641602e+00
3.419526219367980957e-01
2.402551651000976562e+00
9.991239309310913086e-01
6.405238807201385498e-02
6.913869976997375488e-01
6.887127161026000977e-01
3.875258564949035645e-01
2.453984320163726807e-02
7.053176760673522949e-01
2.108381271362304688e+00
6.641536355018615723e-01
1.514856576919555664e+00
7.090056896209716797e+00
5.844544887542724609e+00
2.018591165542602539e+00
2.192390710115432739e-01
2.155021667480468750e+00
3.294701576232910156e+00
6.657969951629638672e-01
7.229397296905517578e-01
3.184632631018757820e-03
2.405923128128051758e+00
6.980272531509399414e-01
4.332774639129638672e+00
4.806399822235107422e+00
2.044476985931396484e+00
4.147044569253921509e-02
8.362432569265365601e-02
1.256479620933532715e+00
2.173578262329101562e+00
2.170736342668533325e-01
5.717849731445312500e-01
1.331414222717285156e+00
8.257250785827636719e-01
1.611121296882629395e-01
5.662003993988037109e+00
6.839187117293477058e-04
7.546622157096862793e-01
5.352590084075927734e-01
1.761632561683654785e+00
6.570711731910705566e-01
1.728870987892150879e+00
6.262500286102294922e+00
2.640830576419830322e-01
2.028900623321533203e+00
9.191074967384338379e-01
4.430573940277099609e+00
7.822965085506439209e-02
1.208566665649414062e+00
4.872877597808837891e-01
9.884443879127502441e-02
1.028691291809082031e+00
3.180751562118530273e+00
1.248715817928314209e-01
8.931158185005187988e-01
2.114210367202758789e+00
3.919617891311645508e+00
3.286903956905007362e-03
3.843035101890563965e-01
3.614666759967803955e-01
4.140979945659637451e-01
1.233218669891357422e+00
1.677467703819274902e+00
9.347501993179321289e-01
2.743426799774169922e+00
7.912896573543548584e-02
1.841306686401367188e+00
6.118280291557312012e-01
1.337834715843200684e+00
2.211862325668334961e+00
3.058360423892736435e-03
5.680716037750244141e-01
9.075694084167480469e-01
4.717679619789123535e-01
1.054881811141967773e+00
3.789678812026977539e-01
4.801412299275398254e-02
6.895788908004760742e-01
2.592324733734130859e+00
4.366533279418945312e+00
5.059133768081665039e-01
1.967043161392211914e+00
1.355215907096862793e+00
1.743046045303344727e+00
3.595830500125885010e-01
2.402920961380004883e+00
1.057847030460834503e-02
3.900075435638427734e+00
8.838354945182800293e-01
4.061908245086669922e+00
1.670055747032165527e+00
3.650460004806518555e+00
6.719338417053222656e+00
5.675116777420043945e-01
1.175610303878784180e+00
1.539120435714721680e+00
1.353121995925903320e+00
3.681289553642272949e-01
8.760375976562500000e-01
1.040661454200744629e+00
6.468346118927001953e-01
1.646189570426940918e+00
2.713504314422607422e+00
8.071205019950866699e-02
7.963550090789794922e-01
4.606244564056396484e+00
1.295316338539123535e+00
2.588525228202342987e-02
1.787244915962219238e+00
7.382656335830688477e-01
7.654291987419128418e-01
1.962432861328125000e+00
1.021954059600830078e+01
2.760367631912231445e+00
1.961734414100646973e+00
2.673644125461578369e-01
3.724988460540771484e+00
3.237132549285888672e+00
1.431947827339172363e+00
5.463859558105468750e+00
5.848955363035202026e-03
1.172906279563903809e+00
2.205250978469848633e+00
1.816057324409484863e+00
1.964614987373352051e+00
3.335874557495117188e+00
1.160948798060417175e-01
3.923944830894470215e-01
3.722801923751831055e+00
2.894209861755371094e+00
6.913530826568603516e-01
2.425891637802124023e+00
1.300197601318359375e+00
1.710307955741882324e+00
3.014295995235443115e-01
6.682806491851806641e+00
1.734875608235597610e-03
1.955919146537780762e+00
1.106916189193725586e+00
1.220160770416259766e+01
1.447026371955871582e+00
5.317241668701171875e+00
4.742221832275390625e+00
5.754890441894531250e-01
6.437844038009643555e-01
1.729494452476501465e+00
1.346574425697326660e+00
1.843109279870986938e-01
8.646563291549682617e-01
1.160751581192016602e+00
3.074984848499298096e-01
3.513337135314941406e+00
2.604007482528686523e+00
6.697367131710052490e-02
2.064974546432495117e+00
3.591870546340942383e+00
9.124528765678405762e-01
9.823018684983253479e-03
8.372636437416076660e-01
2.403377532958984375e+00
3.760488927364349365e-01
2.885776281356811523e+00
9.172411918640136719e+00
3.059384346008300781e+00
4.066298484802246094e+00
1.200078964233398438e+00
5.903666019439697266e+00
1.969980597496032715e+00
2.125996351242065430e+00
2.999435424804687500e+00
4.058448597788810730e-03
1.521299958229064941e+00
9.069399833679199219e-01
1.484005331993103027e+00
4.303912162780761719e+00
1.270802617073059082e+00
8.692815154790878296e-02
1.835408210754394531e-01
5.492289066314697266e+00
6.963974952697753906e+00
2.920407533645629883e+00
7.887918353080749512e-01
1.678745865821838379e+00
2.413891792297363281e+00
6.378285288810729980e-01
1.891028523445129395e+00
1.072535943239927292e-02
1.984747409820556641e+00
5.836347103118896484e+00
3.184706211090087891e+00
4.134685039520263672e+00
1.266901731491088867e+00
1.615351915359497070e+00
6.005704402923583984e-01
5.848451852798461914e-01
2.542612850666046143e-01
8.092479705810546875e-01
9.805758595466613770e-01
1.292533993721008301e+00
6.259463787078857422e+00
1.235464885830879211e-01
2.044922351837158203e+00
1.276431202888488770e+00
1.810265332460403442e-01
2.022696971893310547e+00
9.261195063591003418e-01
1.847288489341735840e+00
2.054938673973083496e-02
1.646020293235778809e+00
1.695031046867370605e+00
2.478344440460205078e-01
6.764572143554687500e+00
1.787209153175354004e+00
2.539850234985351562e+00
1.665016412734985352e+00
1.392776370048522949e-01
1.039380836486816406e+01
2.086323499679565430e+00
2.633106708526611328e+00
6.605822443962097168e-01
1.228548027575016022e-02
1.733527421951293945e+00
1.516061067581176758e+00
2.197939634323120117e+00
3.260173559188842773e+00
9.083878397941589355e-01
3.631005883216857910e-01
1.631215363740921021e-01
2.276763677597045898e+00
4.474693775177001953e+00
7.128921151161193848e-01
1.762273907661437988e+00
3.885926723480224609e+00
1.740326881408691406e+00
2.499731928110122681e-01
5.709845066070556641e+00
2.449006307870149612e-03
2.320331096649169922e+00
1.441168904304504395e+00
1.663115692138671875e+01
1.672223210334777832e+00
2.861976146697998047e+00
2.990319490432739258e+00
1.038261890411376953e+00
1.015064835548400879e+00
9.598624706268310547e-01
1.733134269714355469e+00
3.016647696495056152e-01
8.592106103897094727e-01
1.917342662811279297e+00
5.861886739730834961e-01
3.807612419128417969e+00
1.907916545867919922e+00
4.461950957775115967e-01
3.291007518768310547e+00
2.042595863342285156e+00
1.442775964736938477e+00
1.495175436139106750e-02
8.621495366096496582e-01
4.101091861724853516e+00
5.888426899909973145e-01
2.733448266983032227e+00
8.314721107482910156e+00
8.365364074707031250e+00
5.746308803558349609e+00
1.118586540222167969e+00
4.498380661010742188e+00
1.898423790931701660e+00
2.692836761474609375e+00
1.573677182197570801e+00
7.637713104486465454e-03
3.492683649063110352e+00
9.784950613975524902e-01
2.207718610763549805e+00
8.218097686767578125e+00
1.273622989654541016e+00
9.392257034778594971e-02
2.155706286430358887e-01
1.249817371368408203e+00
3.448529481887817383e+00
3.625951111316680908e-01
6.356959939002990723e-01
3.705099821090698242e+00
1.057636857032775879e+00
1.791388094425201416e-01
2.124455213546752930e+00
2.047173911705613136e-03
5.572826385498046875e+00
7.676734924316406250e-01
3.169152736663818359e+00
1.870676875114440918e+00
1.367096066474914551e+00
2.276312112808227539e+00
1.183649539947509766e+00
1.239608883857727051e+00
8.022216558456420898e-01
1.012068033218383789e+00
3.587635457515716553e-01
6.146431565284729004e-01
9.472961425781250000e-01
5.949202179908752441e-01
2.511702299118041992e+00
2.307736158370971680e+00
1.523239761590957642e-01
6.030444502830505371e-01
1.263224363327026367e+00
1.324148535728454590e+00
4.216257110238075256e-02
1.827345728874206543e+00
7.954108119010925293e-01
1.789649009704589844e+00
1.335296630859375000e+00
8.062671661376953125e+00
6.490520954132080078e+00
2.704348564147949219e+00
2.936446070671081543e-01
3.660763263702392578e+00
2.540536880493164062e+00
8.198937773704528809e-01
2.125778913497924805e+00
4.033587407320737839e-03
9.504139423370361328e-01
2.817162513732910156e+00
1.511407017707824707e+00
2.419981002807617188e+00
3.305578708648681641e+00
8.248328417539596558e-02
4.891142845153808594e-01
6.484058856964111328e+00
2.261005401611328125e+00
1.363312602043151855e+00
5.362063646316528320e-01
8.931359648704528809e-01
7.615169286727905273e-01
5.927491188049316406e-01
4.410456657409667969e+00
1.259687007404863834e-03
1.098519921302795410e+00
4.724905967712402344e+00
3.089737176895141602e+00
3.515426635742187500e+00
9.612885713577270508e-01
2.446502685546875000e+00
2.735700607299804688e-01
5.399023890495300293e-01
4.712006449699401855e-01
1.389725685119628906e+00
1.670483946800231934e-01
2.606287717819213867e+00
3.506481885910034180e+00
8.496399223804473877e-02
1.278630256652832031e+00
1.687873482704162598e+00
8.296404033899307251e-02
1.146976470947265625e+00
1.101874113082885742e+00
8.511551022529602051e-01
1.411444041877985001e-02
7.410283088684082031e-01
1.298669576644897461e+00
2.291759699583053589e-01
1.043305492401123047e+01
1.750861883163452148e+00
1.498401165008544922e+00
1.481445312500000000e+00
1.338566243648529053e-01
4.275765895843505859e+00
2.171363115310668945e+00
3.771702051162719727e+00
1.251412987709045410e+00
1.544815488159656525e-02
2.402513980865478516e+00
7.201057672500610352e-01
3.630869388580322266e+00
1.920543074607849121e+00
5.393920540809631348e-01
4.839414358139038086e-01
1.934786289930343628e-01
4.817862987518310547e+00
7.786894321441650391e+00
1.120742917060852051e+00
3.623363018035888672e+00
2.399628639221191406e+00
2.080469846725463867e+00
3.427360057830810547e-01
4.535153388977050781e+00
1.291179098188877106e-03
2.017132759094238281e+00
1.352858304977416992e+00
1.253886318206787109e+01
2.997123003005981445e+00
4.822942733764648438e+00
9.734878540039062500e+00
1.344375729560852051e+00
1.775641560554504395e+00
1.172379732131958008e+00
2.379596471786499023e+00
2.125393152236938477e-01
1.429821848869323730e+00
1.761223435401916504e+00
7.668580412864685059e-01
2.932603836059570312e+00
3.843231678009033203e+00
1.268619596958160400e-01
3.431200742721557617e+00
4.467370986938476562e+00
2.530447244644165039e+00
8.112536743283271790e-03
1.807188391685485840e+00
2.160850286483764648e+00
5.481026768684387207e-01
3.781769275665283203e+00
6.738049507141113281e+00
5.881995201110839844e+00
5.073163032531738281e+00
5.272020101547241211e-01
6.829416275024414062e+00
1.797264933586120605e+00
4.359490871429443359e+00
2.765014410018920898e+00
3.119525266811251640e-03
2.430117845535278320e+00
1.990939497947692871e+00
1.566419124603271484e+00
6.108583927154541016e+00
1.313748598098754883e+00
1.086753010749816895e-01
4.050581753253936768e-01
8.252138137817382812e+00
4.985447406768798828e+00
4.555566787719726562e+00
1.081170797348022461e+00
1.373840451240539551e+00
1.826759457588195801e+00
6.198062300682067871e-01
3.680409193038940430e+00
2.518070628866553307e-03
1.765184283256530762e+00
6.893095016479492188e+00
7.227188587188720703e+00
6.038590908050537109e+00
1.846009969711303711e+00
2.390396833419799805e+00
7.775954604148864746e-01
5.601260066032409668e-01
3.983956277370452881e-01
1.310103058815002441e+00
3.788379430770874023e-01
2.595100641250610352e+00
7.741543769836425781e+00
1.513367742300033569e-01
2.481155395507812500e+00
1.815364480018615723e+00
1.147076040506362915e-01
2.428337097167968750e+00
1.440268993377685547e+00
1.491926074028015137e+00
1.663324609398841858e-02
1.794043540954589844e+00
2.382766723632812500e+00
2.054612487554550171e-01
1.256698513031005859e+01
2.542621374130249023e+00
2.682118415832519531e+00
2.672235965728759766e+00
3.241585195064544678e-01
1.113995933532714844e+01
2.839589118957519531e+00
5.629110813140869141e+00
8.717882633209228516e-01
1.194086577743291855e-02
3.302268743515014648e+00
1.082097530364990234e+00
4.987050056457519531e+00
3.704370975494384766e+00
8.329347372055053711e-01
3.041651844978332520e-01
1.638163030147552490e-01
