9.316036987304687500e+01
4.726723098754882812e+01
9.177827453613281250e+01
3.571472549438476562e+01
7.380570983886718750e+01
2.044964790344238281e+01
4.441139602661132812e+01
2.194847106933593750e+01
3.962595367431640625e+01
4.258916091918945312e+01
2.361616973876953125e+02
2.370894670486450195e+00
3.280390501022338867e+00
1.086828994750976562e+02
2.513570785522460938e+01
2.653298950195312500e+02
8.107091903686523438e+00
1.339997100830078125e+01
6.640437316894531250e+01
1.587399768829345703e+01
4.043956756591796875e+00
6.316508102416992188e+01
5.515131759643554688e+01
9.069931793212890625e+01
2.013536691665649414e+00
1.983726692199707031e+01
1.591250610351562500e+01
6.006177425384521484e+00
1.125569152832031250e+02
2.624838113784790039e+00
1.797875976562500000e+01
3.646321487426757812e+01
2.985698127746582031e+01
8.454109954833984375e+01
1.899727783203125000e+02
1.028645992279052734e+01
4.547027587890625000e+00
1.007798538208007812e+02
2.999750709533691406e+01
1.441074848175048828e+01
6.052823066711425781e+00
6.999680519104003906e+00
1.831278228759765625e+01
2.114754180908203125e+02
2.625035047531127930e+00
3.461716651916503906e+00
1.361644592285156250e+02
3.439867019653320312e+01
8.372649192810058594e+00
1.075795841217041016e+01
1.053818798065185547e+01
4.877182769775390625e+01
1.467877960205078125e+02
9.693712234497070312e+00
7.374307250976562500e+01
1.131909656524658203e+01
1.451241760253906250e+02
7.787273406982421875e+01
1.136253833770751953e+01
6.558090972900390625e+01
1.635960006713867188e+01
3.691730499267578125e+00
6.223746109008789062e+01
3.758270874023437500e+02
2.301629066467285156e+01
8.257872009277343750e+01
7.349523162841796875e+01
1.305974960327148438e+01
5.525544738769531250e+01
1.152995223999023438e+02
7.121475219726562500e+01
2.077903442382812500e+02
2.426268815994262695e+00
5.893659210205078125e+01
2.186512374877929688e+01
3.997373199462890625e+01
8.709785461425781250e+01
4.047658157348632812e+01
5.224496459960937500e+01
5.879667663574218750e+01
1.251585865020751953e+01
1.931361770629882812e+01
1.236826038360595703e+01
6.995380401611328125e+01
9.608438873291015625e+01
9.402544403076171875e+01
2.191673278808593750e+01
9.126992797851562500e+01
1.304246425628662109e+01
2.544953613281250000e+02
5.577261734008789062e+01
8.059151649475097656e+00
2.055374908447265625e+02
2.225608825683593750e+01
3.030829620361328125e+01
2.309021949768066406e+01
7.591062927246093750e+01
3.960234069824218750e+01
1.782682495117187500e+02
1.574780082702636719e+01
2.892362060546875000e+02
1.055951080322265625e+02
1.969175720214843750e+02
2.912363052368164062e+01
1.004326019287109375e+02
1.933068466186523438e+01
1.222102355957031250e+01
6.025326156616210938e+01
8.211922645568847656e+00
5.882746887207031250e+01
7.425003051757812500e+01
1.462266635894775391e+01
9.146858215332031250e+01
7.081623077392578125e+00
1.260444259643554688e+01
1.835736846923828125e+02
1.761297607421875000e+01
9.910014152526855469e+00
6.957595825195312500e+01
2.194993209838867188e+01
2.081448554992675781e+00
1.572486114501953125e+02
5.011396026611328125e+01
3.313681411743164062e+01
7.840890407562255859e+00
1.616921615600585938e+01
7.403556823730468750e+01
1.006467628479003906e+01
1.138448104858398438e+02
6.788735198974609375e+01
1.013708877563476562e+01
4.291617965698242188e+01
3.187336349487304688e+01
9.564447784423828125e+01
3.180866813659667969e+01
3.152749633789062500e+01
1.382041168212890625e+02
6.264307403564453125e+01
8.551411437988281250e+01
1.000010299682617188e+02
1.292818546295166016e+01
5.087410354614257812e+01
1.858975677490234375e+02
1.603660202026367188e+01
4.138761520385742188e+01
5.043869781494140625e+01
1.378221435546875000e+02
1.044104537963867188e+02
7.582951354980468750e+01
4.328610610961914062e+01
2.589346313476562500e+02
7.036421203613281250e+01
7.472587585449218750e+01
5.694887924194335938e+01
2.058532714843750000e+01
1.440894031524658203e+01
1.838705253601074219e+01
9.214497566223144531e+00
6.952667713165283203e+00
1.396672363281250000e+02
3.533792495727539062e+01
6.016841125488281250e+01
1.741434631347656250e+02
2.069736633300781250e+02
7.590842247009277344e+00
5.991588134765625000e+02
2.681243324279785156e+01
2.418708801269531250e+00
1.129018325805664062e+02
1.986408805847167969e+01
1.834724235534667969e+01
4.277531127929687500e+02
4.092042446136474609e+00
9.362771034240722656e+00
8.243225097656250000e+01
8.724578857421875000e+01
2.724019470214843750e+02
1.860715484619140625e+01
2.888472938537597656e+01
5.392951583862304688e+01
2.715071868896484375e+01
2.885294799804687500e+02
2.317388343811035156e+01
1.184238967895507812e+02
1.331033325195312500e+02
1.232309188842773438e+02
1.235249099731445312e+02
4.426331710815429688e+01
2.432242393493652344e+01
2.864708709716796875e+01
7.618515491485595703e+00
1.022174453735351562e+01
1.539001770019531250e+02
9.564624786376953125e+01
4.062297439575195312e+01
9.910649871826171875e+01
1.517256546020507812e+01
4.971899032592773438e+01
1.155781021118164062e+02
8.788190460205078125e+01
2.290764427185058594e+01
2.406188488006591797e+00
2.915314674377441406e+00
1.767991485595703125e+02
2.625916862487792969e+01
2.119932937622070312e+01
1.450496520996093750e+02
8.521224212646484375e+01
9.131685256958007812e+00
2.766933917999267578e+00
2.210700225830078125e+01
2.846215724945068359e+00
1.148122940063476562e+02
1.722967224121093750e+02
3.978792905807495117e+00
1.337655944824218750e+02
2.305983734130859375e+01
2.506958961486816406e+01
6.115365028381347656e-01
2.584719543457031250e+02
6.863897705078125000e+01
1.281388702392578125e+02
4.551214599609375000e+01
4.639305114746093750e+01
2.053199386596679688e+01
2.764311218261718750e+01
1.296959209442138672e+01
2.851566886901855469e+01
8.955740356445312500e+01
5.132939147949218750e+01
9.169579315185546875e+01
7.964243292808532715e-01
2.079289054870605469e+01
8.935234069824218750e+00
7.032678222656250000e+01
3.165612487792968750e+02
1.698829841613769531e+01
2.925421524047851562e+01
9.385105133056640625e+00
1.810679931640625000e+02
2.410612869262695312e+01
1.995871543884277344e+01
3.949318313598632812e+01
1.256722717285156250e+02
2.379518985748291016e+00
8.652458190917968750e+01
4.328618526458740234e+00
1.935736541748046875e+02
2.300691604614257812e+01
1.103940010070800781e+01
2.118654937744140625e+02
1.100744476318359375e+02
3.471294784545898438e+01
8.193778991699218750e+01
1.556119918823242188e+01
2.822970390319824219e+01
5.785083770751953125e+01
2.966490173339843750e+01
6.951741695404052734e+00
8.792317199707031250e+01
3.382512569427490234e+00
8.750739097595214844e+00
6.193059158325195312e+01
5.036721038818359375e+01
4.119675159454345703e+00
1.777266082763671875e+02
1.563702583312988281e+01
4.978795528411865234e+00
2.524101257324218750e+01
6.154984664916992188e+01
2.577815628051757812e+01
1.625792999267578125e+02
3.125083541870117188e+01
4.662564468383789062e+01
2.348002433776855469e+01
1.254173946380615234e+01
1.423975219726562500e+02
8.074688911437988281e+00
5.482640075683593750e+01
5.210712051391601562e+01
3.451447677612304688e+01
1.648056640625000000e+02
3.646422624588012695e+00
2.054331359863281250e+02
5.640533447265625000e+01
3.915394067764282227e+00
3.550539398193359375e+01
3.003099060058593750e+01
1.165382289886474609e+01
7.637394905090332031e+00
6.015018463134765625e+01
2.340071105957031250e+01
2.269889640808105469e+01
7.069926452636718750e+01
9.991573333740234375e+00
2.503986930847167969e+01
3.630120849609375000e+01
2.119595909118652344e+01
7.458099365234375000e+00
5.195913696289062500e+01
1.449346160888671875e+02
5.194747161865234375e+01
2.098163986206054688e+01
1.258044910430908203e+01
4.860008621215820312e+01
2.136411094665527344e+01
1.939952087402343750e+01
1.075489425659179688e+01
3.196873426437377930e+00
6.236206054687500000e+00
9.389238739013671875e+01
6.956071376800537109e+00
4.332501983642578125e+01
8.519061279296875000e+01
1.367516231536865234e+01
2.903861389160156250e+02
2.320636940002441406e+01
7.480526924133300781e+00
3.890788269042968750e+01
1.198895812034606934e+00
7.789254665374755859e+00
7.305716037750244141e+00
4.493200302124023438e+01
4.270215606689453125e+01
1.002862095832824707e+00
6.105702972412109375e+01
6.427621459960937500e+01
1.029841136932373047e+01
9.000578308105468750e+01
5.932822227478027344e+00
7.794283294677734375e+01
2.193086433410644531e+01
9.836321830749511719e+00
1.177614364624023438e+02
7.365369415283203125e+01
7.967883586883544922e+00
4.048494338989257812e+00
5.114112472534179688e+01
1.325067424774169922e+01
1.607232093811035156e+01
6.380458068847656250e+01
3.321671962738037109e+00
5.636914730072021484e+00
1.282049255371093750e+02
8.649659156799316406e+00
4.233695220947265625e+01
9.320536041259765625e+01
2.257487487792968750e+01
2.781297874450683594e+01
4.908394813537597656e+00
2.139778442382812500e+02
2.602317237854003906e+01
4.352618026733398438e+01
1.620160675048828125e+02
2.189680480957031250e+01
1.646082115173339844e+01
1.713331985473632812e+01
5.885279083251953125e+01
9.870496749877929688e+00
2.727132797241210938e+01
3.978021240234375000e+01
7.612738609313964844e+00
5.714949798583984375e+01
9.109156036376953125e+01
6.014387130737304688e+00
3.753098449707031250e+02
8.768287658691406250e+01
3.152225494384765625e+01
4.767242050170898438e+01
8.970705413818359375e+01
1.017768936157226562e+02
2.109058990478515625e+02
8.551664733886718750e+01
1.688675498962402344e+01
6.081763458251953125e+01
8.908340454101562500e+01
1.572332763671875000e+02
5.703969573974609375e+01
4.638808727264404297e+00
2.691815567016601562e+01
7.939253330230712891e+00
1.059477462768554688e+02
1.108066654205322266e+01
2.633828353881835938e+01
6.891680240631103516e+00
1.379043884277343750e+02
9.346525573730468750e+01
3.936986923217773438e+01
4.140192794799804688e+01
2.592259826660156250e+02
5.703641891479492188e+00
3.856434249877929688e+01
3.955842208862304688e+01
1.010316390991210938e+02
2.414408874511718750e+01
1.094931259155273438e+02
6.209277343750000000e+01
6.769378662109375000e+01
2.150023345947265625e+02
1.322148590087890625e+02
5.673968505859375000e+01
1.539729461669921875e+02
2.497371292114257812e+01
2.822859191894531250e+02
9.151939392089843750e+01
2.009093284606933594e+01
2.444648590087890625e+02
3.872006225585937500e+01
1.278414154052734375e+01
5.996517181396484375e+01
3.883125305175781250e+01
5.141333103179931641e+00
3.955394363403320312e+01
2.981039733886718750e+02
8.236678314208984375e+01
2.114806823730468750e+02
2.272421646118164062e+01
1.253705310821533203e+01
8.757297515869140625e+01
2.813046264648437500e+01
5.287223052978515625e+01
1.433360748291015625e+02
3.320852661132812500e+01
3.992338180541992188e+00
3.551859283447265625e+01
5.204807281494140625e+01
1.774124450683593750e+02
3.262415170669555664e+00
1.585197753906250000e+02
4.103458404541015625e+01
4.511598110198974609e+00
1.333503112792968750e+02
4.176156520843505859e+00
2.235184173583984375e+02
1.223334732055664062e+02
1.007601394653320312e+02
6.737860107421875000e+01
1.494108123779296875e+02
4.922226428985595703e+00
8.346586608886718750e+01
1.133356323242187500e+02
4.961043930053710938e+01
2.088792572021484375e+02
1.882107734680175781e+01
9.484358787536621094e+00
2.294032859802246094e+01
1.515726776123046875e+02
1.202122783660888672e+01
1.623682250976562500e+02
1.063795623779296875e+02
6.247569274902343750e+01
5.854051208496093750e+01
6.205998992919921875e+01
2.346012573242187500e+02
2.387340545654296875e+00
9.171847343444824219e+00
7.527442932128906250e+01
6.177908897399902344e+00
1.685230636596679688e+01
1.512324142456054688e+01
1.699197235107421875e+02
2.800579643249511719e+01
2.095007476806640625e+02
2.424342193603515625e+02
1.718811392784118652e+00
5.833086547851562500e+02
1.878111243247985840e+00
2.278807830810546875e+01
2.427179718017578125e+01
7.819539642333984375e+01
4.069438171386718750e+01
7.130541992187500000e+01
1.891523437500000000e+02
5.468761444091796875e+00
3.179135894775390625e+01
2.219133758544921875e+01
4.064934539794921875e+01
2.644739341735839844e+01
4.792025375366210938e+01
2.232907104492187500e+01
2.631525039672851562e+01
1.191977386474609375e+02
8.102968215942382812e+00
1.030752468109130859e+01
4.410647869110107422e+00
3.608919067382812500e+02
3.406287384033203125e+01
9.953890991210937500e+01
8.854475021362304688e+00
1.059402008056640625e+02
1.600694847106933594e+01
1.004643783569335938e+02
1.402558135986328125e+02
8.032498931884765625e+01
2.725666761398315430e+00
2.489543457031250000e+02
1.858650970458984375e+01
2.300969085693359375e+02
5.422038269042968750e+01
7.216801166534423828e+00
