5.683348655700683594e+00
2.603645801544189453e+00
3.747962951660156250e+01
2.360173940658569336e+00
4.564251899719238281e+00
3.518295288085937500e+00
1.941019630432128906e+01
1.063897705078125000e+01
2.286002349853515625e+01
2.482846260070800781e+00
3.343855142593383789e+00
1.186626720428466797e+01
1.257913947105407715e+00
5.598442077636718750e+00
4.253110408782958984e+00
1.318213939666748047e+01
3.881544589996337891e+00
4.602821826934814453e+00
8.503513336181640625e+00
7.906690597534179688e+00
3.130087471008300781e+01
5.899056434631347656e+00
1.635918998718261719e+01
4.671753883361816406e+00
2.214161872863769531e+01
1.160706901550292969e+01
5.647284030914306641e+00
2.743262350559234619e-01
6.167594432830810547e+00
2.231853485107421875e+00
2.524322128295898438e+01
3.324871444702148438e+01
7.976203411817550659e-02
2.511428356170654297e+00
7.034447669982910156e+00
5.132115483283996582e-01
1.506254386901855469e+01
4.347035408020019531e+00
1.132940411567687988e+00
3.269103050231933594e+00
5.037541866302490234e+00
2.269647407531738281e+01
1.922335624694824219e+00
2.011305332183837891e+00
1.206539154052734375e+00
2.611780548095703125e+01
9.453986167907714844e+00
1.447058582305908203e+01
1.259807109832763672e+01
3.344890475273132324e-01
7.441933631896972656e+00
5.290360927581787109e+00
1.369896697998046875e+01
4.369313240051269531e+00
2.692449378967285156e+01
9.089662551879882812e+00
6.377892494201660156e+00
2.648396015167236328e+00
2.740674734115600586e+00
1.064296603202819824e+00
8.120358467102050781e+00
3.791912317276000977e+00
1.995193809270858765e-01
4.136273860931396484e+00
1.659980583190917969e+01
7.557483673095703125e+00
1.269172286987304688e+01
1.336043643951416016e+01
2.701134681701660156e+00
7.029485702514648438e+00
5.792255878448486328e+00
5.501148104667663574e-01
3.762568473815917969e+00
3.044274902343750000e+01
2.128848075866699219e+01
2.449172973632812500e+00
2.974167823791503906e+01
2.929442882537841797e+00
2.235645675659179688e+01
2.012719535827636719e+01
2.236819458007812500e+01
4.347677707672119141e+00
2.939827144145965576e-01
1.671578216552734375e+01
5.914246439933776855e-01
2.140592336654663086e+00
3.461820983886718750e+01
7.004323959350585938e+00
2.180888891220092773e+00
1.655398559570312500e+01
1.764267086982727051e+00
7.191214561462402344e+00
1.160496234893798828e+00
1.516946792602539062e+01
1.761801838874816895e+00
1.082899475097656250e+01
1.232595062255859375e+01
2.766074180603027344e+01
1.064136505126953125e+00
6.968500018119812012e-01
7.617242336273193359e+00
1.724119949340820312e+01
5.576441192626953125e+01
8.581439018249511719e+00
3.917035675048828125e+01
1.204425907135009766e+01
2.677883529663085938e+01
1.857711029052734375e+01
1.708000946044921875e+01
3.263648033142089844e+00
1.256817436218261719e+01
2.401380348205566406e+01
1.540103077888488770e+00
8.143361091613769531e+00
3.039099502563476562e+01
1.900176048278808594e+01
1.501650619506835938e+01
2.419306755065917969e+01
4.535245895385742188e+00
1.439446735382080078e+01
4.541790771484375000e+01
7.883440494537353516e+00
3.563071060180664062e+01
4.037590789794921875e+01
6.189038467407226562e+01
2.766114234924316406e+01
4.679050445556640625e+01
3.383337497711181641e+00
3.402917861938476562e+01
2.230391311645507812e+01
4.743900680541992188e+01
4.662636947631835938e+01
6.450145244598388672e-01
1.271317481994628906e+01
9.153392791748046875e+00
1.934421658515930176e+00
4.640013504028320312e+01
2.182584953308105469e+01
2.962727785110473633e+00
1.758306503295898438e+01
6.148352146148681641e+00
4.715034866333007812e+01
3.421924829483032227e+00
3.449197053909301758e+00
1.525745987892150879e+00
9.536360168457031250e+01
1.544081687927246094e+01
4.146492385864257812e+01
1.249546051025390625e+01
1.486382722854614258e+00
1.143445968627929688e+01
1.194266414642333984e+01
5.417049789428710938e+01
7.395708084106445312e+00
5.044680786132812500e+01
2.333756256103515625e+01
3.228091812133789062e+01
1.895684051513671875e+01
2.068970680236816406e+01
4.237487792968750000e+00
7.852632999420166016e+00
3.628282928466796875e+01
2.396277666091918945e+00
2.000361251831054688e+01
1.606361579895019531e+01
4.926811599731445312e+01
9.508453369140625000e+00
1.861778259277343750e+01
1.427379035949707031e+01
2.235920524597167969e+01
4.271356582641601562e+01
4.352713108062744141e+00
3.563191604614257812e+01
4.066091537475585938e+01
8.389704895019531250e+01
1.025982856750488281e+01
3.683923721313476562e+01
3.194883346557617188e+00
2.533431434631347656e+01
1.613677406311035156e+01
9.086302185058593750e+01
4.910026550292968750e+01
1.669526219367980957e+00
6.513072013854980469e+00
6.827568054199218750e+00
2.190747976303100586e+00
8.418051910400390625e+01
1.771893119812011719e+01
8.372360467910766602e-01
1.866159439086914062e+01
6.627115249633789062e+00
5.424977111816406250e+01
1.657799959182739258e+00
2.685570144653320312e+01
7.886918783187866211e-01
7.734494781494140625e+01
4.310560607910156250e+01
5.952852249145507812e+01
2.118939590454101562e+01
2.135393857955932617e+00
1.206775474548339844e+01
1.683547377586364746e+00
1.918204116821289062e+01
4.878061711788177490e-01
8.605575561523437500e+00
4.210638046264648438e+01
6.322205543518066406e+00
3.406708717346191406e+00
3.309822082519531250e+01
6.054625988006591797e+00
1.135786533355712891e+00
1.444960784912109375e+01
5.906258821487426758e-01
1.618307113647460938e+01
2.780160713195800781e+01
1.888521194458007812e+01
5.267410755157470703e+00
9.982736587524414062e+00
5.654869556427001953e+00
3.018913650512695312e+01
8.045300483703613281e+00
5.094022750854492188e+00
5.364075851440429688e+01
1.143487071990966797e+01
1.604692840576171875e+01
3.258126831054687500e+01
2.385312080383300781e+01
1.169354796409606934e+00
5.233509826660156250e+01
9.860569000244140625e+00
1.216847419738769531e+01
2.855303764343261719e+01
2.262824177742004395e-01
6.394551277160644531e+00
3.502598047256469727e+00
1.222967386245727539e+00
4.814285659790039062e+01
5.797100067138671875e+00
5.336006164550781250e+00
9.139268875122070312e+00
1.740990447998046875e+01
2.122030258178710938e+01
4.339709758758544922e+00
2.550981521606445312e+01
4.997344493865966797e+00
8.051692199707031250e+01
1.234913063049316406e+01
1.880790710449218750e+01
1.368974399566650391e+01
1.695440858602523804e-01
1.516139888763427734e+01
2.880089282989501953e+00
5.922628021240234375e+01
5.576399803161621094e+00
3.764668655395507812e+01
2.769585418701171875e+01
3.637922286987304688e+01
9.458582878112792969e+00
3.401518630981445312e+01
5.877464771270751953e+00
5.730212688446044922e+00
2.038357162475585938e+01
3.069428920745849609e+00
2.579690742492675781e+01
6.232276916503906250e+00
3.911620330810546875e+01
1.406226158142089844e+01
8.421073913574218750e+00
2.302893829345703125e+01
1.398521232604980469e+01
5.832563781738281250e+01
9.194079399108886719e+00
1.906106758117675781e+01
2.778677749633789062e+01
8.138887786865234375e+01
2.270210838317871094e+01
1.876977920532226562e+01
1.282175540924072266e+00
7.897565841674804688e+00
1.023838806152343750e+01
8.021874237060546875e+01
6.639417266845703125e+01
3.397636115550994873e-01
1.383553314208984375e+01
4.280311107635498047e+00
2.003166198730468750e+00
6.591657257080078125e+01
4.509792327880859375e+00
3.694044113159179688e+00
1.435169410705566406e+01
6.629099369049072266e+00
2.892594909667968750e+01
4.431602478027343750e+00
2.326561164855957031e+01
4.599412918090820312e+00
8.963450622558593750e+01
3.549415969848632812e+01
5.654341506958007812e+01
1.806114006042480469e+01
1.680042862892150879e+00
5.921670436859130859e+00
2.928464174270629883e+00
4.177317428588867188e+01
9.229755401611328125e-01
6.558670520782470703e+00
6.296550273895263672e+00
2.214124107360839844e+01
7.849807262420654297e+00
2.077194786071777344e+01
3.441189289093017578e+00
1.631838560104370117e+00
3.651546478271484375e+00
1.521796107292175293e+00
1.483532714843750000e+01
1.506919193267822266e+01
5.127422809600830078e+00
1.366308212280273438e+01
3.741807460784912109e+00
1.180384445190429688e+01
4.732270240783691406e+00
3.063227462768554688e+01
8.532491683959960938e+00
6.977344512939453125e+00
1.690021324157714844e+01
2.272387886047363281e+01
2.947105026245117188e+01
2.332200813293457031e+01
4.476931393146514893e-01
1.742607498168945312e+01
1.101084136962890625e+01
2.716728019714355469e+01
4.693169784545898438e+01
1.946191489696502686e-02
1.166796207427978516e+01
6.734070777893066406e+00
3.553473949432373047e-01
1.881097221374511719e+01
2.590873003005981445e+00
1.772315263748168945e+00
8.791971206665039062e+00
7.024320125579833984e+00
1.038655757904052734e+01
1.269411802291870117e+00
3.627147197723388672e+00
1.989161252975463867e+00
7.017742919921875000e+01
6.571494102478027344e+00
5.070232391357421875e+00
2.630692243576049805e+00
5.092610120773315430e-01
9.735188484191894531e+00
9.453347206115722656e+00
7.620870590209960938e+00
6.548785686492919922e+00
2.259721374511718750e+01
3.950758743286132812e+01
3.688575983047485352e+00
7.984811782836914062e+00
2.740678405761718750e+01
2.622615814208984375e+00
1.046229267120361328e+01
3.000397300720214844e+01
2.894384562969207764e-01
9.446578979492187500e+00
2.223565483093261719e+01
3.409975051879882812e+01
2.157880067825317383e+00
1.562909412384033203e+01
5.018052577972412109e+00
2.775143241882324219e+01
1.565323925018310547e+01
1.213098049163818359e+00
5.481562042236328125e+01
1.797467231750488281e+01
1.413610935211181641e+01
4.200980663299560547e+00
1.961510276794433594e+01
3.810558795928955078e+00
4.135173034667968750e+01
1.229801940917968750e+01
6.280245304107666016e+00
1.448688602447509766e+01
9.635055065155029297e-01
5.033381462097167969e+00
1.042813897132873535e+00
2.991591691970825195e+00
4.766879272460937500e+01
2.190987968444824219e+01
1.891875386238098145e+00
1.094308090209960938e+01
1.120821285247802734e+01
3.590152359008789062e+01
5.392294883728027344e+00
2.401777267456054688e+01
2.458967924118041992e+00
2.931649017333984375e+01
1.133157825469970703e+01
3.600482940673828125e+01
2.279584693908691406e+01
2.862659394741058350e-01
2.136566734313964844e+01
1.089465332031250000e+01
7.120919799804687500e+01
5.325398921966552734e+00
5.674879074096679688e+01
4.336484146118164062e+01
3.473500442504882812e+01
1.328256988525390625e+01
3.051430130004882812e+01
6.901669979095458984e+00
1.161502361297607422e+01
2.078009414672851562e+01
1.625100612640380859e+00
1.060134410858154297e+01
2.881953620910644531e+01
4.265262603759765625e+01
1.368717288970947266e+01
3.363462066650390625e+01
5.182081222534179688e+00
3.287567520141601562e+01
5.392607879638671875e+01
7.052305698394775391e+00
3.500402450561523438e+01
4.850461578369140625e+01
1.008569793701171875e+02
2.099150276184082031e+01
4.593667984008789062e+01
3.699642896652221680e+00
4.739934539794921875e+01
2.616423988342285156e+01
9.048787689208984375e+01
5.700410461425781250e+01
1.158242464065551758e+00
2.213238906860351562e+01
6.919700622558593750e+00
4.008529186248779297e+00
7.500193023681640625e+01
1.053392887115478516e+01
2.157985210418701172e+00
2.963642883300781250e+01
3.574147939682006836e+00
6.082086944580078125e+01
2.571894168853759766e+00
2.558659744262695312e+01
2.915991783142089844e+00
1.180012359619140625e+02
4.345985412597656250e+01
6.571952056884765625e+01
1.138369846343994141e+01
1.824454188346862793e+00
1.505407047271728516e+01
5.306614875793457031e+00
3.133068847656250000e+01
2.742435932159423828e+00
2.342674255371093750e+01
8.994254302978515625e+01
7.564713001251220703e+00
9.064528465270996094e+00
4.835289001464843750e+01
8.492864608764648438e+00
3.750821590423583984e+00
4.336839294433593750e+01
5.036641359329223633e-01
1.872159004211425781e+01
3.108386993408203125e+01
5.641730499267578125e+01
2.218790292739868164e+00
1.979742431640625000e+01
7.733877658843994141e+00
5.114462661743164062e+01
2.110120010375976562e+01
4.025194644927978516e+00
8.179716491699218750e+01
1.771179962158203125e+01
2.816292572021484375e+01
2.203585243225097656e+01
1.334955024719238281e+01
2.462830066680908203e+00
6.320035552978515625e+01
1.205715751647949219e+01
2.416404151916503906e+01
4.181330871582031250e+01
9.631249308586120605e-01
5.608678817749023438e+00
2.901523828506469727e+00
3.200390100479125977e+00
9.670959472656250000e+01
1.875521850585937500e+01
2.312610864639282227e+00
1.444668292999267578e+01
1.760839843750000000e+01
4.736120986938476562e+01
4.874667167663574219e+00
3.923849105834960938e+01
2.685632228851318359e+00
1.259421157836914062e+02
2.407255172729492188e+01
5.196597290039062500e+01
3.492704010009765625e+01
3.964732587337493896e-01
