9.895833333333332593e-01 6.718750000000000000e-01 6.125000000000000444e-01 5.843749999999999778e-01
9.843750000000000000e-01 6.687499999999999556e-01 6.406250000000000000e-01 5.562500000000000222e-01
9.895833333333332593e-01 6.593750000000000444e-01 6.156249999999998668e-01 5.656250000000000444e-01
9.869791666666666297e-01 6.687500000000000666e-01 6.093750000000000000e-01 5.875000000000000222e-01
9.895833333333332593e-01 6.781250000000000888e-01 5.625000000000000000e-01 5.656250000000000444e-01
6.197916666666666297e-01 9.812499999999999556e-01 5.781250000000000000e-01 6.156249999999999778e-01
5.052083333333332593e-01 9.875000000000000444e-01 6.343750000000000222e-01 6.468750000000000888e-01
4.505208333333333703e-01 9.843750000000000000e-01 6.500000000000000222e-01 5.999999999999999778e-01
4.609375000000000000e-01 9.812499999999999556e-01 6.218749999999999556e-01 6.281250000000000444e-01
4.348958333333333148e-01 9.843750000000000000e-01 6.312499999999999778e-01 6.218749999999999556e-01
8.151041666666666297e-01 7.625000000000000666e-01 9.749999999999999778e-01 5.843749999999999778e-01
7.578125000000001110e-01 7.468750000000000666e-01 9.625000000000001332e-01 5.937500000000000000e-01
7.708333333333333703e-01 6.906249999999999334e-01 9.687500000000000000e-01 5.499999999999999334e-01
7.890625000000000000e-01 6.937500000000000888e-01 9.687500000000000000e-01 5.437500000000000666e-01
7.578125000000000000e-01 6.875000000000000000e-01 9.687500000000000000e-01 5.468750000000000000e-01
6.953125000000000000e-01 8.562499999999999556e-01 8.343750000000000888e-01 9.750000000000000888e-01
7.682291666666666297e-01 8.437500000000001110e-01 7.781249999999999556e-01 9.781249999999999112e-01
7.734374999999998890e-01 8.499999999999998668e-01 7.687500000000000444e-01 9.812499999999999556e-01
7.239583333333332593e-01 8.687500000000000222e-01 7.593750000000000222e-01 9.750000000000000888e-01
7.135416666666667407e-01 8.531249999999999112e-01 7.593749999999999112e-01 9.812499999999999556e-01
