9.687499999999998890e-01 5.200892857142856984e-01 4.812499999999999556e-01 5.989583333333332593e-01
9.593750000000000888e-01 5.200892857142856984e-01 4.468750000000000222e-01 5.781250000000000000e-01
9.750000000000000888e-01 5.178571428571427937e-01 5.468750000000000000e-01 6.510416666666666297e-01
9.750000000000000888e-01 4.866071428571429047e-01 4.124999999999999778e-01 6.197916666666666297e-01
9.812499999999999556e-01 5.312500000000000000e-01 5.906249999999999556e-01 6.822916666666666297e-01
8.593750000000000000e-01 9.687500000000000000e-01 6.624999999999999778e-01 8.177083333333332593e-01
8.499999999999999778e-01 9.709821428571427937e-01 6.656249999999999112e-01 8.177083333333332593e-01
8.250000000000000666e-01 9.776785714285713969e-01 6.406250000000000000e-01 8.177083333333334814e-01
8.156250000000000444e-01 9.799107142857144126e-01 6.781249999999999778e-01 8.125000000000000000e-01
8.031249999999999778e-01 9.843750000000000000e-01 6.687499999999999556e-01 8.177083333333332593e-01
7.750000000000000222e-01 6.986607142857143016e-01 9.906250000000000888e-01 7.656250000000000000e-01
7.531250000000000444e-01 7.187500000000000000e-01 9.906250000000000888e-01 7.500000000000000000e-01
7.625000000000000666e-01 6.763392857142856984e-01 9.656249999999999556e-01 6.875000000000000000e-01
7.687500000000000444e-01 6.718750000000000000e-01 9.781250000000000222e-01 6.979166666666666297e-01
7.593750000000000222e-01 6.674107142857143016e-01 9.781250000000000222e-01 7.135416666666666297e-01
9.499999999999999556e-01 6.250000000000000000e-01 8.812500000000000888e-01 9.947916666666665186e-01
9.156250000000000222e-01 5.223214285714286031e-01 8.218750000000000222e-01 9.895833333333332593e-01
9.062499999999998890e-01 4.620535714285713969e-01 8.000000000000000444e-01 9.895833333333332593e-01
9.031250000000000666e-01 4.508928571428571508e-01 7.843749999999999334e-01 9.895833333333332593e-01
9.000000000000000222e-01 4.575892857142856984e-01 7.906250000000000222e-01 9.895833333333332593e-01
