9.732142857142858094e-01 6.218749999999999556e-01 5.429687500000000000e-01 7.812500000000000000e-01
9.553571428571429047e-01 6.531249999999999556e-01 3.789062500000000000e-01 6.875000000000000000e-01
9.732142857142856984e-01 6.531249999999999556e-01 4.257812500000000000e-01 7.226562500000000000e-01
9.732142857142858094e-01 6.187500000000000222e-01 3.671875000000000000e-01 7.226562500000000000e-01
9.776785714285713969e-01 6.156249999999999778e-01 3.945312500000000000e-01 7.500000000000000000e-01
8.616071428571427937e-01 9.781249999999999112e-01 5.351562500000000000e-01 7.187500000000000000e-01
8.950892857142856984e-01 9.781249999999999112e-01 5.312500000000000000e-01 7.304687500000000000e-01
8.683035714285713969e-01 9.843750000000000000e-01 5.664062500000000000e-01 7.031250000000000000e-01
8.415178571428572063e-01 9.749999999999998668e-01 4.960937500000000000e-01 6.875000000000000000e-01
8.616071428571427937e-01 9.781249999999999112e-01 5.390625000000000000e-01 6.875000000000000000e-01
7.879464285714286031e-01 8.624999999999999334e-01 9.804687500000000000e-01 7.812500000000000000e-01
7.723214285714284921e-01 8.343749999999999778e-01 9.804687500000000000e-01 7.617187500000000000e-01
7.723214285714284921e-01 8.187499999999999778e-01 9.843750000000000000e-01 7.578125000000000000e-01
7.723214285714284921e-01 8.218750000000000222e-01 9.804687500000000000e-01 7.773437500000000000e-01
7.723214285714284921e-01 7.937499999999999556e-01 9.843750000000000000e-01 7.695312500000000000e-01
7.433035714285715079e-01 5.749999999999999556e-01 8.359375000000000000e-01 9.882812500000000000e-01
6.450892857142856984e-01 5.406250000000000222e-01 8.437500000000000000e-01 9.843750000000000000e-01
5.535714285714286031e-01 5.593750000000000666e-01 8.320312500000000000e-01 9.843750000000000000e-01
6.741071428571427937e-01 5.343750000000000444e-01 8.046875000000000000e-01 9.843750000000000000e-01
6.450892857142858094e-01 5.531249999999999778e-01 8.046875000000000000e-01 9.882812500000000000e-01
