9.843750000000000000e-01 5.937500000000000000e-01 5.187500000000000444e-01 5.593750000000000666e-01
9.817708333333332593e-01 5.656250000000000444e-01 4.625000000000000222e-01 5.187500000000000444e-01
9.895833333333332593e-01 5.468750000000000000e-01 4.937500000000000222e-01 5.593749999999999556e-01
9.895833333333332593e-01 5.375000000000000888e-01 5.093749999999999112e-01 6.093750000000000000e-01
9.869791666666666297e-01 5.687499999999999778e-01 5.250000000000000222e-01 6.281250000000000444e-01
6.302083333333332593e-01 9.687500000000000000e-01 5.124999999999999556e-01 7.531249999999999334e-01
6.848958333333333703e-01 9.843749999999998890e-01 4.468750000000000222e-01 7.125000000000000222e-01
6.171875000000000000e-01 9.812499999999999556e-01 4.437499999999999778e-01 7.281249999999999112e-01
6.406249999999998890e-01 9.812499999999999556e-01 4.375000000000000000e-01 7.125000000000000222e-01
6.328125000000000000e-01 9.812499999999999556e-01 4.218749999999999445e-01 7.218749999999999334e-01
8.203125000000000000e-01 7.687500000000000444e-01 9.812499999999999556e-01 6.531249999999999556e-01
7.447916666666666297e-01 7.062500000000000444e-01 9.812499999999999556e-01 6.343750000000000222e-01
7.890625000000001110e-01 6.875000000000000000e-01 9.749999999999999778e-01 5.781250000000000000e-01
7.786458333333333703e-01 7.031250000000000000e-01 9.749999999999998668e-01 6.250000000000000000e-01
7.552083333333333703e-01 6.812500000000001332e-01 9.562500000000000444e-01 5.718750000000000222e-01
5.651041666666666297e-01 7.531250000000000444e-01 9.218750000000000000e-01 9.906250000000000888e-01
5.442708333333333703e-01 7.468749999999999556e-01 8.843750000000000222e-01 9.906249999999999778e-01
5.468750000000000000e-01 7.624999999999999556e-01 8.937500000000000444e-01 9.937500000000000222e-01
5.052083333333332593e-01 7.374999999999999334e-01 8.874999999999999556e-01 9.937500000000000222e-01
5.234375000000000000e-01 7.687500000000000444e-01 8.781249999999999334e-01 9.937500000000000222e-01
