9.812499999999999556e-01 6.281249999999999334e-01 3.359375000000000000e-01 5.507812500000000000e-01
9.718749999999999334e-01 5.875000000000000222e-01 2.708333333333333148e-01 5.429687500000000000e-01
9.437499999999998668e-01 5.437500000000000666e-01 2.916666666666666852e-01 4.882812500000000000e-01
9.656249999999999556e-01 5.781250000000000000e-01 2.708333333333333148e-01 5.273437500000000000e-01
9.562500000000000444e-01 5.906249999999999556e-01 2.760416666666666297e-01 5.195312500000000000e-01
9.093750000000000444e-01 9.656249999999999556e-01 6.432291666666667407e-01 7.460937500000000000e-01
8.906249999999998890e-01 9.687500000000000000e-01 7.213541666666666297e-01 7.929687500000000000e-01
8.843750000000000222e-01 9.718750000000000444e-01 6.536458333333332593e-01 7.617187500000000000e-01
8.312500000000000444e-01 9.750000000000000888e-01 7.447916666666666297e-01 7.812500000000000000e-01
8.187499999999998668e-01 9.687499999999998890e-01 7.187500000000000000e-01 7.695312500000000000e-01
6.624999999999999778e-01 8.218750000000000222e-01 9.817708333333333703e-01 7.031250000000000000e-01
6.499999999999999112e-01 7.531249999999999334e-01 9.817708333333332593e-01 6.875000000000000000e-01
6.531249999999999556e-01 7.156249999999999556e-01 9.791666666666666297e-01 7.031250000000000000e-01
6.343750000000000222e-01 6.750000000000000444e-01 9.791666666666666297e-01 6.953125000000000000e-01
6.281250000000000444e-01 6.843749999999999556e-01 9.791666666666666297e-01 6.953125000000000000e-01
6.562500000000000000e-01 6.562500000000000000e-01 7.500000000000000000e-01 9.687500000000000000e-01
7.749999999999999112e-01 6.968750000000000222e-01 8.411458333333333703e-01 9.765625000000000000e-01
7.624999999999999556e-01 7.343750000000000000e-01 8.098958333333332593e-01 9.726562500000000000e-01
7.374999999999999334e-01 6.843749999999999556e-01 7.942708333333333703e-01 9.726562500000000000e-01
7.531250000000000444e-01 6.874999999999998890e-01 7.994791666666666297e-01 9.687500000000000000e-01
