9.765625000000000000e-01 6.796875000000000000e-01 4.140625000000000000e-01 6.542968750000000000e-01
9.804687500000000000e-01 6.640625000000000000e-01 4.804687500000000000e-01 6.855468750000000000e-01
9.726562500000000000e-01 6.367187500000000000e-01 4.843750000000000000e-01 7.031250000000000000e-01
9.687500000000000000e-01 6.562500000000000000e-01 4.570312500000000000e-01 6.503906250000000000e-01
9.726562500000000000e-01 6.445312500000000000e-01 4.570312500000000000e-01 6.796875000000000000e-01
8.710937500000000000e-01 9.765625000000000000e-01 6.757812500000000000e-01 4.609375000000000000e-01
8.515625000000000000e-01 9.804687500000000000e-01 6.250000000000000000e-01 3.671875000000000000e-01
8.320312500000000000e-01 9.804687500000000000e-01 6.367187500000000000e-01 3.691406250000000000e-01
8.125000000000000000e-01 9.726562500000000000e-01 6.210937500000000000e-01 3.281250000000000000e-01
8.281250000000000000e-01 9.804687500000000000e-01 6.484375000000000000e-01 3.671875000000000000e-01
7.812500000000000000e-01 9.492187500000000000e-01 9.843750000000000000e-01 5.937500000000000000e-01
7.695312500000000000e-01 9.414062500000000000e-01 9.804687500000000000e-01 5.371093750000000000e-01
7.500000000000000000e-01 9.453125000000000000e-01 9.765625000000000000e-01 5.937500000000000000e-01
7.539062500000000000e-01 9.375000000000000000e-01 9.804687500000000000e-01 5.820312500000000000e-01
7.500000000000000000e-01 9.414062500000000000e-01 9.804687500000000000e-01 5.644531250000000000e-01
7.148437500000000000e-01 7.851562500000000000e-01 8.984375000000000000e-01 9.785156250000000000e-01
6.757812500000000000e-01 7.695312500000000000e-01 7.578125000000000000e-01 9.804687500000000000e-01
7.031250000000000000e-01 7.695312500000000000e-01 7.929687500000000000e-01 9.921875000000000000e-01
7.070312500000000000e-01 7.500000000000000000e-01 7.734375000000000000e-01 9.921875000000000000e-01
6.835937500000000000e-01 7.695312500000000000e-01 7.460937500000000000e-01 9.921875000000000000e-01
