1.000000000000000000e+00 6.796875000000000000e-01 4.270833333333333703e-01 5.062499999999999778e-01
1.000000000000000000e+00 6.679687500000000000e-01 4.453125000000000000e-01 4.468749999999999667e-01
1.000000000000000000e+00 6.757812500000000000e-01 4.348958333333333148e-01 4.406249999999999889e-01
1.000000000000000000e+00 6.679687500000000000e-01 4.531250000000000000e-01 4.437500000000000333e-01
1.000000000000000000e+00 6.718750000000000000e-01 4.453125000000000555e-01 4.281249999999999778e-01
7.656250000000000000e-01 9.648437500000000000e-01 6.328124999999998890e-01 5.656249999999999334e-01
7.687499999999999334e-01 9.609375000000000000e-01 5.833333333333332593e-01 5.843749999999999778e-01
7.531249999999999334e-01 9.687500000000000000e-01 5.755208333333332593e-01 5.593749999999999556e-01
7.812500000000000000e-01 9.687500000000000000e-01 5.729166666666667407e-01 5.937500000000000000e-01
7.500000000000000000e-01 9.609375000000000000e-01 5.651041666666667407e-01 5.718750000000000222e-01
5.718750000000000222e-01 6.445312500000000000e-01 9.583333333333333703e-01 4.562500000000000444e-01
6.656250000000001332e-01 7.617187500000000000e-01 9.817708333333333703e-01 5.656250000000000444e-01
6.624999999999999778e-01 7.226562500000000000e-01 9.791666666666667407e-01 5.937500000000000000e-01
6.031250000000000222e-01 6.523437500000000000e-01 9.661458333333333703e-01 4.468749999999999667e-01
6.187500000000000222e-01 6.601562500000000000e-01 9.817708333333333703e-01 5.156250000000000000e-01
8.281250000000000000e-01 7.343750000000000000e-01 8.697916666666667407e-01 9.656249999999999556e-01
8.437500000000000000e-01 7.226562500000000000e-01 7.916666666666665186e-01 9.624999999999999112e-01
7.968750000000000000e-01 6.445312500000000000e-01 6.770833333333333703e-01 9.562500000000000444e-01
7.906250000000000222e-01 7.070312500000000000e-01 7.942708333333334814e-01 9.687500000000000000e-01
7.875000000000000888e-01 6.914062500000000000e-01 7.812500000000000000e-01 9.750000000000000888e-01
