9.505208333333333703e-01 3.937499999999999889e-01 5.520833333333333703e-01 3.789062500000000000e-01
9.479166666666667407e-01 3.937499999999999889e-01 4.973958333333333148e-01 3.984375000000000000e-01
9.739583333333333703e-01 4.187499999999999556e-01 5.546875000000000000e-01 3.867187500000000000e-01
9.583333333333332593e-01 3.656249999999999778e-01 5.312500000000000000e-01 4.023437500000000000e-01
9.687500000000000000e-01 4.093749999999999334e-01 5.390625000000000000e-01 3.671875000000000000e-01
9.375000000000000000e-01 9.843749999999998890e-01 5.364583333333332593e-01 6.562500000000000000e-01
9.375000000000000000e-01 9.843749999999998890e-01 5.442708333333332593e-01 7.031250000000000000e-01
9.296875000000000000e-01 9.874999999999999334e-01 5.390625000000000000e-01 7.031250000000000000e-01
8.958333333333332593e-01 9.843749999999998890e-01 5.234375000000000000e-01 6.679687500000000000e-01
9.296875000000000000e-01 9.781250000000000222e-01 5.130208333333333703e-01 7.617187500000000000e-01
8.151041666666667407e-01 9.156250000000000222e-01 9.791666666666666297e-01 6.757812500000000000e-01
8.750000000000001110e-01 8.718749999999999556e-01 9.713541666666666297e-01 6.484375000000000000e-01
8.437500000000000000e-01 9.187499999999999556e-01 9.791666666666666297e-01 6.718750000000000000e-01
8.307291666666666297e-01 8.187500000000000888e-01 9.687500000000000000e-01 6.171875000000000000e-01
8.463541666666666297e-01 8.718749999999999556e-01 9.739583333333332593e-01 6.484375000000000000e-01
7.343750000000000000e-01 9.312499999999999112e-01 8.958333333333333703e-01 9.921875000000000000e-01
7.213541666666666297e-01 9.093750000000000444e-01 8.645833333333332593e-01 9.921875000000000000e-01
7.291666666666666297e-01 9.093749999999999334e-01 8.541666666666667407e-01 9.882812500000000000e-01
7.187500000000000000e-01 9.062500000000000000e-01 8.541666666666667407e-01 9.843750000000000000e-01
7.135416666666666297e-01 8.999999999999999112e-01 8.489583333333334814e-01 9.843750000000000000e-01
