9.791666666666665186e-01 6.156249999999999778e-01 6.249999999999998890e-01 5.437499999999999556e-01
9.713541666666666297e-01 5.656250000000000444e-01 6.125000000000000444e-01 5.124999999999999556e-01
9.739583333333333703e-01 6.093750000000000000e-01 6.187500000000000222e-01 5.812500000000000444e-01
9.713541666666666297e-01 5.843749999999999778e-01 6.125000000000000444e-01 5.437499999999999556e-01
9.739583333333333703e-01 5.937500000000000000e-01 5.968750000000000444e-01 5.562500000000000222e-01
7.187499999999998890e-01 9.718750000000000444e-01 4.218750000000000000e-01 5.281250000000000666e-01
6.276041666666667407e-01 9.875000000000000444e-01 4.843750000000000000e-01 5.687499999999999778e-01
6.901041666666666297e-01 9.812499999999999556e-01 4.656249999999999556e-01 5.312500000000000000e-01
6.276041666666666297e-01 9.812499999999999556e-01 4.749999999999999778e-01 5.312500000000000000e-01
6.380208333333333703e-01 9.812499999999999556e-01 4.749999999999999778e-01 5.343750000000000444e-01
7.812499999999998890e-01 6.937499999999999778e-01 9.624999999999999112e-01 7.843750000000000444e-01
7.526041666666666297e-01 6.812499999999999112e-01 9.687500000000000000e-01 7.906250000000000222e-01
7.083333333333333703e-01 6.468749999999999778e-01 9.593749999999998668e-01 7.500000000000000000e-01
7.213541666666666297e-01 6.687499999999999556e-01 9.624999999999999112e-01 7.531250000000000444e-01
7.005208333333332593e-01 6.624999999999999778e-01 9.624999999999999112e-01 7.437499999999999112e-01
7.161458333333333703e-01 7.937499999999999556e-01 7.656250000000000000e-01 9.718750000000000444e-01
6.145833333333333703e-01 8.249999999999999556e-01 7.781250000000000666e-01 9.656249999999999556e-01
6.223958333333333703e-01 8.218750000000001332e-01 7.656250000000000000e-01 9.687500000000000000e-01
6.171875000000000000e-01 8.062500000000001332e-01 7.437500000000001332e-01 9.718750000000000444e-01
6.354166666666667407e-01 8.499999999999999778e-01 7.406250000000000888e-01 9.718750000000000444e-01
