9.906250000000000888e-01 8.187500000000000888e-01 6.062499999999999556e-01 3.250000000000000111e-01
9.906250000000000888e-01 7.812500000000000000e-01 5.687499999999999778e-01 3.156249999999999889e-01
9.875000000000000444e-01 7.843750000000000444e-01 5.562500000000000222e-01 3.187499999999999778e-01
9.906250000000000888e-01 7.718749999999998668e-01 5.625000000000000000e-01 3.249999999999999556e-01
9.906250000000000888e-01 7.687500000000000444e-01 5.687499999999999778e-01 3.250000000000000111e-01
8.000000000000000444e-01 9.468750000000001332e-01 5.156250000000000000e-01 6.812500000000001332e-01
7.999999999999999334e-01 9.781250000000000222e-01 5.437499999999999556e-01 6.062499999999999556e-01
7.781249999999999556e-01 9.718749999999999334e-01 5.281250000000000666e-01 6.281249999999999334e-01
8.156250000000000444e-01 9.781250000000000222e-01 5.812500000000000444e-01 6.374999999999999556e-01
7.843750000000000444e-01 9.750000000000000888e-01 6.250000000000000000e-01 5.968750000000000444e-01
7.593750000000000222e-01 9.312499999999999112e-01 9.781250000000000222e-01 5.093750000000000222e-01
6.125000000000000444e-01 8.499999999999999778e-01 9.625000000000000222e-01 4.593749999999999778e-01
5.812500000000000444e-01 8.906250000000000000e-01 9.749999999999999778e-01 5.062499999999999778e-01
6.468749999999999778e-01 7.968750000000000000e-01 9.718750000000000444e-01 5.218749999999999778e-01
6.218750000000000666e-01 8.125000000000000000e-01 9.750000000000000888e-01 5.218749999999999778e-01
5.625000000000000000e-01 8.281250000000000000e-01 8.218750000000000222e-01 9.875000000000000444e-01
5.593749999999999556e-01 7.249999999999999778e-01 7.624999999999999556e-01 9.812500000000000666e-01
5.562499999999999112e-01 6.624999999999999778e-01 7.249999999999999778e-01 9.781250000000000222e-01
5.093750000000000222e-01 7.031250000000000000e-01 7.624999999999999556e-01 9.812499999999999556e-01
5.468750000000000000e-01 7.312499999999999556e-01 7.812500000000000000e-01 9.843750000000000000e-01
