9.726562500000000000e-01 4.406250000000000444e-01 6.171875000000000000e-01 7.135416666666666297e-01
8.710937500000000000e-01 2.999999999999999889e-01 4.960937500000000000e-01 6.145833333333332593e-01
9.726562500000000000e-01 4.062500000000000000e-01 6.269531250000000000e-01 6.927083333333333703e-01
9.843750000000000000e-01 4.375000000000000000e-01 6.464843750000000000e-01 7.031250000000000000e-01
9.843750000000000000e-01 4.312500000000000222e-01 6.542968750000000000e-01 7.083333333333333703e-01
7.070312500000000000e-01 9.750000000000000888e-01 6.328125000000000000e-01 6.979166666666666297e-01
6.992187500000000000e-01 9.687500000000000000e-01 6.484375000000000000e-01 6.875000000000000000e-01
6.875000000000000000e-01 9.718749999999999334e-01 6.425781250000000000e-01 7.343750000000000000e-01
6.875000000000000000e-01 9.781250000000000222e-01 6.386718750000000000e-01 7.343749999999998890e-01
6.718750000000000000e-01 9.781250000000000222e-01 6.328125000000000000e-01 7.447916666666666297e-01
8.203125000000000000e-01 8.781249999999999334e-01 9.628906250000000000e-01 7.968750000000000000e-01
7.812500000000000000e-01 8.343750000000000888e-01 9.726562500000000000e-01 7.500000000000000000e-01
8.007812500000000000e-01 7.812500000000000000e-01 9.726562500000000000e-01 7.500000000000000000e-01
7.734375000000000000e-01 7.874999999999999778e-01 9.765625000000000000e-01 7.604166666666666297e-01
7.734375000000000000e-01 7.500000000000000000e-01 9.707031250000000000e-01 7.500000000000000000e-01
8.906250000000000000e-01 8.218749999999999112e-01 8.496093750000000000e-01 9.843750000000000000e-01
8.437500000000000000e-01 8.062500000000000222e-01 7.734375000000000000e-01 9.791666666666667407e-01
8.164062500000000000e-01 7.437499999999999112e-01 6.953125000000000000e-01 9.843750000000000000e-01
8.164062500000000000e-01 7.656250000000000000e-01 6.933593750000000000e-01 9.895833333333332593e-01
8.242187500000000000e-01 7.562500000000000888e-01 6.796875000000000000e-01 9.895833333333332593e-01
