9.843750000000000000e-01 6.374999999999999556e-01 4.427083333333333703e-01 5.781250000000000000e-01
9.713541666666666297e-01 5.468750000000000000e-01 4.479166666666666852e-01 5.234375000000000000e-01
9.765625000000001110e-01 5.343750000000000444e-01 5.156250000000000000e-01 5.195312500000000000e-01
9.869791666666666297e-01 5.531249999999999778e-01 4.843750000000000000e-01 5.195312500000000000e-01
9.791666666666666297e-01 5.874999999999999112e-01 4.505208333333333703e-01 5.390625000000000000e-01
9.192708333333333703e-01 9.812500000000000666e-01 6.015625000000000000e-01 6.796875000000000000e-01
9.036458333333332593e-01 9.812500000000000666e-01 5.442708333333333703e-01 6.679687500000000000e-01
8.958333333333333703e-01 9.812500000000000666e-01 5.286458333333332593e-01 6.523437500000000000e-01
8.906250000000000000e-01 9.812500000000000666e-01 5.286458333333333703e-01 6.562500000000000000e-01
8.932291666666666297e-01 9.812500000000000666e-01 5.234375000000000000e-01 6.484375000000000000e-01
7.552083333333332593e-01 7.968750000000000000e-01 9.817708333333332593e-01 6.445312500000000000e-01
7.786458333333332593e-01 8.343749999999999778e-01 9.817708333333332593e-01 6.328125000000000000e-01
7.187500000000000000e-01 7.874999999999999778e-01 9.843750000000000000e-01 6.367187500000000000e-01
6.250000000000000000e-01 6.906250000000000444e-01 9.791666666666667407e-01 6.679687500000000000e-01
6.328125000000000000e-01 7.343750000000000000e-01 9.817708333333333703e-01 6.289062500000000000e-01
7.369791666666667407e-01 7.875000000000000888e-01 8.281250000000000000e-01 9.804687500000000000e-01
7.500000000000000000e-01 7.374999999999999334e-01 7.994791666666667407e-01 9.687500000000000000e-01
7.473958333333333703e-01 7.093749999999999778e-01 7.760416666666667407e-01 9.882812500000000000e-01
7.317708333333332593e-01 7.093749999999998668e-01 7.447916666666666297e-01 9.882812500000000000e-01
7.187500000000000000e-01 7.000000000000000666e-01 6.875000000000000000e-01 9.804687500000000000e-01
