9.895833333333332593e-01 5.968749999999999334e-01 4.687500000000000000e-01 5.937500000000000000e-01
9.869791666666666297e-01 5.312500000000000000e-01 5.859375000000000000e-01 5.250000000000000222e-01
9.921874999999998890e-01 5.562500000000000222e-01 4.843750000000000000e-01 5.875000000000000222e-01
9.947916666666665186e-01 5.281249999999999556e-01 4.882812500000000000e-01 6.062500000000000666e-01
9.947916666666665186e-01 5.187499999999999334e-01 5.117187500000000000e-01 5.906250000000000666e-01
7.552083333333333703e-01 9.687500000000000000e-01 4.726562500000000000e-01 4.343749999999999556e-01
7.994791666666666297e-01 9.781250000000000222e-01 5.078125000000000000e-01 4.062500000000000000e-01
8.125000000000000000e-01 9.781249999999999112e-01 4.882812500000000000e-01 3.968749999999999778e-01
8.750000000000001110e-01 9.843750000000000000e-01 6.054687500000000000e-01 4.156249999999999667e-01
8.203125000000000000e-01 9.718750000000000444e-01 5.000000000000000000e-01 4.093750000000000444e-01
6.276041666666666297e-01 8.468749999999999334e-01 1.000000000000000000e+00 6.781250000000000888e-01
5.937500000000000000e-01 8.968750000000000888e-01 1.000000000000000000e+00 7.218750000000000444e-01
5.963541666666666297e-01 8.906250000000000000e-01 1.000000000000000000e+00 6.999999999999999556e-01
5.911458333333333703e-01 8.812499999999999778e-01 1.000000000000000000e+00 6.999999999999999556e-01
5.911458333333332593e-01 8.656249999999999778e-01 1.000000000000000000e+00 6.937500000000000888e-01
5.338541666666666297e-01 6.375000000000000666e-01 9.414062500000000000e-01 9.500000000000000666e-01
5.572916666666666297e-01 6.781250000000000888e-01 9.101562500000000000e-01 9.562500000000001554e-01
4.947916666666666297e-01 6.749999999999999334e-01 8.984375000000000000e-01 9.593749999999998668e-01
5.260416666666667407e-01 6.750000000000000444e-01 9.023437500000000000e-01 9.624999999999999112e-01
5.078125000000000000e-01 6.593750000000000444e-01 9.023437500000000000e-01 9.624999999999999112e-01
