9.960937500000000000e-01 6.015625000000000000e-01 5.520833333333332593e-01 5.416666666666667407e-01
9.921875000000000000e-01 5.820312500000000000e-01 5.468750000000000000e-01 5.677083333333332593e-01
9.921875000000000000e-01 5.742187500000000000e-01 5.312500000000000000e-01 5.885416666666667407e-01
9.960937500000000000e-01 6.210937500000000000e-01 5.755208333333332593e-01 5.182291666666667407e-01
9.921875000000000000e-01 5.820312500000000000e-01 5.390625000000000000e-01 5.651041666666666297e-01
8.710937500000000000e-01 9.570312500000000000e-01 3.932291666666666852e-01 6.249999999999998890e-01
8.359375000000000000e-01 9.648437500000000000e-01 3.072916666666666852e-01 4.921875000000000000e-01
8.437500000000000000e-01 9.648437500000000000e-01 3.385416666666666852e-01 5.572916666666666297e-01
8.398437500000000000e-01 9.687500000000000000e-01 3.020833333333333703e-01 5.494791666666667407e-01
8.437500000000000000e-01 9.726562500000000000e-01 2.968750000000000000e-01 5.546875000000000000e-01
6.679687500000000000e-01 7.343750000000000000e-01 9.921875000000000000e-01 7.656250000000000000e-01
6.367187500000000000e-01 6.835937500000000000e-01 9.921875000000000000e-01 7.552083333333333703e-01
6.640625000000000000e-01 6.718750000000000000e-01 9.921875000000000000e-01 7.526041666666666297e-01
6.484375000000000000e-01 6.562500000000000000e-01 9.921875000000000000e-01 7.421875000000001110e-01
6.054687500000000000e-01 6.171875000000000000e-01 9.869791666666666297e-01 7.109374999999998890e-01
8.398437500000000000e-01 8.242187500000000000e-01 6.796875000000001110e-01 9.739583333333333703e-01
6.562500000000000000e-01 8.320312500000000000e-01 7.708333333333333703e-01 9.583333333333332593e-01
6.679687500000000000e-01 8.437500000000000000e-01 7.265625000000000000e-01 9.869791666666665186e-01
7.031250000000000000e-01 8.437500000000000000e-01 7.031250000000000000e-01 9.843750000000000000e-01
6.171875000000000000e-01 8.164062500000000000e-01 6.848958333333332593e-01 9.687500000000001110e-01
