9.843750000000000000e-01 6.692708333333332593e-01 6.812499999999999112e-01 4.218750000000000555e-01
9.765625000000000000e-01 6.250000000000000000e-01 6.749999999999999334e-01 3.482142857142856984e-01
9.843750000000000000e-01 6.145833333333333703e-01 6.875000000000000000e-01 3.861607142857143016e-01
9.804687500000000000e-01 6.145833333333333703e-01 6.999999999999999556e-01 3.593750000000000000e-01
9.804687500000000000e-01 6.250000000000000000e-01 6.968749999999999112e-01 3.593750000000000000e-01
7.539062500000000000e-01 9.583333333333333703e-01 5.531249999999999778e-01 6.875000000000000000e-01
7.695312500000000000e-01 9.791666666666667407e-01 5.437499999999999556e-01 6.540178571428572063e-01
6.914062500000000000e-01 9.765625000000001110e-01 4.531250000000000000e-01 7.165178571428572063e-01
6.718750000000000000e-01 9.479166666666666297e-01 4.468750000000000222e-01 6.919642857142856984e-01
6.796875000000000000e-01 9.661458333333333703e-01 4.656249999999999556e-01 6.830357142857141906e-01
8.984375000000000000e-01 8.984375000000001110e-01 9.812499999999999556e-01 6.116071428571429047e-01
8.789062500000000000e-01 8.880208333333332593e-01 9.843750000000000000e-01 6.316964285714284921e-01
8.671875000000000000e-01 8.723958333333334814e-01 9.843750000000000000e-01 6.138392857142856984e-01
8.710937500000000000e-01 8.671875000000000000e-01 9.843750000000000000e-01 6.071428571428572063e-01
8.671875000000000000e-01 8.645833333333333703e-01 9.812499999999999556e-01 6.250000000000000000e-01
8.750000000000000000e-01 8.802083333333332593e-01 7.687500000000000444e-01 9.866071428571427937e-01
8.632812500000000000e-01 8.671875000000000000e-01 7.749999999999999112e-01 9.821428571428572063e-01
8.593750000000000000e-01 8.619791666666666297e-01 6.781249999999999778e-01 9.910714285714283811e-01
8.320312500000000000e-01 8.229166666666667407e-01 6.593750000000000444e-01 9.888392857142855874e-01
8.593750000000000000e-01 8.229166666666666297e-01 6.781249999999999778e-01 9.866071428571427937e-01
