9.765625000000000000e-01 6.328125000000000000e-01 4.472656250000000000e-01 6.614583333333333703e-01
9.869791666666666297e-01 5.820312500000000000e-01 4.082031250000000000e-01 7.656250000000000000e-01
9.661458333333333703e-01 5.546875000000000000e-01 4.863281250000000000e-01 5.989583333333332593e-01
9.609375000000000000e-01 5.664062500000000000e-01 4.550781250000000000e-01 5.989583333333332593e-01
9.739583333333332593e-01 6.054687500000000000e-01 4.960937500000000000e-01 7.343750000000000000e-01
8.984375000000000000e-01 9.726562500000000000e-01 4.941406250000000000e-01 6.875000000000000000e-01
8.828125000000000000e-01 9.570312500000000000e-01 4.003906250000000000e-01 6.979166666666667407e-01
8.593750000000000000e-01 9.570312500000000000e-01 4.316406250000000000e-01 6.458333333333333703e-01
8.645833333333332593e-01 9.531250000000000000e-01 4.277343750000000000e-01 6.510416666666666297e-01
8.645833333333333703e-01 9.531250000000000000e-01 4.296875000000000000e-01 6.666666666666666297e-01
6.276041666666667407e-01 8.242187500000000000e-01 9.882812500000000000e-01 7.291666666666666297e-01
7.187500000000000000e-01 8.203125000000000000e-01 9.882812500000000000e-01 8.177083333333334814e-01
6.510416666666667407e-01 7.812500000000000000e-01 9.882812500000000000e-01 7.135416666666666297e-01
7.083333333333332593e-01 7.890625000000000000e-01 9.882812500000000000e-01 8.177083333333332593e-01
6.614583333333332593e-01 7.695312500000000000e-01 9.902343750000000000e-01 7.656250000000001110e-01
8.515624999999998890e-01 8.164062500000000000e-01 9.511718750000000000e-01 9.895833333333332593e-01
8.281250000000000000e-01 7.773437500000000000e-01 9.101562500000000000e-01 9.843750000000000000e-01
8.489583333333333703e-01 7.851562500000000000e-01 8.945312500000000000e-01 9.895833333333332593e-01
8.619791666666666297e-01 7.851562500000000000e-01 8.867187500000000000e-01 9.895833333333332593e-01
8.593749999999998890e-01 7.851562500000000000e-01 8.867187500000000000e-01 9.895833333333332593e-01
