9.648437500000000000e-01 5.351562500000000000e-01 6.343749999999999112e-01 4.174107142857143016e-01
9.765625000000000000e-01 6.328125000000000000e-01 7.093749999999999778e-01 4.955357142857143016e-01
9.687500000000000000e-01 5.625000000000000000e-01 5.968750000000000444e-01 4.531250000000000555e-01
9.765625000000000000e-01 5.937500000000000000e-01 6.749999999999999334e-01 4.955357142857143016e-01
9.765625000000000000e-01 5.976562500000000000e-01 6.500000000000000222e-01 4.776785714285713969e-01
9.218750000000000000e-01 9.843750000000000000e-01 4.781249999999999667e-01 4.508928571428571508e-01
9.140625000000000000e-01 9.804687500000000000e-01 5.124999999999999556e-01 4.040178571428572063e-01
8.632812500000000000e-01 9.570312500000000000e-01 5.562500000000000222e-01 4.174107142857143016e-01
9.023437500000000000e-01 9.765625000000000000e-01 5.437500000000000666e-01 4.285714285714285476e-01
8.554687500000000000e-01 9.765625000000000000e-01 5.281250000000000666e-01 4.174107142857143016e-01
9.335937500000000000e-01 7.890625000000000000e-01 9.875000000000000444e-01 6.183035714285713969e-01
9.101562500000000000e-01 8.125000000000000000e-01 9.843750000000001110e-01 5.424107142857143016e-01
9.218750000000000000e-01 7.851562500000000000e-01 9.875000000000000444e-01 5.491071428571427937e-01
9.140625000000000000e-01 7.734375000000000000e-01 9.812500000000000666e-01 5.379464285714284921e-01
9.101562500000000000e-01 7.617187500000000000e-01 9.812500000000000666e-01 5.401785714285713969e-01
7.460937500000000000e-01 7.773437500000000000e-01 8.812499999999999778e-01 9.799107142857141906e-01
5.625000000000000000e-01 7.460937500000000000e-01 7.656249999999998890e-01 9.598214285714286031e-01
7.226562500000000000e-01 7.421875000000000000e-01 9.093750000000000444e-01 9.866071428571427937e-01
7.031250000000000000e-01 7.734375000000000000e-01 9.124999999999998668e-01 9.843750000000000000e-01
6.679687500000000000e-01 7.812500000000000000e-01 8.718749999999999556e-01 9.866071428571427937e-01
