9.812499999999999556e-01 3.789062500000000000e-01 5.078125000000000000e-01 5.208333333333333703e-01
9.843750000000000000e-01 3.828125000000000000e-01 4.921874999999999445e-01 5.130208333333332593e-01
9.718749999999999334e-01 3.789062500000000000e-01 5.156250000000000000e-01 4.947916666666666852e-01
9.781250000000000222e-01 3.750000000000000000e-01 4.921875000000000000e-01 5.026041666666666297e-01
9.749999999999999778e-01 3.906250000000000000e-01 4.947916666666666852e-01 5.026041666666666297e-01
8.218749999999999112e-01 9.726562500000000000e-01 8.098958333333332593e-01 6.718750000000000000e-01
7.718750000000000888e-01 9.804687500000000000e-01 8.281250000000000000e-01 5.937500000000000000e-01
8.249999999999999556e-01 9.765625000000000000e-01 8.046875000000000000e-01 6.145833333333333703e-01
7.968750000000000000e-01 9.765625000000000000e-01 8.281250000000000000e-01 6.067708333333333703e-01
7.968750000000000000e-01 9.765625000000000000e-01 8.229166666666666297e-01 6.223958333333332593e-01
8.593750000000000000e-01 8.085937500000000000e-01 9.817708333333332593e-01 6.250000000000000000e-01
8.468749999999999334e-01 7.304687500000000000e-01 9.843749999999998890e-01 5.442708333333332593e-01
8.531250000000000222e-01 6.562500000000000000e-01 9.817708333333332593e-01 5.364583333333332593e-01
8.437500000000000000e-01 6.406250000000000000e-01 9.661458333333333703e-01 5.416666666666666297e-01
8.343749999999999778e-01 6.445312500000000000e-01 9.661458333333333703e-01 5.104166666666666297e-01
8.281250000000000000e-01 8.398437500000000000e-01 8.515625000000000000e-01 9.791666666666666297e-01
8.156249999999999334e-01 8.125000000000000000e-01 8.645833333333333703e-01 9.765625000000000000e-01
7.687500000000000444e-01 8.164062500000000000e-01 8.203125000000001110e-01 9.713541666666666297e-01
7.531250000000000444e-01 8.046875000000000000e-01 8.307291666666667407e-01 9.713541666666666297e-01
7.468749999999999556e-01 7.929687500000000000e-01 8.020833333333332593e-01 9.713541666666666297e-01
