9.843750000000000000e-01 5.703124999999998890e-01 7.968749999999998890e-01 3.500000000000000333e-01
9.765625000000000000e-01 5.625000000000000000e-01 7.864583333333331483e-01 3.687500000000000222e-01
9.765625000000000000e-01 5.286458333333332593e-01 7.604166666666666297e-01 3.531250000000000222e-01
9.804687500000000000e-01 5.338541666666666297e-01 7.552083333333333703e-01 3.499999999999999778e-01
9.765625000000000000e-01 5.104166666666667407e-01 7.395833333333332593e-01 3.406250000000000111e-01
8.945312500000000000e-01 9.791666666666666297e-01 6.276041666666666297e-01 4.031249999999999556e-01
8.828125000000000000e-01 9.687500000000000000e-01 5.729166666666667407e-01 3.812499999999999778e-01
8.593750000000000000e-01 9.791666666666666297e-01 6.458333333333333703e-01 4.218750000000000000e-01
8.828125000000000000e-01 9.765625000000000000e-01 5.781250000000000000e-01 3.750000000000000000e-01
8.750000000000000000e-01 9.817708333333332593e-01 6.145833333333333703e-01 3.968749999999999778e-01
7.187500000000000000e-01 4.817708333333333703e-01 9.609374999999998890e-01 6.437499999999999334e-01
6.367187500000000000e-01 4.192708333333333703e-01 9.635416666666667407e-01 6.906249999999999334e-01
6.562500000000000000e-01 4.166666666666666852e-01 9.583333333333333703e-01 6.656250000000000222e-01
6.562500000000000000e-01 4.088541666666666852e-01 9.661458333333333703e-01 6.812499999999999112e-01
6.523437500000000000e-01 4.010416666666666852e-01 9.609375000000000000e-01 6.749999999999999334e-01
7.226562500000000000e-01 7.864583333333333703e-01 8.541666666666667407e-01 9.875000000000000444e-01
6.445312500000000000e-01 7.604166666666666297e-01 7.630208333333333703e-01 9.781250000000000222e-01
6.914062500000000000e-01 7.708333333333333703e-01 7.994791666666666297e-01 9.875000000000000444e-01
6.796875000000000000e-01 7.656250000000000000e-01 7.916666666666666297e-01 9.906250000000000888e-01
6.562500000000000000e-01 7.578124999999998890e-01 7.734375000000000000e-01 9.843750000000000000e-01
