9.687500000000000000e-01 4.843750000000000000e-01 5.843749999999999778e-01 4.062500000000000000e-01
9.718749999999999334e-01 4.593750000000000333e-01 6.593750000000000444e-01 3.645833333333332593e-01
9.624999999999999112e-01 5.093749999999999112e-01 6.062500000000000666e-01 3.359375000000000000e-01
9.718749999999999334e-01 4.812500000000000111e-01 6.749999999999999334e-01 3.880208333333333148e-01
9.687500000000000000e-01 5.749999999999999556e-01 6.312500000000000888e-01 3.828125000000000555e-01
8.062500000000000222e-01 9.937500000000001332e-01 5.656249999999999334e-01 7.473958333333332593e-01
7.812500000000000000e-01 9.875000000000000444e-01 5.499999999999999334e-01 7.369791666666666297e-01
7.906249999999999112e-01 9.906250000000000888e-01 5.406250000000000222e-01 7.187500000000000000e-01
7.781250000000000666e-01 9.875000000000000444e-01 5.406250000000000222e-01 7.135416666666667407e-01
7.843750000000000444e-01 9.906250000000000888e-01 5.406250000000000222e-01 7.135416666666667407e-01
8.999999999999999112e-01 6.406250000000000000e-01 9.906250000000000888e-01 5.234375000000000000e-01
9.375000000000000000e-01 5.875000000000000222e-01 9.906249999999999778e-01 5.026041666666666297e-01
9.124999999999998668e-01 6.125000000000000444e-01 9.906249999999999778e-01 4.973958333333333703e-01
9.187500000000000666e-01 5.749999999999999556e-01 9.906249999999999778e-01 4.921875000000000000e-01
9.000000000000001332e-01 5.749999999999999556e-01 9.937500000000000222e-01 5.026041666666666297e-01
8.218750000000000222e-01 6.187500000000000222e-01 9.312500000000001332e-01 9.713541666666667407e-01
7.593750000000000222e-01 5.437500000000000666e-01 8.750000000000000000e-01 9.687500000000001110e-01
7.593749999999999112e-01 5.124999999999999556e-01 8.750000000000000000e-01 9.765625000000000000e-01
7.281249999999999112e-01 5.124999999999999556e-01 8.750000000000000000e-01 9.713541666666666297e-01
7.187500000000000000e-01 4.875000000000000444e-01 8.781249999999999334e-01 9.687500000000000000e-01
