9.804687500000000000e-01 6.276041666666667407e-01 5.000000000000000000e-01 7.281250000000000222e-01
9.843750000000000000e-01 6.458333333333333703e-01 5.026041666666666297e-01 7.812500000000000000e-01
9.804687500000000000e-01 6.406250000000001110e-01 4.895833333333333148e-01 7.562499999999999778e-01
9.804687500000000000e-01 6.380208333333333703e-01 4.973958333333333148e-01 7.468750000000000666e-01
9.804687500000000000e-01 6.380208333333333703e-01 5.026041666666666297e-01 7.437500000000000222e-01
6.562500000000000000e-01 9.713541666666666297e-01 7.031250000000000000e-01 5.062499999999999778e-01
5.937500000000000000e-01 9.661458333333333703e-01 6.354166666666667407e-01 4.593749999999999778e-01
5.976562500000000000e-01 9.401041666666667407e-01 7.421875000000000000e-01 4.000000000000000222e-01
5.859375000000000000e-01 9.661458333333332593e-01 6.979166666666666297e-01 4.531250000000000000e-01
6.562500000000000000e-01 9.687500000000000000e-01 6.380208333333333703e-01 4.874999999999999889e-01
5.742187500000000000e-01 7.708333333333332593e-01 9.895833333333332593e-01 5.906249999999999556e-01
5.546875000000000000e-01 7.135416666666666297e-01 9.687500000000000000e-01 5.812500000000000444e-01
5.898437500000000000e-01 6.953125000000001110e-01 9.895833333333332593e-01 6.593749999999999334e-01
5.468750000000000000e-01 6.770833333333332593e-01 9.843750000000000000e-01 6.250000000000000000e-01
5.468750000000000000e-01 6.562500000000000000e-01 9.817708333333333703e-01 6.437500000000000444e-01
7.968750000000000000e-01 8.984375000000001110e-01 7.395833333333333703e-01 9.781250000000000222e-01
8.164062500000000000e-01 8.385416666666666297e-01 7.578125000000000000e-01 9.687499999999998890e-01
8.320312500000000000e-01 8.671875000000001110e-01 6.979166666666666297e-01 9.812499999999999556e-01
8.125000000000000000e-01 8.203125000000000000e-01 7.942708333333333703e-01 9.624999999999999112e-01
8.242187500000000000e-01 8.958333333333333703e-01 6.380208333333332593e-01 9.812499999999999556e-01
