9.817708333333332593e-01 4.718749999999999889e-01 5.218749999999999778e-01 7.890625000000000000e-01
9.843749999999998890e-01 4.468750000000000222e-01 5.406250000000000222e-01 7.500000000000000000e-01
9.869791666666666297e-01 4.312500000000000222e-01 5.625000000000000000e-01 7.617187500000000000e-01
9.869791666666666297e-01 3.968749999999999778e-01 5.499999999999999334e-01 7.773437500000000000e-01
9.869791666666666297e-01 4.437499999999999778e-01 5.625000000000000000e-01 7.773437500000000000e-01
7.994791666666666297e-01 9.718749999999999334e-01 5.281250000000000666e-01 6.835937500000000000e-01
7.916666666666667407e-01 9.812499999999999556e-01 5.499999999999999334e-01 6.875000000000000000e-01
8.098958333333332593e-01 9.812499999999999556e-01 5.374999999999999778e-01 7.031250000000000000e-01
7.968750000000001110e-01 9.812499999999999556e-01 5.343750000000000444e-01 7.031250000000000000e-01
7.942708333333333703e-01 9.812499999999999556e-01 5.406250000000000222e-01 7.070312500000000000e-01
8.723958333333333703e-01 8.062499999999999112e-01 9.749999999999999778e-01 7.500000000000000000e-01
9.036458333333333703e-01 8.437500000000001110e-01 9.781250000000000222e-01 7.109375000000000000e-01
9.088541666666666297e-01 8.312499999999999334e-01 9.843750000000000000e-01 7.109375000000000000e-01
8.958333333333333703e-01 8.187500000000000888e-01 9.812500000000000666e-01 7.304687500000000000e-01
8.984375000000000000e-01 8.343750000000000888e-01 9.812500000000000666e-01 7.109375000000000000e-01
5.859375000000000000e-01 5.531249999999999778e-01 6.218750000000000666e-01 9.843750000000000000e-01
5.390625000000000000e-01 5.843750000000000888e-01 6.999999999999999556e-01 9.843750000000000000e-01
5.026041666666667407e-01 5.593749999999999556e-01 6.843750000000000666e-01 9.843750000000000000e-01
4.895833333333333148e-01 5.687499999999999778e-01 7.031250000000000000e-01 9.843750000000000000e-01
4.973958333333333148e-01 5.656250000000000444e-01 6.406250000000000000e-01 9.882812500000000000e-01
