9.869791666666665186e-01 6.312500000000000888e-01 5.364583333333333703e-01 5.989583333333333703e-01
9.739583333333332593e-01 6.125000000000000444e-01 5.052083333333333703e-01 4.427083333333333703e-01
9.765624999999998890e-01 6.031250000000000222e-01 5.520833333333332593e-01 5.937500000000001110e-01
9.791666666666666297e-01 6.187500000000000222e-01 5.312500000000000000e-01 5.729166666666666297e-01
9.765625000000000000e-01 5.874999999999999112e-01 5.416666666666667407e-01 6.484375000000000000e-01
5.807291666666666297e-01 9.812500000000000666e-01 4.218750000000000000e-01 5.651041666666667407e-01
4.531250000000000555e-01 9.749999999999999778e-01 4.375000000000000000e-01 5.546875000000000000e-01
4.687500000000000000e-01 9.718749999999999334e-01 4.427083333333333703e-01 5.677083333333333703e-01
4.687500000000000000e-01 9.687500000000000000e-01 4.531250000000000000e-01 5.260416666666667407e-01
4.427083333333333148e-01 9.718749999999999334e-01 4.583333333333333703e-01 4.999999999999999445e-01
8.749999999999998890e-01 8.156250000000000444e-01 9.791666666666667407e-01 5.833333333333333703e-01
7.916666666666667407e-01 7.593749999999999112e-01 9.843750000000000000e-01 6.875000000000000000e-01
8.072916666666666297e-01 7.624999999999999556e-01 9.843750000000000000e-01 6.901041666666667407e-01
7.890625000000000000e-01 7.624999999999999556e-01 9.843750000000000000e-01 6.796875000000000000e-01
7.890625000000000000e-01 7.624999999999999556e-01 9.843750000000000000e-01 6.848958333333333703e-01
6.250000000000000000e-01 7.749999999999999112e-01 6.406250000000000000e-01 9.947916666666666297e-01
5.598958333333333703e-01 7.468750000000000666e-01 6.562500000000000000e-01 9.791666666666667407e-01
4.531250000000000000e-01 7.625000000000000666e-01 6.562500000000000000e-01 9.921874999999998890e-01
4.687500000000000000e-01 7.281250000000000222e-01 6.145833333333333703e-01 9.921874999999998890e-01
4.505208333333333703e-01 7.312499999999999556e-01 5.781250000000000000e-01 9.921874999999998890e-01
