9.812499999999999556e-01 5.218749999999999778e-01 6.588541666666666297e-01 4.960937500000000000e-01
9.812499999999999556e-01 5.406250000000000222e-01 7.239583333333333703e-01 5.039062500000000000e-01
9.656249999999999556e-01 4.343750000000000111e-01 6.302083333333332593e-01 4.882812500000000000e-01
9.656250000000000666e-01 4.687500000000000000e-01 6.171875000000000000e-01 4.609375000000000000e-01
9.718750000000000444e-01 4.812500000000000111e-01 6.432291666666666297e-01 4.804687500000000000e-01
7.687500000000000444e-01 9.749999999999999778e-01 6.796875000000000000e-01 8.046875000000000000e-01
6.437500000000000444e-01 9.750000000000000888e-01 6.276041666666667407e-01 8.164062500000000000e-01
6.406250000000000000e-01 9.718750000000000444e-01 6.015625000000000000e-01 7.812500000000000000e-01
6.187500000000000222e-01 9.718750000000000444e-01 5.885416666666666297e-01 7.929687500000000000e-01
6.031250000000000222e-01 9.718749999999999334e-01 6.223958333333333703e-01 7.929687500000000000e-01
7.562499999999999778e-01 7.500000000000000000e-01 9.713541666666665186e-01 7.695312500000000000e-01
7.843750000000000444e-01 8.406250000000000666e-01 9.869791666666666297e-01 8.750000000000000000e-01
6.312499999999999778e-01 7.781249999999999556e-01 9.661458333333332593e-01 7.226562500000000000e-01
7.812500000000000000e-01 7.625000000000000666e-01 9.895833333333332593e-01 8.515625000000000000e-01
7.687500000000000444e-01 7.812500000000000000e-01 9.895833333333332593e-01 8.515625000000000000e-01
7.593750000000000222e-01 8.437500000000000000e-01 5.260416666666666297e-01 9.921875000000000000e-01
7.031250000000000000e-01 8.249999999999999556e-01 4.244791666666666852e-01 9.765625000000000000e-01
7.312499999999999556e-01 8.031249999999999778e-01 4.635416666666666852e-01 9.882812500000000000e-01
6.656249999999999112e-01 7.562499999999999778e-01 4.296874999999999445e-01 9.921875000000000000e-01
6.875000000000000000e-01 7.781249999999999556e-01 4.557291666666666852e-01 9.921875000000000000e-01
