9.781250000000000222e-01 4.843750000000000000e-01 4.947916666666666297e-01 5.781250000000000000e-01
9.750000000000000888e-01 4.882812500000000000e-01 4.583333333333333148e-01 5.406250000000000222e-01
9.843750000000001110e-01 4.882812500000000000e-01 4.687500000000000555e-01 5.593749999999999556e-01
9.843750000000001110e-01 5.039062500000000000e-01 4.661458333333333703e-01 5.468750000000000000e-01
9.875000000000000444e-01 5.156250000000000000e-01 4.713541666666666297e-01 5.531249999999999778e-01
7.593750000000000222e-01 9.882812500000000000e-01 5.520833333333333703e-01 5.218750000000000888e-01
8.187500000000000888e-01 9.765625000000000000e-01 5.677083333333332593e-01 4.343750000000000111e-01
7.781249999999999556e-01 9.960937500000000000e-01 5.651041666666667407e-01 4.749999999999999778e-01
7.562499999999999778e-01 9.882812500000000000e-01 5.572916666666666297e-01 4.124999999999999778e-01
7.687499999999999334e-01 9.921875000000000000e-01 5.572916666666666297e-01 4.312500000000000222e-01
7.531250000000000444e-01 8.437500000000000000e-01 9.765625000000001110e-01 5.999999999999999778e-01
7.656250000000000000e-01 8.828125000000000000e-01 9.765625000000000000e-01 6.249999999999998890e-01
7.218749999999999334e-01 8.281250000000000000e-01 9.739583333333333703e-01 5.906249999999999556e-01
7.624999999999999556e-01 8.359375000000000000e-01 9.765625000000000000e-01 6.093750000000000000e-01
7.125000000000000222e-01 8.398437500000000000e-01 9.765625000000000000e-01 5.781250000000000000e-01
8.249999999999999556e-01 8.320312500000000000e-01 8.463541666666666297e-01 9.875000000000000444e-01
8.062500000000000222e-01 8.476562500000000000e-01 7.994791666666666297e-01 9.843749999999998890e-01
7.749999999999999112e-01 8.398437500000000000e-01 7.421875000000000000e-01 9.874999999999999334e-01
7.812500000000000000e-01 8.281250000000000000e-01 7.369791666666667407e-01 9.843749999999998890e-01
7.531249999999999334e-01 8.281250000000000000e-01 6.901041666666666297e-01 9.812499999999999556e-01
