9.843750000000000000e-01 5.664062500000000000e-01 7.723214285714284921e-01 4.661458333333333703e-01
9.882812500000000000e-01 5.507812500000000000e-01 7.187500000000000000e-01 4.583333333333333148e-01
9.882812500000000000e-01 5.820312500000000000e-01 7.187500000000001110e-01 4.895833333333333703e-01
9.882812500000000000e-01 6.054687500000000000e-01 6.852678571428570953e-01 5.052083333333333703e-01
9.843750000000000000e-01 5.898437500000000000e-01 6.941964285714286031e-01 4.921875000000000555e-01
8.125000000000000000e-01 9.804687500000000000e-01 6.473214285714286031e-01 5.520833333333333703e-01
7.929687500000000000e-01 9.765625000000000000e-01 6.160714285714286031e-01 5.208333333333332593e-01
8.281250000000000000e-01 9.726562500000000000e-01 6.674107142857141906e-01 4.973958333333333148e-01
7.695312500000000000e-01 9.804687500000000000e-01 6.540178571428572063e-01 5.260416666666666297e-01
7.968750000000000000e-01 9.726562500000000000e-01 6.495535714285715079e-01 4.895833333333333703e-01
6.875000000000000000e-01 8.398437500000000000e-01 9.620535714285713969e-01 6.666666666666666297e-01
6.679687500000000000e-01 7.851562500000000000e-01 9.375000000000000000e-01 6.328124999999998890e-01
7.031250000000000000e-01 8.085937500000000000e-01 9.732142857142858094e-01 5.625000000000000000e-01
7.500000000000000000e-01 7.460937500000000000e-01 9.754464285714286031e-01 5.234375000000000000e-01
7.187500000000000000e-01 8.320312500000000000e-01 9.821428571428572063e-01 5.989583333333333703e-01
7.734375000000000000e-01 6.757812500000000000e-01 8.392857142857143016e-01 9.661458333333334814e-01
8.242187500000000000e-01 6.757812500000000000e-01 8.482142857142856984e-01 9.765625000000000000e-01
7.226562500000000000e-01 6.523437500000000000e-01 7.388392857142856984e-01 9.635416666666666297e-01
7.851562500000000000e-01 6.640625000000000000e-01 7.678571428571429047e-01 9.661458333333332593e-01
7.773437500000000000e-01 6.914062500000000000e-01 7.767857142857143016e-01 9.661458333333332593e-01
