9.179687500000000000e-01 3.984375000000000000e-01 5.729166666666667407e-01 4.869791666666666297e-01
9.765625000000000000e-01 4.492187500000000000e-01 6.093750000000000000e-01 5.494791666666666297e-01
9.726562500000000000e-01 4.687500000000000000e-01 6.093750000000001110e-01 5.546875000000000000e-01
9.609375000000000000e-01 4.218750000000000000e-01 5.911458333333332593e-01 5.468750000000000000e-01
9.726562500000000000e-01 4.492187500000000000e-01 6.171875000000000000e-01 5.546875000000000000e-01
8.710937500000000000e-01 9.804687500000000000e-01 8.385416666666667407e-01 5.598958333333333703e-01
8.476562500000000000e-01 9.960937500000000000e-01 8.437500000000000000e-01 5.130208333333333703e-01
8.515625000000000000e-01 9.882812500000000000e-01 8.463541666666667407e-01 5.182291666666666297e-01
8.476562500000000000e-01 9.882812500000000000e-01 8.385416666666666297e-01 5.156250000000000000e-01
8.359375000000000000e-01 9.882812500000000000e-01 8.255208333333332593e-01 5.078125000000000000e-01
8.398437500000000000e-01 9.179687500000000000e-01 9.609374999999998890e-01 6.614583333333332593e-01
7.812500000000000000e-01 8.046875000000000000e-01 9.635416666666666297e-01 6.406250000000000000e-01
8.007812500000000000e-01 8.359375000000000000e-01 9.739583333333333703e-01 5.807291666666666297e-01
7.734375000000000000e-01 7.851562500000000000e-01 9.765625000000000000e-01 5.807291666666666297e-01
7.851562500000000000e-01 7.343750000000000000e-01 9.739583333333332593e-01 6.093750000000000000e-01
7.812500000000000000e-01 7.773437500000000000e-01 7.994791666666666297e-01 9.557291666666666297e-01
7.929687500000000000e-01 6.953125000000000000e-01 7.500000000000000000e-01 9.713541666666667407e-01
8.007812500000000000e-01 7.617187500000000000e-01 7.760416666666667407e-01 9.817708333333332593e-01
8.320312500000000000e-01 7.578125000000000000e-01 7.005208333333333703e-01 9.817708333333332593e-01
7.773437500000000000e-01 7.265625000000000000e-01 7.265625000000000000e-01 9.739583333333333703e-01
