9.817708333333332593e-01 4.656249999999999556e-01 5.843749999999999778e-01 5.625000000000000000e-01
9.635416666666666297e-01 5.218749999999999778e-01 4.875000000000000444e-01 5.312500000000000000e-01
9.869791666666665186e-01 4.874999999999999889e-01 5.437500000000000666e-01 5.664062500000000000e-01
9.505208333333333703e-01 5.000000000000000000e-01 5.124999999999999556e-01 5.351562500000000000e-01
9.869791666666666297e-01 4.593749999999999778e-01 6.062500000000000666e-01 5.390625000000000000e-01
9.192708333333332593e-01 9.749999999999999778e-01 7.593750000000001332e-01 7.382812500000000000e-01
8.359375000000000000e-01 9.749999999999998668e-01 6.624999999999999778e-01 7.031250000000000000e-01
8.072916666666667407e-01 9.718749999999999334e-01 6.624999999999998668e-01 7.578125000000000000e-01
8.020833333333333703e-01 9.749999999999999778e-01 6.656250000000000222e-01 7.187500000000000000e-01
8.411458333333332593e-01 9.749999999999999778e-01 7.468749999999999556e-01 7.070312500000000000e-01
8.776041666666667407e-01 8.218750000000001332e-01 9.781250000000000222e-01 6.679687500000000000e-01
8.697916666666667407e-01 7.218750000000000444e-01 9.750000000000000888e-01 5.976562500000000000e-01
8.854166666666667407e-01 7.562499999999999778e-01 9.812499999999999556e-01 6.093750000000000000e-01
8.645833333333333703e-01 7.812500000000000000e-01 9.781249999999999112e-01 6.210937500000000000e-01
8.697916666666666297e-01 7.718749999999999778e-01 9.812499999999999556e-01 6.289062500000000000e-01
8.072916666666667407e-01 6.031250000000000222e-01 8.874999999999999556e-01 9.687500000000000000e-01
7.526041666666666297e-01 6.531249999999999556e-01 8.562499999999999556e-01 9.648437500000000000e-01
7.109374999999998890e-01 7.468750000000000666e-01 7.750000000000001332e-01 9.570312500000000000e-01
7.395833333333333703e-01 6.624999999999999778e-01 8.093749999999999556e-01 9.648437500000000000e-01
6.979166666666666297e-01 7.125000000000000222e-01 7.656250000000000000e-01 9.648437500000000000e-01
