9.906250000000000888e-01 5.273437500000000000e-01 3.476562500000000000e-01 8.281250000000000000e-01
9.968750000000000666e-01 5.234375000000000000e-01 3.574218750000000000e-01 8.632812500000000000e-01
9.968750000000000666e-01 5.039062500000000000e-01 3.808593750000000000e-01 8.671875000000000000e-01
9.968750000000000666e-01 5.000000000000000000e-01 3.535156250000000000e-01 8.593750000000000000e-01
9.968750000000000666e-01 5.078125000000000000e-01 3.750000000000000000e-01 8.437500000000000000e-01
8.531250000000000222e-01 9.726562500000000000e-01 6.152343750000000000e-01 6.601562500000000000e-01
8.375000000000000222e-01 9.804687500000000000e-01 6.171875000000000000e-01 6.601562500000000000e-01
8.249999999999999556e-01 9.765625000000000000e-01 6.250000000000000000e-01 6.367187500000000000e-01
8.312500000000000444e-01 9.765625000000000000e-01 6.054687500000000000e-01 6.367187500000000000e-01
8.281250000000000000e-01 9.765625000000000000e-01 6.054687500000000000e-01 6.406250000000000000e-01
7.562500000000000888e-01 8.437500000000000000e-01 9.843750000000000000e-01 7.226562500000000000e-01
7.875000000000000888e-01 7.695312500000000000e-01 9.804687500000000000e-01 6.054687500000000000e-01
7.249999999999999778e-01 8.164062500000000000e-01 9.863281250000000000e-01 6.523437500000000000e-01
5.937500000000000000e-01 7.070312500000000000e-01 9.843750000000000000e-01 7.578125000000000000e-01
7.062500000000000444e-01 7.656250000000000000e-01 9.843750000000000000e-01 6.406250000000000000e-01
7.906250000000000222e-01 6.093750000000000000e-01 7.656250000000000000e-01 9.804687500000000000e-01
7.562500000000000888e-01 5.351562500000000000e-01 6.718750000000000000e-01 9.765625000000000000e-01
8.156249999999998224e-01 5.195312500000000000e-01 6.816406250000000000e-01 9.882812500000000000e-01
6.968750000000000222e-01 4.687500000000000000e-01 5.917968750000000000e-01 9.726562500000000000e-01
6.281249999999999334e-01 4.765625000000000000e-01 5.488281250000000000e-01 9.726562500000000000e-01
