9.718749999999999334e-01 6.629464285714286031e-01 5.260416666666666297e-01 5.437499999999999556e-01
9.718750000000000444e-01 6.562500000000000000e-01 4.895833333333332593e-01 5.156250000000000000e-01
9.749999999999998668e-01 6.450892857142856984e-01 4.895833333333332593e-01 5.281249999999999556e-01
9.812499999999999556e-01 6.517857142857143016e-01 4.739583333333333703e-01 5.375000000000000888e-01
9.812499999999999556e-01 6.473214285714286031e-01 4.739583333333332593e-01 5.281249999999999556e-01
8.593750000000000000e-01 9.821428571428569843e-01 7.239583333333332593e-01 5.812499999999999334e-01
8.125000000000000000e-01 9.821428571428572063e-01 7.135416666666667407e-01 5.843749999999999778e-01
7.937500000000000666e-01 9.843750000000000000e-01 7.187500000000000000e-01 5.687499999999999778e-01
6.968749999999999112e-01 9.910714285714283811e-01 6.822916666666667407e-01 5.218749999999999778e-01
7.312499999999999556e-01 9.843750000000000000e-01 7.031250000000000000e-01 5.625000000000000000e-01
6.156250000000000888e-01 7.366071428571429047e-01 9.947916666666665186e-01 8.968750000000000888e-01
6.593749999999999334e-01 6.495535714285713969e-01 9.947916666666665186e-01 8.999999999999999112e-01
6.500000000000000222e-01 6.629464285714284921e-01 9.947916666666665186e-01 9.000000000000001332e-01
6.125000000000000444e-01 5.825892857142858094e-01 9.895833333333332593e-01 8.812499999999998668e-01
5.968750000000000444e-01 5.468750000000000000e-01 9.895833333333332593e-01 8.718749999999999556e-01
5.937500000000000000e-01 4.910714285714285476e-01 8.281250000000000000e-01 9.812499999999999556e-01
5.312500000000000000e-01 5.000000000000000000e-01 8.177083333333332593e-01 9.687499999999998890e-01
5.156250000000000000e-01 4.352678571428571508e-01 8.072916666666666297e-01 9.812499999999999556e-01
4.843749999999999445e-01 4.419642857142856984e-01 7.760416666666667407e-01 9.718749999999999334e-01
5.781250000000000000e-01 4.642857142857142461e-01 8.125000000000000000e-01 9.781249999999999112e-01
