9.250000000000000444e-01 5.959821428571427937e-01 4.960937500000000000e-01 6.484375000000000000e-01
9.624999999999999112e-01 4.955357142857142461e-01 5.156250000000000000e-01 5.429687500000000000e-01
9.656249999999999556e-01 4.955357142857142461e-01 5.156250000000000000e-01 5.195312500000000000e-01
9.656250000000000666e-01 5.044642857142856984e-01 5.000000000000000000e-01 5.351562500000000000e-01
9.718749999999999334e-01 5.357142857142856984e-01 5.234375000000000000e-01 5.742187500000000000e-01
8.500000000000000888e-01 9.486607142857143016e-01 5.195312500000000000e-01 5.117187500000000000e-01
7.843749999999999334e-01 9.843750000000000000e-01 5.507812500000000000e-01 6.289062500000000000e-01
8.062500000000000222e-01 9.598214285714286031e-01 5.234375000000000000e-01 5.820312500000000000e-01
7.906250000000000222e-01 9.553571428571430157e-01 5.078125000000000000e-01 5.273437500000000000e-01
7.718749999999999778e-01 9.776785714285713969e-01 5.234375000000000000e-01 6.445312500000000000e-01
6.718749999999998890e-01 8.883928571428570953e-01 9.843750000000000000e-01 8.085937500000000000e-01
6.999999999999999556e-01 8.571428571428570953e-01 9.882812500000000000e-01 7.539062500000000000e-01
6.593750000000000444e-01 8.549107142857141906e-01 9.882812500000000000e-01 8.125000000000000000e-01
6.437500000000000444e-01 8.482142857142855874e-01 9.882812500000000000e-01 8.125000000000000000e-01
6.500000000000000222e-01 8.504464285714284921e-01 9.882812500000000000e-01 8.125000000000000000e-01
6.374999999999999556e-01 8.638392857142855874e-01 8.554687500000000000e-01 9.882812500000000000e-01
6.093750000000000000e-01 8.437500000000000000e-01 8.320312500000000000e-01 9.921875000000000000e-01
5.968749999999999334e-01 8.258928571428570953e-01 8.085937500000000000e-01 9.921875000000000000e-01
5.781250000000000000e-01 7.812500000000000000e-01 8.046875000000000000e-01 9.921875000000000000e-01
5.843749999999999778e-01 8.214285714285713969e-01 8.007812500000000000e-01 9.921875000000000000e-01
