9.687500000000000000e-01 4.906249999999999778e-01 6.054687500000000000e-01 6.093750000000000000e-01
9.817708333333333703e-01 4.874999999999999334e-01 6.250000000000000000e-01 6.510416666666666297e-01
9.661458333333332593e-01 4.468750000000000222e-01 5.820312500000000000e-01 6.223958333333333703e-01
9.765625000000000000e-01 4.749999999999999778e-01 5.820312500000000000e-01 6.145833333333332593e-01
9.739583333333333703e-01 4.687500000000000000e-01 5.664062500000000000e-01 6.197916666666666297e-01
8.229166666666666297e-01 9.750000000000000888e-01 7.617187500000000000e-01 6.119791666666667407e-01
8.281249999999998890e-01 9.781250000000000222e-01 7.578125000000000000e-01 5.598958333333333703e-01
7.369791666666667407e-01 9.624999999999999112e-01 7.421875000000000000e-01 5.416666666666667407e-01
7.734375000000000000e-01 9.750000000000000888e-01 7.226562500000000000e-01 5.572916666666666297e-01
7.708333333333332593e-01 9.781250000000001332e-01 7.421875000000000000e-01 5.546875000000000000e-01
8.671874999999998890e-01 8.718750000000000666e-01 9.921875000000000000e-01 5.625000000000000000e-01
8.255208333333333703e-01 8.031249999999998668e-01 9.960937500000000000e-01 5.442708333333333703e-01
8.281250000000000000e-01 7.968750000000000000e-01 9.960937500000000000e-01 5.312500000000000000e-01
7.890624999999998890e-01 7.624999999999999556e-01 9.960937500000000000e-01 5.234375000000000000e-01
7.864583333333332593e-01 7.656250000000000000e-01 9.960937500000000000e-01 5.208333333333333703e-01
8.177083333333333703e-01 8.812499999999999778e-01 8.671875000000000000e-01 9.739583333333331483e-01
7.942708333333332593e-01 8.000000000000000444e-01 8.593750000000000000e-01 9.791666666666665186e-01
7.604166666666667407e-01 7.937500000000000666e-01 8.632812500000000000e-01 9.765624999999998890e-01
7.786458333333332593e-01 8.187499999999999778e-01 8.867187500000000000e-01 9.765625000000000000e-01
7.786458333333333703e-01 8.249999999999999556e-01 8.671875000000000000e-01 9.765624999999998890e-01
