9.906250000000000888e-01 7.906250000000000222e-01 4.406249999999999889e-01 4.781250000000000222e-01
9.843750000000001110e-01 6.843749999999999556e-01 3.687500000000000222e-01 4.656250000000000111e-01
9.718750000000000444e-01 7.312499999999999556e-01 4.062500000000000000e-01 4.874999999999999889e-01
9.750000000000000888e-01 7.343750000000000000e-01 4.031249999999999556e-01 4.937499999999999667e-01
9.750000000000000888e-01 7.468749999999999556e-01 3.937500000000000444e-01 4.937499999999999667e-01
7.750000000000001332e-01 9.812499999999999556e-01 3.031249999999999778e-01 4.406250000000000444e-01
6.687499999999999556e-01 9.843750000000000000e-01 2.999999999999999889e-01 5.031250000000000444e-01
6.187500000000000222e-01 9.749999999999999778e-01 3.000000000000000444e-01 4.812499999999999556e-01
7.062500000000000444e-01 9.812499999999999556e-01 2.906250000000000222e-01 3.781249999999999889e-01
6.937499999999999778e-01 9.875000000000000444e-01 2.906249999999999667e-01 4.062500000000000000e-01
8.218750000000000222e-01 8.343749999999999778e-01 9.750000000000000888e-01 5.656250000000000444e-01
8.093749999999999556e-01 7.656250000000000000e-01 9.687500000000000000e-01 4.593750000000000333e-01
8.375000000000000222e-01 7.968750000000000000e-01 9.812500000000000666e-01 5.156250000000000000e-01
8.562499999999999556e-01 7.937499999999999556e-01 9.812500000000000666e-01 4.937499999999999667e-01
8.562499999999999556e-01 7.687499999999999334e-01 9.812500000000000666e-01 4.781250000000000222e-01
7.249999999999999778e-01 5.062499999999999778e-01 8.999999999999999112e-01 9.906250000000000888e-01
6.750000000000000444e-01 5.125000000000000666e-01 8.937500000000000444e-01 9.687500000000001110e-01
7.312499999999999556e-01 5.906249999999999556e-01 8.875000000000001776e-01 9.875000000000000444e-01
7.343750000000000000e-01 5.781250000000000000e-01 8.812500000000000888e-01 9.875000000000000444e-01
7.156249999999999556e-01 5.812499999999999334e-01 8.718749999999999556e-01 9.875000000000000444e-01
