9.781250000000000222e-01 6.843750000000000666e-01 4.218750000000000000e-01 4.843750000000000000e-01
9.781250000000001332e-01 6.718750000000000000e-01 3.645833333333333703e-01 3.867187500000000000e-01
9.875000000000000444e-01 6.374999999999999556e-01 3.385416666666666297e-01 3.593750000000000000e-01
9.843750000000000000e-01 6.531249999999999556e-01 3.411458333333333148e-01 3.710937500000000000e-01
9.781250000000001332e-01 6.906249999999999334e-01 3.593750000000000000e-01 3.906250000000000000e-01
7.093750000000000888e-01 9.718750000000000444e-01 4.479166666666666852e-01 6.679687500000000000e-01
8.218750000000000222e-01 9.750000000000000888e-01 4.427083333333333703e-01 6.562500000000000000e-01
7.468750000000000666e-01 9.749999999999999778e-01 4.947916666666666297e-01 6.562500000000000000e-01
7.624999999999999556e-01 9.781250000000000222e-01 4.869791666666666852e-01 6.093750000000000000e-01
6.593750000000000444e-01 9.656249999999998446e-01 4.375000000000000000e-01 5.742187500000000000e-01
7.437500000000000222e-01 8.781250000000000444e-01 9.765625000000000000e-01 8.242187500000000000e-01
7.718749999999999778e-01 8.375000000000001332e-01 9.843749999999998890e-01 7.421875000000000000e-01
7.593750000000000222e-01 7.343750000000000000e-01 9.817708333333332593e-01 6.796875000000000000e-01
7.624999999999999556e-01 7.468750000000000666e-01 9.869791666666666297e-01 6.796875000000000000e-01
7.562499999999999778e-01 8.187500000000000888e-01 9.869791666666666297e-01 7.500000000000000000e-01
7.031250000000000000e-01 9.093750000000000444e-01 8.776041666666666297e-01 9.609375000000000000e-01
6.437499999999999334e-01 9.125000000000000888e-01 8.541666666666667407e-01 9.843750000000000000e-01
6.374999999999999556e-01 8.968750000000000888e-01 8.359375000000000000e-01 9.804687500000000000e-01
6.187500000000000222e-01 9.000000000000000222e-01 8.333333333333333703e-01 9.804687500000000000e-01
6.343749999999999112e-01 9.000000000000001332e-01 8.359375000000000000e-01 9.804687500000000000e-01
