5.996176004409790039e-01
1.729068753775209188e-05
1.833451795391738415e-03
8.248657650256063789e-07
6.115650758147239685e-02
1.640932518057525158e-03
2.024595737457275391e-01
1.963787712156772614e-02
4.934539273381233215e-02
1.237199285242240876e-05
6.407989859580993652e-01
5.862280726432800293e-01
1.297051639994606376e-04
1.994857564568519592e-02
1.596197485923767090e-02
4.777465534289149218e-08
8.777185082435607910e-01
1.451122898288303986e-06
2.616261207677439415e-09
5.100830644369125366e-02
6.228263024240732193e-03
3.944101631641387939e-01
1.248679030686616898e-02
6.677372455596923828e-01
1.071589216589927673e-01
7.171468343585729599e-03
6.841325375717133284e-05
3.522613048553466797e-01
1.793890446424484253e-01
1.855164737207815051e-04
1.914491318166255951e-02
5.057247953743626567e-09
3.896563649177551270e-01
4.583713598549365997e-03
6.000750660896301270e-01
5.509476661682128906e-01
1.293438108405098319e-04
6.498759984970092773e-01
1.875954270362854004e-01
1.168421879410743713e-01
5.075179934501647949e-01
1.285696215927600861e-02
1.383687369525432587e-03
8.077121973037719727e-01
5.054298322647809982e-03
1.271222382783889771e-01
5.725522041320800781e-01
8.460236713290214539e-04
5.329403281211853027e-01
5.180968046188354492e-01
3.336809575557708740e-01
3.801379307333263569e-06
2.174538932740688324e-02
1.275016711588250473e-05
8.806949108839035034e-02
3.744496405124664307e-01
4.928106367588043213e-01
3.008828759193420410e-01
7.309979991987347603e-05
2.336828224360942841e-02
3.970737743657082319e-04
4.433022812008857727e-03
7.545714652223978192e-06
8.148636221885681152e-01
8.379766345024108887e-01
1.672843609412666410e-05
6.920110583305358887e-01
2.895082114264369011e-03
6.024590730667114258e-01
2.372988749943516495e-10
7.333616167306900024e-02
6.021699905395507812e-01
7.922216173028573394e-05
2.799353599548339844e-01
8.611908555030822754e-01
4.167473018169403076e-01
6.648716330528259277e-01
1.352897100150585175e-02
2.093260735273361206e-02
1.547505803500826005e-06
4.754998981952667236e-01
6.418364048004150391e-01
1.923308623474895285e-08
3.332470078021287918e-03
1.526125892996788025e-02
2.429562434554100037e-02
2.092273905873298645e-02
2.397623575234320015e-06
9.834868833422660828e-03
4.191147983074188232e-01
8.664840459823608398e-02
1.443611836293712258e-04
1.718408018350601196e-01
4.819155931472778320e-01
3.623796403408050537e-01
4.408404529094696045e-01
6.723659634590148926e-01
4.315268993377685547e-02
9.824189357459545135e-03
4.266001656651496887e-02
6.180963828228414059e-04
3.263462334871292114e-02
2.024948149919509888e-01
8.125877684506122023e-06
2.608657442033290863e-02
1.494473195634782314e-03
3.872161323670297861e-04
4.872065186500549316e-01
2.042364258159068413e-06
2.448019571602344513e-03
5.441790223121643066e-01
4.506972432136535645e-02
7.191938757896423340e-01
1.269027125090360641e-02
3.392596045159734786e-05
5.935582518577575684e-01
6.433613300323486328e-01
5.454455614089965820e-01
1.310271727561485022e-05
1.838640542700886726e-03
5.361888930201530457e-02
5.252812523394823074e-03
5.557383894920349121e-01
5.535544157028198242e-01
6.885524988174438477e-01
5.217377562075853348e-03
1.051683306694030762e+00
3.869036736432462931e-04
5.569065734744071960e-02
5.198743194341659546e-02
1.484804437495768070e-03
9.543819725513458252e-02
3.856988332699984312e-04
1.229509562253952026e-01
2.659474033862352371e-03
1.066807135939598083e-01
6.862768530845642090e-01
1.256655286852037534e-05
5.753970146179199219e-02
1.018622040748596191e+00
3.703194111585617065e-02
6.754746437072753906e-01
6.935750246047973633e-01
1.615520091036160011e-07
1.589485560543835163e-03
9.492437243461608887e-01
2.075636148219928145e-04
1.266060135094448924e-04
6.857521533966064453e-01
2.535875439643859863e-01
4.825206398963928223e-01
4.085319861769676208e-02
4.815690626855939627e-04
3.593364264816045761e-03
5.644832849502563477e-01
5.074958801269531250e-01
5.885105952620506287e-02
1.529332846403121948e-01
1.291793346405029297e+00
7.274386870648186232e-09
1.847180537879467010e-03
2.890954783651977777e-04
7.129886944312602282e-05
2.945120446383953094e-02
6.359688043594360352e-01
1.934645842993631959e-05
1.009685099124908447e-01
2.606910765171051025e-01
7.039605379104614258e-01
3.655324922874569893e-03
6.388763785362243652e-01
4.633381904568523169e-04
5.651711020618677139e-03
8.475483627989888191e-04
6.607552766799926758e-01
2.573144738562405109e-04
4.776682658302888740e-07
5.763295106589794159e-03
1.694565452635288239e-02
8.399161510169506073e-03
8.234825730323791504e-02
1.747683882713317871e-01
7.311034016311168671e-03
1.490663178265094757e-02
1.232294365763664246e-02
1.249463763087987900e-03
1.052086830139160156e+00
8.415254354476928711e-01
6.287860274314880371e-01
5.468881875276565552e-02
3.502278774976730347e-02
2.696215510368347168e-01
8.545286059379577637e-01
2.341559411433991045e-05
1.594932749867439270e-02
9.115636348724365234e-04
5.263677667244337499e-05
4.331547319889068604e-01
3.958012759685516357e-01
6.050976514816284180e-01
2.347868680953979492e-01
2.547880285419523716e-04
5.929301381111145020e-01
2.016985556110739708e-03
1.747790258377790451e-03
4.747537374496459961e-01
1.340132653713226318e-01
6.828476190567016602e-01
2.747236378490924835e-02
4.489530995488166809e-02
6.463537812232971191e-01
6.359050273895263672e-01
6.123108789324760437e-03
4.983824789524078369e-01
6.880357265472412109e-01
1.491368263959884644e-01
3.069144440814852715e-06
9.646276384592056274e-02
8.526198565959930420e-03
2.018474340438842773e-01
9.118908084928989410e-03
9.134254418313503265e-03
1.449136743758572266e-05
7.731802761554718018e-02
2.735834801569581032e-03
7.020463943481445312e-01
2.758968621492385864e-02
1.329425871372222900e-01
4.175134375691413879e-02
6.638248562812805176e-01
1.189873799489760131e-07
1.571791246533393860e-03
1.477694511413574219e-01
5.550497770309448242e-02
2.192764441133476794e-05
1.100207269191741943e-01
2.047389745712280273e-02
1.942291706800460815e-01
8.288848912343382835e-04
5.187419010326266289e-04
8.539838745491579175e-05
6.387972235679626465e-01
4.966453611850738525e-01
2.405737712979316711e-02
8.175255970854777843e-06
2.177931554615497589e-02
7.187881972640752792e-03
7.974759675562381744e-03
5.006245523691177368e-02
3.218531841412186623e-03
9.219101630151271820e-03
4.898608028888702393e-01
1.276300102472305298e-01
3.014869056642055511e-02
6.043576286174356937e-04
8.063791990280151367e-01
1.568889012560248375e-03
9.804251790046691895e-02
2.424236852675676346e-03
8.658236794190088403e-09
3.165507316589355469e-01
1.424842923879623413e-01
1.280029416084289551e-01
1.655914336442947388e-01
8.649989962577819824e-03
8.528046309947967529e-03
2.390604466199874878e-02
6.202504634857177734e-01
7.084343433380126953e-01
7.598168402910232544e-02
3.447636554483324289e-04
2.204337567090988159e-01
6.890853047370910645e-01
1.917234389111399651e-03
3.498981823213398457e-05
6.813522577285766602e-01
2.866287468350492418e-05
6.140580773353576660e-02
1.998154260218143463e-02
9.410975128412246704e-02
9.480115175247192383e-01
1.579850763082504272e-01
2.334673888981342316e-03
3.235613703727722168e-01
4.888667911291122437e-02
2.182627916336059570e-01
3.766335844993591309e-01
4.723165184259414673e-02
6.914144754409790039e-01
1.530644076410681009e-04
1.912300288677215576e-01
4.760783631354570389e-03
1.228185892105102539e-01
1.633548527024686337e-04
1.252917945384979248e-02
1.685548387467861176e-02
1.403649093845160678e-05
8.997673285193741322e-05
2.049881499260663986e-03
1.153116929344832897e-03
2.255549579858779907e-01
8.446981906890869141e-01
7.859444849600549787e-06
3.937914371490478516e-01
3.896434645866975188e-05
1.591450709383934736e-04
5.881898403167724609e-01
5.754506587982177734e-01
1.080912537872791290e-02
3.934931755065917969e-01
1.591571490280330181e-04
1.718735147733241320e-04
8.145613223314285278e-02
1.103024929761886597e-01
7.629613719473127276e-06
8.313773870468139648e-01
9.365924924509272387e-09
6.250748410820960999e-04
1.776194380909146275e-06
2.688553631305694580e-01
2.219541668891906738e-01
6.458828598260879517e-02
2.622654139995574951e-01
9.035228192806243896e-02
6.571765542030334473e-01
3.471879065036773682e-01
8.519967794418334961e-01
1.083625912666320801e+00
3.346664101400165237e-08
7.748820185661315918e-01
3.142311573028564453e-01
6.670708656311035156e-01
2.612937614321708679e-02
8.257705718278884888e-02
3.638672012584720505e-07
6.318554282188415527e-01
1.667686010478064418e-04
6.880711317062377930e-01
2.816980239003896713e-03
2.469687014818191528e-01
1.362701319158077240e-02
1.940009533427655697e-03
2.417497038841247559e-01
2.411333298368845135e-05
2.658158075064420700e-03
5.903120036236941814e-04
4.002032279968261719e-01
5.759348869323730469e-01
4.214141052216291428e-03
1.260158256627619267e-03
6.877704262733459473e-01
2.322396961972117424e-03
1.416694745421409607e-02
5.218118531047366560e-05
6.131438538432121277e-02
5.601634383201599121e-01
5.529430508613586426e-01
2.066665589809417725e-01
1.588182896375656128e-01
1.947291009128093719e-02
6.527701616287231445e-01
1.569992452859878540e-01
1.160009354352951050e-01
3.311609849333763123e-02
6.888947486877441406e-01
7.611285150051116943e-02
1.068585086613893509e-02
6.790181994438171387e-01
1.070328895002603531e-02
3.092661798000335693e-01
2.604559957981109619e-01
1.227928698062896729e-01
1.251166686415672302e-02
5.104790925979614258e-01
3.776344060897827148e-01
1.093442320823669434e+00
6.232699751853942871e-01
6.947664022445678711e-01
3.854387626051902771e-02
4.376807680728234118e-07
2.481963485479354858e-01
5.209372937679290771e-02
1.095368340611457825e-02
3.947376171709038317e-05
5.335720181465148926e-01
1.254802942276000977e-02
2.014475874602794647e-02
5.866912007331848145e-01
2.862423956394195557e-01
9.459196329116821289e-01
5.923409461975097656e-01
1.319593957305187359e-05
3.969012796878814697e-01
9.793335571885108948e-03
2.846737205982208252e-01
3.317901791888289154e-05
5.951799452304840088e-02
5.762312866863794625e-05
2.804825635394081473e-05
3.719069063663482666e-02
2.493587089702486992e-04
5.405535101890563965e-01
9.017405509948730469e-01
3.697279316838830709e-05
2.016133964061737061e-01
2.261299788951873779e-01
6.515976190567016602e-01
4.211693257093429565e-02
1.018922944240330253e-06
4.333464503288269043e-01
5.675157308578491211e-01
6.521149873733520508e-01
8.477618393953889608e-05
3.633106648921966553e-01
5.195703823119401932e-03
3.735613136086612940e-04
2.424800097942352295e-01
5.033676512539386749e-03
9.507275535725057125e-05
3.794802250922657549e-05
3.462106734514236450e-02
6.931397914886474609e-01
8.937908336520195007e-03
1.875365036539733410e-03
6.648561917245388031e-03
1.990424841642379761e-01
1.190451905131340027e-02
7.699300050735473633e-01
2.301588505506515503e-01
4.442400764673948288e-03
8.987094042822718620e-05
3.344950266182422638e-03
6.780533194541931152e-01
4.154608249664306641e-01
2.612316457089036703e-04
6.901401281356811523e-01
4.785722196102142334e-01
3.484420944005250931e-03
1.637092675082385540e-03
4.353908002376556396e-01
3.604887053370475769e-02
6.269564628601074219e-01
1.266233266505878419e-05
6.860014764242805541e-06
2.678760886192321777e-02
7.750482112169265747e-02
6.928082108497619629e-01
9.813449531793594360e-02
6.476036459207534790e-02
5.758608877658843994e-02
6.504648923873901367e-01
2.038189768791198730e-01
2.361544221639633179e-01
6.023654341697692871e-01
6.211480870842933655e-02
1.938860368682071567e-04
1.688513111730571836e-05
4.226521996315568686e-04
8.710866421461105347e-02
9.656622751208487898e-06
4.245898744557052851e-04
1.690592989325523376e-02
6.937373876571655273e-01
1.694958482403308153e-04
6.931522488594055176e-01
1.687481850385665894e-01
2.098381053656339645e-03
6.322925401036627591e-06
8.358219056390225887e-04
2.943024446722120047e-04
6.839700654381886125e-05
3.664428833872079849e-03
2.638406294863671064e-05
7.715668082237243652e-01
1.041940777213312685e-04
4.401424434036016464e-03
1.494075059890747070e-01
6.322234869003295898e-01
1.377326156944036484e-02
8.165608742274343967e-04
8.414035663008689880e-03
6.213166117668151855e-01
4.775352403521537781e-02
8.784995973110198975e-02
6.095305681228637695e-01
4.683930054306983948e-02
6.361382603645324707e-01
3.896768391132354736e-02
2.695322632789611816e-01
3.300917744636535645e-01
8.885194547474384308e-04
1.725590118439868093e-05
9.449220448732376099e-02
3.387288451194763184e-01
2.483396965544670820e-04
4.257333576679229736e-01
7.917316630482673645e-03
1.136405229568481445e+00
2.663867082446813583e-03
3.333873450756072998e-01
3.155021369457244873e-02
9.027560949325561523e-01
1.424208981916308403e-03
6.567935943603515625e-01
5.034464001655578613e-01
6.406797170639038086e-01
4.245943855494260788e-03
2.161656972020864487e-03
3.416526913642883301e-01
1.011709868907928467e-02
1.064134668558835983e-02
8.979887206805869937e-05
4.309760988689959049e-04
1.029286980628967285e-01
5.486481823027133942e-04
2.004669047892093658e-02
7.035987824201583862e-02
3.227173089981079102e-01
4.938572928381290694e-08
1.638118550181388855e-02
1.811111178540159017e-05
4.129780828952789307e-01
5.254657566547393799e-02
6.523270858451724052e-04
5.481670610606670380e-03
4.872137010097503662e-01
1.032696221955120564e-03
2.446593530476093292e-02
1.182892374345101416e-04
8.656211942434310913e-02
5.444141030311584473e-01
6.704543232917785645e-01
5.423095077276229858e-03
5.152892321348190308e-02
9.714218322187662125e-05
1.766103139289043611e-07
1.382650993764400482e-02
8.484686911106109619e-02
2.901095151901245117e-02
4.080044850707054138e-02
6.055092215538024902e-01
6.904076337814331055e-01
5.043244455009698868e-03
7.297949790954589844e-01
3.480576723814010620e-02
9.269641013815999031e-04
5.825115442276000977e-01
1.746397465467453003e-01
5.443814370664767921e-05
6.298340849753003567e-06
5.015866160392761230e-01
1.481300890445709229e-01
6.485406160354614258e-01
9.809773415327072144e-03
8.301419019699096680e-01
2.429359592497348785e-03
3.767259418964385986e-02
1.310915872454643250e-02
8.351690135896205902e-03
4.538951516151428223e-01
4.643231630325317383e-03
1.803825050592422485e-01
3.246651263907551765e-03
8.554651737213134766e-01
7.753544923616573215e-05
5.864775739610195160e-04
5.044948458671569824e-01
1.402514129877090454e-01
5.525010637938976288e-03
2.676116116344928741e-02
3.136687725782394409e-02
5.785937309265136719e-01
7.457560968759935349e-08
1.842449977993965149e-02
2.171291112899780273e-01
9.438969573238864541e-05
1.955982043000403792e-05
7.201398611068725586e-01
4.289788603782653809e-01
7.372149848379194736e-04
2.266901731491088867e-01
6.208072304725646973e-01
1.659813970327377319e-01
5.717926621437072754e-01
9.470921009778976440e-03
1.690095450612716377e-05
9.399449452757835388e-03
1.786052435636520386e-01
2.890835457947105169e-05
1.695426926016807556e-02
3.756568431854248047e-01
5.583679303526878357e-03
1.540079247206449509e-03
3.522314429283142090e-01
1.669517834670841694e-03
2.599732950329780579e-02
3.461884625721722841e-05
3.435930907726287842e-01
5.583164693234721199e-06
1.096425414085388184e+00
2.169658243656158447e-01
3.170354664325714111e-01
7.035182079562218860e-06
2.128002494573593140e-01
5.037069693207740784e-02
7.803141474723815918e-01
6.549468729645013809e-03
6.952185034751892090e-01
1.572100911289453506e-03
8.808268234133720398e-03
5.295742511179923895e-08
1.843507197918370366e-04
9.629005193710327148e-02
3.103486262261867523e-02
1.654472784139215946e-03
4.922425746917724609e-01
8.038228750228881836e-02
1.645436286926269531e-01
1.486455202102661133e-01
9.352509550808463246e-06
2.924328437075018883e-04
8.903557500161696225e-07
3.953735576942563057e-04
1.951567828655242920e-02
1.775646023452281952e-02
3.960603382438421249e-03
1.625971635803580284e-03
1.451740041375160217e-02
5.654039978981018066e-01
2.415613504126667976e-03
4.700723886489868164e-01
1.254522707313299179e-02
1.539041101932525635e-01
6.223586387932300568e-03
6.631325483322143555e-01
6.742285490036010742e-01
1.106500858440995216e-03
2.239081263542175293e-01
3.515391647815704346e-01
1.267867279238998890e-03
3.584081132430583239e-04
1.669481955468654633e-02
2.738102972507476807e-01
7.236371040344238281e-01
6.232723593711853027e-02
3.200448751449584961e-01
1.383843133226037025e-03
5.315026044845581055e-01
3.167006373405456543e-01
1.006576076179044321e-05
2.041170001029968262e-01
3.508326709270477295e-01
3.745949470612686127e-06
1.300781633517544833e-07
6.896409988403320312e-01
5.200423598289489746e-01
2.240487746894359589e-02
7.761355489492416382e-02
6.466876268386840820e-01
2.531951293349266052e-02
1.113846246153116226e-02
5.679614543914794922e-01
2.171443775296211243e-03
4.331122454459546134e-06
1.362085313303396106e-04
1.765340380370616913e-02
6.069595656299497932e-06
6.651595234870910645e-01
4.375865217298269272e-03
4.558260570775019005e-06
9.167344868183135986e-02
1.660099923610687256e-01
3.931081593036651611e-01
3.108249418437480927e-02
1.014299341477453709e-03
6.527813384309411049e-04
3.997228574007749557e-03
6.620123982429504395e-01
3.530635312199592590e-02
2.159366011619567871e-01
4.141513636568561196e-05
4.666579365730285645e-01
3.892386332154273987e-02
2.244344204664230347e-01
6.015400215983390808e-02
1.774364965967833996e-03
1.246919156983494759e-03
3.588165563996881247e-04
6.936862468719482422e-01
3.106151223182678223e-01
1.593622192740440369e-02
6.547953467816114426e-03
1.066379919648170471e-01
5.027685686945915222e-02
4.144833423197269440e-03
6.028069765307009220e-05
4.541646831057732925e-06
2.692636102437973022e-02
1.312761800363659859e-03
1.788323819637298584e-01
2.029013354331254959e-03
2.216437365859746933e-03
6.000465247780084610e-03
1.259165437659248710e-04
6.148350425064563751e-03
4.110605418682098389e-01
6.613324330828618258e-06
1.746558025479316711e-02
2.972800284624099731e-04
3.856873512268066406e-01
2.547454088926315308e-03
1.150158643722534180e-01
1.369769597658887506e-04
1.731558516621589661e-02
4.501909017562866211e-03
6.760353446006774902e-01
3.788657486438751221e-01
6.425162428058683872e-05
8.210300467908382416e-03
6.921685338020324707e-01
5.890336036682128906e-01
5.206036348681664094e-06
3.245145976543426514e-01
1.535208802670240402e-02
1.068419590592384338e-02
9.300807141698896885e-05
4.107154607772827148e-01
2.480619004927575588e-04
5.767339840531349182e-02
3.445865809917449951e-01
1.242778089363127947e-04
6.868978738784790039e-01
5.440841242671012878e-02
4.220323637127876282e-03
4.529270881903357804e-05
1.133772823959589005e-02
6.469569206237792969e-01
2.965055871754884720e-03
1.875676753115840256e-05
4.754356574267148972e-03
2.668895721435546875e-01
9.521880315332964528e-07
1.526051294058561325e-02
8.069823707046452910e-07
3.617068380117416382e-02
2.683160305023193359e-01
3.990768746007233858e-04
4.120776653289794922e-01
4.627142334356904030e-04
5.530573544092476368e-04
2.726378440856933594e-01
6.486674547195434570e-01
2.142155617475509644e-01
6.779922246932983398e-01
1.572253648191690445e-03
2.217214088886976242e-03
3.192324340343475342e-01
6.680612564086914062e-01
1.075256150215864182e-04
1.950486190617084503e-02
8.276236802339553833e-02
3.394442796707153320e-01
3.044357290491461754e-04
2.420426426397170871e-05
6.757261157035827637e-01
7.367421872913837433e-03
1.248932071030139923e-02
1.688276082277297974e-01
7.844578940421342850e-04
8.078968152403831482e-03
1.186190247535705566e-01
2.659439109265804291e-03
1.141683583227859344e-07
5.253881812095642090e-01
3.079559840261936188e-02
7.265373133122920990e-03
3.055552660953253508e-04
6.335634738206863403e-02
1.957263099029660225e-03
1.123104318976402283e-01
1.151349581778049469e-02
5.617372989654541016e-01
4.211794435977935791e-01
1.242897429420963817e-08
2.859628875739872456e-04
6.704142093658447266e-01
2.112149633467197418e-02
4.209583699703216553e-01
1.671777135925367475e-04
2.808420658111572266e-01
1.344357442576438189e-04
2.574723213911056519e-03
1.910422742366790771e-01
3.270805813372135162e-03
4.394919276237487793e-01
5.805273652076721191e-01
2.294522244483232498e-03
5.281940102577209473e-03
7.006971836090087891e-01
4.294352978467941284e-02
1.454204134643077850e-02
2.444849535822868347e-02
6.272649636035812493e-14
4.971206188201904297e-02
2.979543805122375488e-02
2.425076961517333984e-01
4.387516975402832031e-01
9.133296553045511246e-04
6.083157379180192947e-03
5.564335151575505733e-05
3.267419934272766113e-01
6.852471083402633667e-02
3.268648982048034668e-01
4.600270251536864308e-12
3.392596045159734786e-05
4.461129421429177455e-08
1.398837007582187653e-02
1.736903190612792969e-02
4.390946628518577199e-07
5.236393189989030361e-04
3.066283464431762695e-01
1.810105022741481662e-04
6.835974454879760742e-01
1.620542407035827637e-01
2.186056226491928101e-02
1.394571177661418915e-02
8.376557962037622929e-04
7.048419117927551270e-01
2.774357050657272339e-02
1.075030043721199036e-01
3.575947193894535303e-04
8.347102254629135132e-02
2.641181051731109619e-01
4.032282231491990387e-05
5.468585491180419922e-01
1.610892415046691895e-01
2.610117895528674126e-03
5.920435301959514618e-03
3.341274801641702652e-03
6.715089678764343262e-01
7.397013224164084022e-09
1.403497904539108276e-02
6.806368231773376465e-01
4.166350513696670532e-02
3.057598369196057320e-04
4.376807680728234118e-07
1.136108301579952240e-02
2.623080909252166748e-01
4.259959212049579946e-07
6.621736288070678711e-01
2.619135677814483643e-01
3.455052066669850319e-08
1.045752406120300293e+00
3.599817864596843719e-04
3.340245857685886222e-09
5.317391362041234970e-03
1.889572362415492535e-03
2.270203456282615662e-02
6.083149983737712319e-09
9.281016588211059570e-01
5.269383639097213745e-02
5.211642928770743310e-06
7.113632559776306152e-01
1.232256833463907242e-02
4.912550151348114014e-01
4.032223671674728394e-02
6.945965651539154351e-06
2.071365900337696075e-02
3.110791556537151337e-03
4.920665919780731201e-01
5.412975549697875977e-01
8.109619957394897938e-04
2.024595737457275391e-01
7.152547836303710938e-01
1.099395193159580231e-02
1.919315373299923522e-08
5.620769343295251019e-07
6.152614206075668335e-02
2.809701982187107205e-07
3.958328420594625641e-07
1.210588663816452026e-01
7.109791567927459255e-06
7.989186560735106468e-04
8.337403833866119385e-02
4.094127714633941650e-01
4.482122659683227539e-01
7.922216173028573394e-05
1.397401410940801725e-05
3.845399187412112951e-04
4.606305360794067383e-01
1.615520091036160011e-07
1.985652893781661987e-01
1.824988424777984619e-02
1.411924487911164761e-03
1.544608324766159058e-01
5.279922485351562500e-01
4.580727815628051758e-01
4.361216723918914795e-01
1.247170045971870422e-01
1.170645803213119507e-01
4.777465534289149218e-08
1.275391429662704468e-01
1.293438108405098319e-04
6.515976190567016602e-01
4.434075355529785156e-01
5.170695781707763672e-01
2.926819979620631784e-05
5.254652500152587891e-01
5.343421697616577148e-01
1.479467755416408181e-04
2.906523179262876511e-03
2.308032946984894807e-07
7.658600807189941406e-01
1.754718823576695286e-07
3.297755867242813110e-02
5.086722224950790405e-02
3.969255462288856506e-02
4.317601269576698542e-05
6.295633170338987838e-07
2.151680178940296173e-03
2.039684168994426727e-02
1.820545065811529639e-07
2.513453960418701172e-01
4.983824789524078369e-01
6.709948182106018066e-02
6.906743645668029785e-01
5.454575177282094955e-03
4.137341082096099854e-01
4.938070196658372879e-04
2.495750784873962402e-01
5.752793513238430023e-03
2.198759618821100048e-09
4.197549074888229370e-02
1.055570784956216812e-02
1.128841575770422878e-09
4.819155931472778320e-01
5.345818935893476009e-04
4.660707020320842275e-07
1.400542387273162603e-04
1.049464692925994314e-08
2.372477320022881031e-05
2.560595870018005371e-01
2.846181392669677734e-02
9.396442174911499023e-01
3.848612904548645020e-01
4.958782792091369629e-01
9.558269977569580078e-01
2.310027480125427246e-01
6.297360174357891083e-03
8.320600390434265137e-01
3.365877270698547363e-02
1.092079983209259808e-04
8.072621822357177734e-01
6.671588198514655232e-05
6.913214019732549787e-05
7.593687456619591103e-09
4.142867326736450195e-01
6.424083840101957321e-03
3.972902428358793259e-03
3.918341100215911865e-01
7.340108277276158333e-05
8.694075047969818115e-02
8.949298858642578125e-01
3.661874234676361084e-01
1.636283413972705603e-04
2.974231494590640068e-03
1.454272866249084473e-01
3.950511163566261530e-04
5.874688213225454092e-05
2.308036834001541138e-01
4.378372104838490486e-04
8.961884975433349609e-01
5.458806754177203402e-06
6.181087519507855177e-05
8.393663913011550903e-02
1.653737126616761088e-04
2.491175109753385186e-06
2.409469187259674072e-01
1.539640415160192788e-08
4.660755097866058350e-01
4.935191478580236435e-03
1.366233300359454006e-05
4.449914325910242496e-10
4.370539486408233643e-01
7.781736348988488317e-05
3.652767241001129150e-01
6.858857870101928711e-01
3.233559131622314453e-01
1.488576643168926239e-02
9.950795173645019531e-01
5.787854790687561035e-01
2.370096444792579859e-05
1.089492798200808465e-04
3.346664101400165237e-08
2.638639853103086352e-05
1.289445281028747559e+00
2.063285646727308631e-04
2.663192062712926855e-11
6.900119781494140625e-01
7.959657814353704453e-04
1.729846303533122409e-06
6.862768530845642090e-01
4.718420505523681641e-01
5.975038409233093262e-01
1.951610215655819047e-07
4.850151240825653076e-01
4.486621823161840439e-03
3.751812619157135487e-05
1.586017906665802002e-01
4.168796749581815675e-06
2.111949957907199860e-02
3.121933341026306152e-01
2.958316802978515625e-01
6.850449442863464355e-01
3.668703734874725342e-01
6.470977328717708588e-03
6.922070980072021484e-01
2.000284790992736816e-01
5.082964301109313965e-01
5.703362822532653809e-01
2.918193349614739418e-04
4.434602800756692886e-03
2.616261207677439415e-09
4.865966329816728830e-04
2.956292927265167236e-01
2.222623210400342941e-03
6.936309933662414551e-01
5.931471586227416992e-01
1.329030841588973999e-01
4.497000575065612793e-02
4.495228356216074417e-10
4.175134375691413879e-02
5.190704250708222389e-04
6.254964470863342285e-01
2.678753162399516441e-06
3.938747942447662354e-02
1.662970781326293945e-01
2.285578986629843712e-03
1.515219062566757202e-01
7.016353011131286621e-01
9.187378734350204468e-02
7.976858317852020264e-02
9.529017806053161621e-01
1.322297146543860435e-03
6.202303990721702576e-02
4.335129688115557656e-06
1.352897100150585175e-02
6.160406470298767090e-01
2.821798203513026237e-03
1.081107780337333679e-01
2.604559957981109619e-01
1.828980594873428345e-01
4.184322096989490092e-05
5.187386022953432985e-07
2.424236852675676346e-03
6.937628388404846191e-01
1.186703052371740341e-02
4.394164681434631348e-02
1.569992452859878540e-01
1.740506268106400967e-03
4.266887605190277100e-01
1.944196224212646484e-01
4.965109378099441528e-02
1.181047196041618008e-06
3.210214117643772624e-06
3.456495404243469238e-01
2.416609277133829892e-07
2.159685790538787842e-01
6.012736558914184570e-01
3.983447700738906860e-02
2.240232191979885101e-03
1.297051639994606376e-04
5.693392157554626465e-01
1.741763353347778320e-01
6.180963828228414059e-04
1.320262670516967773e+00
3.283237218856811523e-01
1.622623240109533072e-04
2.186437975115751442e-10
2.755155228078365326e-02
8.750971555709838867e-01
2.434005495160818100e-03
1.189873799489760131e-07
2.480303519405424595e-04
1.853028370533138514e-04
2.294409569003619254e-05
6.004191190004348755e-02
1.884280354715883732e-04
3.428743481636047363e-01
8.202783465385437012e-01
3.718523681163787842e-01
3.995736539363861084e-01
4.408404529094696045e-01
7.394668646156787872e-04
3.092661798000335693e-01
1.737857013940811157e-01
3.559331893920898438e-01
5.910104513168334961e-01
3.227328658103942871e-01
8.967028406914323568e-06
9.511284297332167625e-04
2.351128160953521729e-01
3.443174064159393311e-01
6.894533038139343262e-01
6.391571164131164551e-01
7.037010192871093750e-01
7.474540174007415771e-02
6.853656470775604248e-02
1.776194380909146275e-06
4.694981292630018288e-09
6.796653270721435547e-01
9.788823723793029785e-01
8.654693961143493652e-01
2.310371893798901510e-09
6.807468533515930176e-01
3.627397865056991577e-02
1.458508195355534554e-03
1.814519912004470825e-01
2.370551973581314087e-02
8.711653947830200195e-02
1.206202805042266846e-01
7.489973213523626328e-04
8.143346756696701050e-03
6.573645077878609300e-05
1.449136743758572266e-05
1.255894303321838379e-01
9.876039028167724609e-01
4.137694835662841797e-03
2.535867393016815186e-01
3.835336491465568542e-02
2.889238595962524414e-01
8.979430422186851501e-03
3.931081593036651611e-01
4.593214555370650487e-07
1.566216815263032913e-03
6.334269046783447266e-01
2.132534149268394685e-07
5.565626997849904001e-05
2.727437019348144531e-01
5.497751235961914062e-01
9.300838428316637874e-06
1.130630895495414734e-01
1.588836661539971828e-03
6.777497529983520508e-01
5.404334664344787598e-01
3.621433377265930176e-01
6.195442080497741699e-01
6.203271746635437012e-01
4.307482857257127762e-03
5.719560384750366211e-01
5.777537226676940918e-01
1.535539515316486359e-03
2.959527591883670539e-07
7.372744381427764893e-02
1.127153907987121784e-07
3.935086306285084934e-13
1.017555623548105359e-04
3.246442675590515137e-01
5.605860054492950439e-02
1.645597666501998901e-01
1.357819586992263794e-01
2.611095644533634186e-02
2.352785468101501465e-01
8.525085449218750000e-01
2.784502506256103516e-01
6.793451905250549316e-01
7.507471764256479219e-06
2.355379760265350342e-01
1.001988943205578408e-11
2.774248423520475626e-05
2.668498666480445536e-07
3.946961462497711182e-02
6.441784501075744629e-01
7.735775783658027649e-03
3.029471736226696521e-05
3.554216527845710516e-05
9.180259219476738508e-09
7.276715688342427768e-12
2.608202098741685404e-09
2.747761436786011480e-12
4.759265866596251726e-04
3.410726319998502731e-03
3.599122302272439455e-12
4.604104105965234339e-06
5.493250791914761066e-04
3.332857545501610730e-08
2.007875125855207443e-03
1.294492903980426490e-05
3.483281716398778372e-07
1.800733843992929906e-05
5.517696521906145790e-09
5.392735600471496582e-01
1.114826947450637817e-01
3.776171042524367749e-10
3.820356937467295211e-07
1.445145812795090023e-06
1.432291865348815918e-01
1.598586929496548237e-09
1.294006665375491139e-06
2.233636951132211834e-05
3.498441365081816912e-04
7.291138917207717896e-02
1.158803257794716046e-07
1.396889803828571530e-08
2.315506727329497139e-12
3.958328420594625641e-07
4.350735252955928445e-05
1.169535163159096669e-10
3.808328929988391565e-10
1.068831261363811791e-05
7.956698937050532550e-06
2.626057248562574387e-03
1.616106164874508977e-04
9.884502887725830078e-01
1.203827366680343403e-07
3.262075097154593095e-06
1.000242946247453801e-06
8.864246581197221531e-08
4.949733352077601012e-07
3.037973947357386351e-04
8.712841008673422039e-07
3.832754492759704590e-02
4.213572537992149591e-04
8.980272832559421659e-05
1.527961934755239781e-08
1.092079983209259808e-04
1.644364431285794126e-07
5.737219544243998826e-05
6.510531966341659427e-05
3.395960330963134766e-01
8.639377483632415533e-06
5.876718205399811268e-05
3.232182077539391685e-09
1.387543193231977057e-06
1.596312540641520172e-05
4.145236380281858146e-05
8.655796790435488219e-08
4.889152842224575579e-05
1.509643965391660458e-07
5.285316433401021641e-07
4.183247074251994491e-05
8.757923808389023179e-08
2.007046350627206266e-05
9.855090866039972752e-06
1.172734755527926609e-06
2.384036790203936107e-08
9.809213131666183472e-02
9.131197817623615265e-03
3.038340946659445763e-04
2.057320443782373331e-06
5.326264072209596634e-04
6.903562280058395118e-06
2.263764127324527364e-13
1.551542372908443213e-04
4.238461315253516659e-07
3.086189281020779163e-06
3.142302483320236206e-02
5.894482910662190989e-06
1.175036686618113890e-06
4.694981292630018288e-09
2.820196964847809795e-09
4.383974708616733551e-03
4.623232641165486712e-08
2.518752989999484271e-05
1.000549421092955527e-09
9.521880315332964528e-07
7.298385007459273766e-09
2.596937520138453692e-05
9.229660463461186737e-06
1.951494521534868909e-10
5.502349813468754292e-04
2.419614046812057495e-01
2.158818952739238739e-02
5.371081357452567318e-10
4.407953820191323757e-04
1.077718660235404968e-02
6.984083711358834989e-08
6.362664862535893917e-06
8.997207623906433582e-05
4.604895593729452230e-07
7.488001137971878052e-03
7.413992619831333286e-08
1.716420683806063607e-06
9.707672688819002360e-06
7.398522350321456997e-10
4.496444887536199531e-07
2.079629579654351801e-09
5.160993854502748945e-09
5.754811354563571513e-06
1.801504186005331576e-05
1.278464769711717963e-04
6.885550101287662983e-05
1.927524060010910034e-02
3.144824411720037460e-03
2.252619792086907324e-11
5.932888143433956429e-06
6.132905837148427963e-04
1.651473576202988625e-04
7.613844559273275081e-07
5.735669006412535964e-08
4.272152409612317570e-09
9.365924924509272387e-09
3.789158910512924194e-02
7.397013224164084022e-09
4.711843561381101608e-03
3.940363058063667268e-08
2.393688555457629263e-05
1.326463106021691374e-10
1.225512096425518394e-05
1.610370236448943615e-05
6.735731959342956543e-01
1.312414269705186598e-06
1.625770522650782368e-07
1.919315373299923522e-08
3.310109377707703970e-07
2.315910592187719885e-07
2.203663143518497236e-06
8.925770771384122781e-07
6.527813384309411049e-04
1.187851376016624272e-05
2.779391439222678173e-10
7.259655376401497051e-06
4.571448880597017705e-05
4.120211087865754962e-05
3.757258468795043882e-07
2.548793599999044091e-05
1.496236018283525482e-05
8.216383662329462823e-07
4.765287485497538000e-06
7.168199772422667593e-06
3.055741544812917709e-04
1.551574086988694035e-07
3.088306943510588098e-09
1.756417805154342204e-05
5.884081110707484186e-05
1.157605677981621284e-09
1.547747342556249350e-05
2.255266551287604671e-08
1.116003400802867418e-10
6.364906585076823831e-05
1.422357763658510521e-05
1.196094905026257038e-03
4.257843855270948552e-08
1.161923557368993443e-09
6.945965651539154351e-06
8.400336955673992634e-04
2.124429743233235968e-09
1.112918471335433424e-05
3.874681908655475127e-08
2.112338108872791054e-07
1.127153907987121784e-07
2.426709677649796504e-08
1.306405152945444570e-07
7.461300810973625630e-06
2.830295819933326129e-08
2.988839405588805676e-04
1.957171889443998225e-06
6.048153977644687984e-07
6.331470103759784251e-06
5.153223625598002400e-08
7.784880153849371709e-07
1.203812098538037390e-05
1.134080065412490512e-07
1.549099688418209553e-04
1.190630272030830383e-01
6.124457829770335593e-09
9.539860486984252930e-01
2.813974916934967041e-01
5.165511751670237572e-08
3.761011874303221703e-03
1.190037664855481125e-06
7.764168685753247701e-07
3.073170375955669442e-07
2.816793767124181613e-07
6.387919597727886867e-07
1.094850787808354653e-08
5.864872036909218878e-06
7.661345005035400391e-01
3.295266651548445225e-06
6.356461048126220703e-01
5.765179132699582709e-12
2.889238595962524414e-01
1.001988943205578408e-11
4.839866960537619889e-07
7.024096859709061391e-09
2.891429318196969689e-09
6.241304799914360046e-04
4.110653151201404398e-07
3.537286730193045514e-08
6.272649636035812493e-14
1.882615805470777559e-07
3.557088784873485565e-04
3.968323767367110122e-07
3.044737013624398969e-07
2.499384663678938523e-07
1.857204523503241944e-07
9.825256711337715387e-05
1.496316835982725024e-04
1.515403909024826135e-07
2.400069263330806280e-07
6.659620364933907521e-14
4.333010292612016201e-05
8.679202437633648515e-06
7.010290801190421917e-07
1.688324715587441460e-07
2.235225792901474051e-06
3.324861950204649474e-07
3.837997155642369762e-06
-0.000000000000000000e+00
-0.000000000000000000e+00
-0.000000000000000000e+00
-0.000000000000000000e+00
-0.000000000000000000e+00
-0.000000000000000000e+00
-0.000000000000000000e+00
-0.000000000000000000e+00
-0.000000000000000000e+00
-0.000000000000000000e+00
-0.000000000000000000e+00
-0.000000000000000000e+00
-0.000000000000000000e+00
-0.000000000000000000e+00
-0.000000000000000000e+00
-0.000000000000000000e+00
-0.000000000000000000e+00
-0.000000000000000000e+00
-0.000000000000000000e+00
-0.000000000000000000e+00
-0.000000000000000000e+00
-0.000000000000000000e+00
-0.000000000000000000e+00
-0.000000000000000000e+00
-0.000000000000000000e+00
-0.000000000000000000e+00
-0.000000000000000000e+00
-0.000000000000000000e+00
-0.000000000000000000e+00
-0.000000000000000000e+00
-0.000000000000000000e+00
-0.000000000000000000e+00
-0.000000000000000000e+00
-0.000000000000000000e+00
-0.000000000000000000e+00
-0.000000000000000000e+00
-0.000000000000000000e+00
-0.000000000000000000e+00
-0.000000000000000000e+00
-0.000000000000000000e+00
