6.412261724472045898e-01
3.813158571720123291e-01
3.756363876163959503e-03
6.379553079605102539e-01
4.601519107818603516e-01
5.141475200653076172e-01
4.707233905792236328e-01
1.150196790695190430e-01
1.329518854618072510e-02
5.425306558609008789e-01
3.886140584945678711e-01
7.963360846042633057e-02
6.441905498504638672e-01
8.979884386062622070e-01
7.533582448959350586e-01
7.024519890546798706e-02
3.498523235321044922e-01
2.024725452065467834e-02
2.625740766525268555e-01
6.815690547227859497e-03
2.810310721397399902e-01
6.380560994148254395e-01
2.737586200237274170e-01
6.935499906539916992e-01
9.168461561203002930e-01
3.158985972404479980e-01
5.791578292846679688e-01
6.883973628282546997e-02
2.097034361213445663e-03
2.478292882442474365e-01
6.581282019615173340e-01
2.067216783761978149e-01
5.718467235565185547e-01
6.041763424873352051e-01
1.943579018115997314e-01
3.552189096808433533e-02
3.931415081024169922e-02
1.441171043552458286e-03
7.122058421373367310e-02
2.608217895030975342e-01
8.194577880203723907e-03
3.927943706512451172e-01
7.948980666697025299e-03
3.681553602218627930e-01
4.869534447789192200e-02
1.961410492658615112e-01
1.171165227890014648e+00
6.072252523154020309e-03
3.110417723655700684e-02
2.244558930397033691e-01
3.267006874084472656e-01
1.023059606552124023e+00
5.938604474067687988e-01
1.100466966629028320e+00
5.414074063301086426e-01
2.929283380508422852e-01
4.701793077401816845e-04
1.455685414839535952e-04
2.776429802179336548e-02
4.314011931419372559e-01
3.001193106174468994e-01
1.886787824332714081e-03
5.476118922233581543e-01
5.772646665573120117e-01
5.977115631103515625e-01
7.024856656789779663e-02
2.214611321687698364e-02
8.483117222785949707e-01
5.908240377902984619e-02
7.185578346252441406e-02
3.274441361427307129e-01
5.859360098838806152e-04
4.465254023671150208e-03
6.471222043037414551e-01
4.762617349624633789e-01
1.128337144851684570e+00
1.540075209049973637e-05
1.749996840953826904e-01
5.034451931715011597e-02
5.407535433769226074e-01
3.070196807384490967e-01
2.111351042985916138e-01
4.486839771270751953e-01
2.789699733257293701e-01
2.852527052164077759e-02
3.075204603374004364e-02
4.819866269826889038e-02
9.210516214370727539e-01
1.606359034776687622e-01
4.560379683971405029e-01
6.224498748779296875e-01
1.131461188197135925e-01
1.764205843210220337e-02
7.469694537576287985e-05
6.106616184115409851e-02
1.011185906827449799e-02
5.833861604332923889e-02
6.911221146583557129e-01
1.892526596784591675e-01
6.275863386690616608e-03
4.409332200884819031e-02
6.870077848434448242e-01
4.614067077636718750e-01
2.002445253310725093e-04
5.318398475646972656e-01
7.061436772346496582e-01
2.156861126422882080e-02
9.005852043628692627e-03
1.073437213897705078e+00
2.975133061408996582e-01
8.027975261211395264e-02
2.989474534988403320e-01
7.375917434692382812e-01
9.493996948003768921e-02
3.970564529299736023e-02
1.314489264041185379e-02
1.109846234321594238e-01
6.469644308090209961e-01
1.392619125545024872e-02
5.525090694427490234e-01
1.911535263061523438e-01
8.839493989944458008e-01
3.061585128307342529e-02
1.389604434370994568e-02
6.939922571182250977e-01
2.438821084797382355e-02
1.011121749877929688e+00
6.011195946484804153e-04
3.540139794349670410e-01
3.661470413208007812e-01
1.431130617856979370e-02
5.312420055270195007e-02
7.636313885450363159e-02
1.393561251461505890e-02
6.579177975654602051e-01
5.364089012145996094e-01
3.152773082256317139e-01
3.620486557483673096e-01
1.223261505365371704e-01
8.470121247228235006e-05
6.200814843177795410e-01
1.957703381776809692e-01
6.511086225509643555e-02
4.029428660869598389e-01
8.163304626941680908e-02
3.586797714233398438e-01
1.300053190789185464e-05
4.849178493022918701e-01
1.436727344989776611e-01
4.827637597918510437e-02
1.076713725924491882e-01
5.863320082426071167e-03
2.163523733615875244e-01
2.471555173397064209e-01
1.399548491463065147e-03
4.627986811101436615e-03
3.864897415041923523e-02
7.118315994739532471e-02
3.258600234985351562e-01
1.835879171267151833e-03
5.086396634578704834e-02
3.403135342523455620e-04
2.604967653751373291e-01
1.014185905456542969e+00
8.311611413955688477e-02
3.795677621383219957e-04
3.493189066648483276e-02
7.540901899337768555e-01
6.967424154281616211e-01
2.061751633882522583e-01
3.760343194007873535e-01
4.951316118240356445e-01
3.641958534717559814e-01
2.343808067962527275e-03
6.752527356147766113e-01
7.206729650497436523e-01
1.473802793771028519e-02
2.715175151824951172e-01
2.934588491916656494e-02
3.580147773027420044e-02
3.859963119029998779e-01
4.412458539009094238e-01
1.182803392410278320e+00
8.892006874084472656e-01
1.637496352195739746e-01
5.230987910181283951e-03
9.741909801959991455e-03
7.305761426687240601e-02
7.255767583847045898e-01
5.655561685562133789e-01
7.660503685474395752e-02
4.097085446119308472e-03
5.175047516822814941e-01
6.012705713510513306e-02
6.137351989746093750e-01
3.171877861022949219e-01
2.473511248826980591e-01
3.815564513206481934e-02
1.743721365928649902e-01
8.150457590818405151e-02
2.651249244809150696e-02
2.078011631965637207e-03
7.022549211978912354e-02
6.971256732940673828e-01
9.935050457715988159e-02
6.825283169746398926e-02
4.833248555660247803e-01
1.512786140665411949e-03
2.038580179214477539e-02
2.356583019718527794e-03
7.383044362068176270e-01
6.538572311401367188e-01
7.848274707794189453e-02
5.127717554569244385e-02
1.442042589187622070e-01
1.444032066501677036e-03
2.743870615959167480e-01
1.271065673790872097e-03
6.969980150461196899e-02
2.781188348308205605e-03
2.952780127525329590e-01
1.109694875776767731e-02
1.651510596275329590e-03
4.878177493810653687e-02
6.534473896026611328e-01
4.698993265628814697e-01
1.602827161550521851e-01
5.879827737808227539e-01
6.039476953446865082e-03
1.792932301759719849e-02
6.623531132936477661e-02
7.936785370111465454e-02
7.651921510696411133e-01
1.949822008609771729e-01
1.820462942123413086e-01
1.100150644779205322e-01
6.415461301803588867e-01
1.472492218017578125e-01
9.547884110361337662e-05
5.178295969963073730e-01
1.890311539173126221e-01
3.858860731124877930e-01
1.304860319942235947e-02
1.103594750165939331e-01
2.937248349189758301e-02
4.234795272350311279e-01
3.665820136666297913e-02
7.164438068866729736e-02
6.540497997775673866e-04
1.580080091953277588e-01
6.675249338150024414e-01
5.402081012725830078e-01
2.343356460332870483e-01
1.426949538290500641e-02
6.282516717910766602e-01
1.267996430397033691e-01
-0.000000000000000000e+00
-0.000000000000000000e+00
-0.000000000000000000e+00
-0.000000000000000000e+00
-0.000000000000000000e+00
-0.000000000000000000e+00
-0.000000000000000000e+00
-0.000000000000000000e+00
-0.000000000000000000e+00
-0.000000000000000000e+00
-0.000000000000000000e+00
-0.000000000000000000e+00
-0.000000000000000000e+00
-0.000000000000000000e+00
-0.000000000000000000e+00
-0.000000000000000000e+00
-0.000000000000000000e+00
-0.000000000000000000e+00
-0.000000000000000000e+00
-0.000000000000000000e+00
