7.239667177200317383e-01
1.078868865966796875e+00
1.373881459236145020e+00
9.478531777858734131e-02
2.997131347656250000e-01
9.042265266180038452e-02
1.062159299850463867e+00
6.329989433288574219e-02
5.811557173728942871e-02
7.726211547851562500e-01
4.535528719425201416e-01
4.926752764731645584e-03
6.445780992507934570e-01
3.231795132160186768e-02
3.854125738143920898e-02
1.004556491971015930e-01
1.195833683013916016e+00
4.320388734340667725e-01
1.045321580022573471e-03
3.686102628707885742e-01
9.941738098859786987e-04
3.277518553659319878e-04
1.175668954849243164e+00
4.270704812370240688e-05
2.291601151227951050e-02
2.643804997205734253e-02
2.108965301886200905e-03
6.989302635192871094e-01
5.034559965133666992e-02
9.902412891387939453e-01
5.623738169670104980e-01
3.980349004268646240e-02
5.422678589820861816e-01
5.298987627029418945e-01
4.521595537662506104e-01
6.312074065208435059e-01
3.458013385534286499e-02
1.854743459261953831e-05
7.339671128647751175e-07
6.320167779922485352e-01
4.245040118694305420e-01
1.703092753887176514e-01
1.279278755187988281e+00
3.265492152422666550e-03
7.354578971862792969e-01
7.417073845863342285e-01
1.652304641902446747e-02
6.969082951545715332e-01
1.232181787490844727e-01
2.149725556373596191e-01
7.206119480542838573e-04
6.718538999557495117e-01
5.873316549696028233e-04
1.363878846168518066e+00
1.235306978225708008e+00
8.147950768470764160e-01
1.814886927604675293e-02
1.303305029869079590e-01
4.714964702725410461e-02
8.238292932510375977e-01
2.118929922580718994e-01
1.207460403442382812e+00
6.898822784423828125e-01
3.448690287768840790e-03
7.203830480575561523e-01
2.315253950655460358e-03
2.379392683506011963e-01
6.775875091552734375e-01
6.539556384086608887e-02
5.142019987106323242e-01
1.838069856166839600e-01
8.907352089881896973e-01
2.561270594596862793e-01
4.471707344055175781e-01
1.546430215239524841e-02
1.930604875087738037e-02
7.305912971496582031e-01
2.178613503929227591e-04
1.960580945014953613e-01
9.740790724754333496e-02
2.491147315595299006e-04
8.021125793457031250e-01
3.228212241083383560e-03
1.791551709175109863e-03
7.847781293094158173e-03
6.371435523033142090e-01
6.690703630447387695e-01
1.241549998521804810e-01
3.682042658329010010e-01
1.318304389715194702e-01
1.341430664062500000e+00
2.577098086476325989e-02
1.501944810152053833e-01
6.320427928585559130e-06
7.123728990554809570e-01
9.809809923171997070e-01
4.262888133525848389e-01
3.405878692865371704e-02
3.572639524936676025e-01
6.670308709144592285e-01
2.391273826360702515e-01
1.901934295892715454e-01
7.651318609714508057e-02
7.520023733377456665e-02
2.318156324326992035e-02
6.738875061273574829e-03
9.386533638462424278e-04
1.372379809617996216e-01
6.809241175651550293e-01
2.180534005165100098e-01
1.684008687734603882e-01
4.729210585355758667e-02
7.621678113937377930e-01
2.522512376308441162e-01
4.550810456275939941e-01
6.141815185546875000e-01
4.348913789726793766e-04
9.862924814224243164e-01
2.609723713248968124e-03
3.186555986758321524e-04
8.069455623626708984e-03
6.470386981964111328e-01
7.016093134880065918e-01
4.442928766366094351e-04
8.902673721313476562e-01
4.188567698001861572e-01
3.892656788229942322e-02
1.572509109973907471e-01
1.134644448757171631e-02
3.388687910046428442e-04
2.634893357753753662e-01
7.716735601425170898e-01
7.304779291152954102e-01
6.335876882076263428e-02
1.290552900172770023e-03
2.717161774635314941e-01
4.136040210723876953e-01
2.829120159149169922e-01
5.628723502159118652e-01
1.270166337490081787e-01
2.719468623399734497e-02
3.096472355537116528e-04
5.934134721755981445e-01
1.129434585571289062e+00
4.537612795829772949e-01
2.449424713850021362e-01
1.123621836304664612e-01
2.330224495381116867e-03
1.281062662601470947e-01
8.176559209823608398e-01
3.783737123012542725e-02
4.439853131771087646e-02
1.006277394481003284e-03
3.987023234367370605e-01
7.520394325256347656e-01
5.003856495022773743e-03
9.203836321830749512e-02
1.677011256106197834e-03
2.628403599373996258e-04
4.793792068958282471e-01
1.971545442938804626e-02
5.855457857251167297e-02
3.763932967558503151e-03
2.592687122523784637e-02
3.049602508544921875e-01
1.208393499255180359e-01
3.812833875417709351e-02
9.362919330596923828e-01
1.744661107659339905e-02
1.230897158384323120e-01
5.535069704055786133e-01
2.731518447399139404e-01
1.459084898233413696e-01
5.887790466658771038e-04
6.738411635160446167e-02
1.982870884239673615e-02
1.023043751716613770e+00
1.322041451930999756e-01
9.078837931156158447e-02
6.985447406768798828e-01
3.728451430797576904e-01
9.704704862087965012e-04
6.282875537872314453e-01
1.588318310678005219e-02
2.721990272402763367e-02
4.090606125828344375e-06
9.388143196702003479e-03
8.371649682521820068e-02
8.222431689500808716e-02
2.435156202409416437e-04
9.921368211507797241e-03
8.280984312295913696e-02
3.502535400912165642e-04
7.012308835983276367e-01
1.191241145133972168e-01
7.633605599403381348e-01
3.353105783462524414e-01
1.891617029905319214e-01
7.390143722295761108e-02
5.714429914951324463e-02
1.427167505025863647e-01
1.277061462402343750e+00
7.890965938568115234e-01
3.827374428510665894e-02
6.551777124404907227e-01
7.052123546600341797e-02
1.202557086944580078e-01
5.270632728934288025e-02
1.325345691293478012e-02
1.233761850016890094e-06
2.869136631488800049e-01
6.449679136276245117e-01
2.439165546093136072e-04
2.229427695274353027e-01
1.086116880178451538e-01
7.685443162918090820e-01
6.199404001235961914e-01
8.704395592212677002e-02
7.912688702344894409e-02
8.322887588292360306e-04
1.599535462446510792e-03
2.165074460208415985e-02
7.938316464424133301e-02
3.557194769382476807e-01
2.731883153319358826e-02
3.368775844573974609e-01
4.069853457622230053e-04
1.559540033340454102e-01
3.030369877815246582e-01
8.127867579460144043e-01
5.097218751907348633e-01
2.492420524358749390e-01
4.651274159550666809e-02
9.067806005477905273e-01
5.320693179965019226e-02
6.894968152046203613e-01
6.811506152153015137e-01
3.796122968196868896e-02
4.811134317606047262e-07
4.078867435455322266e-01
1.843221187591552734e-01
1.299971994012594223e-02
8.963840007781982422e-01
6.892275214195251465e-01
7.333811521530151367e-01
7.832946721464395523e-04
6.199377030134201050e-02
7.930960655212402344e-01
3.357340767979621887e-02
9.096269607543945312e-01
3.340863287448883057e-01
1.095716595649719238e+00
8.620666339993476868e-03
7.334879636764526367e-01
2.572227641940116882e-02
9.432893395423889160e-01
-0.000000000000000000e+00
-0.000000000000000000e+00
-0.000000000000000000e+00
-0.000000000000000000e+00
-0.000000000000000000e+00
-0.000000000000000000e+00
-0.000000000000000000e+00
-0.000000000000000000e+00
-0.000000000000000000e+00
-0.000000000000000000e+00
-0.000000000000000000e+00
-0.000000000000000000e+00
-0.000000000000000000e+00
-0.000000000000000000e+00
-0.000000000000000000e+00
-0.000000000000000000e+00
-0.000000000000000000e+00
-0.000000000000000000e+00
-0.000000000000000000e+00
-0.000000000000000000e+00
