2.184532932005822659e-04
7.895599264884367585e-05
3.950816765427589417e-02
1.083480358123779297e+00
4.707143306732177734e-01
1.223992705345153809e-01
8.467640145681798458e-04
4.184001088142395020e-01
7.709512114524841309e-02
2.507421076297760010e-01
1.868559978902339935e-02
3.061808049678802490e-01
3.840651363134384155e-02
2.384162992238998413e-01
3.816463649272918701e-01
1.494061201810836792e-03
1.789249479770660400e-01
3.704746195580810308e-04
1.224354637088254094e-04
3.629844784736633301e-01
2.196570932865142822e-01
8.563042879104614258e-01
1.777713000774383545e-02
9.118372201919555664e-01
1.573155075311660767e-02
7.721073627471923828e-01
2.953443117439746857e-02
2.577034533023834229e-01
3.321164250373840332e-01
2.515910863876342773e-01
3.545632585883140564e-02
8.342841863632202148e-01
5.323398709297180176e-01
4.640486091375350952e-02
6.235467791557312012e-01
3.755327686667442322e-02
5.763999819755554199e-01
1.622018516063690186e-01
5.747236013412475586e-01
6.725803017616271973e-01
5.630044937133789062e-01
6.376425176858901978e-02
1.463413354940712452e-04
5.888652801513671875e-01
6.620520353317260742e-02
2.856834530830383301e-01
2.779350876808166504e-01
5.965863466262817383e-01
6.957609206438064575e-03
2.390391677618026733e-01
1.027159765362739563e-02
3.307384252548217773e-02
4.757459163665771484e-01
7.259833067655563354e-02
2.467627404257655144e-03
6.992956399917602539e-01
7.964293472468852997e-03
1.233109645545482635e-02
6.544266939163208008e-01
6.862688809633255005e-03
5.813723802566528320e-01
2.743565477430820465e-02
2.488091289997100830e-01
2.292151898145675659e-01
2.457089424133300781e-01
8.044986724853515625e-01
1.446881447918713093e-03
1.978468894958496094e-02
9.962752665160223842e-05
5.590944886207580566e-01
3.826231956481933594e-01
3.600425273180007935e-02
4.121660441160202026e-02
3.652640879154205322e-01
4.446015879511833191e-02
4.187824428081512451e-01
7.036668062210083008e-01
6.209557056427001953e-01
5.644601583480834961e-01
3.954733908176422119e-01
1.408165320754051208e-02
4.993186146020889282e-02
2.588019967079162598e-01
3.492282629013061523e-01
9.592218995094299316e-01
5.091899260878562927e-02
2.071852087974548340e-01
5.379129648208618164e-01
6.426058098440989852e-05
6.145397492218762636e-05
6.598636507987976074e-01
4.322265386581420898e-01
2.496645003557205200e-01
3.878997266292572021e-02
1.199760707095265388e-03
4.133306071162223816e-02
3.050497919321060181e-02
5.155622959136962891e-02
2.534447237849235535e-03
5.120187997817993164e-01
8.997950702905654907e-02
1.475758105516433716e-01
6.465629339218139648e-01
6.001167297363281250e-01
4.670785069465637207e-01
7.611560821533203125e-01
3.740149438381195068e-01
7.860931158065795898e-01
1.867100298404693604e-01
6.163319349288940430e-01
2.058562589809298515e-03
1.472308933734893799e-01
6.736469864845275879e-01
1.387677155435085297e-03
5.429990217089653015e-02
1.975947469472885132e-01
4.291194272809661925e-06
5.026348233222961426e-01
2.690666633498040028e-06
1.154142692685127258e-01
5.406326651573181152e-01
1.708707660436630249e-01
1.385343968868255615e-01
4.900695085525512695e-01
6.166040301322937012e-01
1.145390234887599945e-02
1.876426860690116882e-02
2.473581446338357637e-07
6.466037631034851074e-01
2.615340948104858398e-01
8.961026323959231377e-04
2.390272319316864014e-01
3.146395459771156311e-02
4.703262675320729613e-05
1.101728677749633789e+00
4.483154416084289551e-02
1.079686805605888367e-01
3.984683752059936523e-01
6.444555521011352539e-01
9.250637292861938477e-01
3.441545367240905762e-02
6.693492531776428223e-01
5.610073804855346680e-01
1.907130330801010132e-02
3.277261182665824890e-02
4.120591282844543457e-02
6.600219057872891426e-05
3.952958583831787109e-01
5.197845399379730225e-02
1.917109359055757523e-03
1.938191417139023542e-04
9.310002496931701899e-05
3.233020901679992676e-01
2.275323495268821716e-02
4.219555557938292623e-05
1.063154816627502441e+00
6.625331640243530273e-01
3.745379945030435920e-05
1.010767966508865356e-01
2.485526204109191895e-01
7.311179651878774166e-04
1.950624398887157440e-02
5.439708475023508072e-04
6.490864753723144531e-01
6.239136457443237305e-01
2.377156727015972137e-02
7.220630999654531479e-03
1.508751418441534042e-03
2.624426484107971191e-01
3.549190163612365723e-01
1.121651008725166321e-01
5.160203669220209122e-03
2.290223911404609680e-02
5.444241166114807129e-01
6.730837048962712288e-04
1.087526325136423111e-04
2.905782461166381836e-01
1.174135482870042324e-03
3.292118757963180542e-02
2.559184096753597260e-03
6.122424732893705368e-03
8.785309619270265102e-04
5.049607157707214355e-01
7.085588574409484863e-02
3.132348656654357910e-01
1.531320512294769287e-01
1.211693882942199707e+00
6.635860800743103027e-01
1.143119633197784424e-01
4.530352652072906494e-01
4.564830102026462555e-03
4.269436597824096680e-01
4.923617094755172729e-02
2.481946256011724472e-03
3.275362551212310791e-01
1.061501912772655487e-03
6.917172670364379883e-01
3.529301320668309927e-04
2.977385884150862694e-04
1.792142987251281738e-01
1.070153084583580494e-03
9.026633948087692261e-02
6.255178898572921753e-02
5.358022451400756836e-01
1.171627809526398778e-04
5.667356848716735840e-01
1.087236925959587097e-01
9.053232073783874512e-01
1.232410669326782227e+00
8.529764413833618164e-01
8.021508902311325073e-02
2.893882628995925188e-05
1.155086904764175415e-01
7.392281293869018555e-02
6.896703839302062988e-01
6.789899198338389397e-04
5.345538854598999023e-01
2.266862065880559385e-05
4.131164848804473877e-01
7.020294666290283203e-01
1.040312126278877258e-01
1.366522759199142456e-01
2.152818342437967658e-04
7.330295443534851074e-02
9.109681844711303711e-02
5.474932193756103516e-01
1.223114728927612305e-01
1.763865165412425995e-02
6.972215138375759125e-03
3.207292174920439720e-03
6.076755523681640625e-01
8.073328062891960144e-04
8.267434313893318176e-03
1.730794459581375122e-01
1.355817168951034546e-02
5.046031903475522995e-03
1.996209472417831421e-02
3.227053210139274597e-02
6.944983005523681641e-01
2.508234083652496338e-01
7.025943398475646973e-01
1.301436424255371094e+00
2.303689271211624146e-01
3.407005965709686279e-02
4.903654158115386963e-01
2.924904525279998779e-01
8.574504405260086060e-03
3.141765296459197998e-01
1.265831757336854935e-02
8.855938911437988281e-01
5.240964293479919434e-01
2.059805691242218018e-01
4.081188440322875977e-01
4.325493574142456055e-01
2.956680059432983398e-01
9.959469735622406006e-02
-0.000000000000000000e+00
-0.000000000000000000e+00
-0.000000000000000000e+00
-0.000000000000000000e+00
-0.000000000000000000e+00
-0.000000000000000000e+00
-0.000000000000000000e+00
-0.000000000000000000e+00
-0.000000000000000000e+00
-0.000000000000000000e+00
-0.000000000000000000e+00
-0.000000000000000000e+00
-0.000000000000000000e+00
-0.000000000000000000e+00
-0.000000000000000000e+00
-0.000000000000000000e+00
-0.000000000000000000e+00
-0.000000000000000000e+00
-0.000000000000000000e+00
-0.000000000000000000e+00
