2.291879645781591535e-04
8.217637059715343639e-07
6.633288285229355097e-05
5.373578071594238281e-01
4.159774631261825562e-02
6.996895670890808105e-01
9.783708956092596054e-04
6.926410715095698833e-04
1.089026331901550293e+00
2.293693646788597107e-02
1.111974474042654037e-03
3.071443550288677216e-02
5.218597594648599625e-03
1.325133629143238068e-02
9.000484831631183624e-03
1.019273400306701660e+00
6.332476623356342316e-04
4.028859166282927617e-07
1.717835111776366830e-04
1.035937690176069736e-03
1.859264373779296875e-01
8.096800744533538818e-02
2.840484976768493652e-01
2.025249451398849487e-01
1.308506005443632603e-03
4.250240325927734375e-01
6.074082106351852417e-03
8.649255505588371307e-06
5.569661259651184082e-01
4.182093834970146418e-05
8.892009500414133072e-04
9.096044301986694336e-02
6.974402070045471191e-02
2.492205567250493914e-06
5.153653025627136230e-01
2.598039805889129639e-01
1.018766051856800914e-04
2.904183638747781515e-04
2.929679155349731445e-01
2.486962825059890747e-02
5.221542343497276306e-02
7.247746735811233521e-02
1.889395548460015561e-06
5.849109888076782227e-01
1.362493843771517277e-03
2.136126568075269461e-04
1.578741818666458130e-01
8.731939792633056641e-01
3.068141080439090729e-02
6.058618891984224319e-03
3.694918006658554077e-02
4.591904580593109131e-03
6.545794606208801270e-01
5.267490744590759277e-01
2.112984111590776592e-05
3.212802112102508545e-02
4.507355697569437325e-05
1.220900565385818481e-02
6.137581658549606800e-04
2.058191969990730286e-02
5.345970392227172852e-01
1.355744825559668243e-05
4.762368202209472656e-01
7.039915919303894043e-01
8.671978139318525791e-04
8.754180162213742733e-04
6.451840978115797043e-03
8.307273965328931808e-04
2.731168351601809263e-04
6.753639578819274902e-01
2.284911926835775375e-03
5.008326377719640732e-03
1.125933486036956310e-04
2.685817889869213104e-03
5.827310495078563690e-03
2.728639228735119104e-04
3.850936293601989746e-01
3.059267811477184296e-02
2.888308605179190636e-03
5.192436277866363525e-02
2.121946662664413452e-01
5.522267310880124569e-04
5.764920264482498169e-02
2.208691537380218506e-01
3.611437082290649414e-01
2.727765240706503391e-04
1.153034681919962168e-04
1.832962036132812500e-02
2.044593566097319126e-05
2.039134051301516593e-05
8.975619857665151358e-05
2.849536016583442688e-03
7.174765923991799355e-04
2.852395409718155861e-04
3.469447983661666512e-05
1.369310170412063599e-02
7.535530585300875828e-06
6.972758099436759949e-03
6.433930684579536319e-05
1.196974655613303185e-03
4.343991531641222537e-05
2.312955260276794434e-01
3.540720343589782715e-01
1.343241333961486816e-02
1.339795626699924469e-02
2.609469369053840637e-02
2.109516561031341553e-01
1.007953166961669922e+00
5.165484268218278885e-03
7.255604863166809082e-01
2.551483339630067348e-05
4.003444612026214600e-01
1.105225831270217896e-01
1.795177231542766094e-04
8.665530942380428314e-03
2.419580414425581694e-05
2.074132862617261708e-05
9.856807300820946693e-04
7.006782993812521454e-07
2.738445401191711426e-01
4.545569419860839844e-02
3.362527862191200256e-02
2.599723229650408030e-04
3.538506478071212769e-02
2.628038637340068817e-04
3.129185643047094345e-05
7.440657019615173340e-01
1.624804644961841404e-05
1.096387580037117004e-01
6.892012357711791992e-01
1.648398028919473290e-05
1.308017969131469727e-02
1.456762570887804031e-02
5.251632956060348079e-06
1.176007091999053955e-02
1.076051741838455200e-01
9.020812809467315674e-02
1.957826170837506652e-04
8.587968945503234863e-01
1.643756926059722900e-01
1.986950933933258057e-01
2.491979002952575684e-01
4.389145411550998688e-03
1.480449736118316650e-02
1.381556357955560088e-04
6.700496077537536621e-01
6.908938884735107422e-01
2.565236017107963562e-02
6.595317972823977470e-04
2.831401070579886436e-04
2.426096943963784724e-05
6.702320547447015997e-07
2.371302619576454163e-02
6.399552221409976482e-04
1.843234485932043754e-06
4.027961567044258118e-02
5.370711442083120346e-03
2.767478814348578453e-03
2.366722183069214225e-04
4.482595026493072510e-01
4.483519587665796280e-04
5.719712972640991211e-01
5.695766230928711593e-05
1.888549188151955605e-03
3.729090094566345215e-02
9.907934665679931641e-01
1.242852360010147095e-01
1.965452684089541435e-04
6.954955309629440308e-02
1.276353560388088226e-02
1.643839350435882807e-04
1.704020360193680972e-05
3.345409631729125977e-01
2.883608937263488770e-01
1.117378473281860352e-02
1.165968351415358484e-04
4.909379873424768448e-03
4.029070027172565460e-03
2.043806016445159912e-04
3.392622992396354675e-02
1.040812395513057709e-02
7.301814621314406395e-04
1.014206372201442719e-02
1.191081129945814610e-03
1.564693811815232038e-04
2.496998310089111328e-01
3.466122224926948547e-02
5.966700846329331398e-04
1.804554611444473267e-01
6.148821115493774414e-01
4.257630705833435059e-01
8.439465165138244629e-01
9.671441279351711273e-03
5.785106122493743896e-02
3.507595136761665344e-02
3.155984915792942047e-03
3.971965052187442780e-03
1.299118995666503906e+00
7.067609203659230843e-06
1.272304962185444310e-05
2.614488948893267661e-06
1.320421597483800724e-05
2.643579989671707153e-02
4.240730404853820801e-01
1.288430765271186829e-02
3.252017195336520672e-04
1.848092302680015564e-02
8.091763011179864407e-04
8.744704723358154297e-01
6.355093717575073242e-01
1.029733102768659592e-04
7.099418900907039642e-03
9.522205591201782227e-02
2.745304256677627563e-02
5.301495194435119629e-01
2.161191776394844055e-02
6.855770349502563477e-01
5.131787038408219814e-04
1.200484037399291992e-01
6.981200538575649261e-03
3.598596453666687012e-01
5.619657691568136215e-03
2.683080310816876590e-05
1.326886122114956379e-04
1.877010613679885864e-01
1.776859313249588013e-01
2.057403475046157837e-01
9.541415056446567178e-05
3.189739654771983624e-04
4.550654888153076172e-01
7.565955817699432373e-02
5.932349013164639473e-04
9.717379510402679443e-02
1.796981203369796276e-03
4.467935860157012939e-01
3.313473716843873262e-04
2.424457576125860214e-03
5.255216956138610840e-01
1.240114867687225342e-01
8.739753626286983490e-03
8.135616779327392578e-01
1.510625034570693970e-01
4.940182715654373169e-02
1.791488029994070530e-04
5.417062044143676758e-01
3.938576579093933105e-02
3.735012433025985956e-05
6.618085317313671112e-04
1.584588317200541496e-04
1.513908356428146362e-01
1.385015784762799740e-03
2.674688585102558136e-04
8.282525837421417236e-02
5.928437784314155579e-02
3.147351145744323730e-01
1.929024292621761560e-04
-0.000000000000000000e+00
-0.000000000000000000e+00
-0.000000000000000000e+00
-0.000000000000000000e+00
-0.000000000000000000e+00
-0.000000000000000000e+00
-0.000000000000000000e+00
-0.000000000000000000e+00
-0.000000000000000000e+00
-0.000000000000000000e+00
-0.000000000000000000e+00
-0.000000000000000000e+00
-0.000000000000000000e+00
-0.000000000000000000e+00
-0.000000000000000000e+00
-0.000000000000000000e+00
-0.000000000000000000e+00
-0.000000000000000000e+00
-0.000000000000000000e+00
-0.000000000000000000e+00
