6.209425009728875011e-06
6.582942296518012881e-05
1.867900664365151897e-06
9.014598131179809570e-01
5.768845789134502411e-03
7.640366554260253906e-01
2.624675072729587555e-02
2.242857008241117001e-04
9.044915437698364258e-01
2.352640964090824127e-02
1.289795363845769316e-06
3.959186673164367676e-01
2.181389718316495419e-04
9.120773756876587868e-05
1.604987494647502899e-02
4.764345008879899979e-03
8.778543269727379084e-05
2.405651002845843323e-06
1.682731090113520622e-04
2.897074222564697266e-01
2.293806755915284157e-04
4.769978523254394531e-01
7.045757956802845001e-03
9.133496321737766266e-03
1.769669688655994833e-05
6.166259050369262695e-01
5.170046687126159668e-01
2.054222277365624905e-04
2.113722078502178192e-02
2.361791530347545631e-06
1.779936283128336072e-04
7.715300321578979492e-01
2.274420810863375664e-03
1.989544944080989808e-05
3.178687300533056259e-03
1.557784825563430786e-01
2.687944470380898565e-05
1.105963252484798431e-02
2.443821914494037628e-02
5.155247890797909349e-06
1.020355499349534512e-03
4.826325675821863115e-05
4.713513590104412287e-06
3.849396854639053345e-02
2.096454380080103874e-03
2.251545083709061146e-04
7.036149036139249802e-03
1.746761500835418701e-01
2.838470973074436188e-02
4.465214806259609759e-05
5.019727163016796112e-03
1.985553826671093702e-04
3.419515118002891541e-02
4.827756881713867188e-01
3.332833002787083387e-04
2.551721781492233276e-02
2.556869276304496452e-06
7.942718267440795898e-02
1.524229301139712334e-04
5.978537350893020630e-02
2.341897925361990929e-04
2.105940984620247036e-05
1.718398743832949549e-05
2.164659500122070312e-01
6.613368168473243713e-05
1.029330790042877197e-01
1.755867378960829228e-05
1.248042244696989655e-04
1.095970422029495239e-01
1.210876345634460449e+00
3.344840137287974358e-03
4.592920304276049137e-04
1.037209949572570622e-05
1.515971962362527847e-04
5.889385938644409180e-03
8.861592505127191544e-06
3.863592743873596191e-01
5.519310235977172852e-01
3.195593133568763733e-03
2.902876120060682297e-03
5.063474923372268677e-02
7.095972541719675064e-04
2.723692741710692644e-04
1.660787463188171387e-01
7.087873220443725586e-01
1.489438582211732864e-04
7.363121767411939800e-06
2.909993007779121399e-02
1.897928416728973389e-01
6.034807483956683427e-06
7.614849891979247332e-05
1.262151002883911133e-01
3.891699481755495071e-03
2.460178919136524200e-02
1.602704287506639957e-03
4.551141988486051559e-03
1.229582903761183843e-05
2.224902063608169556e-01
1.313185202889144421e-03
2.483232237864285707e-04
2.945766573247965425e-05
2.107829004526138306e-01
9.361933916807174683e-04
1.628813217394053936e-03
1.036489754915237427e-02
7.125104665756225586e-01
4.042120575904846191e-01
2.254332043230533600e-02
3.192563963239081204e-05
6.065258756279945374e-03
8.009546436369419098e-04
6.864506751298904419e-03
1.005903035402297974e-01
5.685207433998584747e-03
1.588432700373232365e-03
3.487725962258991785e-06
2.942073624581098557e-04
7.416380103677511215e-04
8.336697874256060459e-07
4.574195742607116699e-01
1.864334801211953163e-03
3.935702625312842429e-05
7.366415957221761346e-05
3.925077319145202637e-01
4.272636142559349537e-04
6.719777957187034190e-06
2.011290565133094788e-02
9.012811642605811357e-05
4.825205833185464144e-04
2.096124459058046341e-03
4.658626130549237132e-05
2.938983961939811707e-04
1.114122569561004639e-04
2.488384552634670399e-06
3.771609365940093994e-01
1.308354586362838745e-01
2.610484138131141663e-02
2.109019806084688753e-05
3.175944788381457329e-03
8.009793609380722046e-02
4.224180593155324459e-04
1.004280805587768555e+00
2.699387259781360626e-03
2.821696223691105843e-03
3.284457852714695036e-05
2.549210786819458008e-01
1.892386004328727722e-02
2.057617753744125366e-01
2.519517671316862106e-03
2.845670678652822971e-04
5.702854692935943604e-02
1.304795205214759335e-06
5.200453597353771329e-05
5.920628085732460022e-03
4.258594810124805008e-09
2.172574251890182495e-01
9.698491543531417847e-03
3.678006760310381651e-05
7.571410969831049442e-05
3.602641634643077850e-03
8.306634426116943359e-02
5.039567947387695312e-01
1.982276141643524170e-02
2.926085435319691896e-04
9.141426086425781250e-01
3.163855671882629395e-01
1.348619116470217705e-03
2.948657784145325422e-04
6.101191788911819458e-02
3.220028942450881004e-03
8.801897056400775909e-03
1.945166150107979774e-03
3.279318043496459723e-04
1.288601662963628769e-02
3.034634888172149658e-01
7.462191433660336770e-07
1.911650002002716064e-01
3.485448425635695457e-03
1.334254307039373089e-06
1.956198923289775848e-02
5.257730954326689243e-04
7.764195650815963745e-02
5.752259166911244392e-04
2.906752888520713896e-05
2.553179183450993150e-05
7.040450349450111389e-03
5.286782979965209961e-01
8.922479464672505856e-04
4.231458529829978943e-03
3.673847019672393799e-01
6.767275929450988770e-02
5.631752684712409973e-02
4.255613684654235840e-01
1.965535571798682213e-03
8.801726996898651123e-02
2.144268655683845282e-04
1.158479717560112476e-03
1.163874100893735886e-02
4.845784133067354560e-06
7.851923328416887671e-06
2.756756730377674103e-02
4.225757220410741866e-05
2.954646188300102949e-04
1.305916532874107361e-02
2.076673554256558418e-04
8.678525045979768038e-05
2.971820533275604248e-01
4.466457467060536146e-04
5.483188852667808533e-02
5.684503354132175446e-03
3.022117307409644127e-04
2.773613035678863525e-01
1.114409118890762329e-01
1.674044178798794746e-04
5.825224798172712326e-04
5.170562863349914551e-02
2.934286603704094887e-03
3.333681524964049459e-05
4.719349672086536884e-04
1.933842897415161133e-01
1.451569944620132446e-01
2.175577282905578613e-01
1.267699872187222354e-06
1.482448533351998776e-05
1.988091506063938141e-03
2.119787409901618958e-02
2.816848456859588623e-02
9.855665120994672179e-05
3.924607008229941130e-04
5.195052623748779297e-01
7.431097328662872314e-03
3.761831321753561497e-04
4.598261148203164339e-05
2.401745179668068886e-03
6.495170593261718750e-01
1.774153904989361763e-03
3.794087329879403114e-03
6.603895599255338311e-05
1.577231101691722870e-03
3.783804830163717270e-03
4.583917092531919479e-03
1.083420291543006897e-01
1.843142439611256123e-03
7.326856632516864920e-08
1.313336542807519436e-03
4.779391884803771973e-01
3.631214494816958904e-04
2.305654634255915880e-04
9.502467582933604717e-05
7.859224826097488403e-02
4.349209120846353471e-06
1.895692548714578152e-05
6.160049699246883392e-03
1.050032004714012146e-01
1.334245204925537109e-01
2.794000506401062012e-01
-0.000000000000000000e+00
-0.000000000000000000e+00
-0.000000000000000000e+00
-0.000000000000000000e+00
-0.000000000000000000e+00
-0.000000000000000000e+00
-0.000000000000000000e+00
-0.000000000000000000e+00
-0.000000000000000000e+00
-0.000000000000000000e+00
-0.000000000000000000e+00
-0.000000000000000000e+00
-0.000000000000000000e+00
-0.000000000000000000e+00
-0.000000000000000000e+00
-0.000000000000000000e+00
-0.000000000000000000e+00
-0.000000000000000000e+00
-0.000000000000000000e+00
-0.000000000000000000e+00
