8.599167211631453256e-11
2.082513868808746338e-01
3.697244217619299889e-03
5.221494473516941071e-03
2.430010959506034851e-02
1.740471422672271729e-01
2.142865014320705086e-06
8.203601464629173279e-04
5.001059174537658691e-01
1.072758323061862029e-06
3.807802499977697153e-07
1.522803700026997831e-06
6.261497735977172852e-01
6.335276365280151367e-01
1.049806400664488049e-12
1.887700147926807404e-02
2.115488350391387939e-01
6.358465645462274551e-03
6.110884714871644974e-03
1.837222953327000141e-05
4.371729493141174316e-01
4.107345640659332275e-02
1.009079348295927048e-02
2.015925565501675010e-04
1.856694347225129604e-03
1.366355263598961756e-06
2.196281403303146362e-01
1.855735689559878665e-07
2.941817790269851685e-02
1.059836149215698242e-01
2.688614664236865792e-09
7.778859223428469249e-10
6.302327383309602737e-03
1.346888017783598457e-10
7.313508391380310059e-01
1.250791549682617188e-02
2.589127123355865479e-01
4.637347757816314697e-01
1.736382842063903809e-01
1.408917071898940776e-08
5.199317820370197296e-03
2.871327742468565702e-04
3.617359197960468009e-06
3.124785125255584717e-01
1.250030845403671265e-01
1.595635549165308475e-04
1.566066785017028451e-04
1.449890434741973877e-01
3.717002691701054573e-03
6.358802318572998047e-01
1.343715563416481018e-02
2.749189443420618773e-04
5.263702869415283203e-01
1.479657292366027832e-01
1.104294988785170517e-09
8.492571068927645683e-04
3.565096855163574219e-01
4.691864887718111277e-05
2.116870507597923279e-02
9.826669702306389809e-04
4.302917979657649994e-03
1.137887239456176758e-01
1.391860714647918940e-04
4.220569878816604614e-02
8.973784446716308594e-01
7.204916328191757202e-04
1.150606485089689102e-10
9.258665144443511963e-03
4.299337160773575306e-05
1.296510845422744751e-01
5.861606382495665457e-07
6.598535776138305664e-01
1.399313565343618393e-03
1.125775743275880814e-03
9.167263488052412868e-05
2.475675220381390318e-10
2.995219350321320917e-10
6.662494689226150513e-02
6.894952058792114258e-01
7.387443184852600098e-01
1.473818847443908453e-04
1.581942662596702576e-02
1.748180352478811983e-06
7.794288103468716145e-05
6.859669089317321777e-01
1.191271818242967129e-03
1.272622048854827881e-01
1.254823746421607211e-05
1.306705689785303548e-05
4.884323570877313614e-04
7.957594096660614014e-02
9.581606388092041016e-01
1.346798986196517944e-02
2.322566433576866984e-04
2.599843218922615051e-02
1.965300142765045166e-01
1.438368558883666992e-01
5.492058396339416504e-01
2.822575345635414124e-02
9.870131034404039383e-04
4.897676408290863037e-04
3.423159000703890342e-08
3.607742655731271952e-07
1.840038635236851405e-06
2.789745330810546875e-01
1.667546480894088745e-02
2.201251299993600696e-05
6.595413088798522949e-01
3.864259421825408936e-01
6.504324162603936088e-11
2.125316823367029428e-04
5.062870681285858154e-02
4.199320450425148010e-02
5.474095791578292847e-02
1.238502217448811393e-10
2.345603036246757256e-07
1.067907176911830902e-02
1.137961000204086304e-01
9.292120486497879028e-02
1.068229381031554474e-16
2.475858898833394051e-03
4.993604123592376709e-01
1.388156233588233590e-04
6.553943753242492676e-01
1.273393929004669189e-01
1.516110496595501900e-04
1.032002842293877620e-06
5.784403532743453979e-03
2.248600503662601113e-04
5.734556317329406738e-01
7.831553369760513306e-02
9.292764298152178526e-05
5.435228740680031478e-05
1.844863982114475220e-05
2.363735839026048779e-04
1.084382965927943587e-04
5.309318304061889648e-01
2.422340214252471924e-03
1.420518942177295685e-02
8.986931643448770046e-04
2.451090352906248881e-08
6.830926984548568726e-02
2.269057482481002808e-01
1.771515421569347382e-02
6.897819042205810547e-01
1.861190656200051308e-03
7.479006052017211914e-02
9.194196015596389771e-02
4.292464382160687819e-06
6.275526285171508789e-01
5.708076991140842438e-03
6.253573894500732422e-01
6.433953672058123630e-07
7.214980125427246094e-01
7.788176536560058594e-01
9.244691580533981323e-03
1.727126655168831348e-04
3.308217856101691723e-04
1.836683787405490875e-02
3.762902691960334778e-02
1.046725870423870219e-07
8.608549978816881776e-05
1.206909189932048321e-03
9.050992131233215332e-02
3.648424148559570312e-02
1.480997949838638306e-01
4.633483290672302246e-02
4.502861088440113235e-07
3.548023700714111328e-01
4.636112153530120850e-01
4.141717799939215183e-04
9.487934410572052002e-03
1.978235377464443445e-04
4.043278098106384277e-02
3.253874555230140686e-02
7.691707287449389696e-05
7.732482999563217163e-02
8.674569835420697927e-05
9.831410134211182594e-04
1.674468202983447895e-10
1.230949419550597668e-04
1.793620867829304188e-05
6.447825580835342407e-02
3.192987740039825439e-01
3.229708224534988403e-02
7.181987894000485539e-05
1.644365402171388268e-04
1.588148370501585305e-05
6.900215744972229004e-01
3.478574752807617188e-01
4.426906108856201172e-01
1.578747411258518696e-03
2.283423761184621981e-08
3.831205964088439941e-01
9.568842870066873729e-06
3.214763211190074799e-08
4.943839907646179199e-01
6.905125379562377930e-01
1.106558775063604116e-04
2.312956750392913818e-01
5.931512117385864258e-01
4.383396357297897339e-03
3.146837235235011576e-09
1.040596398524940014e-04
8.294863700866699219e-01
5.096313543617725372e-03
6.545995473861694336e-01
1.105545210933200906e-09
1.095405936241149902e+00
5.355630069971084595e-02
1.171437324956059456e-03
2.302582743141101673e-06
3.204413354396820068e-01
3.794597089290618896e-01
3.745280764633207582e-06
9.780488908290863037e-03
2.919339239597320557e-01
4.822021350264549255e-02
1.988908089697360992e-02
5.278794765472412109e-01
8.019274473190307617e-01
2.554838474111420510e-08
6.858807802200317383e-01
5.957778692245483398e-01
1.329245492343034130e-06
1.049916259944438934e-02
3.861756324768066406e-01
1.407811604440212250e-02
1.738365085657278541e-06
1.252644388216594962e-08
7.624509185552597046e-02
3.230594843626022339e-02
5.400004283728776500e-06
2.298416942358016968e-01
5.474529862403869629e-01
2.439136207103729248e-01
2.408360838890075684e-01
1.357782259583473206e-02
3.498156368732452393e-02
1.448155944672180340e-05
3.814445808529853821e-02
1.635428816080093384e-01
2.443748526275157928e-04
6.219742298126220703e-01
5.267744660377502441e-01
2.514484524726867676e-02
2.867713011801242828e-02
9.400020644534379244e-05
3.213940944988280535e-04
1.873999536037445068e-01
1.135008811950683594e+00
2.793379244394600391e-04
1.306489459238946438e-03
7.676962559344246984e-05
9.008208662271499634e-02
1.258959174156188965e-01
1.308183837682008743e-02
1.297028064727783203e-01
5.163787603378295898e-01
1.178840640932321548e-03
2.939405618235468864e-03
5.425024628639221191e-01
7.211227901279926300e-03
6.897980347275733948e-03
1.528358180075883865e-02
5.595865249633789062e-01
9.569936394691467285e-01
3.309055864810943604e-01
1.673597762419376522e-05
1.981651782989501953e-01
1.213397532701492310e-01
2.553502656519412994e-02
3.137453168164938688e-04
1.940716356039047241e-01
4.400904476642608643e-02
1.208685105666518211e-03
1.992631496250396594e-06
1.154612618847750127e-06
1.874375715851783752e-02
7.289889449469538762e-14
1.407607807777822018e-03
6.726282238960266113e-01
8.243060708045959473e-01
7.913945943016642559e-09
2.891089678769276361e-08
1.919601527333725244e-05
8.908096060622483492e-05
3.399878441929723993e-15
1.675339066423475742e-03
2.612494881759630516e-06
1.979809027830015111e-08
4.985959455370903015e-02
3.726321651242869848e-08
6.218777270987629890e-04
4.250534176826477051e-01
5.089555867016315460e-03
3.063454627990722656e-01
6.217721966095268726e-04
7.402203232049942017e-02
3.055165112018585205e-01
2.519758127164095640e-04
1.027448326349258423e-01
1.034860451909480616e-05
4.113822433282621205e-05
9.035235270857810974e-04
2.955732643604278564e-01
2.289919182658195496e-02
8.697359007783234119e-04
1.314181685447692871e-01
6.866818666458129883e-02
5.835666656494140625e-01
9.573106765747070312e-01
5.050224810838699341e-02
5.357553251087665558e-03
2.149912761524319649e-04
1.920064091682434082e-01
8.385635167360305786e-02
1.411278848536312580e-03
1.259843713796726661e-07
2.314403653144836426e-02
1.944988753166398965e-06
2.689048415049910545e-04
1.838017778936773539e-04
6.218885071575641632e-03
7.282285019755363464e-03
1.431860178709030151e-01
3.942937776446342468e-02
1.366676092147827148e-01
3.588229715824127197e-01
1.082482459224820559e-08
1.429285970516502857e-03
1.612592495803255588e-05
5.136952269822359085e-03
8.988428453449159861e-05
4.663632810115814209e-01
1.682908623479306698e-04
7.600589841604232788e-02
6.598272323608398438e-01
2.701880293898284435e-04
5.772787403657275718e-07
1.204502609652990941e-06
1.114449421635299586e-08
5.086507797241210938e-01
7.417503744363784790e-02
6.026040017604827881e-02
2.401043102145195007e-02
2.615895709823234938e-06
2.626513548875664128e-07
6.039394065737724304e-04
6.822192575782537460e-03
1.323220413178205490e-02
1.652057981118559837e-03
5.637474656105041504e-01
1.283583492040634155e-01
6.802721619606018066e-01
1.861242949962615967e-01
2.066835910081863403e-01
1.472913435662803749e-08
3.993121981620788574e-01
6.711770314723253250e-03
3.610769510269165039e-01
1.238348660990595818e-03
6.783287126443937609e-11
5.340874195098876953e-02
4.088887521902506705e-07
1.325613993685692549e-06
6.709818478611850878e-08
2.995115874065978900e-12
1.940276473760604858e-01
5.536123514175415039e-01
4.146026640228228644e-06
1.688059121370315552e-01
4.286796599626541138e-02
1.943589289510327944e-08
8.795358589850366116e-04
3.043134100266797759e-08
2.256931724842203835e-10
7.174039632081985474e-02
2.806699872016906738e-01
6.639997661113739014e-02
8.627051283838227391e-05
1.013415753841400146e-01
7.688073813915252686e-02
4.538158178329467773e-01
3.160325437784194946e-02
4.977242440418194747e-08
7.050945758819580078e-01
7.552291154861450195e-01
7.813384532928466797e-01
1.713371253572404385e-03
1.109564182115718722e-04
2.475591599941253662e-01
2.637128829956054688e-01
1.594233661890029907e-01
7.288675755262374878e-02
1.078944187611341476e-02
8.888672590255737305e-01
9.067325592041015625e-01
4.757843043989851139e-07
3.705382347106933594e-01
8.629440665245056152e-01
3.989077173173427582e-03
7.243999838829040527e-02
5.369545221328735352e-01
6.342355012893676758e-01
3.639929927885532379e-03
1.220175297930836678e-03
4.370508491992950439e-01
7.079007029533386230e-01
3.228217735886573792e-02
1.184788532555103302e-02
1.266713539616048934e-10
2.221364638899103738e-06
3.849281072616577148e-01
1.317691398702858230e-12
9.563961066305637360e-04
1.591389067471027374e-03
2.112544327974319458e-01
3.004452679306268692e-03
9.231029748916625977e-01
1.326506864279508591e-02
2.722545992583036423e-03
7.164934873580932617e-01
7.541065216064453125e-01
7.119627594947814941e-01
7.263778150081634521e-02
7.949729763367940905e-08
2.224443405866622925e-01
9.753257472766563296e-06
1.860399606812279671e-05
2.997916042804718018e-01
1.872593015432357788e-01
5.975580279482528567e-05
3.900919258594512939e-01
5.223987624049186707e-02
6.321706343442201614e-03
1.836180337704718113e-03
1.007715761661529541e-01
2.454321384429931641e-01
2.482052077539265156e-04
9.768837117007933557e-07
7.502890825271606445e-01
5.729652047157287598e-01
1.469082121730025392e-06
4.615717585920720012e-08
2.062695026397705078e-01
6.877281237393617630e-03
1.069773584604263306e-01
4.562158584594726562e-01
3.216425180435180664e-01
2.273997962474822998e-01
9.026441574096679688e-01
8.106039762496948242e-01
1.718845963478088379e-02
3.561345636844635010e-01
6.526895612478256226e-02
5.756223574280738831e-03
4.331866065854228509e-08
7.069976163620594889e-06
7.099358364939689636e-03
2.675138413906097412e-02
1.606530696153640747e-01
9.782254099845886230e-01
7.459811102172864139e-10
1.593859791755676270e-01
7.556199079772341065e-07
3.872927534231962454e-10
4.845315515995025635e-01
1.573182642459869385e-01
7.445152938601040660e-09
4.821861628443002701e-03
4.390816611703485250e-04
3.061065673828125000e-01
6.929868459701538086e-01
5.587859195657074451e-04
1.544832289218902588e-01
2.746291458606719971e-03
6.315698027610778809e-01
5.315444469451904297e-01
7.059828203637152910e-05
2.394229620695114136e-01
9.587524086236953735e-02
1.639601787672972932e-10
1.065498828887939453e+00
1.698793917894363403e-01
3.013348579406738281e-01
3.232117742300033569e-02
1.056212306022644043e+00
1.132667193814995699e-06
5.031864643096923828e-01
3.281145915389060974e-02
8.225752115249633789e-01
4.354883432388305664e-01
3.002654702868312597e-04
2.780863642692565918e-02
6.538033485412597656e-01
6.948192243783068989e-09
1.673466272222867701e-06
2.132416665554046631e-01
3.313911333680152893e-02
3.667259420581103768e-07
1.515388430561870337e-04
7.809498310089111328e-01
1.090255856513977051e+00
3.746716082096099854e-01
4.587002877087797970e-06
1.039589792490005493e-01
4.122982772969407961e-07
3.527608513832092285e-01
9.569934606552124023e-01
5.260203033685684204e-03
8.891504694474861026e-05
6.469384472573835865e-10
5.298584001138806343e-04
2.486956864595413208e-01
5.952664092183113098e-02
7.210003137588500977e-01
6.099755764007568359e-01
6.376212090253829956e-02
1.757042511485451541e-08
1.314018219709396362e-01
2.193729281425476074e-01
4.567988961935043335e-02
2.086223103106021881e-02
7.751142140477895737e-03
1.445239335298538208e-01
3.396418988704681396e-01
2.351457327604293823e-01
2.774674296379089355e-01
1.481259167194366455e-01
8.306123018264770508e-01
9.487479180097579956e-02
5.976982712745666504e-01
6.035798788070678711e-01
7.605283260345458984e-01
2.313578501343727112e-02
2.660356834530830383e-02
1.013904690742492676e+00
3.861757367849349976e-02
7.324502221308648586e-04
3.486021189019083977e-03
1.027240514755249023e+00
2.128149867057800293e-01
8.257177658379077911e-03
5.532565340399742126e-02
1.073850132524967194e-02
1.248493939638137817e-01
3.390838974155485630e-04
6.215810179710388184e-01
8.401608467102050781e-01
8.135241955642413814e-07
1.135488769676840093e-08
3.857006092289338994e-08
1.485547274351119995e-01
1.670477688312530518e-01
5.859804898500442505e-02
1.046657587266963674e-07
9.308366775512695312e-01
1.827575070445508487e-11
5.343469977378845215e-02
1.036853075027465820e+00
3.725864517036825418e-04
2.353281018940833746e-07
9.061169624328613281e-01
4.713315865956246853e-04
8.353533744812011719e-01
8.983634710311889648e-01
1.631111263122875243e-05
6.212833025820430066e-10
3.163170561037986772e-07
1.319482803344726562e+00
7.344644516706466675e-02
4.487094581127166748e-01
1.160639571025967598e-03
1.100102663040161133e+00
6.859598755836486816e-01
7.132531404495239258e-01
7.354257255792617798e-02
2.571213917690329254e-05
3.760514408349990845e-02
5.365749001502990723e-01
6.661618351936340332e-01
1.885988353933498729e-06
1.064641952514648438e+00
7.269811630249023438e-01
7.351412787102162838e-04
5.019294470548629761e-02
3.273035585880279541e-01
6.087390333414077759e-02
1.263974010944366455e-01
2.905769646167755127e-01
8.375175220010078192e-09
2.561700966907665133e-05
2.758407546821217693e-08
3.959337249398231506e-02
1.515260636806488037e-01
9.208276271820068359e-01
1.470792341251581092e-07
1.923686563968658447e-01
8.650060296058654785e-01
4.102418897673487663e-04
5.145387724041938782e-03
8.000867674127221107e-04
1.802831888198852539e-01
1.341283172369003296e-01
5.834584726471803151e-07
1.243552207946777344e+00
1.382937171001685783e-05
1.721973419189453125e-01
1.127920985221862793e+00
6.917784810066223145e-01
3.103970550000667572e-02
5.528530478477478027e-01
6.653365492820739746e-01
5.511477589607238770e-01
4.918923676013946533e-01
4.452863335609436035e-01
2.807474963617551111e-08
5.788639783859252930e-01
1.454799026250839233e-01
6.623068358749151230e-03
1.190858753830070782e-07
6.689151525497436523e-01
7.894174754619598389e-02
4.710076749324798584e-02
1.403050683438777924e-02
2.391402423381805420e-02
1.467645866796374321e-03
4.692042768001556396e-01
5.612491369247436523e-01
3.156001493334770203e-02
2.622552131015254417e-07
3.016464710235595703e-01
1.794773712754249573e-02
1.986858099699020386e-01
2.271751761436462402e-01
4.494463205337524414e-01
2.628010633998201229e-06
5.042750854045152664e-04
2.798352241516113281e-01
2.899849205277860165e-04
1.819130557123571634e-04
1.085512340068817139e-02
5.282042548060417175e-03
6.342282295227050781e-01
4.248844120979811123e-08
6.656060218811035156e-01
5.315662622451782227e-01
7.230749726295471191e-01
4.125039652080886299e-07
6.952515840530395508e-01
3.156625552946934476e-06
2.777750371024012566e-03
5.449220538139343262e-03
2.035226789303123951e-04
1.061067342758178711e+00
2.467846572399139404e-01
6.277556394707062282e-07
4.943280946463346481e-04
1.358200460672378540e-01
1.003192178905010223e-02
2.284670248627662659e-02
2.031460870057344437e-03
8.418810537591525645e-09
1.474889286328107119e-04
5.040704854764044285e-04
6.761760450899600983e-04
1.241718605160713196e-02
1.063261553645133972e-02
2.362815290689468384e-02
9.859824776649475098e-01
2.386297881603240967e-01
7.842006087303161621e-01
8.019701838493347168e-01
7.128547281354258303e-07
4.706671461462974548e-04
3.085555694997310638e-02
1.900824061953215738e-13
2.051723003387451172e-01
1.356897992081940174e-03
6.951488256454467773e-01
6.975039243698120117e-01
1.414393074810504913e-03
3.480587005615234375e-01
7.064915895462036133e-01
1.147086769342422485e-01
3.377640969119966030e-04
2.221968583762645721e-02
1.097151041030883789e+00
2.498921751976013184e-02
1.113456845283508301e+00
2.143345959484577179e-02
9.285453706979751587e-03
4.296088809496723115e-05
9.409288167953491211e-01
8.803004675428383052e-06
6.523678898811340332e-01
1.996288119698874652e-06
1.921513756485485058e-13
1.605326815479202196e-06
1.280611991882324219e+00
7.923504114151000977e-01
1.153549528680741787e-03
4.117919504642486572e-01
3.207972273230552673e-02
5.773830413818359375e-01
5.177235603332519531e-02
3.004908561706542969e-02
1.586878299713134766e-01
5.100364685058593750e-01
1.431160962309108164e-13
1.127680111676454544e-02
1.517579853534698486e-01
8.027912378311157227e-01
7.427222499245544896e-06
9.333441257476806641e-01
1.809999048709869385e-01
4.639494121074676514e-01
1.568856299854815006e-03
4.680884182453155518e-01
1.290390938520431519e-01
2.600128054618835449e-01
1.620539724826812744e-01
1.522596867289394140e-04
3.062393981963396072e-03
1.690655499696731567e-01
6.559836265296326019e-07
5.955770916443725582e-07
4.874920006841421127e-03
3.357779979705810547e-01
9.082577889785170555e-08
5.624460754916071892e-07
7.236179044411983341e-06
4.230349986755754799e-06
6.730260211043059826e-04
1.838196330936625600e-04
9.508486092090606689e-02
5.783659844382782467e-07
1.480256855757033918e-06
1.735425212245900184e-05
1.475650165230035782e-02
5.651634751302481163e-07
6.884182691574096680e-01
2.545697987079620361e-01
5.714068541246009048e-12
1.548265848860808092e-09
2.986296385643072426e-05
1.210565983456035610e-06
1.764071203069761395e-04
8.170838654041290283e-02
7.192569971084594727e-02
3.535522893071174622e-02
6.782405376434326172e-01
1.328491233289241791e-02
5.605070386081933975e-03
1.029132772237062454e-02
4.222238063812255859e-01
5.725182294845581055e-01
3.521536839912187133e-08
5.212735533714294434e-01
6.152049991214880720e-06
2.867568109650164843e-04
8.534999564290046692e-03
2.220527678728103638e-01
1.653032377362251282e-04
7.244135758810443804e-06
2.715385635383427143e-04
1.412227845776214963e-07
6.881820559501647949e-01
4.735238552093505859e-01
3.684568405151367188e-02
5.910629034042358398e-01
1.335709821432828903e-02
1.749076843261718750e-01
3.937077053706161678e-05
4.681103676557540894e-02
1.231506466865539551e-01
6.962670944631099701e-03
1.071782535291276872e-04
3.727013468742370605e-01
3.987261607107939199e-06
1.034003071254119277e-05
5.668156518368050456e-05
1.445640464226016775e-05
5.306257009506225586e-01
4.200032562948763371e-04
3.684499859809875488e-02
2.049328684806823730e-01
1.203154325485229492e-01
3.162514303767238744e-06
3.270989051088690758e-03
6.682278919789433683e-15
2.275162114528939128e-04
2.734229713678359985e-02
4.539218498393893242e-04
3.953811824321746826e-01
4.508835375308990479e-01
1.090977340936660767e-02
1.012615635991096497e-01
7.353495061397552490e-02
2.543927257647737861e-05
1.804433530196547508e-03
4.048849456012248993e-03
2.886522687539638810e-10
8.006722200661897659e-04
2.526024729013442993e-02
1.534274088044185191e-05
2.002077735960483551e-02
9.256823360919952393e-02
1.551126160848070867e-08
2.472935420883004554e-07
2.188915014266967773e-02
9.473382495343685150e-03
7.250758260488510132e-02
7.141804695129394531e-01
3.593368232250213623e-01
1.151800734078278765e-05
9.387048194184899330e-04
5.796590819954872131e-02
6.994285286054946482e-06
4.045807145303115249e-06
5.240073204040527344e-01
1.892652508104220033e-04
1.149593852460384369e-03
1.216812175698578358e-03
4.507420783284032950e-07
2.994049787521362305e-01
5.437290072441101074e-01
7.538344361819326878e-04
1.283325806733515151e-10
4.541185717243934050e-06
6.782355252653360367e-03
1.128555504692485556e-05
2.297192346304655075e-03
3.802261129021644592e-02
5.706989904865622520e-04
3.718616790138185024e-05
3.797732293605804443e-01
1.355810090899467468e-02
8.166870429704431444e-06
3.296796930953860283e-03
2.692512524049561762e-08
1.840296135924290866e-05
2.047271430492401123e-01
6.284822709858417511e-03
2.017817925661802292e-03
4.664158552714070538e-07
5.167375784367322922e-04
4.825056791305541992e-01
1.373942382633686066e-02
1.665690660956897773e-07
6.482009775936603546e-04
6.726523679390083998e-06
2.380052610533311963e-04
8.602919988334178925e-03
3.195916116237640381e-01
5.025468021631240845e-02
1.436957774991753922e-09
3.699328303337097168e-01
2.717927563935518265e-04
9.032163023948669434e-02
6.927487561370071489e-07
3.310537338256835938e-02
1.030191895551979542e-03
1.737630814313888550e-01
8.288987278938293457e-01
8.977931737899780273e-02
6.150757893919944763e-03
3.556562546691566240e-07
2.469505369663238525e-01
8.158445358276367188e-01
5.810135006904602051e-01
5.389634752646088600e-04
1.954792452352194232e-07
1.819012686610221863e-03
6.990577280521392822e-02
9.515089541673660278e-02
6.367556005716323853e-02
7.030360102653503418e-01
1.869167608674615622e-04
2.759960188996046782e-04
1.760105260473210365e-05
8.695180326867557596e-07
7.360676303505897522e-03
1.673755178899227758e-07
1.813164330087602139e-03
7.296446710824966431e-05
1.605364161605393747e-07
2.265317198180127889e-05
5.588516592979431152e-01
1.648290615108294332e-09
2.083247527480125427e-04
1.938570141792297363e-01
1.401559915393590927e-03
6.816992908716201782e-02
6.186699494719505310e-02
3.619586117565631866e-03
8.797806501388549805e-02
4.483371469632402295e-07
4.594011232256889343e-03
4.567259922623634338e-02
1.833407133817672729e-01
1.435822695493698120e-01
1.914572902023792267e-03
1.300826511396735441e-06
2.176108391722664237e-04
3.428777563385665417e-04
2.358982746955007315e-04
2.256561769172549248e-03
1.766932457685470581e-01
2.507455646991729736e-02
2.375844120979309082e-01
3.048637154279276729e-06
4.953996540280058980e-05
7.219611870823428035e-05
2.653386443853378296e-02
1.638234607526101172e-05
1.519305724650621414e-02
8.346886374056339264e-03
2.190044224262237549e-01
1.335218269377946854e-02
1.560047530801966786e-05
2.910212231199693633e-07
1.341792405582964420e-03
1.008689309855981264e-07
4.487714916467666626e-02
6.591972708702087402e-02
1.610150434316892643e-06
2.604866153887996916e-07
7.081073505332824425e-09
1.913328282535076141e-02
7.391746640205383301e-01
2.859796722987084650e-06
3.393199585843831301e-05
3.302052989602088928e-02
1.010121405124664307e-01
1.700022071599960327e-02
4.406127613037824631e-03
1.531667541712522507e-03
1.327104109805077314e-04
6.909503281349316239e-05
7.805091794580221176e-03
1.030345112085342407e-01
2.246311487397179008e-05
2.167055010795593262e-02
3.419010608922690153e-04
2.111665531992912292e-02
1.705925400941055159e-10
1.281678397208452225e-02
3.070674574701115489e-05
6.648444533348083496e-01
3.233641791666741483e-06
3.239702436985680833e-06
2.902772848756285384e-06
2.694898739719064906e-07
3.650903090601786971e-05
3.849409818649291992e-01
3.296937502454966307e-04
1.142455381341278553e-03
8.607278764247894287e-02
5.117968656122684479e-03
4.012170433998107910e-01
4.583735018968582153e-03
4.873360507190227509e-03
6.178151369094848633e-01
6.716744974255561829e-05
4.252034705132246017e-04
1.191490355267887935e-05
3.516093362122774124e-03
2.206578967938951918e-13
1.145115587860345840e-03
5.341654585322430648e-08
4.348326921463012695e-01
8.138514822348952293e-04
4.598951041698455811e-01
4.954260587692260742e-01
4.244902811478823423e-05
1.275261752198275644e-06
1.491153892129659653e-02
2.393029816448688507e-02
2.782405912876129150e-01
4.968792200088500977e-01
7.190286506388726684e-14
6.534640677273273468e-03
1.161488460965642844e-09
5.919245040786336176e-07
6.952139735221862793e-01
7.249745976878330112e-06
1.104697560094791697e-07
8.647205829620361328e-01
1.468504592776298523e-02
1.210821513086557388e-02
1.943319221027195454e-03
7.618626952171325684e-01
4.514600360217002617e-10
2.925125882029533386e-03
7.575243216706439853e-06
7.601511664688587189e-03
2.683583261386957020e-06
2.075922246602690535e-11
5.617105125566013157e-05
2.274511814448487712e-07
2.677382528781890869e-01
1.674320628808345646e-05
5.361125469207763672e-01
6.845488548278808594e-01
6.863059809347760165e-08
2.697696036193519831e-04
3.070278326049447060e-04
5.882714986801147461e-01
9.757105345897798543e-09
6.952308416366577148e-01
7.799718296155333519e-04
2.192702522734180093e-04
1.476897746324539185e-01
1.806585933081805706e-04
6.035798788070678711e-01
2.085241675376892090e-02
3.866150975227355957e-01
2.338712336495518684e-03
2.524024603189900517e-05
6.244587898254394531e-02
1.836683787405490875e-02
1.203567308039055206e-07
1.593944430351257324e-02
3.347352395266511849e-10
3.290048334747552872e-05
9.335654973983764648e-01
2.705597301755346962e-09
6.164436490507796407e-05
2.061467966996133327e-04
1.710232230834662914e-03
4.440656339284032583e-04
2.154020778834819794e-02
4.627445712685585022e-02
7.080379291437566280e-04
1.203098073601722717e-01
1.703445605016895570e-06
1.340583860874176025e-01
5.044206545790075324e-07
2.591513657534960657e-05
6.861833333969116211e-01
3.480707846392760985e-07
5.315766483545303345e-02
6.489715306088328362e-04
5.993641167879104614e-02
6.786336307413876057e-04
7.251552771776914597e-03
1.416374347172677517e-03
8.435282856225967407e-02
7.184791564941406250e-01
7.051255124679300934e-06
1.128499303013086319e-02
1.742690297623639140e-10
7.064684837132517714e-07
5.016218551645579282e-08
5.650150775909423828e-01
1.203392893075942993e-01
2.578255662228912115e-04
4.365813219919800758e-05
3.614470362663269043e-02
6.929868459701538086e-01
2.283209264278411865e-01
5.479220635606907308e-05
7.322822348214685917e-04
3.270378510933369398e-05
1.007367521524429321e-01
4.202044010162353516e-01
9.570731781423091888e-04
7.033160272840177640e-06
1.401220560073852539e-01
4.942562201529221433e-13
1.068407297134399414e+00
9.465580660616979003e-05
5.487886667251586914e-01
7.810551323927938938e-04
7.285984605550765991e-02
7.132336031645536423e-05
3.265914320945739746e-01
1.146208433056017384e-06
6.310657481662929058e-04
1.714493962936103344e-03
5.197331905364990234e-01
9.075406007468700409e-03
8.002850413322448730e-02
3.890196327120065689e-03
5.450900178402662277e-03
3.469116985797882080e-02
2.031368640018627048e-04
8.302614092826843262e-03
1.548131927847862244e-02
7.219457998871803284e-03
8.878433704376220703e-02
7.594074122607707977e-05
4.800913929939270020e-01
9.504499845206737518e-03
5.533052145525584747e-15
4.187480226391926408e-05
1.995823695324361324e-04
9.090598065975008524e-12
2.531242789700627327e-03
1.035719651554245502e-05
4.419071134179830551e-03
5.839695930480957031e-01
2.139447815352468751e-06
4.075815156102180481e-02
3.735686186701059341e-04
5.506068468093872070e-01
4.630348179489374161e-03
6.771884858608245850e-02
9.285650402307510376e-02
2.238804280851880435e-10
4.345917259342968464e-04
1.270024571567773819e-03
3.496377961710095406e-03
1.673281192779541016e-02
6.881860494613647461e-01
1.654708370324442512e-07
4.865552112460136414e-02
5.482620000839233398e-01
8.311466872692108154e-02
6.996365846134722233e-05
1.019042883854126558e-05
2.787602543830871582e-01
2.508818288333714008e-04
7.122165709733963013e-02
7.000642269849777222e-02
2.373828920099185780e-06
4.316755570471286774e-03
7.253888845443725586e-01
1.279009325116930995e-06
5.144913302501663566e-05
1.175084058195352554e-02
1.232384704053401947e-03
3.399878441929723993e-15
7.118446205822692718e-07
1.270301572264820322e-11
2.542957554396707565e-05
1.102207787334918976e-02
5.377421175012386811e-08
4.835551692394801648e-08
3.224387910449877381e-05
6.049496015236854873e-09
3.617652691900730133e-05
6.748391569999512285e-06
1.639235124457627535e-04
3.950624278669517819e-13
3.423159000703890342e-08
3.500252729281783104e-03
1.834455920501909532e-10
1.226550665478498559e-07
1.934742431330960244e-05
4.042074230881098629e-09
2.478847571651954240e-09
4.322331121492384298e-12
2.680618199519813061e-04
5.703429284409367028e-09
1.066432315718901513e-12
1.129873489844612777e-04
1.131623048422625288e-05
4.016885213786736131e-06
1.492292689420082752e-08
6.782600879669189453e-01
1.196751145471353084e-05
4.977951448381645605e-06
1.436278216715436429e-05
6.183367595724575949e-09
7.301679399995819608e-11
1.845213398337364197e-02
1.785480985283527389e-09
8.399064768127573188e-07
1.046725870423870219e-07
1.113096175231476082e-07
5.747249343102112107e-10
3.337883972562849522e-04
1.082482459224820559e-08
2.463020337017951533e-06
2.455677371472120285e-03
1.089053601026535034e-02
9.490995767080789847e-10
2.486578002572059631e-02
1.101036414818956644e-10
5.241131657385267317e-05
2.554467215531985858e-08
6.065654929443553556e-07
1.991046771898652423e-10
5.495072841199544200e-08
3.296813126316133769e-12
8.052568745142707485e-08
3.588229715824127197e-01
2.996055670223540801e-08
2.311090065632015467e-05
4.725674074279595516e-08
5.044681529398076236e-05
5.957778692245483398e-01
2.418460499029606581e-04
7.707562763243913651e-04
4.230349986755754799e-06
1.223499523916871112e-08
4.244270144226902630e-07
1.674468202983447895e-10
1.366800814867019653e-02
9.512546306211788760e-09
5.682452410837868229e-07
1.346888017783598457e-10
7.742074318230152130e-03
1.229910822075908072e-07
1.316679554292932153e-04
1.401320332661271095e-05
1.390103807352716103e-05
1.455258876085281372e-01
1.150606485089689102e-10
2.262202906422317028e-05
1.940716356039047241e-01
1.068229381031554474e-16
4.349201481090858579e-05
2.102014404954388738e-04
2.991243265569210052e-02
4.317577406709460774e-09
7.284730236278846860e-05
6.429782509803771973e-02
1.027488833642564714e-04
1.522803700026997831e-06
7.778859223428469249e-10
1.007845917833094518e-09
2.615895709823234938e-06
2.169693354517221451e-03
1.792698458302766085e-05
3.826214197033550590e-06
5.529749323613941669e-04
6.621668115258216858e-03
1.715613109354308108e-07
2.334125248637519690e-08
5.349626164274923212e-08
5.710633111137217166e-14
8.576161781093105674e-05
1.763527934794950625e-10
1.071590949655587544e-12
1.939412519469385643e-11
7.007154181337682530e-06
4.960138467140495777e-04
4.075979813933372498e-04
4.109998730239539100e-10
1.273505506105720997e-03
5.481486823555314913e-06
1.748180352478811983e-06
4.884908497333526611e-01
8.215100706365774386e-07
1.259762606731218426e-11
6.759675216017058119e-06
2.583901448360848008e-07
4.183215787634253502e-04
8.794115274213254452e-06
1.398694621457252651e-05
2.015549171119346283e-06
6.685801744461059570e-01
1.388479769229888916e-02
3.957251010433537886e-06
8.278650790452957153e-02
9.826669702306389809e-04
1.699545403583947950e-16
7.775807375764998142e-08
1.493014951847726479e-05
4.584662185481980234e-13
2.313370350748300552e-03
4.526546108536422253e-04
4.711650399258360267e-05
2.466880541760474443e-04
3.804877342190593481e-04
2.061979209599940077e-08
2.836038402165286243e-05
5.724100768566131592e-02
1.503825619586507401e-09
6.381821731338277459e-05
1.555782091600121930e-06
8.870406986716261599e-08
2.595112791325959734e-09
1.436991965420020279e-07
1.285385735627642134e-07
2.014429298924369505e-07
2.195807269345095847e-07
2.057565689028706402e-05
1.650459147128913173e-08
5.550951950698823634e-13
9.439577076811658807e-14
1.033098850911073896e-08
5.242851930375991287e-09
2.248600503662601113e-04
1.387645467282316858e-11
5.243357736617326736e-04
7.832948085706448182e-07
2.519262954592704773e-03
2.989910356700420380e-02
3.810625523328781128e-02
3.503848856780678034e-04
5.010833067919939765e-11
7.211018819361925125e-04
7.913945943016642559e-09
1.208266269259183900e-07
1.139436005129831203e-14
2.629999471537303180e-07
1.421592399353244218e-09
2.514397492632269859e-03
9.091148278628224944e-09
1.079224043465387695e-09
6.726523679390083998e-06
1.183157414197921753e-01
3.576320750653394498e-07
1.039554830640554428e-03
3.321910844533704221e-05
1.683339334590527869e-08
9.035183268224500353e-08
5.055758478533789457e-09
6.955698517163710903e-11
1.215609881910495460e-05
3.006635233759880066e-04
9.103357115236576647e-06
1.134799276769626886e-07
6.444994505727663636e-05
8.368957787752151489e-03
8.393134176731109619e-02
1.102847885340452194e-02
8.208164009593232890e-11
6.382695261208937154e-08
1.203003530125812404e-10
1.049806400664488049e-12
2.695170696824789047e-04
1.350723596260650083e-05
1.828257882152684033e-05
7.366622594418004155e-05
7.953339263622183353e-06
1.658646056057477836e-06
1.018691749878064545e-12
1.106558775063604116e-04
4.421177095537132118e-07
1.787077152926030976e-08
6.749929184479697142e-07
2.552880207076668739e-03
5.870656669139862061e-02
1.716228574514389038e-02
2.395015563649849355e-08
2.723792968950533577e-09
5.303690286950768495e-08
8.845426995029992412e-12
5.861606382495665457e-07
1.811152906157076359e-04
9.465580660616979003e-05
2.229432851663659676e-07
1.680566583672771230e-06
4.436020026332698762e-05
2.554838474111420510e-08
3.270378510933369398e-05
1.635787077248096466e-03
4.301848122167939437e-08
1.429285970516502857e-03
3.865962935378775001e-05
1.157445161936720979e-08
2.051089182941723266e-07
7.806551730027422309e-05
3.669856640797775071e-10
2.239656895399093628e-01
7.882063800934702158e-05
2.292703943362894847e-10
1.072758323061862029e-06
1.931228553075925447e-06
5.403410643339157104e-03
1.432871213182806969e-03
2.461891881466726772e-06
1.297520473599433899e-03
1.088025146600557491e-05
2.003543858597467420e-11
5.760781363051137305e-08
2.995115874065978900e-12
1.076080370694398880e-03
1.815234869718551636e-01
5.338384583592414856e-02
3.146837235235011576e-09
6.563333698750284384e-08
1.761642750352621078e-03
1.795038839791374130e-10
2.982772917548004443e-09
1.628527174224458918e-12
5.435214234239538200e-07
7.220972406685177702e-07
1.191271818242967129e-03
1.944988753166398965e-06
6.310082972049713135e-03
1.233452849191962741e-06
5.830218974267609156e-09
2.434192181155481194e-09
1.503141102148219943e-04
7.652700332982931286e-06
2.005841583013534546e-03
1.154612618847750127e-06
6.504324162603936088e-11
9.391597472131252289e-03
6.334099173545837402e-01
1.580925345479045063e-05
5.071137820777948946e-07
5.847998857498168945e-01
1.587691228488452566e-10
7.014163769781589508e-03
5.136952269822359085e-03
1.692565376743004890e-07
2.634436002679763078e-10
2.446096732455771416e-05
5.602898891083896160e-04
6.563477938925643684e-08
-0.000000000000000000e+00
-0.000000000000000000e+00
-0.000000000000000000e+00
-0.000000000000000000e+00
-0.000000000000000000e+00
-0.000000000000000000e+00
-0.000000000000000000e+00
-0.000000000000000000e+00
-0.000000000000000000e+00
-0.000000000000000000e+00
-0.000000000000000000e+00
-0.000000000000000000e+00
-0.000000000000000000e+00
-0.000000000000000000e+00
-0.000000000000000000e+00
-0.000000000000000000e+00
-0.000000000000000000e+00
-0.000000000000000000e+00
-0.000000000000000000e+00
-0.000000000000000000e+00
-0.000000000000000000e+00
-0.000000000000000000e+00
-0.000000000000000000e+00
-0.000000000000000000e+00
-0.000000000000000000e+00
-0.000000000000000000e+00
-0.000000000000000000e+00
-0.000000000000000000e+00
-0.000000000000000000e+00
-0.000000000000000000e+00
-0.000000000000000000e+00
-0.000000000000000000e+00
-0.000000000000000000e+00
-0.000000000000000000e+00
-0.000000000000000000e+00
-0.000000000000000000e+00
-0.000000000000000000e+00
-0.000000000000000000e+00
-0.000000000000000000e+00
-0.000000000000000000e+00
