2.010572090760387454e-11
1.673216931521892548e-02
1.176569119909487426e-10
1.196349757037751260e-07
6.267628073692321777e-02
4.379744350444525480e-04
1.547771156765520573e-03
5.659398064017295837e-02
2.435858175158500671e-02
3.134301629001412515e-13
5.572770689354911156e-09
3.220322355628013611e-02
6.148017644882202148e-01
4.970956146717071533e-01
2.468139447092915044e-15
7.673742622137069702e-02
1.173914210197274377e-13
1.046792135639407206e-06
1.988066174089908600e-02
1.317218225769731244e-13
1.771757013745296186e-17
6.836415559519082308e-05
6.701857782900333405e-04
8.114968538284301758e-01
6.561309695243835449e-01
7.040386199951171875e-01
1.153862103819847107e-05
1.095056086778640747e-01
3.357717096805572510e-01
6.020702123641967773e-01
1.442756876349449158e-02
5.142499804496765137e-01
2.949766516685485840e-01
5.863737314939498901e-03
6.916584968566894531e-01
3.907970786094665527e-01
3.749270737171173096e-01
3.989201504737138748e-03
2.028352813795208931e-03
2.273182757198810577e-02
1.305316345678875223e-05
1.266122460365295410e-01
4.058361947536468506e-01
3.113971352577209473e-01
4.742376506328582764e-01
3.530289177433587611e-06
2.671803534030914307e-01
4.425941966474056244e-03
2.208433300256729126e-02
5.343874214663868472e-13
7.353016806543877237e-11
1.194777549244463444e-03
6.458474993705749512e-01
9.065320542844812479e-12
4.312766715884208679e-03
1.028405131364706904e-05
2.364394604228436947e-04
6.049506598784781808e-13
2.456981539726257324e-01
4.507931368144015016e-14
8.473240137100219727e-01
1.483697218418456032e-07
1.522368867881596088e-03
2.729202969931066036e-04
2.032921386785346840e-09
3.688771650195121765e-02
8.801557123661041260e-05
4.746399447321891785e-02
9.292691174778155982e-06
4.416119456291198730e-01
2.245352864265441895e-01
3.588749450500472449e-06
1.438711478840559721e-07
3.858361393213272095e-03
2.712377309799194336e-01
5.325175023163097876e-11
1.869663719844538718e-06
1.680042743682861328e-01
3.400079607963562012e-01
6.556363091325678738e-11
7.718031156400684267e-06
6.339004030451178551e-04
4.117316620977362618e-06
4.684763401746749878e-02
1.620379094578728436e-18
2.008550270549136485e-10
3.435691352933645248e-03
1.752607226371765137e-01
8.385072578676044941e-05
5.857567787170410156e-01
7.055568802816214458e-12
6.510025858879089355e-01
9.925748374259302231e-13
1.969056575035210699e-05
1.150632865896950019e-12
2.811768054962158203e-01
2.242030075049611382e-13
7.430526056647138167e-14
4.583482146263122559e-01
1.080655783880501986e-05
2.238555171061307192e-04
5.017526447772979736e-02
5.160896778106689453e-01
2.916731238365173340e-01
5.961885675787925720e-02
6.136034131050109863e-01
3.622506856918334961e-01
5.114748701453208923e-02
5.105305899633094668e-05
6.343818902969360352e-01
9.434450417757034302e-03
1.096052359983445967e-09
8.679948514327406883e-04
1.255618035793304443e-02
1.158562605269253254e-03
1.046266057528555393e-03
8.617355717888131039e-09
1.877530477941036224e-03
4.257477616981253377e-14
4.575988277792930603e-04
6.949515342712402344e-01
2.780382931232452393e-01
1.719244323794555385e-06
6.160162602242280627e-09
8.384809494018554688e-01
1.604328281246125698e-03
6.458871066570281982e-02
5.143044745636871085e-08
6.655095815658569336e-01
2.724030311214431510e-13
5.106303691864013672e-01
5.994458198547363281e-01
1.208366593345999718e-03
7.359579950571060181e-02
1.582254320383071899e-01
4.783165454864501953e-01
1.942948579802816766e-11
5.555606549023650587e-06
2.161333337426185608e-03
6.411277809093007818e-06
4.746092557907104492e-01
1.937109778138434990e-10
4.742653667926788330e-02
9.617033356335014105e-07
6.206756353321907227e-08
3.918731658614227342e-13
8.799709225182361649e-12
4.920743107795715332e-01
6.895006895065307617e-01
2.440916080370669761e-10
5.323496460914611816e-01
4.476451501250267029e-02
9.693104402686003596e-06
1.127528172435357913e-16
7.322843372821807861e-02
6.249392558999034009e-09
9.020797211425554685e-14
7.521347288275137544e-05
2.117182873189449310e-02
4.300959408283233643e-03
7.523872795900388155e-07
2.520645830372814089e-05
2.962131984531879425e-02
5.073399469256401062e-02
9.607289102859795094e-04
6.070234576327493414e-06
3.055782616138458252e-01
1.443838924169540405e-01
2.141953678801655769e-03
6.779954303056001663e-03
2.216909686695526377e-14
7.105934619903564453e-02
2.298096947656903810e-14
3.855758909579660556e-18
2.094754250720143318e-03
1.154039055109024048e-02
4.963389528711559251e-06
1.389271114021539688e-03
2.871951591473798082e-12
9.207022230839356780e-05
4.770527593791484833e-03
3.369091006177882264e-09
5.659387912601232529e-03
4.237421380821615458e-04
1.672858297824859619e-01
5.086969956755638123e-02
3.596618305891752243e-03
3.114835917949676514e-01
1.093708425760269165e-01
1.514258701354265213e-02
2.634268639667425305e-06
7.338064024224877357e-04
1.005622948468953837e-06
1.205947063863277435e-02
4.716836883744690567e-06
6.767216324806213379e-02
2.610896714031696320e-02
1.859169969975482672e-06
3.954423125833272934e-03
3.732349872589111328e-01
1.719041455051781775e-17
1.833020597696304321e-01
1.689569093286991119e-02
1.531799673102796078e-03
2.348467096453532577e-04
1.907747027019013331e-08
1.603964046807959676e-04
2.396090775728225708e-01
4.259273991920053959e-04
5.362015217542648315e-02
1.949746746277014608e-07
4.792866190733713339e-12
4.812480369764671195e-08
2.896157279610633850e-02
1.570969743625028059e-06
1.914435597427655011e-05
3.571207635104656219e-04
2.591287193354219198e-05
8.290611207485198975e-03
6.065204143524169922e-01
6.129292249679565430e-01
3.071376122534275055e-02
1.131811513914726675e-04
4.682152848545229062e-06
6.258821114897727966e-03
1.294388156384229660e-02
1.339285887053121016e-11
1.864620298147201538e-02
5.020694062113761902e-02
6.040743589401245117e-01
2.006562226597452536e-06
4.180236018447303081e-11
2.587217092514038086e-01
1.055272221565246582e-01
2.009749005082994699e-04
4.914270341396331787e-01
1.901903152465820312e-01
5.528385475100927593e-12
8.483155965805053711e-01
6.075799465179443359e-01
2.277074009180068970e-02
3.618453070521354675e-02
6.664972901344299316e-01
5.156361311674118042e-02
6.704734265804290771e-02
3.352596851055752135e-15
1.946180994139012910e-09
7.087988342391327024e-05
3.307277560234069824e-01
4.958544159308075905e-04
1.977033447474241257e-03
1.104816765291616321e-04
9.827354922890663147e-03
6.710757734254002571e-04
3.055836714338511229e-04
1.710795760154724121e-01
4.760898351669311523e-01
1.134091429412364960e-02
4.066988453269004822e-02
5.348025560379028320e-01
1.910642534494400024e-01
5.298241376876831055e-01
2.662133658304810524e-03
4.155843053013086319e-03
3.461723402142524719e-02
4.728199169039726257e-02
2.972167730331420898e-01
3.170082569122314453e-01
2.772237658500671387e-01
1.223201498857379166e-13
2.829886376857757568e-01
6.923655271530151367e-01
7.983620662344037555e-07
6.519438028335571289e-01
6.580838933587074280e-03
2.802275994326919317e-04
1.605909783393144608e-03
1.516810618340969086e-02
2.491724153514951468e-04
6.066633462905883789e-01
1.173175476765209169e-07
1.466434440544617246e-08
7.415717467665672302e-03
6.987919099628925323e-03
2.783045172691345215e-02
6.933668255805969238e-01
4.629226028919219971e-01
8.726983719009595575e-11
6.907329079695045948e-04
1.388275176286697388e-01
4.046330153942108154e-01
5.368099808692932129e-01
2.216745540499687195e-02
2.680853585998455024e-12
7.022214680910110474e-02
5.730535387992858887e-01
8.635726990178227425e-04
3.680076042655855417e-05
2.208963036537170410e-02
7.172310745318100089e-09
3.307783345007919706e-06
2.152478508651256561e-02
8.562490344047546387e-02
8.653252571821212769e-02
7.367543207459359422e-12
3.710054485850378114e-11
7.347775681409984827e-05
3.923543554265052080e-04
7.084729732014238834e-04
1.838127616792917252e-03
5.516875386238098145e-01
3.885545730590820312e-01
3.655885256391390101e-15
1.071431394666433334e-02
2.322139458499350440e-08
1.457392796874046326e-02
4.391435906291007996e-02
1.418905885657295585e-04
5.120207071304321289e-01
3.575177397578954697e-03
2.821820788085460663e-02
5.304608663436738425e-08
2.209213505466323113e-07
1.113466259994311258e-05
6.621446609497070312e-01
6.871663033962249756e-03
7.934591121738776565e-05
2.705886513118538339e-12
1.012801751494407654e-02
4.386738538742065430e-01
5.292615696816937998e-07
4.284732291193193987e-11
3.753393655642867088e-03
6.943500787019729614e-02
2.924905158579349518e-03
1.124388072639703751e-04
3.157900937367230654e-04
6.816381812095642090e-01
1.147201582789421082e-01
1.732379645109176636e-01
2.403627522289752960e-02
1.546556086395867169e-05
1.378143679175991565e-06
4.489949345588684082e-01
2.069590836763381958e-01
1.507274359464645386e-01
7.039408683776855469e-01
3.541797050274908543e-04
8.588641881942749023e-02
7.189228199422359467e-06
3.884682428179075941e-06
5.331616848707199097e-04
1.995849162340164185e-01
2.874198183417320251e-02
4.273667465895414352e-03
5.962171554565429688e-01
2.723436057567596436e-01
2.755044761215685867e-07
1.047179698944091797e+00
7.183815836906433105e-01
2.768333768472075462e-03
6.856296658515930176e-01
9.958768350770696998e-05
3.997889757156372070e-01
6.806254386901855469e-01
2.541989729820670618e-08
3.274484071880578995e-03
1.699793501757085323e-03
1.121973991394042969e-02
6.459171772003173828e-01
7.418994903564453125e-01
9.026339284901041538e-06
2.614649019960779697e-05
8.360991477966308594e-01
1.358201950788497925e-01
7.411493062973022461e-01
7.024788064882159233e-04
1.806367777135164943e-06
1.101655364036560059e-01
1.352069497108459473e+00
6.353278347859259156e-09
1.294254907406866550e-04
1.336321729468181729e-04
1.142884229921037331e-06
2.055765362456440926e-03
6.472149398177862167e-04
3.373922407627105713e-01
1.415336504578590393e-03
7.694782614707946777e-01
3.035439876839518547e-04
1.898508705198764801e-02
1.084015846252441406e+00
4.655069112777709961e-01
4.907114198431372643e-04
6.245540082454681396e-02
6.966753602027893066e-01
7.717131376266479492e-01
5.681042093783617020e-03
1.335376728093251586e-04
6.895203609019517899e-03
1.792763769626617432e-01
4.174478650093078613e-01
6.109259724617004395e-01
2.459672838449478149e-01
3.672033781185746193e-03
1.704389229416847229e-03
3.003040850162506104e-01
1.279552816413342953e-03
2.340882420539855957e-01
8.071098476648330688e-03
1.265511615201830864e-03
1.646938174962997437e-01
3.033758839592337608e-03
6.930285692214965820e-01
7.738688495010137558e-03
2.486295124981552362e-04
6.917835772037506104e-02
6.458315253257751465e-01
8.488518185913562775e-03
1.970980520127341151e-06
1.356841921806335449e-01
5.315866470336914062e-01
4.963346421718597412e-01
1.229587793350219727e+00
3.104045242071151733e-02
1.725087757222354412e-03
1.558447256684303284e-02
4.295455757528543472e-03
9.305614233016967773e-01
2.477598609402775764e-04
1.157264136963931378e-06
2.628572518005967140e-03
1.599832899046305101e-06
1.502977907657623291e-01
2.130325592588633299e-04
4.628549504559487104e-05
7.418697932735085487e-04
9.374585933983325958e-04
1.393673620952995407e-08
3.957566618919372559e-02
1.621911565052869264e-07
7.211622432805597782e-04
5.238146059127757326e-07
1.039080042392015457e-02
2.263521855638828129e-05
1.128669246099889278e-03
7.593853473663330078e-01
8.440118399448692799e-04
1.263903230428695679e-01
5.698637962341308594e-01
9.466429054737091064e-02
1.288369821850210428e-04
1.886222362518310547e-01
6.439067423343658447e-02
7.846901280572637916e-05
1.107119303196668625e-02
1.571279062773101032e-05
1.437980085611343384e-01
1.989585347473621368e-03
7.328100968152284622e-03
6.250291317701339722e-02
9.408944947608688381e-07
5.631549129248014651e-07
4.210655987262725830e-01
4.415808320045471191e-01
1.450342369935242459e-05
7.291289567947387695e-01
1.997312892854097299e-08
1.023071166127920151e-02
9.900240547722205520e-05
3.576254472136497498e-03
5.888532400131225586e-01
2.083029039204120636e-02
1.960410475730895996e-01
8.047667741775512695e-01
5.673515610396862030e-03
1.260772068053483963e-02
2.492462499503744766e-06
1.607854366302490234e-01
5.564281344413757324e-02
6.470944881439208984e-01
3.154760003089904785e-01
3.585629656299715862e-06
9.896240226225927472e-05
4.872222617268562317e-02
8.244448108598589897e-04
2.937499345989635913e-07
2.962497770786285400e-01
6.085596084594726562e-01
4.435577392578125000e-01
4.990153312683105469e-01
1.316958107054233551e-02
1.063750267028808594e+00
1.125995368056464940e-06
4.039159975945949554e-04
5.024415999650955200e-02
5.107044577598571777e-01
6.411730051040649414e-01
5.319811105728149414e-01
2.162623032927513123e-02
1.507856324315071106e-02
1.199778054683520168e-09
6.431329250335693359e-01
3.645011020125821233e-06
1.976997882593423128e-04
2.656467724591493607e-03
3.332507610321044922e-01
9.070500709640327841e-06
1.252955347299575806e-01
1.622036870685406029e-05
2.196587435901165009e-02
4.318266641348600388e-03
3.039449825882911682e-02
8.020576089620590210e-02
9.065532324825653632e-09
6.560937166213989258e-01
1.112955342978239059e-02
1.572374254465103149e-02
1.044348776340484619e-01
4.420834011398255825e-05
4.087311538114590803e-07
1.155233476310968399e-02
1.258637160062789917e-01
7.224673032760620117e-01
9.584993124008178711e-02
2.987258085340727121e-06
3.429704975133063272e-06
6.919871568679809570e-01
2.288852783749462105e-06
7.350571155548095703e-01
8.438732038484886289e-06
1.942604285432025790e-04
2.735168635845184326e-01
1.536335423588752747e-02
3.270543820690363646e-04
1.709105345071293414e-05
5.051939282566308975e-03
5.017583072185516357e-02
2.806683778762817383e-01
2.643046975135803223e-01
1.373775117099285126e-02
7.397289155051112175e-04
8.532533645629882812e-01
2.119216951541602612e-04
4.327071011066436768e-01
4.745411388284992427e-06
4.371764361858367920e-01
4.312338423915207386e-04
4.761038348078727722e-02
7.924620877020061016e-04
7.491577998735010624e-04
2.959139086306095123e-02
5.381020903587341309e-01
3.878989815711975098e-02
1.753241568803787231e-02
1.260422209270473104e-06
2.916258573532104492e-01
1.802927255630493164e-02
1.334255039691925049e-01
2.124487764376681298e-06
3.893360793590545654e-01
8.448472726740874350e-06
1.034839224303141236e-04
7.208112720036297105e-07
5.380780100822448730e-01
5.895748268812894821e-03
8.723161183297634125e-03
4.805877208709716797e-01
6.760486867278814316e-03
9.548485279083251953e-02
2.067767782136797905e-03
1.124464392662048340e+00
4.308441281318664551e-01
6.665377411991357803e-03
1.333225816488265991e-01
3.875902295112609863e-01
3.051253557205200195e-01
1.262594103813171387e+00
1.688988078285547090e-07
2.704614102840423584e-01
2.086687237024307251e-01
2.890527844429016113e-01
1.306013345718383789e+00
2.572559196778456680e-06
5.918944627046585083e-02
3.154027462005615234e-01
7.595630013383924961e-04
1.830878853797912598e-01
8.357241654266545083e-08
4.652082134271040559e-05
2.946994267404079437e-02
1.355055160820484161e-02
5.726684321416541934e-05
6.140577625046717003e-06
7.967312335968017578e-01
6.831090152263641357e-02
5.894829034805297852e-01
9.873614180833101273e-04
1.707975025055930018e-05
3.572012484073638916e-01
2.509671685402281582e-05
8.770429491996765137e-01
5.908819846808910370e-03
5.909157991409301758e-01
3.585985675454139709e-02
7.519259452819824219e-01
1.871219836175441742e-03
2.033232885878533125e-04
5.238309677224606276e-05
1.104331109672784805e-02
2.457030713558197021e-01
1.201026025228202343e-04
2.938487523351795971e-05
8.533561229705810547e-01
5.277383327484130859e-01
8.364691734313964844e-01
3.661995530128479004e-01
4.560305387713015079e-05
6.315719485282897949e-01
3.417348563671112061e-01
2.156603336334228516e-01
6.656473875045776367e-01
6.229910850524902344e-01
4.758514761924743652e-01
1.291122436523437500e-01
6.651337724179029465e-03
5.312517881393432617e-01
6.990865468978881836e-01
9.410250186920166016e-02
9.988815337419509888e-02
1.692935377359390259e-01
1.277495925933180843e-06
5.376563640311360359e-04
1.045782701112329960e-03
5.856488860445097089e-05
2.508397698402404785e-01
3.952238559722900391e-01
5.568553879857063293e-02
8.236881694756448269e-04
5.728563070297241211e-01
2.423364901915192604e-03
3.896094858646392822e-01
3.961044363677501678e-03
4.840130805969238281e-01
4.273612285032868385e-05
6.267234683036804199e-01
1.537390926387161016e-05
3.485447466373443604e-01
3.025250953214708716e-05
3.378005698323249817e-02
8.334292471408843994e-02
2.300306921824812889e-03
2.573989145457744598e-02
5.261651873588562012e-01
8.357241654266545083e-08
2.278417377965524793e-04
9.014935349114239216e-04
4.442706704139709473e-04
3.028971701860427856e-02
5.668110679835081100e-04
3.631688281893730164e-02
1.279552816413342953e-03
1.587300933897495270e-02
6.987704336643218994e-02
9.213820099830627441e-02
6.616760510951280594e-04
2.009162999456748366e-04
2.612147107720375061e-02
4.424273211043328047e-04
5.155141116119921207e-05
2.771056257188320160e-03
5.454955953609896824e-06
5.539178382605314255e-03
3.086945798713713884e-04
2.998217009007930756e-03
8.998335106298327446e-04
1.144789081308772438e-07
9.659501665737479925e-05
2.335822064196690917e-04
3.491236828267574310e-03
9.218188524246215820e-01
1.701870205579325557e-04
6.052508979337289929e-06
3.103687049588188529e-06
2.421764098107814789e-02
1.927070319652557373e-01
1.551028937101364136e-01
1.156395766884088516e-03
9.002768993377685547e-02
2.207215220551006496e-05
1.020573854446411133e+00
7.201533019542694092e-02
4.013037681579589844e-02
1.856161803007125854e-01
1.776568740606307983e-01
2.488120272755622864e-02
3.044157624244689941e-01
1.593088498339056969e-03
4.699421525001525879e-01
1.021473735818290152e-06
2.061127424240112305e-01
1.157975755631923676e-03
4.481402039527893066e-01
9.223801384905527811e-07
2.749388515949249268e-01
6.080946922302246094e-01
3.856742680072784424e-01
3.814284875988960266e-02
1.321375668048858643e-01
6.909199873916804790e-04
5.564281344413757324e-02
7.126664742827415466e-03
1.337180037808138877e-05
1.241879314184188843e-01
3.989629447460174561e-01
3.906762285623699427e-04
8.717852830886840820e-02
6.497501134872436523e-01
6.743035316467285156e-01
3.079338185489177704e-02
6.867911219596862793e-01
4.549593478441238403e-02
4.534806590527296066e-03
1.011130772531032562e-02
7.310171425342559814e-02
1.553738415241241455e-01
9.720174595713615417e-03
1.073438167572021484e+00
9.350322070531547070e-04
2.547772228717803955e-01
2.784424424171447754e-01
3.189893066883087158e-02
1.367700861010234803e-05
4.410710185766220093e-03
6.315719485282897949e-01
6.475839614868164062e-01
1.219810824841260910e-02
4.391259790281765163e-05
3.155165541102178395e-05
5.593928974121809006e-03
5.699427053332328796e-02
6.520701572299003601e-05
2.806683778762817383e-01
1.138767078518867493e-01
1.573935296619310975e-04
7.044375538825988770e-01
3.112561826128512621e-04
2.999959397129714489e-04
1.238704659044742584e-02
5.455624705064110458e-05
7.992953062057495117e-02
1.125995368056464940e-06
1.118924235925078392e-03
4.417601823806762695e-01
2.023511915467679501e-04
1.294254907406866550e-04
3.097506938502192497e-03
5.398037683335132897e-05
4.423853533808141947e-04
5.110080242156982422e-01
2.877878025174140930e-02
5.306569337844848633e-01
7.433747649192810059e-01
2.310371201019734144e-06
6.300806999206542969e-01
2.705580368638038635e-02
8.166335523128509521e-03
3.118791580200195312e-01
1.310956758970860392e-05
1.067183390259742737e-01
1.636813394725322723e-04
1.550527662038803101e-01
4.540229216217994690e-03
8.531763218343257904e-03
1.238542143255472183e-02
5.388152599334716797e-01
1.826757192611694336e-02
4.866111576557159424e-01
4.807180166244506836e-01
1.093043759465217590e-02
1.251526772975921631e-01
1.150107569992542267e-02
2.930801734328269958e-02
5.738072469830513000e-02
1.409642212092876434e-02
1.010887473821640015e-01
5.384175479412078857e-02
4.638935253024101257e-02
1.097882073372602463e-02
9.086165577173233032e-03
6.196845769882202148e-01
3.077646158635616302e-02
9.382232092320919037e-04
2.145272493362426758e-02
1.900662435218691826e-03
2.058576419949531555e-02
1.981151551008224487e-01
2.659082785248756409e-02
3.120079636573791504e-03
3.371570259332656860e-02
1.529703009873628616e-02
4.347801150288432837e-04
2.658085823059082031e-01
3.087911009788513184e-02
4.636406302452087402e-01
7.403049618005752563e-02
3.216886534929130903e-09
5.706939418814727105e-07
8.889207988977432251e-02
1.438598632812500000e-01
2.033232885878533125e-04
4.261777549982070923e-02
6.612451747059822083e-03
4.129830747842788696e-03
1.572374254465103149e-02
1.736224144697189331e-01
2.274671941995620728e-02
2.723070792853832245e-04
4.800070077180862427e-02
1.919231936335563660e-02
5.519628897309303284e-02
7.178357839584350586e-01
3.890436887741088867e-01
1.157585938926786184e-04
6.229665596038103104e-04
1.458265585824847221e-03
2.369124807444222824e-08
3.291817307472229004e-01
1.140922978520393372e-01
9.971467405557632446e-02
3.706508129835128784e-02
7.649055123329162598e-02
6.030233576893806458e-02
1.194584881886839867e-03
1.905323543383019569e-08
1.701263710856437683e-02
3.093425631523132324e-01
1.247894316911697388e-01
1.772229188645724207e-05
2.009340794757008553e-03
3.749754130840301514e-01
1.939764944836497307e-03
1.575599163770675659e-01
2.133448980748653412e-02
1.249558385461568832e-02
6.769762039184570312e-01
1.508493092842400074e-03
9.238336086273193359e-01
2.041874540736898780e-04
1.327867154031991959e-02
7.253766804933547974e-02
6.696218848228454590e-01
4.770227074623107910e-01
1.185641449410468340e-04
2.555979008320719004e-04
2.008832991123199463e-01
5.764562487602233887e-01
1.304128727497300133e-05
7.668437436223030090e-03
5.483568310737609863e-01
5.506401658058166504e-01
2.289713621139526367e-01
2.216597786173224449e-03
6.562605500221252441e-01
2.247928828001022339e-02
4.005275201052427292e-03
6.136785261332988739e-03
6.895203609019517899e-03
6.153208613395690918e-01
1.783569605322554708e-04
8.358920666751146200e-08
8.248354424722492695e-05
3.068900108337402344e-02
4.101869954808989860e-09
1.025397539138793945e+00
1.140793323516845703e+00
2.684812247753143311e-02
3.373422846198081970e-02
6.775931688025593758e-04
5.420437446446157992e-06
1.330098882317543030e-02
6.558896508067846298e-03
1.238627284765243530e-01
4.813320189714431763e-02
1.075945910997688770e-04
8.663657121360301971e-03
1.029253482818603516e+00
7.971773855388164520e-03
2.290991321206092834e-02
2.706859959289431572e-03
1.747423559427261353e-01
1.963122258530347608e-06
6.568197160959243774e-02
1.907167257741093636e-03
4.759639501571655273e-01
9.428998964722268283e-06
1.403650827705860138e-02
2.033895871136337519e-04
1.229566551046445966e-04
6.433666497468948364e-02
1.176712036132812500e+00
4.618023335933685303e-01
2.708320971578359604e-05
2.778532798402011395e-04
6.931471824645996094e-01
9.472674876451492310e-02
1.928110577864572406e-05
7.582933455705642700e-02
5.229167800280265510e-05
4.989910721778869629e-01
3.378101289272308350e-01
7.217810750007629395e-01
1.010897685773670673e-03
2.438644645735621452e-03
9.548485279083251953e-02
1.211837213486433029e-02
1.927664707181975245e-04
3.244357649236917496e-04
4.988250508904457092e-02
4.390146434307098389e-01
6.926138419657945633e-03
6.667710840702056885e-04
2.255636453628540039e-02
7.775756967021152377e-05
1.280521508306264877e-03
1.875118186944746412e-06
3.099996969103813171e-02
1.522406041622161865e-01
1.605915836989879608e-02
3.677091896533966064e-01
3.029900491237640381e-01
1.350940146949142218e-04
5.152091034688055515e-05
1.013026610016822815e-01
1.486986775489640422e-06
1.607819497585296631e-01
8.438096940517425537e-02
1.640927628614008427e-03
1.016471651382744312e-04
3.119439817965030670e-02
3.697168827056884766e-01
6.454896720242686570e-06
1.821425408124923706e-01
1.090419813990592957e-01
1.113145276904106140e-01
1.131010008975863457e-03
6.343975663185119629e-01
2.129936218261718750e-02
6.806685269111767411e-05
9.359545707702636719e-01
9.137339075095951557e-04
5.210902541875839233e-03
2.458515382386394776e-06
7.953484356403350830e-02
1.626545667932077777e-06
2.448568306863307953e-02
6.959267258644104004e-01
1.252793936146190390e-05
1.586567028425633907e-03
5.192537792026996613e-03
2.270720452070236206e-01
2.870841696858406067e-02
1.635861699469387531e-03
1.916683912277221680e-01
6.471152305603027344e-01
6.351265907287597656e-01
2.134780436754226685e-01
2.357040643692016602e-01
4.539320361800491810e-04
3.232307221878727432e-08
3.683252260088920593e-03
6.890012025833129883e-01
5.083903074264526367e-01
3.267617139499634504e-04
7.904361700639128685e-05
7.144739627838134766e-01
5.645899772644042969e-01
4.563612310448661447e-05
6.204394102096557617e-01
2.001478709280490875e-02
6.456597390069873654e-08
5.578011041507124901e-04
1.222012797370553017e-04
1.707972074882491142e-07
5.620734882541000843e-04
6.503015160560607910e-01
1.921364814043045044e-01
1.584800338605418801e-05
2.949874699115753174e-01
9.913062453269958496e-01
1.129790302366018295e-02
9.598909877240657806e-03
7.283564209938049316e-01
6.939572631381452084e-04
6.492987871170043945e-01
8.408719673752784729e-03
3.925333321094512939e-01
3.887261450290679932e-02
1.289221048355102539e-01
3.336169174872338772e-04
8.860629051923751831e-02
1.293886452913284302e-01
5.691432306775823236e-06
8.225254416465759277e-01
6.329181194305419922e-01
8.076453953981399536e-02
2.867479994893074036e-02
7.452590018510818481e-02
1.911885663866996765e-02
6.123542785644531250e-01
5.294798016548156738e-01
2.865992428269237280e-06
7.706382311880588531e-04
9.855982661247253418e-02
6.348577141761779785e-02
5.206183791160583496e-01
6.858440465293824673e-04
3.403629641979932785e-03
3.790776827372610569e-04
5.582941696047782898e-03
1.441947817802429199e-01
1.122522260993719101e-02
4.025335423648357391e-03
1.695658829703461379e-05
1.148016843944787979e-02
3.975140571128576994e-04
1.244246494024991989e-03
5.792789161205291748e-02
3.594136983156204224e-02
2.415499091148376465e-02
6.742157042026519775e-03
7.102224044501781464e-03
9.705512523651123047e-01
6.019845604896545410e-01
3.423199814278632402e-06
2.300306921824812889e-03
5.836559534072875977e-01
5.784935355186462402e-01
2.610824108123779297e-01
6.757214069366455078e-01
5.218098405748605728e-03
7.309943437576293945e-02
2.095065265893936157e-01
1.878871582448482513e-03
2.765892259776592255e-02
2.026181464316323400e-04
8.938463404774665833e-03
5.206047296524047852e-01
4.396273288875818253e-04
1.748636423144489527e-04
3.940292808692902327e-04
4.687265958636999130e-03
7.680503185838460922e-04
3.822033405303955078e-01
6.916517019271850586e-02
2.578251063823699951e-03
3.386453317943960428e-05
6.873536040075123310e-05
5.930161933065392077e-06
6.294174790382385254e-01
3.688407540321350098e-01
3.039173549041152000e-03
4.461211618036031723e-03
8.320664637722074986e-04
1.355345081537961960e-02
1.458025276660919189e-01
1.176415309309959412e-01
3.909570351243019104e-02
1.919042319059371948e-02
9.051752835512161255e-02
5.118149891495704651e-02
2.303944230079650879e-01
6.935330107808113098e-03
7.970996201038360596e-03
1.628968566656112671e-01
2.088237316399954580e-08
5.085473414510488510e-03
2.494760265108197927e-04
8.166144602000713348e-03
2.696463651955127716e-02
1.095530856400728226e-02
6.828306941315531731e-04
4.937813803553581238e-02
1.393673620952995407e-08
1.168082118965685368e-03
6.846665143966674805e-01
1.101620483723309007e-07
5.895748268812894821e-03
1.937614381313323975e-02
7.885097019766362791e-09
6.009281426668167114e-02
5.316613242030143738e-04
6.656473875045776367e-01
1.989876031875610352e-01
1.624296791851520538e-02
1.545441453345119953e-03
3.329067510549066355e-07
2.778868190944194794e-02
4.085492491722106934e-01
3.201463818550109863e-02
8.253916748799383640e-04
3.046882047783583403e-04
4.376306198537349701e-03
4.136861264705657959e-01
1.034839224303141236e-04
9.251767396926879883e-02
3.758346736431121826e-01
6.617636419832706451e-03
4.943174496293067932e-02
7.957841455936431885e-02
3.780859336256980896e-02
2.038029581308364868e-02
2.761514484882354736e-01
1.262594103813171387e+00
4.641447158064693213e-04
8.483155965805053711e-01
1.140887662768363953e-02
9.127415268039840157e-09
1.592490524053573608e-01
5.207520723342895508e-02
4.249132275581359863e-01
9.952686959877610207e-04
1.178127229213714600e-01
1.105679273605346680e-01
1.032940344884991646e-03
8.828315883874893188e-03
3.124414384365081787e-01
2.271230641781585291e-06
5.055445944890379906e-04
1.489435583353042603e-01
2.128663472831249237e-04
6.406813394278287888e-03
7.212059497833251953e-01
5.305174738168716431e-02
1.836939482018351555e-03
1.068843994289636612e-02
6.096896901726722717e-02
3.823884297162294388e-03
1.569859124720096588e-02
1.635368971619755030e-04
5.786662950413301587e-05
3.722616104262499448e-10
1.283969134092330933e-01
4.066644760314375162e-05
4.745411388284992427e-06
4.095369529610870529e-11
3.837534189224243164e-01
3.629931481555104256e-03
2.260412002215161920e-04
6.915386766195297241e-02
2.398942131549119949e-03
7.710931095061823726e-05
4.774932265281677246e-01
1.668925955891609192e-02
4.446720480918884277e-01
3.038187325000762939e-02
2.587026916444301605e-02
3.347214715176960453e-06
6.404516696929931641e-01
1.000675678253173828e+00
5.070678591728210449e-01
5.708544980734586716e-03
2.167499810457229614e-01
4.896024242043495178e-02
6.813933700323104858e-02
1.823908686637878418e-01
5.052003078162670135e-03
1.249755769968032837e-01
2.010925672948360443e-03
1.635199994780123234e-03
1.688988078285547090e-07
1.238013355759903789e-04
3.520539030432701111e-02
3.648163676261901855e-01
1.859647966921329498e-02
1.198381781578063965e-01
3.688155629788525403e-06
3.229027381166815758e-03
1.615309342741966248e-02
3.063391149044036865e-01
4.808485165597176092e-09
1.271021552383899689e-02
3.397024528339898097e-08
3.987576055806130171e-04
5.950282684352714568e-07
1.946180994139012910e-09
5.678823683410882950e-03
7.055568802816214458e-12
1.161503168987110257e-04
3.389833495020866394e-03
4.710532266472000629e-06
9.229383468627929688e-01
1.719041455051781775e-17
9.042047167895361781e-05
2.242226473754271865e-04
6.341353582683950663e-06
8.154647623825894698e-09
1.941351403635452333e-13
8.979513665963168023e-08
2.567906587510552369e-15
7.029771804809570312e-01
1.578287879056006204e-06
9.925748374259302231e-13
2.984030579682439566e-04
1.626445373403839767e-05
7.651163969057961367e-08
3.649374842643737793e-01
1.430932570656295866e-06
2.418596893548965454e-01
1.845706137828528881e-04
6.644625405449744449e-10
2.454720670357346535e-03
9.238017295576383958e-11
6.834141016006469727e-01
1.496732118539512157e-03
3.803187365730709146e-12
7.046466635074466467e-06
1.239069679286330938e-04
2.426778179451249962e-12
1.211731432704254985e-04
1.145933310908731073e-05
9.759699423739220947e-06
1.101046720464182727e-07
1.501231361180543900e-02
6.556363091325678738e-11
9.757336272286920575e-08
4.180236018447303081e-11
4.899370018392801285e-03
4.043129164799097452e-10
8.431923603779978293e-09
6.754412133769260862e-12
1.656508135989989781e-15
5.635914567392319441e-05
9.744883755047339946e-06
1.867105811834335327e-02
1.226643216796219349e-03
8.447974105365574360e-04
1.302911446267318585e-12
2.010362297296524048e-01
8.617355717888131039e-09
4.142349325775285251e-07
1.173175476765209169e-07
1.520635414635762572e-04
2.511648088693618774e-02
1.821975111961364746e-01
1.975043460333836265e-06
3.055632405448704958e-04
5.627963517440548458e-08
1.744732558727264404e-01
2.882983274332673318e-08
2.231817161635341051e-12
2.468139447092915044e-15
3.036043909766111826e-13
4.318939161862545006e-08
4.658143036067485809e-03
2.155479023713269271e-06
2.461635274812579155e-03
7.075827397784451023e-06
1.120800431817770004e-02
3.061269819736480713e-01
1.425723326065053698e-07
6.456606788560748100e-04
3.153026451041540668e-12
2.507110184524208307e-04
3.000917732715606689e-01
6.733720840038787125e-14
2.699767937883734703e-04
1.620379094578728436e-18
7.565639737958096411e-13
8.602820453234016895e-04
5.544447123639884012e-10
2.269138263955028378e-07
5.283741888462145653e-09
7.521347288275137544e-05
1.644605617912020534e-05
4.318512231111526489e-02
3.279311204096302390e-05
1.307956676299681931e-08
2.052391506731510162e-02
9.855301133197689111e-18
3.622434178396360949e-06
3.290429245680570602e-03
1.436893641948699951e-02
3.979168994305837259e-09
3.720039129257202148e-02
3.077361654391097545e-08
3.234138651331264214e-11
3.441751701757311821e-03
1.374594882364021942e-13
3.857483097817748785e-04
5.122585892677307129e-01
2.085142497033898312e-13
6.410043686628341675e-02
1.170558849850067418e-08
8.380818816711155250e-10
1.340034214081242681e-04
6.742157042026519775e-03
8.191870525479316711e-03
3.846978985366789061e-11
2.341373146919067949e-06
2.983694021019278608e-12
2.324342744941532146e-07
9.950627344323947909e-08
2.659379504621028900e-02
2.930010123236570507e-05
7.196864260095026111e-08
8.351537417183862999e-08
1.628420250199269503e-05
3.146694059832921830e-12
1.254804781638085842e-03
4.866696521639823914e-02
1.022828837449196726e-05
3.003118420608075212e-09
9.613254666328430176e-02
7.799320155754685402e-04
3.139375218119688782e-11
3.710054485850378114e-11
1.928551500895991921e-05
3.631024854257702827e-03
1.631284050063186442e-07
1.949746746277014608e-07
3.626880352385342121e-04
1.792668248526751995e-03
2.806763745866192039e-07
1.223201498857379166e-13
3.698981343447371728e-09
9.665697062177791565e-13
5.446032893315772005e-14
3.229711865060380660e-06
8.646544529256061651e-07
1.411800676365260188e-10
4.419037395564373583e-06
9.350052103400230408e-03
1.141243865276919678e-05
1.761931665020602389e-13
4.033528511193651411e-10
5.643434997182339430e-05
8.769854531465171021e-08
2.476670424300664308e-08
3.568923100829124451e-02
5.528385475100927593e-12
6.909904186613857746e-05
2.964022496598772705e-05
4.552296104520792142e-06
2.043780034099995646e-09
1.148224509961437434e-05
8.509700819558929652e-06
4.032950982946204022e-06
4.279678221791982651e-03
4.188402090221643448e-04
3.273161649703979492e-01
1.595222274772822857e-04
1.741098822094500065e-03
1.859594434499740601e-01
4.714321494102478027e-01
5.845108717039693147e-07
5.304311798681737855e-06
8.036873303353786469e-03
2.485494595021009445e-03
1.216010514326626435e-05
9.474630502381842234e-08
8.672299385070800781e-01
1.224109041686460841e-06
1.418948986087187336e-10
2.547240853309631348e-01
1.580220576613555750e-08
2.881210446357727051e-01
1.247355976374819875e-04
2.417300565866753459e-04
3.768588067032396793e-04
2.327723486814647913e-04
2.077435510727809742e-06
2.510061487555503845e-02
6.842776840217546647e-15
3.163185269272617006e-08
1.267452098829835450e-08
1.892395338739041866e-13
6.339004030451178551e-04
7.463486895176174585e-08
1.385905418205268802e-10
2.680853585998455024e-12
4.262063146853733997e-09
2.610257565649476419e-10
5.449120408229646273e-07
2.216909686695526377e-14
2.008450450375676155e-03
4.154434555464286364e-16
2.680226089069037698e-06
3.096971852301066974e-07
1.614178290765266865e-05
8.384313687770372781e-09
2.646235088832327165e-07
1.829514279961585999e-03
1.005747076123952866e-02
9.708717163547930795e-11
4.785010165875291932e-10
1.702710287645459175e-03
3.922649193555116653e-05
6.427353620529174805e-01
2.726281991272117011e-07
1.235643774271011353e-01
1.701278146137852332e-10
2.089061960577964783e-02
7.479085616068914533e-05
1.580183379701338708e-05
9.376827627420425415e-03
3.422439396381378174e-01
7.780332816764712334e-05
-0.000000000000000000e+00
-0.000000000000000000e+00
-0.000000000000000000e+00
-0.000000000000000000e+00
-0.000000000000000000e+00
-0.000000000000000000e+00
-0.000000000000000000e+00
-0.000000000000000000e+00
-0.000000000000000000e+00
-0.000000000000000000e+00
-0.000000000000000000e+00
-0.000000000000000000e+00
-0.000000000000000000e+00
-0.000000000000000000e+00
-0.000000000000000000e+00
-0.000000000000000000e+00
-0.000000000000000000e+00
-0.000000000000000000e+00
-0.000000000000000000e+00
-0.000000000000000000e+00
-0.000000000000000000e+00
-0.000000000000000000e+00
-0.000000000000000000e+00
-0.000000000000000000e+00
-0.000000000000000000e+00
-0.000000000000000000e+00
-0.000000000000000000e+00
-0.000000000000000000e+00
-0.000000000000000000e+00
-0.000000000000000000e+00
-0.000000000000000000e+00
-0.000000000000000000e+00
-0.000000000000000000e+00
-0.000000000000000000e+00
-0.000000000000000000e+00
-0.000000000000000000e+00
-0.000000000000000000e+00
-0.000000000000000000e+00
-0.000000000000000000e+00
-0.000000000000000000e+00
