1.651357486844062805e-02
2.971260063350200653e-02
5.117577314376831055e-01
1.772286295890808105e-01
8.096360601484775543e-03
1.075688942364649847e-05
3.954135347157716751e-03
1.020955890417098999e-01
1.278513082070276141e-04
4.736486673355102539e-01
2.324995648450567387e-06
6.778824925422668457e-01
1.902163049294358643e-08
1.262565660908876453e-06
7.019628286361694336e-01
8.189505024347454309e-06
7.698263227939605713e-02
1.820319539547199383e-06
2.677986398339271545e-02
9.389343857765197754e-02
6.295903921127319336e-01
7.654208689928054810e-03
9.262416362762451172e-01
2.167001657653599977e-04
8.042801055125892162e-04
1.433991044759750366e-01
2.130840718746185303e-01
6.267520189285278320e-01
4.298482090234756470e-03
4.446580074727535248e-03
4.640929400920867920e-03
4.169840540271252394e-04
2.765405457466840744e-03
6.672886610031127930e-01
4.796446114778518677e-02
1.036012399708852172e-04
1.807263470254838467e-05
2.198364585638046265e-02
1.243189217348117381e-06
4.346635250840336084e-04
1.198219135403633118e-02
1.130919307470321655e-01
2.280290238559246063e-03
4.185774549841880798e-02
2.293661054864060134e-05
5.648348331451416016e-01
2.125556915998458862e-01
1.822080333835351951e-11
7.428835630416870117e-01
2.489717602729797363e-01
2.288550604134798050e-03
6.685290932655334473e-01
2.323355729458853602e-04
5.145584419369697571e-02
4.868218820774927735e-05
8.924072608351707458e-03
5.345955287339165807e-05
1.210907356608004193e-07
1.295679830946028233e-03
3.051585281355073676e-06
4.731919169425964355e-01
1.297631273267096930e-11
3.278499245643615723e-01
3.303084522485733032e-04
9.397797286510467529e-02
1.554532498121261597e-01
8.566272258758544922e-01
2.936884462833404541e-01
1.197709877942543244e-07
4.096342623233795166e-01
1.919560418173205107e-05
4.228270053863525391e-01
7.621868280693888664e-04
1.897282083518803120e-03
2.063475694740191102e-04
3.014788962900638580e-03
2.368798013776540756e-03
5.786697343523883319e-09
4.650073151424294338e-06
7.240928709506988525e-03
9.068705821846378967e-07
1.747171609167708084e-06
1.701115965843200684e-01
2.658423454704461619e-06
1.577516959514468908e-04
1.296833716332912445e-02
9.216711077897343785e-06
2.830598056316375732e-01
9.321644157171249390e-02
7.218884304165840149e-03
4.306230694055557251e-04
3.559997305274009705e-02
2.122269868850708008e-01
6.924445033073425293e-01
6.806670427322387695e-01
1.578447408974170685e-04
8.805198237205047462e-10
4.387592343846336007e-05
1.101614255458116531e-02
1.222496575792320073e-05
1.228353101760149002e-02
1.317943970207124949e-04
8.151588986038404983e-07
7.464004307985305786e-02
1.127914432436227798e-02
1.617349596472195117e-07
8.148544293362647295e-05
1.239629229530692101e-03
1.044224409270100296e-04
8.260648846626281738e-01
7.276973221451044083e-03
8.050757060118485242e-06
2.313512377440929413e-02
5.195611715316772461e-01
2.505226526409387589e-03
9.076030437427107245e-06
3.875633701682090759e-04
2.269134853349896730e-07
1.129321390180848539e-06
6.593382568098604679e-04
2.357774414122104645e-03
4.262506990926340222e-06
2.385123707426828332e-07
1.319969689106414990e-09
1.656515058130025864e-03
2.003648802428870113e-08
2.619194090366363525e-01
3.650177120562148048e-07
2.162314653396606445e-01
1.062318460753886029e-05
7.980236411094665527e-01
4.494432732462882996e-02
3.107946611180523178e-08
4.308054144530615304e-07
9.264633059501647949e-01
5.959072113037109375e-01
1.793094910681247711e-02
1.692642457783222198e-02
2.763819356914609671e-04
3.306125104427337646e-02
1.943609731824835762e-06
5.097657851393933015e-10
1.136334137896710672e-09
3.547790274024009705e-02
5.142578482627868652e-01
2.602582871913909912e-01
2.712645567953586578e-02
1.206489832838997245e-04
4.592550173401832581e-02
5.485766905621858314e-06
3.603616356849670410e-02
1.224948573508299887e-05
1.430822612746851519e-05
4.601412415504455566e-01
8.101259171962738037e-02
4.748079663841053843e-05
3.480192972347140312e-04
8.350905030965805054e-02
4.403490107506513596e-03
3.682681173086166382e-02
9.712950582718704595e-11
2.379274519626051188e-04
6.917998973676731111e-08
1.812204420566558838e-01
1.906889956444501877e-04
5.787826958112418652e-04
1.041810959577560425e-03
3.807214498519897461e-01
8.560717105865478516e-05
3.220511227846145630e-02
1.632419480301905423e-05
1.530172812636010349e-05
1.985642206214777161e-10
2.499736524441686925e-07
6.776097416877746582e-01
1.020245254039764404e-01
3.797144998429757834e-08
3.155026137828826904e-01
2.495159162208437920e-03
4.598294794559478760e-01
7.655144669115543365e-03
4.312676319386810064e-04
2.204534575867000967e-05
1.608133715080839465e-08
2.775136636046227068e-06
1.144960802048444748e-02
1.433259993791580200e-01
4.621191765181720257e-04
2.500705122947692871e-01
2.572068769950419664e-04
2.934715439550927840e-07
4.359340437076753005e-06
6.241024136543273926e-01
5.507684946060180664e-01
5.684114620089530945e-02
4.305032052798196673e-05
1.490577124059200287e-02
1.012826990336179733e-02
3.260040102759376168e-05
4.877020046114921570e-02
2.042515916400589049e-06
1.450174953788518906e-03
1.126926392203131400e-07
4.055528435856103897e-03
5.760041403846116737e-07
7.235950079120812006e-07
3.878408460877835751e-05
6.835434436798095703e-01
1.210800473927520216e-05
6.750661730766296387e-01
1.203431452267977875e-07
1.911061553983017802e-04
2.548484090425517934e-08
2.835908234119415283e-01
8.076320909822243266e-07
2.880015563277993351e-05
1.315140277147293091e-01
7.482600212097167969e-02
1.966656100194086321e-06
7.661866489797830582e-03
1.188922306027961895e-05
9.459185093874111772e-05
1.825110912322998047e-01
1.870961785316467285e-01
7.010401040315628052e-02
2.182559255743399262e-04
2.324166234757285565e-05
2.078050076961517334e-01
3.822844009846448898e-04
6.898456811904907227e-01
1.598871108399180230e-06
1.308695090074252221e-07
3.859102725982666016e-03
7.216238975524902344e-01
6.923165528860408813e-06
3.810828275163657963e-07
7.311477791517972946e-03
1.471900381147861481e-03
1.747664013507232994e-09
2.183229476213455200e-01
2.289549011038616300e-04
8.845157572068274021e-04
1.139559131115674973e-02
2.913496792316436768e-01
2.387706917943432927e-04
1.210111177929462656e-11
6.343839777400717139e-05
2.818173961713910103e-04
6.526655056404706556e-07
1.350531727075576782e-02
3.202627226710319519e-02
5.948993563652038574e-02
1.556840166449546814e-02
2.289997413754463196e-02
8.549342155456542969e-01
1.022399587213840277e-08
3.184469460393302143e-05
1.617794036865234375e-01
4.051802456378936768e-01
7.959173764504612336e-09
1.714656013064086437e-03
3.108723944933444727e-09
3.641932969912886620e-03
1.506302942289039493e-04
5.168295465409755707e-03
4.486307734623551369e-04
4.834907667827792466e-05
8.468208461999893188e-02
3.847571313381195068e-01
5.044738063588738441e-04
8.700002217665314674e-05
5.139903441886417568e-05
1.254251226782798767e-03
1.336213666945695877e-03
4.278115928173065186e-02
7.134190127544570714e-07
1.547211212482579867e-07
1.775351352989673615e-03
6.806609630584716797e-01
9.592293947935104370e-02
2.898662984371185303e-01
6.418722332455217838e-04
3.007641732692718506e-01
8.216732155785777536e-11
1.317219933127944387e-08
3.895188172009511618e-09
1.156576445282553323e-06
1.301478594541549683e-03
6.329468488693237305e-01
5.444059967994689941e-01
4.684583927883068100e-06
5.252792835235595703e-01
3.664005100727081299e-01
4.922541120322421193e-05
8.907628362067043781e-04
1.558670424856245518e-03
4.437266397872008383e-06
1.684671081602573395e-02
1.027952297590672970e-03
9.728015661239624023e-01
6.282526850700378418e-01
4.976015686988830566e-01
1.088700955733656883e-03
1.342204427601245698e-07
1.197758712805807590e-03
2.222370385425165296e-04
6.238030791282653809e-01
5.783267624792642891e-07
2.257509731862228364e-05
7.373364176601171494e-03
6.310541182756423950e-02
9.230663068592548370e-03
9.251529263565316796e-05
5.679655075073242188e-02
9.954670531442388892e-06
4.913898110389709473e-01
1.415284536778926849e-02
3.777462040943646571e-07
7.805859922882518731e-07
1.594154746271669865e-04
1.289485245943069458e-01
4.426623490871861577e-06
9.618984460830688477e-01
4.753526300191879272e-03
4.125083982944488525e-02
2.731270215008407831e-04
6.153782010078430176e-01
6.109514832496643066e-01
1.791624873876571655e-01
4.297257983125746250e-04
3.535250471031758934e-06
3.683487772941589355e-01
8.916600199881941080e-05
1.059818969224579632e-04
5.588553613051772118e-04
1.831267327070236206e-01
9.307951586379203945e-06
3.125442890450358391e-04
1.420291364192962646e-01
4.007351025938987732e-02
1.224859033754910342e-06
1.133726211264729500e-03
1.210800473927520216e-05
2.892904914915561676e-03
1.283250003325520083e-05
1.499142614193260670e-03
7.660096287727355957e-01
6.278963701333850622e-05
7.776068449020385742e-01
3.885454589180881158e-07
1.186705922009423375e-04
1.988426446914672852e-01
1.584879498750524363e-07
1.150614916696213186e-04
9.775124788284301758e-01
4.904751549474895000e-04
1.738323618383219582e-08
1.553766651340993121e-06
6.068549305200576782e-02
1.933603471115930006e-06
2.484636752342339605e-06
2.897958755493164062e-01
7.761070446576923132e-05
5.896172523498535156e-01
1.423753052949905396e-01
3.517204895615577698e-03
1.017655304167419672e-04
2.151484191417694092e-01
8.402936905622482300e-02
1.594958484929520637e-05
7.827359513612464070e-05
3.699720799922943115e-01
5.743459405493922532e-05
6.603390211239457130e-04
2.465774491429328918e-02
6.152822971343994141e-01
6.731340195983648300e-03
8.716569542884826660e-01
2.847116813063621521e-02
2.038763165473937988e-01
2.728153169155120850e-01
2.702522806430351920e-06
7.385481115562697596e-09
3.564718961715698242e-01
2.985977102071046829e-03
2.189223305322229862e-04
1.093691810965538025e-01
2.893954160754219629e-06
3.660340094938874245e-03
2.564775932114571333e-04
1.049053505994379520e-03
7.791176438331604004e-03
6.257358789443969727e-01
4.843258261680603027e-01
5.135355591773986816e-01
5.292167663574218750e-01
7.330170869827270508e-01
9.173398017883300781e-01
7.455063496308866888e-06
1.182655111620078969e-07
1.237646192312240601e-01
9.368802238896023482e-06
5.722027420997619629e-01
2.832060454238671809e-05
5.345491226762533188e-03
6.905339250806719065e-05
5.316110849380493164e-01
4.921354651451110840e-01
5.152393714524805546e-04
6.266308426856994629e-01
1.469992184865986928e-06
1.779434457421302795e-02
7.016627478151349351e-06
5.843760445713996887e-03
5.112512724281259580e-08
2.002854198217391968e-01
2.830598056316375732e-01
1.963215618161484599e-05
6.249369382858276367e-01
2.057811361737549305e-04
2.041073457803577185e-05
2.420860715210437775e-02
7.134464103728532791e-03
2.209606021642684937e-01
7.607406587339937687e-05
6.416974663734436035e-01
5.515067838132381439e-03
1.260885255760513246e-05
5.175845623016357422e-01
7.802343461662530899e-03
6.219134926795959473e-01
1.612351661606226116e-05
6.503753866127226502e-06
1.050014546422062267e-07
1.523848623037338257e-01
4.718356728553771973e-01
5.742270871996879578e-02
5.908158421516418457e-02
3.654849365375412162e-07
1.162193482741713524e-03
7.524220563936978579e-05
8.618029206930444275e-11
9.164177754428237677e-05
3.316567465662956238e-02
3.681822866201400757e-02
1.041230862028896809e-03
5.875032022595405579e-02
1.833446323871612549e-02
1.765918386809062213e-05
4.862501099705696106e-02
7.148112170398235321e-03
8.636479265987873077e-03
1.278542913496494293e-05
1.640064567327499390e-01
2.030169707722961903e-04
6.498349830508232117e-03
1.349083759123459458e-04
4.682706296443939209e-01
1.083603933693666477e-06
1.688178046606481075e-03
5.279330611228942871e-01
3.442532261033193208e-06
6.835282547399401665e-04
8.429502137005329132e-03
3.390155732631683350e-02
1.185376731882570311e-05
6.622415781021118164e-02
4.445405211299657822e-03
6.861678361892700195e-01
5.870953202247619629e-01
8.182498277164995670e-06
4.060458242893218994e-01
7.543043792247772217e-02
3.167469054460525513e-02
6.202072881933418103e-07
3.723838744917884469e-05
9.347425944383758178e-09
1.045940734911710024e-05
3.797600045800209045e-03
5.945011071162298322e-05
7.306700572371482849e-03
6.206404790282249451e-02
1.928389966487884521e-01
1.017272734316065907e-05
3.339753746986389160e-01
1.664117377231377759e-07
1.928870081901550293e-01
2.843334186763968319e-06
4.157495277468115091e-04
1.197631955146789551e-01
2.313507646322250366e-01
5.357976839981404282e-10
1.300265081226825714e-02
9.985312317439820617e-06
1.444812049157917500e-03
1.574878660903777927e-05
1.149799525737762451e-01
5.779869854450225830e-02
8.359902352094650269e-02
1.118416711688041687e-02
1.258924964275820457e-08
1.187024116516113281e-01
1.425024401396512985e-02
7.642984201083891094e-06
1.189738613902591169e-04
2.433932758867740631e-02
2.529524080455303192e-02
1.856238096952438354e-01
9.083037148229777813e-04
1.230727235679296427e-07
1.439340591158355664e-10
2.906988561153411865e-02
5.443652272224426270e-01
3.325645579025149345e-03
6.748216401319950819e-05
6.432462930679321289e-01
1.741987615823745728e-01
6.593065708875656128e-02
4.561220705509185791e-01
2.090369537472724915e-02
2.514653094112873077e-02
3.179433941841125488e-02
2.465379685163497925e-01
1.318872964475303888e-04
9.036442349952267250e-08
1.417712122201919556e-01
8.152730515575967729e-06
4.120206842372908795e-09
2.872040867805480957e-01
2.024979403358884156e-05
4.081079363822937012e-02
5.725655332207679749e-02
1.636123061180114746e-01
1.614183808840152778e-08
2.914767246693372726e-04
5.062940908828750253e-05
7.181600667536258698e-03
6.377409100532531738e-01
3.485094290226697922e-03
1.413476420566439629e-04
2.388252168893814087e-01
3.510596230626106262e-02
7.728106528520584106e-02
9.894755203276872635e-04
1.163168996572494507e-01
6.372377276420593262e-03
1.508847490185871720e-04
1.736200101731810719e-05
4.647396963264327496e-06
1.293237801291979849e-07
5.248161498457193375e-03
1.259934823139019500e-09
1.798327565193176270e-01
6.535983085632324219e-01
4.587054997682571411e-02
9.522380537418939639e-07
2.574703103164210916e-06
1.642280071973800659e-01
2.489717602729797363e-01
4.692888259887695312e-01
7.419741898775100708e-02
1.635464832361321896e-05
6.043921113014221191e-01
4.435028415173292160e-03
4.575265629682689905e-04
4.439003191691881511e-07
2.724440535530447960e-03
7.018436789512634277e-01
4.055528435856103897e-03
1.759387669153511524e-03
1.197709877942543244e-07
6.917998973676731111e-08
2.598792780190706253e-03
3.482872247695922852e-02
5.208141170442104340e-03
4.466290175914764404e-01
6.612556520849466324e-03
6.133280992507934570e-01
1.674176382948644459e-05
1.677753180265426636e-01
8.707238361239433289e-03
7.608617842197418213e-02
1.100591383874416351e-02
3.905225396156311035e-01
7.163188420236110687e-03
1.289578271098434925e-03
1.005009282380342484e-03
2.181449383497238159e-01
1.490340800955891609e-03
5.155155435204505920e-02
6.859420537948608398e-01
2.096718922257423401e-02
2.261724674212928221e-08
1.919560418173205107e-05
5.397816300392150879e-01
3.312480151653289795e-01
1.311277039349079132e-03
3.493445366621017456e-02
2.176741418224992231e-07
9.706033393740653992e-03
5.319226533174514771e-03
2.536233365535736084e-01
2.056108542092260905e-06
7.822668412700295448e-04
6.909921169281005859e-01
9.322352707386016846e-03
8.089336156845092773e-01
3.652741201221942902e-03
4.372417926788330078e-02
1.924760545080062002e-05
2.439570426940917969e-02
1.855677255662158132e-04
4.141005277633666992e-01
6.045854091644287109e-01
5.688019086846907157e-07
6.170099973678588867e-01
3.881564131006598473e-03
7.645096629858016968e-02
5.362796410918235779e-02
4.272919341019587591e-06
7.345023564994335175e-03
3.382866852916777134e-04
2.448931809340137988e-06
9.072604143511853181e-07
2.293698862195014954e-02
1.972761765500763431e-06
2.522978000342845917e-03
1.222629653057083488e-04
3.168774843215942383e-01
1.978152394294738770e-01
5.387856205629759643e-08
7.514403015375137329e-02
5.046546459197998047e-01
1.539946533739566803e-04
1.210907356608004193e-07
1.643920317292213440e-02
1.899172319099307060e-03
1.225527077913284302e-01
1.944707036018371582e-01
6.931322813034057617e-01
2.775136636046227068e-06
9.483611211180686951e-03
2.697001036722213030e-04
2.779729962348937988e-01
1.858756513684056699e-05
1.219582568268151590e-08
5.949592590332031250e-01
3.081373870372772217e-03
9.012837108457460999e-05
6.914231777191162109e-01
5.870317108929157257e-03
5.750190019607543945e-01
5.479720886796712875e-03
1.578447408974170685e-04
3.119340399280190468e-04
1.919204145669937134e-01
2.182559255743399262e-04
6.909815669059753418e-01
1.094589382410049438e-01
3.352675121277570724e-03
4.560241393392061582e-07
3.489563596303923987e-06
6.891274452209472656e-01
5.183798447251319885e-02
6.067939400672912598e-01
5.421218811534345150e-04
3.449534779065288603e-05
3.964901342988014221e-02
7.664463520050048828e-01
3.561348319053649902e-01
9.786944389343261719e-01
5.682587623596191406e-01
3.508062660694122314e-02
3.074921187362633646e-05
3.458496415987610817e-03
4.696303047239780426e-03
1.311415135860443115e-01
5.614330172538757324e-01
3.555700182914733887e-03
1.278513082070276141e-04
1.968135386705398560e-01
2.284890264272689819e-01
1.229572924785315990e-03
5.670539238167293661e-08
1.392080303048714995e-04
4.169483482837677002e-01
1.252494752407073975e-02
6.740357279777526855e-01
5.893196463584899902e-01
3.959950234388998069e-08
5.918837850913405418e-04
1.220643799751996994e-02
1.131857484579086304e-01
3.257479965686798096e-01
6.626870632171630859e-01
2.608241445045678120e-08
9.051464200019836426e-01
1.396074731019325554e-05
1.215295651491032913e-05
1.897578185889869928e-04
1.219956874847412109e-01
3.808220028877258301e-01
5.142578482627868652e-01
8.444616198539733887e-01
5.459884960146155208e-06
3.676700219511985779e-02
6.780204176902770996e-01
1.961117610335350037e-02
1.297631273267096930e-11
2.270383574068546295e-02
5.922452692175284028e-05
1.639224961400032043e-02
2.308375760912895203e-02
2.738765208050608635e-03
5.934366583824157715e-01
2.073959214612841606e-03
5.580547804129309952e-05
2.851544320583343506e-01
1.195014566183090210e-01
2.018609084188938141e-02
8.285303010779898614e-06
1.837217267208757221e-09
6.755866408348083496e-01
4.489914327859878540e-02
1.394668771581564215e-07
6.114214556873776019e-08
7.039971387712284923e-05
4.754899442195892334e-02
8.681134134531021118e-02
1.461814716458320618e-02
2.465002238750457764e-01
8.480522665195167065e-04
7.742784873698838055e-06
3.983807265758514404e-01
3.780020773410797119e-02
1.113217556849122047e-03
4.404712468385696411e-03
7.484774105250835419e-04
1.555157899856567383e-01
4.816437959671020508e-01
6.929019093513488770e-01
1.060274313203990459e-03
6.860340833663940430e-01
4.819782078266143799e-01
2.510119974613189697e-01
5.655522346496582031e-01
4.507303535938262939e-01
5.759898340329527855e-04
2.364918998409848427e-07
2.127167433500289917e-01
2.979386044899001718e-05
7.684224843978881836e-01
4.347595677245408297e-05
2.748385013546794653e-04
1.066055335104465485e-02
3.249017499484807558e-09
1.439736485481262207e-01
1.157217323780059814e-01
4.778105020523071289e-01
1.390545908361673355e-02
5.313919857144355774e-02
5.466599017381668091e-02
2.178054955948027782e-06
5.240966007113456726e-02
4.915494937449693680e-03
5.893555879592895508e-01
1.748940199613571167e-01
4.670848138630390167e-03
1.213370040059089661e-01
2.911437153816223145e-01
4.217181801795959473e-01
1.066119782626628876e-02
1.117696335484197334e-08
6.705502528348006308e-06
2.920679689850658178e-04
1.719191372394561768e-01
1.433586236089468002e-02
1.986970426514744759e-03
7.808105438016355038e-04
2.221437916159629822e-02
2.661743462085723877e-01
1.467546972833133623e-09
2.610968522276380099e-06
4.985064268112182617e-03
5.774480104446411133e-01
1.333037465810775757e-01
4.045013920404016972e-04
1.185041037388145924e-05
4.000207409262657166e-03
6.843166947364807129e-01
5.186823273106710985e-07
3.108383901417255402e-02
1.607609592610970140e-04
5.508612394332885742e-01
1.871568337082862854e-02
6.526655056404706556e-07
1.023767471313476562e+00
2.831015153788030148e-04
1.192056424770271406e-05
4.665971267968416214e-03
6.643882989883422852e-01
6.869818568229675293e-01
1.632419480301905423e-05
1.966656100194086321e-06
2.256356775760650635e-01
2.981763973366469145e-04
4.616930615156888962e-03
4.066200926899909973e-02
5.999308452010154724e-02
1.212463248521089554e-03
6.578012704849243164e-01
2.229348012861009920e-07
1.239534616470336914e-01
4.094052928849123418e-05
5.015417933464050293e-01
5.476986523717641830e-03
2.987336926162242889e-02
2.010857313871383667e-01
2.388859284110367298e-04
6.191420555114746094e-01
4.539137706160545349e-02
2.439840929582715034e-03
1.757668107748031616e-01
5.349058192223310471e-03
8.509804308414459229e-02
4.359340437076753005e-06
1.016482353210449219e+00
6.225224733352661133e-01
1.854177713394165039e-01
1.607746630907058716e-02
5.691945261787623167e-06
5.527157187461853027e-01
1.714982651174068451e-02
1.726572736515663564e-05
1.322616934776306152e-01
7.961319852256565355e-07
2.988869374220826103e-09
6.425200990634039044e-05
1.020602649077773094e-04
1.396301202476024628e-02
6.862068176269531250e-01
7.432970404624938965e-01
1.848641295509878546e-05
8.324956070282496512e-06
1.243599854205967858e-05
6.552732083946466446e-04
1.647946890443563461e-03
5.853577476955251768e-06
9.204459190368652344e-02
4.024626221507787704e-03
6.886494159698486328e-01
1.221998172695748508e-05
3.000159002840518951e-02
9.778858423233032227e-01
3.764715418219566345e-02
6.225233152508735657e-02
2.270089238882064819e-01
4.274591447028797120e-06
1.124213915318250656e-03
6.600632667541503906e-01
1.404195813847763930e-06
1.837256178259849548e-02
1.749983202898874879e-04
2.127403968188446015e-05
8.001383976079523563e-04
6.880322098731994629e-01
9.215902537107467651e-04
7.162835001945495605e-01
2.890255127567797899e-04
2.759778180916327983e-05
9.691378101706504822e-03
6.420128941535949707e-01
1.353129860945045948e-03
7.411266565322875977e-01
1.588858477771282196e-02
1.131113544106483459e-01
6.628114264458417892e-03
2.518524229526519775e-01
3.615842461585998535e-01
2.114961743354797363e-01
2.472458581905812025e-04
6.503474116325378418e-01
1.030557751655578613e+00
7.887379033491015434e-04
3.859245181083679199e-01
1.237646192312240601e-01
1.747664013507232994e-09
4.587820172309875488e-02
5.332144448200182296e-12
6.431523244827985764e-03
4.933211021125316620e-03
4.441039171069860458e-03
3.258797228336334229e-01
5.550538301467895508e-01
1.379956305027008057e-02
2.763819356914609671e-04
2.127829380333423615e-02
1.375159627059474587e-06
2.569588650658261031e-05
1.183921005576848984e-03
8.803152741165831685e-05
7.115757325664162636e-04
2.172017097473144531e-02
1.748545318841934204e-01
1.246171295642852783e-01
1.371689047069413192e-11
8.903150592232123017e-05
1.892330823466181755e-03
2.670451998710632324e-01
2.509345358703285456e-05
7.429319084621965885e-04
1.550566375954076648e-04
4.099986851215362549e-01
5.315622091293334961e-01
3.662878298200666904e-04
2.475847622918081470e-06
1.181451370939612389e-04
4.519738256931304932e-01
1.199389516841620207e-04
7.076487541198730469e-01
6.784574985504150391e-01
7.747132778167724609e-01
6.542651653289794922e-01
1.776623539626598358e-03
2.419344931840896606e-01
1.613403100009236368e-08
2.474742243066430092e-03
5.958004476269707084e-05
6.198482215404510498e-02
5.546441078186035156e-01
4.331205273047089577e-04
2.651726081967353821e-02
4.000844899564981461e-03
1.447425335645675659e-01
6.241024136543273926e-01
4.741572737693786621e-01
3.511713445186614990e-02
4.467326682060956955e-03
5.024639176554046571e-05
3.217361122369766235e-02
9.464940120551545988e-08
3.392981365323066711e-02
2.324166234757285565e-05
4.593481421470642090e-01
1.433259993791580200e-01
1.234099417924880981e-01
1.785088912583887577e-03
2.439956588204950094e-04
6.554769873619079590e-01
1.043507829308509827e-02
1.554236514493823051e-04
1.548097352497279644e-04
4.165606200695037842e-02
7.939356692077126354e-06
1.036012399708852172e-04
5.684114620089530945e-02
6.740102171897888184e-01
3.043178468942642212e-03
1.974534243345260620e-03
3.135020733679994009e-06
2.807334810495376587e-02
1.106054782867431641e-01
7.602366209030151367e-01
4.430631175637245178e-02
5.062941312789916992e-01
4.967969655990600586e-01
6.282848715782165527e-01
6.082803010940551758e-01
6.917957663536071777e-01
5.214040875434875488e-01
1.604320667684078217e-02
3.715849518775939941e-01
9.009206295013427734e-01
3.093180930591188371e-05
4.119082167744636536e-02
2.435031092318240553e-07
1.153102057287469506e-04
3.087488412857055664e-01
1.899496337998130002e-09
4.228270053863525391e-01
6.853035837411880493e-02
2.286412566900253296e-01
2.523946464061737061e-01
1.735341548919677734e-01
9.065749645233154297e-01
3.497718807921046391e-06
4.907653853297233582e-02
1.588068529963493347e-02
4.644540548324584961e-01
6.433035135269165039e-01
7.143792463466525078e-04
3.189844489097595215e-01
6.721943616867065430e-02
5.996489780955016613e-04
4.735435247421264648e-01
1.004908426693873480e-06
7.818074664101004601e-04
1.893155835568904877e-02
6.745027576471329667e-07
2.052044645317607774e-11
3.196927011013031006e-01
5.724491924047470093e-02
5.486195732373744249e-05
1.284005492925643921e-02
3.174285218119621277e-02
3.049516271858010441e-05
3.092179383656912250e-07
1.332308485757494054e-08
6.528136134147644043e-02
3.079439920838922262e-05
1.371689047069413192e-11
7.146890084186452441e-07
2.242781071970512130e-08
9.470577566617066623e-08
6.674481483059935272e-06
3.599896217565401457e-06
2.169074605262721889e-06
5.633595865219831467e-04
2.037715166807174683e-02
2.181283896788954735e-03
1.192353149548353031e-08
3.693501327006742940e-08
1.122688081522937864e-05
1.396800985986601518e-08
1.104528433643281460e-03
6.746569852111861110e-05
1.867664536803204101e-06
1.252338697668164968e-04
2.247375618935620878e-08
2.772680218754430825e-08
1.217826934407639783e-06
1.347152078778890427e-07
3.406097448532818817e-08
9.453180246055126190e-05
6.697471141815185547e-01
3.065410325575612660e-08
1.216547025251202285e-05
9.334123024018481374e-05
4.469296044362636167e-09
3.556853145347815826e-10
3.057660933336592279e-06
1.298066308663692325e-06
1.017741160467267036e-03
6.201593350851908326e-06
2.250038960482925177e-06
2.694513341339188628e-06
5.201334118964950903e-08
1.002639182843267918e-03
9.068306638937428943e-08
3.454871708527207375e-03
4.243210256099700928e-01
1.070413272827863693e-03
1.396416337229311466e-05
2.871125204251256946e-08
1.114879036322236061e-03
2.233129227533936501e-03
1.929081918206065893e-04
2.173194388888077810e-06
9.042059537023305893e-05
6.209784686461716774e-08
1.652415875241786125e-07
8.386002853512763977e-03
3.249017499484807558e-09
9.544344266032567248e-07
2.219937869085697457e-07
2.144024620065465569e-06
4.538570938166230917e-04
4.389947280287742615e-03
8.194671863748226315e-06
1.718430326036468614e-06
4.119593540963251144e-06
1.144113019108772278e-02
1.722348841326493130e-08
1.995967249968089163e-05
2.312930291736847721e-06
1.115393274631060194e-06
2.271483838558197021e-01
1.087900091079063714e-05
6.292985677719116211e-01
3.425146220251917839e-03
2.854289487004280090e-04
7.939356692077126354e-06
2.111249523295555264e-05
1.461189640394877642e-06
1.320698856943636201e-06
2.246291387564269826e-06
5.691945261787623167e-06
4.927314585074782372e-04
1.577422699483577162e-05
2.575367921963334084e-03
2.615366554437059676e-07
7.396520373958992423e-08
7.835327778593637049e-06
1.555215381085872650e-02
1.467546972833133623e-09
3.470172941888449714e-06
6.936250329017639160e-01
2.869738409572164528e-06
4.194713710603537038e-06
2.176741418224992231e-07
2.544473973102867603e-04
1.010589869565592380e-07
1.704363239696249366e-04
3.649444624898023903e-05
1.056856289505958557e-02
8.888060619938187301e-06
6.398130790330469608e-05
7.534956093877553940e-04
2.152991555703920312e-06
3.692885286454838933e-08
2.696126102819107473e-06
3.878438728861510754e-04
7.126631373921554768e-08
5.832332305999443633e-08
2.901525476772803813e-05
1.599597898582771904e-09
4.578117514029145241e-04
9.903326281346380711e-05
3.621245468821143731e-06
4.414659926510466903e-08
6.981429123698035255e-08
2.011809328905656002e-06
4.854319286096142605e-06
8.588256605435162783e-06
4.457089744391851127e-05
6.559710072906455025e-07
1.396893640048801899e-05
3.138204931474319892e-07
3.956392902182415128e-07
1.350387979215383893e-08
2.371854061493650079e-04
4.643948003923981105e-10
1.601147669134661555e-04
1.974762194045798225e-11
2.403927296400070190e-01
2.929448896793473978e-07
3.120568990707397461e-01
1.838668686104938388e-05
4.187447473213978810e-07
4.011009124837983109e-08
2.051366365662943281e-08
3.858468335238285363e-05
5.969891248014391749e-08
2.386875053161929827e-08
8.735952974348037969e-07
2.013008426615670032e-09
3.960459798690862954e-05
7.531417906284332275e-02
1.287506986409425735e-02
2.380511432420462370e-06
8.392273593926802278e-05
4.619414685294032097e-04
2.008103299885988235e-03
4.097177708217714098e-09
1.682912653677703929e-07
2.034489341440348653e-07
1.612007268704473972e-03
6.458664643105294090e-07
8.381532097700983286e-05
1.283156016143038869e-04
1.949606864837249987e-10
1.162264670711010695e-04
3.526366043615780654e-08
2.188646048307418823e-01
5.041950316808652133e-06
2.464686765790702339e-08
3.280786040704697371e-05
8.756830993661424145e-07
2.069042039920532261e-07
1.042078947648406029e-04
9.080568474928440992e-07
1.819263547658920288e-01
2.312821801751852036e-03
2.978997654281556606e-04
5.950628546997904778e-04
1.222629653057083488e-04
8.876238286048554471e-12
1.616401374340057373e-01
1.198436657432466745e-04
2.064271029666997492e-07
4.455700691323727369e-04
2.916151657700538635e-02
2.421922254143282771e-04
9.819044498726725578e-05
2.834746381267905235e-03
4.393430117488605902e-07
2.534195482730865479e-01
7.251410186290740967e-02
2.388510474702343345e-04
2.405977720627561212e-04
7.752733654342591763e-05
3.799218029598705471e-05
2.169582842270756373e-07
7.247886387631297112e-04
4.901481419801712036e-02
4.521238058805465698e-02
4.945024382323026657e-03
1.628602767596021295e-04
8.713453780728741549e-08
2.493478859832976013e-05
2.052037976682186127e-02
1.588069426361471415e-05
1.743745815474539995e-05
8.433842140220804140e-07
6.074966586311347783e-05
2.756637288257479668e-03
1.180797349661588669e-02
1.850003725849092007e-03
9.237578524334821850e-06
7.063166163057132962e-10
4.869931191205978394e-02
3.607455641031265259e-02
1.651894905307926820e-07
1.299435004042948094e-09
1.771098673343658447e-01
3.900189682326526963e-08
1.379003720103355590e-06
3.192219510674476624e-02
6.226226105354726315e-06
8.509646249876823276e-06
8.047350519291285309e-08
2.199928462505340576e-01
6.101772669353522360e-06
4.495705141493999690e-09
3.492340860944409542e-10
7.945569086587056518e-05
8.093757060123607516e-06
9.718750249021468335e-08
1.586912185302935541e-05
4.606860966305248439e-05
1.035845684782543685e-06
1.541992133979874779e-07
4.218528886212880025e-07
1.290994882583618164e-02
1.705133763607591391e-04
2.971356152556836605e-04
1.586264843354001641e-04
9.800692088901996613e-03
4.151826260567759164e-07
5.652127219946123660e-05
3.641786286607384682e-03
6.941949237670996808e-08
9.762730769580230117e-05
7.573617156594991684e-03
1.480151806026697159e-02
4.299987921285719494e-08
8.061696426011621952e-04
1.362737501040101051e-03
3.556226874934509397e-05
1.654750121815595776e-05
1.853627168202365283e-06
4.863844651481485926e-07
4.524154662011170558e-11
4.070469117323227692e-07
1.460882631363347173e-04
1.267274026758968830e-03
5.942109027046171832e-09
7.541095372289419174e-03
2.849974043783731759e-05
1.981201421585865319e-05
1.419526874087750912e-03
3.219640348106622696e-06
7.002383881626883522e-06
1.197669357061386108e-01
2.944022417068481445e-03
2.920970879495143890e-02
6.498270366250835650e-09
3.827168711723061278e-06
4.820036814123795921e-09
4.195186920696869493e-05
1.010807500279042870e-05
6.173750534799182788e-06
6.147925276309251785e-03
2.330357773416835698e-08
1.796653494238853455e-03
5.410593468695878983e-03
3.116839332506060600e-03
7.673342224734369665e-06
1.527501858333835116e-08
1.942553899425547570e-05
5.180806450510999639e-09
1.252228571502200793e-06
1.839575602957665978e-09
4.000790417194366455e-03
4.536608173566492042e-07
5.877965595573186874e-04
2.166856676340103149e-01
8.851070560922380537e-07
5.777611136181803886e-07
1.353944662696449086e-05
3.672828078269958496e-01
5.636920686811208725e-04
4.473338834941387177e-03
2.648808276717318222e-06
3.380749376447056420e-06
2.928958041593432426e-03
5.270442343316972256e-04
1.293491713738603721e-08
9.470865052207955159e-07
9.542892221361398697e-04
8.641175372758880258e-05
2.031269019653336727e-07
3.231128677725791931e-03
5.465373646984517109e-07
2.697161653486546129e-05
1.654809445028604387e-08
5.418350701802410185e-05
1.921829584361489651e-09
4.000207409262657166e-03
2.346757173654623330e-05
2.688819478180448641e-08
8.273656480014324188e-03
7.886700332164764404e-02
7.460161214112304151e-06
6.870578363304957747e-05
1.537864955025725067e-05
4.855111797041899990e-07
9.609145479316794081e-09
1.412364887073636055e-03
4.525190161075443029e-04
1.707319170236587524e-02
3.459076106082648039e-05
3.561270318641618360e-07
1.718721614452078938e-05
1.332308485757494054e-08
1.014171539281960577e-05
5.798397213220596313e-02
1.644244775889092125e-07
1.712891571514774114e-05
1.793680858099833131e-04
2.377976430580019951e-03
2.393141471657145303e-07
2.799824113026261330e-03
8.560775220394134521e-02
7.573665061499923468e-05
1.390581876039505005e-01
2.356651975787826814e-07
1.854220840868947562e-06
4.322022505220957100e-06
4.656181715745333349e-07
1.849876716732978821e-03
6.688698530197143555e-01
1.212842107634060085e-06
4.925585130877152551e-07
2.025088150503506768e-07
5.132346268510445952e-05
5.713950940844370052e-06
6.835488420620094985e-06
7.872536662034690380e-05
9.453776874579489231e-04
1.495178025834320579e-06
2.355326529368539923e-07
2.241652623524714727e-07
3.484153421595692635e-05
1.378904213197529316e-03
8.632830576971173286e-04
1.620623720555158798e-06
3.095332203884026967e-07
2.567027695477008820e-02
4.056337488123062940e-08
6.981475053180474788e-06
1.097945556693957769e-07
3.049597241400192615e-10
3.887957063852809370e-06
2.271475295856362209e-06
2.048073074547573924e-04
8.940654439015816024e-09
2.624476850032806396e-01
8.166033658199012280e-04
2.020951370695911464e-07
2.973385562654584646e-05
1.966236978769302368e-01
1.897578185889869928e-04
3.959950234388998069e-08
4.323976554587716237e-06
3.195779025554656982e-02
7.106206822982130689e-08
2.104131908708950505e-06
2.339455018596225955e-11
1.106054782867431641e-01
3.166759051964618266e-05
9.306607040571179823e-09
2.069680391514339135e-07
1.863874331320403144e-06
2.157012699171900749e-03
1.096897079833070165e-07
1.404959526496440958e-08
3.917642243322916329e-05
1.933710998855531216e-03
4.413700662553310394e-03
2.167427213862538338e-03
1.924639946082606912e-06
3.776939411181956530e-04
1.038757385686039925e-03
4.587820172309875488e-02
4.937925837111833971e-07
1.983133870453457348e-06
6.148403826955473050e-06
8.219963638111948967e-04
2.796550048515200615e-03
5.848430191690567881e-06
6.501522148028016090e-04
1.074274587153922766e-05
4.204729975754162297e-06
9.417422115802764893e-03
9.490818716585636139e-03
1.781193539500236511e-02
2.212480239904834889e-06
-0.000000000000000000e+00
-0.000000000000000000e+00
-0.000000000000000000e+00
-0.000000000000000000e+00
-0.000000000000000000e+00
-0.000000000000000000e+00
-0.000000000000000000e+00
-0.000000000000000000e+00
-0.000000000000000000e+00
-0.000000000000000000e+00
-0.000000000000000000e+00
-0.000000000000000000e+00
-0.000000000000000000e+00
-0.000000000000000000e+00
-0.000000000000000000e+00
-0.000000000000000000e+00
-0.000000000000000000e+00
-0.000000000000000000e+00
-0.000000000000000000e+00
-0.000000000000000000e+00
-0.000000000000000000e+00
-0.000000000000000000e+00
-0.000000000000000000e+00
-0.000000000000000000e+00
-0.000000000000000000e+00
-0.000000000000000000e+00
-0.000000000000000000e+00
-0.000000000000000000e+00
-0.000000000000000000e+00
-0.000000000000000000e+00
-0.000000000000000000e+00
-0.000000000000000000e+00
-0.000000000000000000e+00
-0.000000000000000000e+00
-0.000000000000000000e+00
-0.000000000000000000e+00
-0.000000000000000000e+00
-0.000000000000000000e+00
-0.000000000000000000e+00
-0.000000000000000000e+00
