2.003900520503520966e-02
1.144351131188159343e-06
6.576923131942749023e-01
8.631894161226227880e-06
3.108439445495605469e-01
6.472782388300402090e-06
1.136064752936363220e-01
5.647110566496849060e-02
1.470808126032352448e-02
6.987968808971345425e-04
6.690519303083419800e-02
3.323309719562530518e-01
1.211040467023849487e-02
2.831686735153198242e-01
1.054167523980140686e-01
4.427392013894859701e-06
7.708737254142761230e-01
5.955672264099121094e-01
4.034250378608703613e-01
2.542009949684143066e-01
4.964594170451164246e-02
7.095126509666442871e-01
6.620805710554122925e-03
2.356147952377796173e-02
1.060226485133171082e-01
1.080437302589416504e+00
3.107016980648040771e-01
6.541738457599421963e-06
5.927703380584716797e-01
2.283624926349148154e-04
8.477438241243362427e-02
1.633534766733646393e-02
2.513439176254905760e-05
6.628537774085998535e-01
4.608746767044067383e-01
4.456805982044897974e-05
4.092260205652564764e-04
5.550436326302587986e-04
8.307179063558578491e-02
9.557019919157028198e-03
7.050070962577592582e-07
1.305882353335618973e-02
4.335497942520305514e-05
2.350212186574935913e-01
2.492243220331147313e-05
5.064891576766967773e-01
6.620156764984130859e-02
2.492315616109408438e-06
8.568139374256134033e-02
3.501358628273010254e-01
1.028638239949941635e-02
2.049343747785314918e-04
1.266055405139923096e-01
4.304515719413757324e-01
3.056170232594013214e-02
7.142736285459250212e-05
2.418753877282142639e-02
2.430678250675555319e-06
5.720953340642154217e-04
2.085156211251160130e-06
3.330485895276069641e-02
1.448292098939418793e-02
1.677879095077514648e-01
2.774359927570912987e-05
5.997936241328716278e-03
2.170957028865814209e-01
5.972378253936767578e-01
3.668440273031592369e-03
2.928648889064788818e-01
7.140523195266723633e-02
2.954968065023422241e-02
1.640820759348571301e-03
1.568545997142791748e-01
1.084866642951965332e+00
1.718437075614929199e-01
4.323512315750122070e-03
2.329787760972976685e-01
2.144325822591781616e-01
3.594176769256591797e-01
4.780166223645210266e-02
5.698831751942634583e-02
1.412060810253024101e-03
4.120586439967155457e-03
1.796067506074905396e-01
2.381675178185105324e-03
2.015431523323059082e-01
1.820502579212188721e-01
2.373163960874080658e-02
4.427698513609357178e-06
2.038171738386154175e-01
1.499033714935649186e-07
2.102213352918624878e-02
2.029667712122318335e-06
1.164502352476119995e-01
6.779190897941589355e-01
6.169110536575317383e-01
6.020394563674926758e-01
1.059884652495384216e-01
3.287012223154306412e-03
5.933092832565307617e-01
3.555459678173065186e-01
1.179614569991827011e-03
3.074938431382179260e-04
2.629986405372619629e-01
5.384172254707664251e-06
6.516218854812905192e-05
2.976065047732845414e-07
2.700350061058998108e-02
3.313523158431053162e-02
2.226886408607242629e-06
2.400424637016840279e-05
6.499596871435642242e-03
5.911459447816014290e-04
5.409326776862144470e-02
1.193813085556030273e-01
3.292729556560516357e-01
2.562735462561249733e-04
9.977884590625762939e-02
6.496999263763427734e-01
3.060189044390426716e-07
6.399739068001508713e-03
2.012986503541469574e-02
4.230994672980159521e-04
4.924490895064081997e-07
7.304926961660385132e-02
2.208299189805984497e-02
6.843225359916687012e-01
7.380486726760864258e-01
1.628629118204116821e-02
5.991047873976640403e-05
6.908316612243652344e-01
2.343654818832874298e-02
1.088460758328437805e-01
1.252883858978748322e-02
8.155139684677124023e-01
7.038013935089111328e-01
2.037502554230741225e-06
4.265521168708801270e-01
6.169055104255676270e-01
4.312650766223669052e-03
7.725814654691021133e-09
6.820056438446044922e-01
1.042281583067961037e-04
8.733319491147994995e-02
9.718443155288696289e-01
2.599836079753004014e-07
5.353851318359375000e-01
2.651647925376892090e-01
2.663871327968081459e-06
5.050636082887649536e-02
2.584595419466495514e-02
3.498942032456398010e-02
1.701495239103678614e-05
2.805805532261729240e-03
3.995412886142730713e-01
7.338007092475891113e-01
7.115070521831512451e-02
7.822790741920471191e-02
2.383837290108203888e-02
9.312702342867851257e-03
1.086494419723749161e-03
2.296901196241378784e-01
2.841491659637540579e-04
5.927198380231857300e-02
1.077328579413006082e-05
1.119682474381988868e-05
1.824437058530747890e-03
2.601234009489417076e-03
1.061047390103340149e-01
1.810925155878067017e-01
1.159905433654785156e+00
1.093356113415211439e-04
8.690669536590576172e-01
7.513521313667297363e-01
2.676761150360107422e-01
5.567663908004760742e-01
1.544772833585739136e-01
4.869629265158437192e-06
8.679397106170654297e-01
1.774886995553970337e-02
2.611057758331298828e-01
1.784614141797646880e-05
1.473620682954788208e-01
5.955903530120849609e-01
1.131538629531860352e+00
2.670695175766013563e-05
2.075490920105949044e-05
9.587773680686950684e-02
3.314741700887680054e-02
7.649554312229156494e-02
2.382929902523756027e-03
1.567711137795413379e-06
1.032752916216850281e-02
1.205477674375288188e-04
3.084667623043060303e-01
4.712319374084472656e-01
2.917031049728393555e-01
2.970200031995773315e-03
5.117004737257957458e-03
8.882308602333068848e-01
1.450233859941363335e-03
5.077561218058690429e-05
1.382285006457095733e-07
3.900222480297088623e-02
3.727617859840393066e-01
8.225256577134132385e-03
1.865591108798980713e-01
2.534462809562683105e-01
9.354003705084323883e-04
3.929266333580017090e-01
1.531864050775766373e-03
2.616336941719055176e-01
2.243400551378726959e-03
6.741746910847723484e-04
6.240974664688110352e-01
6.543949842453002930e-01
1.818069368600845337e-01
8.137409090995788574e-01
7.025620434433221817e-04
2.864900231361389160e-02
4.888652563095092773e-01
1.714733312837779522e-03
9.941187454387545586e-04
7.442800998687744141e-01
6.827940046787261963e-02
6.131228990852832794e-03
9.455297589302062988e-01
5.486118197441101074e-01
4.973931312561035156e-01
5.015681745135225356e-05
1.921529183164238930e-03
6.287237405776977539e-01
1.944990828633308411e-02
6.293964385986328125e-01
3.508675098419189453e-02
5.691356062889099121e-01
7.894963026046752930e-01
3.181901527568697929e-03
5.650409917734577903e-09
1.254680682905018330e-03
1.807345506676938385e-05
1.841012817749287933e-05
1.341292168945074081e-03
1.008293838822282851e-05
3.711514770984649658e-01
7.775459289550781250e-01
1.614296734333038330e-01
2.467442072884296067e-07
2.920828759670257568e-02
1.155905798077583313e-02
2.121515758335590363e-02
3.651225473731756210e-03
7.279802113771438599e-03
1.011841073632240295e-01
8.662440627813339233e-02
3.823255538009107113e-04
7.463291922249482013e-07
5.617502331733703613e-01
1.990062370896339417e-02
2.477567177265882492e-03
1.900277216918766499e-03
5.439897775650024414e-01
4.598781466484069824e-01
1.403052359819412231e-01
4.839100539684295654e-01
1.095703393220901489e-01
1.283460762351751328e-03
8.534273505210876465e-01
4.939156584441661835e-03
5.128547782078385353e-04
2.041799202561378479e-02
2.466710954904556274e-01
3.327799439430236816e-01
2.028472721576690674e-01
6.926310807466506958e-02
2.499145716428756714e-01
1.648977843160537304e-08
2.126934565603733063e-02
5.405599474906921387e-01
4.780898690223693848e-01
7.277356386184692383e-01
1.165175689266106929e-07
6.371365161612629890e-04
3.516653180122375488e-01
9.640270945965312421e-06
5.348904132843017578e-01
9.995780885219573975e-02
5.661053210496902466e-02
1.274729293072596192e-04
1.748346984386444092e-01
3.930757229682058096e-04
5.539563298225402832e-01
6.653004902545944788e-07
8.085421286523342133e-04
8.317395113408565521e-03
5.757268809247761965e-05
3.684247531055007130e-06
7.206316590309143066e-01
4.060287661644679247e-09
1.784647429303731769e-05
3.093741543125361204e-05
1.213897466659545898e-01
1.078545689582824707e+00
1.516395248472690582e-02
9.196391329169273376e-03
2.956381940748542547e-04
8.380552530288696289e-01
1.256956160068511963e-01
7.531031370162963867e-01
1.200364530086517334e-01
2.929650712758302689e-03
2.679151482880115509e-03
6.750427484512329102e-01
4.663812518119812012e-01
1.433712895959615707e-04
1.769185811281204224e-01
8.834621906280517578e-01
4.143708792980760336e-06
6.119755198596976697e-06
5.716043710708618164e-01
8.292805552482604980e-01
4.433090686798095703e-01
8.957427144050598145e-01
1.205618903040885925e-01
2.340001827860760386e-07
2.639738959260284901e-04
4.637969192117452621e-03
1.510598696768283844e-02
4.717644453048706055e-01
4.882157221436500549e-02
3.933837264776229858e-02
7.796864025294780731e-03
1.194328907877206802e-02
8.381879329681396484e-01
8.084141649305820465e-03
3.584513962268829346e-01
1.919267326593399048e-01
1.762552528816740960e-05
7.336065755225718021e-04
1.133814876084215939e-04
2.793791703879833221e-02
7.346304755628807470e-06
6.838892102241516113e-01
1.975583471357822418e-02
8.855677209794521332e-03
4.914070665836334229e-02
1.976029202342033386e-02
6.120149578237032983e-07
6.414797157049179077e-02
1.268727828573901206e-05
6.050891429185867310e-02
4.706733743660151958e-04
4.370816517621278763e-03
1.022421382367610931e-02
1.479513943195343018e-02
2.344441745663061738e-04
7.165749073028564453e-01
4.546293348539620638e-05
3.980376932304352522e-04
1.706762122921645641e-04
1.241320744156837463e-02
1.857061397458892316e-05
7.860188186168670654e-02
9.581126272678375244e-02
1.115929484367370605e-01
6.149936914443969727e-01
5.619459552690386772e-04
2.686758339405059814e-01
2.003438770771026611e-02
9.554069489240646362e-02
6.864439249038696289e-01
3.504449129104614258e-01
1.651914864778518677e-01
1.575681497342884541e-03
1.844510961745982058e-07
1.100911758840084076e-04
1.334873437881469727e-01
1.384700089693069458e-02
6.679217815399169922e-01
6.087906192988157272e-03
6.201175972819328308e-02
1.032202243804931641e+00
2.642031311988830566e-01
4.801293015480041504e-01
5.183511376380920410e-01
9.430431528016924858e-04
1.040079355239868164e+00
2.750020921230316162e-01
6.367241740226745605e-01
7.839560566935688257e-06
5.130858719348907471e-02
2.858986258506774902e-01
1.026395559310913086e-01
5.656797384290257469e-06
7.504204660654067993e-02
3.491425514221191406e-02
9.971489906311035156e-01
1.391832996159791946e-02
5.097362771630287170e-02
1.912719756364822388e-02
5.265856981277465820e-01
1.963180862367153168e-02
1.292096544057130814e-02
3.157160972477868199e-05
6.308632493019104004e-01
1.009992286562919617e-01
6.496974080801010132e-02
8.211253589252009988e-05
3.819982812274247408e-04
3.495489656925201416e-01
9.963877499103546143e-02
1.363396080478196382e-07
3.495694545563310385e-05
7.365064024925231934e-01
5.594287067651748657e-02
3.047585785388946533e-01
6.954298615455627441e-01
6.002399004501057789e-07
3.311344608664512634e-02
4.088459014892578125e-01
4.800372421741485596e-01
1.391023099422454834e-01
1.367608543773046748e-11
2.425175160169601440e-02
4.292380708648124710e-07
2.035301411524415016e-03
6.567622423171997070e-01
1.745782792568206787e-01
1.170640885829925537e-01
7.081573858158662915e-05
1.088408589363098145e+00
5.180700827622786164e-05
6.811537742614746094e-01
6.932703852653503418e-01
2.234158455394208431e-04
5.470027099363505840e-04
3.241244554519653320e-01
5.917648673057556152e-01
5.748531548306345940e-04
3.876547515392303467e-02
6.208196654915809631e-02
1.556410789489746094e-01
4.116251133382320404e-03
3.986709937453269958e-02
5.366633832454681396e-02
2.784695476293563843e-03
7.943553100631106645e-06
2.277347957715392113e-03
6.633047461509704590e-01
1.242342125624418259e-02
9.981197118759155273e-01
3.500356972217559814e-01
2.334397686354350299e-05
4.275721494195749983e-06
3.467263886705040932e-04
5.438536172732710838e-04
7.788244169205427170e-03
1.277786736864072736e-06
7.058436312945559621e-05
2.413436304777860641e-03
4.464168159756809473e-05
2.558398842811584473e-01
5.725422501564025879e-02
1.744217798113822937e-02
2.326742745935916901e-03
1.188296079635620117e-02
3.974200189113616943e-01
2.923552319407463074e-02
9.576499451213749126e-07
9.094263315200805664e-01
2.205326594412326813e-02
1.224234625697135925e-01
1.100651025772094727e-01
6.305169779807329178e-03
3.502099961042404175e-02
2.977322973310947418e-02
2.418235235381871462e-04
6.251104474067687988e-01
5.537916513276286423e-05
1.908565685153007507e-02
1.282414741581305861e-04
8.073140378428433905e-09
6.033572935848496854e-05
6.681158542633056641e-01
2.878876924514770508e-01
8.175845444202423096e-02
4.458772764337481931e-06
8.695309981703758240e-03
2.709791660308837891e-01
3.877564799040555954e-03
2.048283249678206630e-06
4.379571328172460198e-05
4.078915417194366455e-01
1.383467111736536026e-02
5.907391329579292361e-12
5.821185111999511719e-01
5.504080094397068024e-03
3.367663157405331731e-05
1.635907683521509171e-03
1.740910708904266357e-01
2.629760128911584616e-04
1.530463397502899170e-01
9.497611317783594131e-04
8.459870878141373396e-05
7.420157194137573242e-01
6.889986252645030618e-05
1.263126581907272339e-01
3.912824904546141624e-04
4.396889358758926392e-03
1.346704229945316911e-04
4.038162901997566223e-02
5.008866355638019741e-05
6.472810637205839157e-04
1.747419883031398058e-04
2.412194735370576382e-04
5.833241939544677734e-01
4.972680509090423584e-01
1.278950599953532219e-03
3.816762905728410260e-09
1.992054283618927002e-03
3.182306885719299316e-02
3.904429904650896788e-04
4.442562460899353027e-01
2.384603396058082581e-02
2.596667582110967487e-05
2.326321409782394767e-04
8.928235769271850586e-01
9.763098205439746380e-06
6.170897483825683594e-01
6.827174425125122070e-01
2.110257810272742063e-06
1.159222051501274109e-02
7.288816384971141815e-03
1.152925491333007812e-01
2.839458640664815903e-03
6.834002584218978882e-02
8.336084894835948944e-03
2.135958522558212280e-02
1.773163443431258202e-03
6.324023008346557617e-01
4.371605068445205688e-02
3.610384166240692139e-01
1.970329554751515388e-03
6.046910285949707031e-01
6.375760436058044434e-01
8.981784776551648974e-05
4.922150037600658834e-05
4.026477783918380737e-02
1.925842165946960449e-01
4.730687439441680908e-01
5.272003412246704102e-01
3.453749418258666992e-02
5.398234724998474121e-02
9.376801550388336182e-03
7.025965452194213867e-01
2.640241757035255432e-02
1.525926589965820312e-01
6.722058057785034180e-01
1.258066762238740921e-02
7.491012215614318848e-01
1.053394936025142670e-02
6.255934295040788129e-07
6.890803575515747070e-02
3.532003378495573997e-03
3.929428011178970337e-02
3.755570219254877884e-07
7.501371502876281738e-01
5.874467492103576660e-01
1.562185678631067276e-02
1.096972409868612885e-04
6.714000701904296875e-01
5.676604509353637695e-01
1.220224797725677490e-01
3.057370777241885662e-04
9.205046296119689941e-02
9.453130187466740608e-04
1.028809137642383575e-02
4.143708792980760336e-06
6.572961865458637476e-06
1.870339177548885345e-02
4.080230719409883022e-04
1.799279241822659969e-03
3.375006144779035822e-06
8.755632443353533745e-04
2.023413404822349548e-02
7.371024489402770996e-01
2.029433380812406540e-03
3.016848859260790050e-05
9.233647584915161133e-02
8.999277488328516483e-04
8.172596693038940430e-01
7.064269389957189560e-03
1.391905546188354492e-01
1.387689371767919511e-05
1.074403990060091019e-03
2.312485321454005316e-06
1.654166908338083886e-06
9.490469892625696957e-06
7.463925331830978394e-02
1.854552887380123138e-02
3.417195841848297277e-07
3.584938895073719323e-06
2.033859193325042725e-01
2.528690546751022339e-02
9.697560667991638184e-01
1.862767897546291351e-02
9.326239824295043945e-01
9.417521208524703979e-02
3.498634032439440489e-04
1.783349812030792236e-01
8.977848291397094727e-01
2.188996179029345512e-03
7.248307466506958008e-01
1.414431035518646240e-01
5.203276487009134144e-06
8.454628288745880127e-03
5.593223571777343750e-01
2.894468025260721333e-06
2.067917812382802367e-04
1.102087378501892090e+00
1.158686168491840363e-02
1.989199738261504535e-08
1.131410317611880600e-05
1.491154730319976807e-01
2.757537411525845528e-03
8.170960545539855957e-01
1.239622593857347965e-03
3.679971396923065186e-01
4.958893623552285135e-05
1.950598089024424553e-03
1.525661908090114594e-03
1.040779501199722290e-01
6.323459744453430176e-01
6.322314143180847168e-01
5.531754577532410622e-04
2.326929122209548950e-01
6.185616948641836643e-04
1.874835789203643799e-02
3.988611400127410889e-01
1.579584088176488876e-03
2.176083029326036922e-07
3.222032636404037476e-02
9.673516387920244597e-07
9.184123575687408447e-02
6.723255515098571777e-01
3.098145680269226432e-05
1.804050989449024200e-02
1.410573895554989576e-04
8.965355344116687775e-03
4.698630422353744507e-02
5.946213006973266602e-02
3.604868650436401367e-01
2.044784091413021088e-02
3.220238024368882179e-03
9.626281857490539551e-01
1.410346291959285736e-02
2.796889748424291611e-04
1.353206038475036621e-01
3.871966619044542313e-03
1.790648070709721651e-06
3.083423280259012245e-06
1.362199634313583374e-01
2.618409227579832077e-03
3.939191230983851710e-07
5.329227424226701260e-04
4.198188483715057373e-01
1.147717004641890526e-03
6.582640409469604492e-01
6.914225220680236816e-01
7.037851028144359589e-04
5.342058092355728149e-02
5.978789180517196655e-02
1.386672556400299072e-01
4.097943194210529327e-03
7.056915760040283203e-01
1.247610300779342651e-01
2.355438919039443135e-04
1.281007553188828751e-05
3.949174284934997559e-02
3.614535033702850342e-01
8.089195936918258667e-03
2.408654472674243152e-05
3.105308860540390015e-03
7.177689440140966326e-06
6.559457119692524429e-07
6.817508256062865257e-05
1.967179477214813232e-01
3.300984622910618782e-03
9.796834550797939301e-03
6.681813001632690430e-01
2.357655018568038940e-02
6.827272772789001465e-01
5.471819043159484863e-01
2.123150601983070374e-02
1.212398707866668701e-02
6.305472552776336670e-02
2.286454255226999521e-04
1.254232338396832347e-04
7.509092092514038086e-01
4.020225605927407742e-04
1.653758226893842220e-05
2.366658002138137817e-01
1.062375865876674652e-02
2.384074479341506958e-01
2.256561401736689731e-06
1.101954746991395950e-02
1.416988670825958252e-04
1.609485410153865814e-02
7.346505270788838970e-08
1.087560355663299561e-01
2.588893473148345947e-01
3.872745310218306258e-06
9.039521217346191406e-03
3.653247952461242676e-01
1.441067904233932495e-01
4.906388372182846069e-02
3.653886914253234863e-01
8.152160644531250000e-01
1.788341701030731201e-01
5.659002065658569336e-01
2.608750946819782257e-02
3.508136607706546783e-03
7.433013706759084016e-07
3.383660688996315002e-03
6.528455615043640137e-01
6.934174895286560059e-01
2.571624936535954475e-04
1.029154955176636577e-04
6.477339775301516056e-05
3.192310221493244171e-03
1.773362600943073630e-05
2.006480470299720764e-03
1.830955795867339475e-07
5.912585766054689884e-04
6.388466060161590576e-02
9.256835910491645336e-04
1.172618381679058075e-02
2.154528192477300763e-05
1.035586319630965590e-05
3.689362108707427979e-01
6.957784891128540039e-01
3.135238273443974322e-07
4.320174455642700195e-02
8.763354344409890473e-06
4.000765979290008545e-01
5.211354698985815048e-03
7.760493317618966103e-04
6.367158293724060059e-01
1.830145629355683923e-05
4.105793237686157227e-01
5.867446213960647583e-02
2.537898952141404152e-03
2.469876380928326398e-05
1.532263159751892090e-01
1.908067060867324471e-04
3.354637301526963711e-04
4.093405732419341803e-05
2.264205133542418480e-03
7.611184716224670410e-01
1.164410710334777832e-01
6.500930786132812500e-01
8.242283016443252563e-03
1.131709456443786621e+00
9.962206604541279376e-06
1.999100192051628255e-07
2.388730198144912720e-01
3.750180894712684676e-07
2.286233648192137480e-04
1.704205572605133057e-02
9.217506158165633678e-04
6.472776643931865692e-03
2.712707035243511200e-03
1.463666278868913651e-02
6.673612594604492188e-01
6.703687310218811035e-01
1.119099617004394531e+00
5.312238633632659912e-02
5.431957244873046875e-01
4.030325636267662048e-02
1.374217867851257324e-01
6.380844116210937500e-02
1.409145188517868519e-03
1.263878494501113892e-02
6.868110895156860352e-01
1.099407300353050232e-01
1.165604591369628906e-02
6.737171497661620378e-05
7.377097517746733502e-06
6.712659597396850586e-01
3.756638398044742644e-05
3.816033303737640381e-01
9.585028886795043945e-01
2.304271411266572978e-13
1.681621302850544453e-03
3.125729560852050781e-01
1.514104381203651428e-02
8.823031187057495117e-02
8.173566460609436035e-01
4.454168677330017090e-01
2.366658002138137817e-01
2.596667582110967487e-05
6.445925460063506307e-10
3.644394746515899897e-05
4.137690179049968719e-03
9.673516387920244597e-07
6.502597928047180176e-01
8.097676038742065430e-01
2.182662574341520667e-04
4.645423293113708496e-01
1.394196785986423492e-02
1.478167530149221420e-02
1.107417512685060501e-03
1.284041354665532708e-04
2.090231329202651978e-02
2.195014245808124542e-02
1.084391400218009949e-01
5.570873152464628220e-03
3.737348306458443403e-04
1.012117043137550354e-01
2.326321409782394767e-04
3.487995418254286051e-04
9.316208958625793457e-02
5.118634700775146484e-01
9.123983979225158691e-02
7.248092889785766602e-01
2.049679324045428075e-07
4.315457940101623535e-01
1.665249653160572052e-02
9.228051900863647461e-01
8.076965808868408203e-02
9.231303556589409709e-05
9.747677296400070190e-02
1.046617235988378525e-02
1.918748766183853149e-02
2.608974874019622803e-01
3.921581804752349854e-02
6.345491328829666600e-06
1.482985634356737137e-02
4.719054559245705605e-04
1.157235205173492432e-01
7.366760373115539551e-01
4.769523143768310547e-01
6.429437398910522461e-01
6.906287074089050293e-01
5.052533000707626343e-03
5.406540585681796074e-04
1.284974627196788788e-03
4.816260039806365967e-01
2.432103967294096947e-03
6.663412204943597317e-05
6.816048175096511841e-02
2.173234373331069946e-01
1.346704229945316911e-04
9.005534052848815918e-01
5.647110566496849060e-02
3.949174284934997559e-02
3.611913598433602601e-06
4.381285521048994269e-07
9.212428331375122070e-01
7.919579729787074029e-07
5.080783739686012268e-03
9.404053911566734314e-03
2.490894985385239124e-05
1.419514155713841319e-04
4.249250480370392324e-07
5.713950842618942261e-02
2.839774992935417686e-07
7.409547567367553711e-01
2.716782728384714574e-05
1.258066762238740921e-02
1.857073307037353516e-01
8.152160644531250000e-01
2.374588348175166175e-07
1.845694780349731445e-01
1.826970651745796204e-02
7.116469740867614746e-02
4.385517240734770894e-05
7.787050306797027588e-02
6.630875468254089355e-01
9.605644270777702332e-03
3.467263886705040932e-04
6.672911047935485840e-01
2.019647210836410522e-01
6.639947742223739624e-02
3.883076906204223633e-01
6.749481707811355591e-02
4.395344760268926620e-03
3.944257332477718592e-04
8.120352029800415039e-01
7.221295032650232315e-03
2.593484148383140564e-02
4.022645056247711182e-01
1.383280847221612930e-02
1.822975718823727220e-06
6.606471538543701172e-01
9.836286902427673340e-01
6.930578965693712234e-04
6.933349967002868652e-01
3.816762905728410260e-09
1.904793316498398781e-04
4.964580759406089783e-02
6.741288900375366211e-01
1.810486912727355957e-01
2.219200905528850853e-05
5.996349453926086426e-01
1.818069368600845337e-01
1.256413310766220093e-01
5.787047557532787323e-04
1.860533505678176880e-01
2.556939398346003145e-05
1.383952223932283232e-07
6.138660907745361328e-01
6.515035033226013184e-02
1.779258698225021362e-01
2.844017185270786285e-02
5.389776197262108326e-05
1.208987578138476238e-05
3.726741415448486805e-04
3.069920539855957031e-01
1.387911470374092460e-04
1.740540564060211182e-01
3.517963457852602005e-03
6.150107979774475098e-01
3.753952383995056152e-01
1.845596307248342782e-05
2.515286803245544434e-01
3.657872676849365234e-01
2.021259665489196777e-01
4.912875294685363770e-01
1.857522428035736084e-01
1.209568381455028430e-06
7.770861387252807617e-01
4.541913938282959862e-07
1.162004917860031128e-01
6.548364162445068359e-01
9.213818311691284180e-01
9.967207312583923340e-01
9.977952837944030762e-01
3.446651399135589600e-01
7.648328542709350586e-01
1.483736485242843628e-01
3.013235330581665039e-01
2.349935770034790039e-01
1.795119169401004910e-04
4.173147678375244141e-02
1.720621064305305481e-02
7.390559858322376385e-06
5.465792119503021240e-02
9.709574282169342041e-02
1.941812515724450350e-04
6.588258743286132812e-01
6.036492586135864258e-01
6.903344392776489258e-01
1.439036714145913720e-04
3.795517235994338989e-02
7.805388690940162633e-08
2.625671029090881348e-01
8.288447475024440791e-07
8.596290135756134987e-04
4.023789614439010620e-02
2.365672960877418518e-02
1.329436805099248886e-02
1.830145629355683923e-05
3.234754800796508789e-01
8.598337322473526001e-02
1.095328181982040405e-01
9.626281857490539551e-01
1.716013684927020222e-05
2.130190550815314054e-04
3.872745310218306258e-06
6.616859900532290339e-05
7.087207436561584473e-01
3.245627507567405701e-02
1.778582955012097955e-04
4.312650766223669052e-03
2.698247226362582296e-05
7.657971233129501343e-02
8.427500724792480469e-02
3.139798641204833984e-01
2.668352390173822641e-04
2.144767349818721414e-04
3.558411598205566406e-01
2.914623729884624481e-02
9.336071014404296875e-01
1.229741275310516357e-01
1.620222174096852541e-04
6.303148693405091763e-04
1.501244958490133286e-03
4.648638423532247543e-03
6.148103252053260803e-02
7.606048602610826492e-04
5.166074633598327637e-01
4.482433497905731201e-01
2.708888053894042969e-01
7.656094152480363846e-03
9.796834550797939301e-03
3.810687223449349403e-03
4.228867888450622559e-01
6.417929530143737793e-01
3.475165739655494690e-02
2.616175916045904160e-03
6.491992499135790240e-10
1.971393146504851757e-07
2.543812990188598633e-01
7.609589374624192715e-06
5.695928335189819336e-01
2.000963985919952393e-01
6.190260648727416992e-01
4.443573653697967529e-01
1.848979108035564423e-02
3.952285333070904016e-04
1.728178858757019043e-01
1.976792216300964355e-01
1.405676305294036865e-01
7.907925173640251160e-03
1.054014210239984095e-04
2.642031311988830566e-01
4.459863703232258558e-05
2.502199448645114899e-02
6.864439249038696289e-01
4.818821907974779606e-04
1.327839493751525879e-01
8.515194058418273926e-01
2.710220542212482542e-06
1.165983994724228978e-04
2.989835105836391449e-03
1.245993480551987886e-04
9.199540317058563232e-02
9.372018277645111084e-02
9.759830683469772339e-02
1.018080161884427071e-03
4.487982392311096191e-02
2.987391687929630280e-02
2.244983613491058350e-02
3.074938431382179260e-04
2.106894180178642273e-02
6.203437224030494690e-02
5.087626050226390362e-06
5.912585766054689884e-04
3.296347017567313742e-08
9.073617868125438690e-03
8.403970003128051758e-01
2.342569977045059204e-01
3.145611882209777832e-01
2.067917812382802367e-04
1.006407022476196289e+00
2.133310044882819057e-05
4.527521505951881409e-02
8.065483998507261276e-04
1.709917187690734863e-02
3.357137902639806271e-04
2.299990592291578650e-05
3.703270256519317627e-01
1.196579891256988049e-03
2.261052094399929047e-02
6.466491818428039551e-01
5.090156104415655136e-03
9.930222295224666595e-03
3.059135079383850098e-01
4.428218858265609015e-07
2.276313118636608124e-02
7.642580270767211914e-01
2.417237125337123871e-02
9.704966098070144653e-02
5.645783967338502407e-04
3.434483334422111511e-02
5.356988906860351562e-01
1.476597503824450541e-06
5.573713183403015137e-01
1.209757328033447266e+00
8.259174227714538574e-01
1.666510570430546068e-06
6.754239797592163086e-01
1.149048376828432083e-02
1.811702240956947207e-04
1.992607116699218750e-01
2.608750946819782257e-02
5.812653899192810059e-01
2.455526264384388924e-03
1.878507062792778015e-02
5.794149637222290039e-01
1.101783990859985352e+00
3.407178819179534912e-01
8.352906107902526855e-01
5.908021926879882812e-01
5.537916513276286423e-05
7.340420182799789472e-08
4.061577419633977115e-05
5.809810161590576172e-01
3.947452455759048462e-02
1.722822152078151703e-02
1.899490132927894592e-02
2.987975603900849819e-04
3.458125283941626549e-04
1.052864938974380493e-01
6.433635950088500977e-02
1.135454862378537655e-03
6.827828884124755859e-01
7.964704632759094238e-01
6.899755597114562988e-01
4.097502678632736206e-03
8.415402472019195557e-02
5.077979061752557755e-03
1.096092630177736282e-02
3.739820122718811035e-01
4.348681122064590454e-02
5.700026122212875634e-07
2.324599176645278931e-01
8.928235769271850586e-01
7.318596821278333664e-03
1.123447574968849949e-07
3.358071043457755422e-10
3.214610973373055458e-03
5.026750266551971436e-02
1.641614437103271484e-01
1.270056217908859253e-01
1.461030769860371947e-04
7.747221753007238476e-10
1.443018089048564434e-03
4.504406452178955078e-02
7.000311613082885742e-01
6.276935338973999023e-02
4.520245795447408454e-07
3.640294744400307536e-05
8.137934770502397441e-09
4.649973114889682790e-11
1.299551968259038404e-07
2.056004255734933395e-10
1.263389663108682726e-06
5.143334269523620605e-01
6.549645266244741304e-13
7.222963869571685791e-02
4.632635409507201985e-06
3.882342134602367878e-04
2.376386510150041431e-05
1.813693728536236449e-07
7.421131487106435998e-10
7.307363674044609070e-03
4.432970257539636805e-08
1.314847668254515156e-05
7.757166713417973369e-07
1.786192005965858698e-04
4.120877385139465332e-01
1.695748608199210139e-08
1.144519424997270107e-03
4.459196235984563828e-03
2.607736526716308845e-10
3.123338387922558468e-07
1.673487190601008479e-06
3.450604528188705444e-02
1.269095661893260285e-10
2.540052150834526401e-07
4.578170731406316918e-09
4.298216254028375261e-07
2.420109410650184145e-07
1.290064770728349686e-03
1.242003872903296724e-05
9.578011231496930122e-04
6.749041858711279929e-06
1.345798664260655642e-04
2.963946243994541874e-08
1.117678220907691866e-05
3.491613256301207002e-07
4.249250480370392324e-07
1.502638347083973258e-09
3.283802243458922021e-07
1.982726871574413963e-07
2.911892255097470184e-11
5.940698244444320153e-08
1.324272261626902036e-06
1.899953931570053101e-04
2.169585414230823517e-02
6.913648247718811035e-01
1.862944290041923523e-02
4.968224442958302234e-11
9.109797929340857081e-07
3.815402180862292880e-07
5.382931604981422424e-02
4.145094156265258789e-01
2.152800559997558594e-03
2.946058884845115244e-06
4.062220614287070930e-05
4.912875294685363770e-01
9.963635420717764646e-06
2.129498898284509778e-05
7.898615876911208034e-06
2.191178646171465516e-05
9.161030757240951061e-04
3.479941487312316895e-01
1.602511656528804451e-05
2.167619641113560647e-05
1.866514338644265081e-07
5.491001502377912402e-07
4.675250053765012126e-08
5.245387364993803203e-05
5.491101182997226715e-03
5.236738616076763719e-07
1.164137373166340694e-07
2.293175202794373035e-05
6.128372251987457275e-02
2.105025931342652257e-09
3.153302685632297653e-08
7.585360668599605560e-03
2.432293655374451191e-08
6.562448143959045410e-01
2.262923080706968904e-04
1.291023683734238148e-03
8.178527650670730509e-07
8.221656025853008032e-05
8.400507067563012242e-05
3.636592360578561056e-09
1.969877985175116919e-07
6.592224544021973998e-10
3.474723371255095117e-06
4.690232453867793083e-04
1.476597503824450541e-06
9.805244810534574640e-11
1.142262249231862370e-06
8.558979081030315683e-10
1.082891287751408527e-08
1.830955795867339475e-07
2.755845684987434652e-07
7.896605147550417314e-09
4.076410675679653650e-07
2.745523524936288595e-04
2.779436680810931648e-10
1.505050661876339291e-08
6.740338903910014778e-06
3.593991100788116455e-01
1.096998936134241376e-08
3.371674139884817123e-08
1.644103804210317321e-07
2.135517206625081599e-05
2.046267945843283087e-05
5.741128697991371155e-04
2.752680480480194092e-01
8.000521916073921602e-07
4.745824262499809265e-03
1.620747335255146027e-02
2.287955612700898200e-05
7.303747534751892090e-02
1.666073785600019619e-06
1.026760173772345297e-06
2.394690834517376743e-10
7.099879980087280273e-01
3.073312981882736494e-08
1.176013242343287857e-07
4.582414003806434266e-09
3.117393362117582001e-06
9.986405493691563606e-04
2.549627606640569866e-05
2.053403004538267851e-04
2.884995298213510750e-10
1.198460449813865125e-04
6.074187755584716797e-01
8.812265878077596426e-05
5.212521064095199108e-04
2.817885658146224159e-08
3.383385774213820696e-05
5.730851349028398545e-09
2.408263646066188812e-02
2.049679324045428075e-07
5.337242896530369762e-07
3.123053815215826035e-03
2.426383197307586670e-01
8.550227192927195574e-08
4.352359894710389199e-07
9.678734480544903818e-10
1.364090803690487519e-05
1.976734995841979980e-01
7.966349357957369648e-07
1.598187736817635596e-05
1.171135318145388737e-05
4.381285521048994269e-07
1.657384359532443341e-06
6.033881732037116308e-07
5.849866196513175964e-03
5.817955297970911488e-06
8.673802648351269795e-11
3.544113715179264545e-04
1.254232338396832347e-04
8.575244123676384334e-07
5.366111872717738152e-04
3.376829837975492410e-08
1.752983251890327665e-07
5.518597134823721717e-08
5.356371402740478516e-04
4.066028225224727066e-08
5.615931586362421513e-04
3.280769362845603609e-07
3.524559360812418163e-05
2.306361466253292747e-06
3.996661689598113298e-06
1.937324304890353233e-05
7.434734288835898042e-05
4.322533797562755353e-08
1.401952443025322737e-09
1.200795736622239929e-06
1.447260583518072963e-04
1.939559355378150940e-02
1.166797708719968796e-03
1.726384084577148315e-06
1.761727763671672164e-09
1.677605609984311741e-07
5.689178215106949210e-05
6.984802894294261932e-05
4.076964188470810768e-08
4.879257442524931321e-09
1.184760776595794596e-06
3.545194049365818501e-04
3.408989414310781285e-06
7.438808324877754785e-08
2.987488016970019089e-07
7.578869087865314214e-09
2.432103967294096947e-03
7.885729521512985229e-02
2.525812124076765031e-05
7.537257715739542618e-06
1.053470224142074585e-01
1.123447574968849949e-07
8.148664164764340967e-06
1.685208408161997795e-03
1.580401800538311363e-07
6.944417487829923630e-03
6.254664640437113121e-06
3.274121554568409920e-04
3.902161438418261241e-08
2.964633131341543049e-05
3.441771696088835597e-05
1.960593544936273247e-05
1.064650496118701994e-05
7.534270429765399513e-11
2.580353486436592902e-09
1.212215750001632841e-07
9.916009008884429932e-02
3.917475230991840363e-03
6.810508352828037459e-07
3.043343355102479109e-08
1.124560832977294922e-03
2.471222160238539800e-07
4.358533260528929532e-05
3.880473400386108551e-07
1.472302301408490166e-06
4.138916847296059132e-05
3.354637301526963711e-04
8.683676719665527344e-01
1.341689426226366777e-07
3.177635221618402284e-07
6.422593141905963421e-04
3.910731174983084202e-04
5.169660449028015137e-01
4.667171538130787667e-09
3.256166536402815836e-08
8.352906107902526855e-01
7.747221753007238476e-10
4.536452138381719124e-07
1.712367861728125717e-06
6.477148417616263032e-05
1.170187679235823452e-04
5.005233688279986382e-04
8.141417140450357692e-08
9.347440936835482717e-06
8.494259304825391155e-07
3.399480874577420764e-06
1.532039505036664195e-06
2.034605444123371853e-07
2.493826895952224731e-01
9.806457867966855702e-10
1.782303371555826743e-07
1.837107355129319330e-08
8.463452756404876709e-02
3.236361934000342444e-08
2.304271411266572978e-13
1.212913502968149260e-08
6.351662450470030308e-04
5.905782245463342406e-07
1.542501770757098711e-08
7.062143413349986076e-05
2.309592309757135808e-05
1.277378114394878139e-08
3.941424893127987161e-06
1.963559981277285260e-08
1.411505800206214190e-04
1.059350324794650078e-06
6.229777227417798713e-07
2.272960486493502685e-08
1.768970047123730183e-03
1.160342653747648001e-04
9.664343991744317464e-09
3.229972571716643870e-05
5.512408279173541814e-06
8.851884631440043449e-04
2.296435827955911613e-12
5.196819188313384075e-07
5.605095793725922704e-05
2.075912789223366417e-06
1.084746472770348191e-04
1.272083609364926815e-04
1.006917145218721998e-07
6.941356645029372885e-08
2.944780362668097951e-06
3.687819465994834900e-02
5.052533000707626343e-03
2.045505243586376309e-05
1.215992824654676951e-06
6.344950795173645020e-01
1.811702240956947207e-04
1.139324996620416641e-02
-0.000000000000000000e+00
-0.000000000000000000e+00
-0.000000000000000000e+00
-0.000000000000000000e+00
-0.000000000000000000e+00
-0.000000000000000000e+00
-0.000000000000000000e+00
-0.000000000000000000e+00
-0.000000000000000000e+00
-0.000000000000000000e+00
-0.000000000000000000e+00
-0.000000000000000000e+00
-0.000000000000000000e+00
-0.000000000000000000e+00
-0.000000000000000000e+00
-0.000000000000000000e+00
-0.000000000000000000e+00
-0.000000000000000000e+00
-0.000000000000000000e+00
-0.000000000000000000e+00
-0.000000000000000000e+00
-0.000000000000000000e+00
-0.000000000000000000e+00
-0.000000000000000000e+00
-0.000000000000000000e+00
-0.000000000000000000e+00
-0.000000000000000000e+00
-0.000000000000000000e+00
-0.000000000000000000e+00
-0.000000000000000000e+00
-0.000000000000000000e+00
-0.000000000000000000e+00
-0.000000000000000000e+00
-0.000000000000000000e+00
-0.000000000000000000e+00
-0.000000000000000000e+00
-0.000000000000000000e+00
-0.000000000000000000e+00
-0.000000000000000000e+00
-0.000000000000000000e+00
