1.132773650169838220e-05
1.054179847415070981e-06
7.201283588074147701e-04
4.203191995620727539e-01
5.066182464361190796e-03
3.904639277607202530e-03
2.296869934070855379e-04
5.167348426766693592e-04
1.170626163482666016e+00
3.556774184107780457e-02
8.532518222637008876e-06
6.603535413742065430e-01
4.233035258948802948e-03
9.149116277694702148e-02
6.385366618633270264e-02
4.908871054649353027e-01
3.988231066614389420e-03
7.426130650856066495e-06
1.456164227420231327e-06
2.573281228542327881e-01
2.625031769275665283e-01
8.303744792938232422e-01
6.035039424896240234e-01
2.083749920129776001e-01
3.706887655425816774e-04
6.943783164024353027e-02
1.355671091005206108e-03
1.756248457240872085e-05
6.936940550804138184e-01
3.819362973445095122e-05
3.556166193448007107e-04
6.255955696105957031e-01
3.247534483671188354e-02
1.105096089304424822e-05
1.326592862606048584e-01
6.353737115859985352e-01
3.694183542393147945e-04
5.118511035107076168e-04
4.189977645874023438e-01
6.070173382759094238e-01
4.224456846714019775e-02
7.212650030851364136e-03
1.853192043199669570e-05
3.578320145606994629e-01
1.334903948009014130e-02
4.329833388328552246e-02
2.668744325637817383e-01
2.989375889301300049e-01
3.014241158962249756e-01
1.102310568094253540e-01
3.877411186695098877e-01
1.651745697017759085e-05
5.180310010910034180e-01
9.746409654617309570e-01
2.495582884876057506e-05
6.777535378932952881e-02
1.715405378490686417e-04
4.794429987668991089e-04
4.516329243779182434e-02
9.205104783177375793e-03
4.640921354293823242e-01
2.603457833174616098e-04
1.211902946233749390e-01
4.129270315170288086e-01
1.736911479383707047e-03
9.621521458029747009e-03
3.486347559373825788e-04
9.328368469141423702e-04
7.573851235065376386e-07
1.340833157300949097e-01
4.938922077417373657e-02
2.033839970827102661e-01
2.445846330374479294e-04
2.741207480430603027e-01
2.540977001190185547e-01
6.060220766812562943e-04
7.999236583709716797e-01
6.865444183349609375e-01
2.587088383734226227e-03
6.937349438667297363e-01
4.881243221461772919e-03
3.009977983310818672e-03
5.320184826850891113e-01
2.480711936950683594e-01
8.341156244277954102e-01
2.500181319192051888e-03
1.099043365684337914e-04
7.256468534469604492e-01
2.251299338240642101e-05
3.554941213224083185e-05
2.550195495132356882e-05
3.362027928233146667e-02
2.445729449391365051e-02
9.338931704405695200e-06
9.790602780412882566e-05
2.487913370132446289e-01
1.286149199586361647e-04
1.329420655965805054e-01
6.802884308854117990e-05
5.137188418302685022e-05
2.343845262657850981e-04
3.371213376522064209e-01
8.255128562450408936e-02
6.779802441596984863e-01
1.151991784572601318e-01
1.053902268409729004e+00
5.685943961143493652e-01
6.431865096092224121e-01
8.878315985202789307e-02
2.795085683465003967e-02
5.858962322236038744e-05
6.295486092567443848e-01
1.077208295464515686e-02
1.699524000287055969e-04
3.815555013716220856e-03
3.767366870306432247e-04
4.873055559073691256e-07
3.893378656357526779e-03
7.254812750545625022e-09
3.885679543018341064e-01
2.761788368225097656e-01
2.564137876033782959e-01
3.799229161813855171e-04
1.861253529787063599e-01
1.398886524839326739e-04
3.353333158884197474e-05
1.027939915657043457e-01
1.203887109113566112e-06
2.004810050129890442e-02
5.262459516525268555e-01
5.074465661891736090e-05
2.207016758620738983e-02
2.942459881305694580e-01
5.650350090036226902e-07
1.627524048089981079e-01
3.304264973849058151e-03
5.445612072944641113e-01
1.200570142827928066e-03
5.708265304565429688e-01
4.510883688926696777e-01
1.570319086313247681e-01
2.683135569095611572e-01
7.652304135262966156e-03
6.283478438854217529e-02
1.004757941700518131e-03
3.876305222511291504e-01
6.475970149040222168e-01
9.942148923873901367e-01
9.186214301735162735e-04
1.130233213189058006e-04
3.076697175856679678e-04
7.613484922330826521e-05
7.557089906185865402e-03
5.027418024837970734e-03
8.717968285054666921e-07
2.187705934047698975e-01
2.797316312789916992e-01
1.527895918115973473e-03
2.345618791878223419e-03
1.784645207226276398e-02
1.057404093444347382e-03
3.485431370791047812e-04
5.399799905717372894e-03
4.994325339794158936e-02
4.028984606266021729e-01
1.014414150267839432e-02
1.955262618139386177e-03
4.809602978639304638e-04
6.023201346397399902e-01
9.845125675201416016e-02
2.917876001447439194e-03
2.328800910618156195e-04
4.466324746608734131e-01
9.238806962966918945e-01
1.333287800662219524e-03
2.040073241005302407e-06
1.062144264578819275e-01
1.719247996807098389e-01
1.186574692837893963e-03
2.847520411014556885e-01
1.127836410887539387e-03
4.031897336244583130e-02
4.578689485788345337e-02
1.036803610622882843e-02
3.013231034856289625e-04
6.489623785018920898e-01
8.993756175041198730e-01
2.375408634543418884e-02
6.794673800468444824e-01
8.826146125793457031e-01
6.437684595584869385e-02
2.974746823310852051e-01
5.783552187494933605e-04
3.949488401412963867e-01
6.737540960311889648e-01
5.478104110807180405e-03
5.040935866418294609e-05
3.070674240589141846e-01
9.665254765423014760e-07
3.937496148864738643e-05
2.024574541792389937e-06
4.480303614400327206e-04
1.498757163062691689e-03
7.169153094291687012e-01
4.685147141572088003e-04
8.566312026232481003e-04
1.819811994209885597e-03
4.938836768269538879e-02
7.170218825340270996e-01
5.095826387405395508e-01
9.396339883096516132e-04
1.285051403101533651e-04
4.736226424574851990e-02
1.782112941145896912e-02
6.022033691406250000e-01
2.891668677330017090e-01
4.128687977790832520e-01
7.007845852058380842e-05
7.616818696260452271e-02
2.125037610530853271e-01
1.112572327256202698e-01
4.639627784490585327e-02
2.701970288399024867e-06
8.850368321873247623e-04
6.257578730583190918e-01
8.484994620084762573e-02
1.017552763223648071e-01
1.446843729354441166e-03
5.386474658735096455e-04
7.579724192619323730e-01
4.483572840690612793e-01
2.394663169980049133e-05
1.470200270414352417e-01
2.904766704887151718e-03
7.856598240323364735e-04
2.677428346942178905e-05
5.092923674965277314e-05
6.678090691566467285e-01
3.216216862201690674e-01
1.726390421390533447e-01
6.103430390357971191e-01
9.254673719406127930e-01
9.437692910432815552e-02
2.362858367632725276e-06
1.032176762819290161e-01
1.453124433755874634e-01
3.405575698707252741e-04
1.466863555833697319e-03
1.171203446574509144e-03
1.103860959410667419e-01
5.379341915249824524e-02
3.473611082881689072e-03
7.737131416797637939e-02
1.305791437625885010e-01
8.697339799255132675e-04
2.929238602519035339e-02
-0.000000000000000000e+00
-0.000000000000000000e+00
-0.000000000000000000e+00
-0.000000000000000000e+00
-0.000000000000000000e+00
-0.000000000000000000e+00
-0.000000000000000000e+00
-0.000000000000000000e+00
-0.000000000000000000e+00
-0.000000000000000000e+00
-0.000000000000000000e+00
-0.000000000000000000e+00
-0.000000000000000000e+00
-0.000000000000000000e+00
-0.000000000000000000e+00
-0.000000000000000000e+00
-0.000000000000000000e+00
-0.000000000000000000e+00
-0.000000000000000000e+00
-0.000000000000000000e+00
