2.631586103234440088e-04
8.805364370346069336e-03
1.138459518551826477e-01
5.322858095169067383e-01
3.916637599468231201e-02
1.619655173271894455e-03
1.173041062429547310e-03
1.477826619520783424e-03
2.397658824920654297e-01
6.597929596900939941e-01
1.985125563805922866e-04
5.932072997093200684e-01
9.524673223495483398e-03
3.534765541553497314e-02
8.976260423660278320e-01
4.717458784580230713e-01
4.198758862912654877e-03
3.690955927595496178e-03
2.906718291342258453e-04
6.338000297546386719e-01
3.226017653942108154e-01
5.066150426864624023e-01
6.226173639297485352e-01
5.934387445449829102e-01
1.381365209817886353e-02
7.800174951553344727e-01
1.520038396120071411e-01
4.741311818361282349e-02
3.295797705650329590e-01
2.016973495483398438e-01
7.868317879911046475e-06
7.380108833312988281e-01
5.370246767997741699e-01
8.889009244740009308e-03
8.819989114999771118e-02
7.890101075172424316e-01
3.755628764629364014e-01
6.225038170814514160e-01
3.764946758747100830e-01
2.199990153312683105e-01
6.596667766571044922e-01
6.904623936861753464e-03
1.285456528421491385e-04
4.694499969482421875e-01
7.474328279495239258e-01
5.176298022270202637e-01
7.094656229019165039e-01
1.537139643914997578e-03
8.274642229080200195e-01
2.096857503056526184e-02
5.448907613754272461e-02
2.024888992309570312e-03
4.346580803394317627e-02
1.304377675056457520e+00
3.732345358002930880e-04
1.694434434175491333e-01
7.078018970787525177e-03
2.745541632175445557e-01
3.772715628147125244e-01
4.966519773006439209e-01
5.581282973289489746e-01
3.262999700382351875e-03
3.030744791030883789e-01
1.081467032432556152e+00
3.798469901084899902e-01
4.720706492662429810e-03
1.351356599479913712e-02
1.473544980399310589e-04
5.022832192480564117e-04
4.714455455541610718e-02
5.082237720489501953e-01
5.421954989433288574e-01
2.385573461651802063e-02
7.253600656986236572e-02
9.513866156339645386e-02
3.180494997650384903e-03
3.451677784323692322e-02
6.833332777023315430e-01
2.278977446258068085e-02
7.103426456451416016e-01
6.274717450141906738e-01
3.003137558698654175e-02
2.594351768493652344e-01
6.796753406524658203e-01
2.116440981626510620e-01
3.763777390122413635e-02
1.490318099968135357e-04
1.244121491909027100e-01
2.421909477561712265e-03
1.860163611127063632e-04
8.976084645837545395e-04
2.978042513132095337e-02
1.237550005316734314e-01
1.196819096803665161e-01
2.282503992319107056e-02
1.835824847221374512e-01
3.067370271310210228e-04
2.407689988613128662e-01
1.086017116904258728e-03
4.465925693511962891e-01
5.359303206205368042e-02
5.640573501586914062e-01
2.045811340212821960e-02
1.139761134982109070e-01
6.741847991943359375e-01
1.068793654441833496e+00
6.512204408645629883e-01
1.437565982341766357e-01
6.643276661634445190e-03
8.570634722709655762e-01
1.364728342741727829e-02
4.100664258003234863e-01
5.048379302024841309e-01
1.582051068544387817e-02
7.878588438034057617e-01
6.345249130390584469e-04
7.044958416372537613e-03
1.757927704602479935e-03
5.417165880317043047e-07
3.113145232200622559e-01
3.003140736836940050e-04
4.301655571907758713e-03
9.536746656522154808e-04
1.928320378065109253e-01
5.095929838716983795e-03
7.119546178728342056e-03
1.045294404029846191e+00
6.455659786297474056e-06
3.039304316043853760e-01
4.357670545578002930e-01
6.400803104043006897e-04
9.730595350265502930e-01
7.197676599025726318e-02
2.471544430591166019e-04
5.713495016098022461e-01
2.527000941336154938e-02
2.753123082220554352e-02
2.739043533802032471e-02
1.482484787702560425e-01
1.896143541671335697e-03
3.475647568702697754e-01
8.298633694648742676e-01
5.789612233638763428e-02
1.070939064025878906e+00
1.330730132758617401e-02
3.577651083469390869e-01
2.762449979782104492e-01
4.423332214355468750e-02
3.884583115577697754e-01
2.820275723934173584e-02
3.146985545754432678e-02
1.744840759783983231e-03
3.464645892381668091e-02
5.674938857555389404e-02
1.788798108464106917e-04
8.254402875900268555e-01
3.666462600231170654e-01
9.750968962907791138e-02
4.736941191367805004e-04
1.577212475240230560e-02
2.436351478099822998e-01
1.919385232031345367e-02
6.919106096029281616e-02
6.954690068960189819e-02
5.132699757814407349e-02
1.154729048721492290e-03
4.473671913146972656e-01
3.843865823000669479e-03
5.386611223220825195e-01
7.781455665826797485e-02
1.111475229263305664e-01
4.846836999058723450e-02
3.851377964019775391e-01
9.632972478866577148e-01
1.383340638130903244e-02
4.612117481883615255e-04
4.707967042922973633e-01
5.109069943428039551e-01
8.183419704437255859e-03
7.148460149765014648e-01
3.221884369850158691e-02
4.840398952364921570e-02
1.401996314525604248e-01
1.137257814407348633e-01
1.616455498151481152e-03
1.347660720348358154e-01
6.917788386344909668e-01
4.713016003370285034e-02
1.635723710060119629e-01
2.327476739883422852e-01
7.476638257503509521e-02
2.338819205760955811e-02
7.291838526725769043e-03
5.424351692199707031e-01
5.267482995986938477e-01
6.957936882972717285e-01
3.082719631493091583e-02
6.964513063430786133e-01
2.483860880602151155e-04
1.136674545705318451e-03
6.406949250958859921e-04
5.227262154221534729e-03
7.146057486534118652e-02
7.199410200119018555e-01
6.850494146347045898e-01
5.899197421967983246e-03
4.942577797919511795e-03
9.305652379989624023e-01
1.021911576390266418e-01
3.625874817371368408e-01
2.172607183456420898e-01
6.378436461091041565e-03
3.873640596866607666e-01
3.208289742469787598e-01
4.246227443218231201e-01
2.062033116817474365e-01
2.821564972400665283e-01
7.733472157269716263e-03
7.154966592788696289e-01
2.703666090965270996e-01
2.518259584903717041e-01
6.522545008920133114e-04
3.507677465677261353e-04
2.926245797425508499e-04
4.641422629356384277e-01
4.675808250904083252e-01
2.250075340270996094e-03
3.560313489288091660e-03
3.346555680036544800e-02
7.490577697753906250e-01
1.247745037078857422e+00
2.767687197774648666e-03
5.635008811950683594e-01
2.202657423913478851e-02
6.355232745409011841e-02
3.561579436063766479e-02
5.464301444590091705e-03
9.222252666950225830e-02
5.247013270854949951e-02
4.459785670042037964e-02
1.425876617431640625e-01
9.670843482017517090e-01
5.213607549667358398e-01
5.491855972650228068e-06
4.859588146209716797e-01
3.376952186226844788e-02
1.616375893354415894e-02
2.734677167609333992e-03
2.640206217765808105e-01
4.268556237220764160e-01
1.073341537266969681e-02
4.757046699523925781e-02
1.461656987667083740e-01
1.602332890033721924e-01
2.169064432382583618e-01
7.453050464391708374e-03
-0.000000000000000000e+00
-0.000000000000000000e+00
-0.000000000000000000e+00
-0.000000000000000000e+00
-0.000000000000000000e+00
-0.000000000000000000e+00
-0.000000000000000000e+00
-0.000000000000000000e+00
-0.000000000000000000e+00
-0.000000000000000000e+00
-0.000000000000000000e+00
-0.000000000000000000e+00
-0.000000000000000000e+00
-0.000000000000000000e+00
-0.000000000000000000e+00
-0.000000000000000000e+00
-0.000000000000000000e+00
-0.000000000000000000e+00
-0.000000000000000000e+00
-0.000000000000000000e+00
