3.268983066082000732e-01
8.673671483993530273e-01
5.268704295158386230e-01
3.137023448944091797e-01
8.237236738204956055e-01
5.068569779396057129e-01
1.722026169300079346e-01
1.004402875900268555e+00
5.495751500129699707e-01
6.541804075241088867e-01
2.248289994895458221e-03
5.401065349578857422e-01
2.589778741821646690e-03
1.571969623910263181e-04
2.920522913336753845e-02
1.434704214334487915e-01
3.500681221485137939e-01
5.652372539043426514e-02
6.340559571981430054e-03
4.735748171806335449e-01
6.012151789036579430e-05
1.196170806884765625e+00
4.551984369754791260e-01
5.391812920570373535e-01
1.887342147529125214e-02
5.508794188499450684e-01
7.918182611465454102e-01
6.521942615509033203e-01
5.117169395089149475e-02
3.307399526238441467e-02
3.522749617695808411e-02
5.571883320808410645e-01
3.821016252040863037e-01
1.603939384222030640e-01
1.183936834335327148e+00
1.039096247404813766e-02
1.932679414749145508e-01
1.145149707794189453e+00
6.305114030838012695e-01
9.372810833156108856e-03
5.250135902315378189e-03
3.721215063706040382e-03
1.726595759391784668e-01
4.160423949360847473e-02
5.477716773748397827e-02
1.262388825416564941e-01
8.915643393993377686e-02
5.380853414535522461e-01
8.813572674989700317e-02
2.829910663422197104e-04
3.223304520361125469e-04
3.830103576183319092e-01
6.486868858337402344e-01
4.072917997837066650e-01
2.879281342029571533e-01
1.228536725044250488e+00
9.266468882560729980e-02
6.121263722889125347e-04
2.029782393947243690e-03
3.568099737167358398e-01
2.052519630524329841e-05
2.910451889038085938e-01
5.691264867782592773e-01
7.751722931861877441e-01
3.145933849737048149e-03
5.477530956268310547e-01
6.658063530921936035e-01
2.066247863695025444e-03
2.692659944295883179e-02
1.231180906295776367e+00
8.776427060365676880e-02
1.524784266948699951e-01
2.126430273056030273e-01
4.820368252694606781e-03
6.618035435676574707e-01
2.171056717634201050e-01
2.975541725754737854e-02
8.944556117057800293e-01
1.955970004200935364e-02
1.044152770191431046e-02
1.475939643569290638e-04
4.845976456999778748e-02
1.088151402655057609e-04
6.999281048774719238e-01
8.806383609771728516e-01
1.070965640246868134e-02
1.562338415533304214e-02
1.271273288875818253e-02
3.238128423690795898e-01
1.474656462669372559e-01
4.279022812843322754e-01
6.506010890007019043e-01
4.631718695163726807e-01
5.163854360580444336e-01
1.703243851661682129e-01
2.540949173271656036e-02
3.093007504940032959e-01
8.959236145019531250e-01
1.397471725940704346e-01
5.912074074149131775e-02
5.349696874618530273e-01
5.124887228012084961e-01
8.065954446792602539e-01
1.253454014658927917e-02
5.851670503616333008e-01
6.010828018188476562e-01
1.072527647018432617e+00
2.465445781126618385e-03
1.000529387965798378e-03
4.535256028175354004e-01
3.740284144878387451e-01
3.348219990730285645e-01
6.403040885925292969e-01
1.033852100372314453e+00
4.553121924400329590e-01
3.611653810366988182e-03
6.955682635307312012e-01
2.354447394609451294e-01
5.312025547027587891e-01
1.499077379703521729e-01
8.225568308262154460e-05
4.002694971859455109e-03
2.284084558486938477e-01
1.009025216102600098e+00
9.787361621856689453e-01
5.809594392776489258e-01
9.991793036460876465e-01
7.336097955703735352e-01
2.051797055173665285e-04
3.273925540270283818e-05
6.870969533920288086e-01
4.653372466564178467e-01
5.045267753303050995e-03
6.788429021835327148e-01
1.158967494964599609e+00
1.675073206424713135e-01
1.240364760160446167e-01
2.228758633136749268e-01
1.099700555205345154e-01
1.190723758190870285e-02
4.411029294715262949e-06
1.235495805740356445e+00
7.029638886451721191e-01
6.276705861091613770e-01
3.140745162963867188e-01
2.566125243902206421e-03
3.156227176077663898e-04
1.100928783416748047e+00
4.782339334487915039e-01
4.254993498325347900e-01
4.069454669952392578e-01
4.565603137016296387e-01
1.577115326654165983e-04
3.155786097049713135e-01
6.621815562248229980e-01
8.314162492752075195e-01
7.828959263861179352e-03
1.877252012491226196e-01
5.526825785636901855e-01
6.687874794006347656e-01
7.045607566833496094e-01
2.830758988857269287e-01
1.626283116638660431e-02
9.824445005506277084e-04
1.653109490871429443e-01
4.515119791030883789e-01
4.689679145812988281e-01
6.742573976516723633e-01
5.031452178955078125e-01
4.499140381813049316e-02
3.641946315765380859e-01
1.107588529586791992e+00
7.846343942219391465e-05
1.012947916984558105e+00
7.078592777252197266e-01
1.695901155471801758e-02
3.464665114879608154e-01
1.565279066562652588e-02
9.512340277433395386e-02
1.644715517759323120e-01
5.106453895568847656e-01
5.127238035202026367e-01
2.053410559892654419e-01
5.954038933850824833e-04
3.507114946842193604e-01
8.164154291152954102e-01
7.425607442855834961e-01
1.319479048252105713e-01
2.231124526588246226e-04
1.376919448375701904e-03
2.549004554748535156e-02
7.273650169372558594e-01
1.183527946472167969e+00
1.547285064589232206e-04
4.509814456105232239e-02
3.179769515991210938e-01
3.413586020469665527e-01
1.021303003653883934e-03
2.206193059682846069e-01
3.645342886447906494e-01
6.805226802825927734e-01
7.568494677543640137e-01
9.010334312915802002e-02
9.813742508413270116e-05
2.886511571705341339e-02
4.349358379840850830e-02
5.074957609176635742e-01
7.610703110694885254e-01
7.648675888776779175e-02
2.941284179687500000e-01
1.217184774577617645e-02
1.017785549163818359e+00
1.912204623222351074e-01
4.401470124721527100e-01
2.294003497809171677e-03
4.773485362529754639e-01
8.700794726610183716e-02
5.678744614124298096e-02
2.164174914360046387e-01
2.682295739650726318e-01
2.200327441096305847e-02
5.899106264114379883e-01
3.382360637187957764e-01
7.167852669954299927e-02
1.061254079104401171e-04
7.914197631180286407e-04
4.227901101112365723e-01
3.825373649597167969e-01
3.910439014434814453e-01
6.764041781425476074e-01
9.252493977546691895e-01
1.087094187736511230e+00
1.054209098219871521e-01
1.137795805931091309e+00
7.924432754516601562e-01
1.050926893949508667e-01
4.014532864093780518e-01
3.502546678646467626e-05
6.955044269561767578e-01
6.655330955982208252e-02
8.083858489990234375e-01
1.692805886268615723e-01
3.061694325879216194e-03
3.026946261525154114e-02
9.188883751630783081e-02
7.393267154693603516e-01
1.207864377647638321e-02
4.817118942737579346e-01
4.970370531082153320e-01
9.559241533279418945e-01
4.956821799278259277e-01
2.177489399909973145e-01
7.093219757080078125e-01
8.277443647384643555e-01
1.941966712474822998e-01
6.126943510025739670e-03
-0.000000000000000000e+00
-0.000000000000000000e+00
-0.000000000000000000e+00
-0.000000000000000000e+00
-0.000000000000000000e+00
-0.000000000000000000e+00
-0.000000000000000000e+00
-0.000000000000000000e+00
-0.000000000000000000e+00
-0.000000000000000000e+00
-0.000000000000000000e+00
-0.000000000000000000e+00
-0.000000000000000000e+00
-0.000000000000000000e+00
-0.000000000000000000e+00
-0.000000000000000000e+00
-0.000000000000000000e+00
-0.000000000000000000e+00
-0.000000000000000000e+00
-0.000000000000000000e+00
