1.409430615603923798e-02
8.497796654701232910e-01
2.982958064584595448e-12
3.413004055619239807e-02
6.466609984636306763e-02
9.340326189994812012e-01
1.470075338147580624e-03
8.165636062622070312e-01
1.703990697860717773e-01
6.582920323126018047e-04
8.328914046287536621e-01
1.266532391309738159e-01
2.785361175483558327e-05
5.642334244271296484e-08
3.602531251090113074e-06
1.717793020361568779e-05
3.089922964572906494e-01
1.514738755759026390e-06
6.489050388336181641e-01
1.016648054122924805e+00
1.565307378768920898e-01
2.909804170485585928e-04
7.279409170150756836e-01
2.065281150862574577e-03
8.243093267083168030e-03
6.620414257049560547e-01
2.380227856338024139e-02
6.356614176183938980e-04
6.797205209732055664e-01
7.276012897491455078e-01
8.310810923576354980e-01
1.004182966426014900e-03
3.150869533419609070e-02
6.431829929351806641e-02
3.358649313449859619e-01
5.303663056110963225e-05
6.269357527344254777e-06
2.746448218822479248e-01
5.892384052276611328e-01
5.513589829206466675e-02
3.019734099507331848e-02
4.128929227590560913e-02
1.316924135608132929e-05
2.437149919569492340e-02
2.114921063184738159e-02
1.973702339455485344e-03
7.232744097709655762e-01
8.908311836421489716e-03
3.093681633472442627e-01
1.467562794685363770e+00
8.294274448417127132e-05
4.556895873975008726e-06
3.469424247741699219e-01
6.608404219150543213e-02
2.071426279144361615e-04
3.388444706797599792e-02
9.868255257606506348e-02
2.223376333713531494e-01
3.086506621912121773e-03
2.426409082545433193e-05
4.545720585156232119e-04
2.157613821327686310e-02
5.755681544542312622e-02
1.255902316188439727e-05
6.909916400909423828e-01
5.148768424987792969e-01
1.990530407169899263e-08
3.573451563715934753e-02
6.096142530441284180e-01
6.806280016899108887e-01
1.338305417448282242e-03
7.884848117828369141e-01
5.467677328852005303e-05
1.456034624425228685e-05
1.008068248629570007e-01
6.298386454582214355e-01
3.056389279663562775e-02
8.927072049118578434e-04
6.753977504558861256e-04
3.010723730767494999e-06
1.213326491415500641e-02
1.093702390789985657e-02
8.122192025184631348e-01
4.712217487394809723e-03
4.222180905344430357e-06
9.528270084047107957e-08
2.236029319465160370e-02
6.918260623933747411e-05
1.050479888916015625e+00
9.194589406251907349e-02
1.085004914784803987e-04
2.769574522972106934e-01
1.923136413097381592e-03
1.657549440860748291e-01
1.444553434848785400e-01
5.578214302659034729e-03
2.238765824586153030e-03
6.664270162582397461e-01
5.645160079002380371e-01
4.665444791316986084e-02
9.973954409360885620e-02
3.855241695418953896e-03
2.070295959711074829e-01
6.533281877636909485e-03
5.813663601875305176e-01
3.048605471849441528e-02
4.486261308193206787e-02
7.014404535293579102e-01
7.349163643084466457e-04
6.875786781311035156e-01
4.771526753902435303e-01
7.157514337450265884e-04
6.521514058113098145e-02
4.004787188023328781e-04
1.517436234280467033e-03
7.021391391754150391e-01
2.836450934410095215e-03
8.800732321105897427e-04
3.158813714981079102e-02
7.939674891531467438e-03
6.302347183227539062e-01
2.861576713621616364e-02
1.162874013971304521e-06
2.273879572749137878e-02
6.414350122213363647e-02
1.489670947194099426e-03
3.795216679573059082e-01
4.656407535076141357e-01
1.868595722598342945e-09
7.283240120159462094e-05
2.234382182359695435e-02
2.816932741552591324e-03
1.935716532170772552e-02
2.658923268318176270e-01
2.670035755727440119e-04
1.458229089621454477e-04
4.828793182969093323e-02
1.624276787042617798e-01
8.832233957946300507e-03
6.872136890888214111e-02
2.235993742942810059e-01
2.409263397566974163e-04
1.323492142546456307e-07
1.271247416734695435e-01
6.748956441879272461e-01
4.624581833923002705e-06
5.778210163116455078e-01
2.535806503146886826e-03
4.776971351816428069e-08
8.749699918553233147e-04
9.864954336080700159e-06
6.342417001724243164e-01
2.376740612089633942e-02
1.755470782518386841e-01
1.991064520552754402e-03
6.408205255866050720e-03
1.077582314610481262e-01
1.418467611074447632e-01
2.427306622266769409e-01
2.355817146599292755e-02
5.894484519958496094e-01
5.297535099089145660e-04
1.077527878805994987e-03
3.339389860630035400e-01
5.302964448928833008e-01
7.541077502537518740e-05
5.716525316238403320e-01
5.238633093540556729e-06
4.748479127883911133e-01
9.945085048675537109e-01
1.589908152818679810e-01
1.875034868717193604e-01
4.348706919699907303e-03
1.453620288521051407e-02
6.850337386131286621e-01
2.440484762191772461e-01
5.280278995633125305e-02
2.746223211288452148e-01
4.551454912871122360e-04
5.508563946932554245e-03
8.787117898464202881e-03
8.892002701759338379e-02
7.142363028833642602e-05
1.281562447547912598e-01
4.484372766455635428e-05
1.182089969515800476e-01
6.835145177319645882e-04
4.193248450756072998e-01
1.259754970669746399e-02
2.148190251318737864e-04
2.055210769176483154e-01
6.968280673027038574e-01
5.900133146496955305e-06
7.370448708534240723e-01
2.060323767364025116e-02
5.904604122042655945e-02
9.753768891096115112e-02
1.158521627075970173e-05
2.290183752775192261e-01
4.944392293691635132e-02
2.989660060848109424e-05
7.321675121784210205e-02
1.794052869081497192e-02
1.192057621665298939e-03
1.295321881771087646e-01
3.933561220765113831e-02
2.016371786594390869e-01
2.242201119661331177e-01
1.031880401569651440e-05
4.492692276835441589e-02
4.916303791105747223e-03
5.635107755661010742e-01
9.178183972835540771e-06
3.354937955737113953e-02
7.891543646110221744e-05
9.073220193386077881e-02
2.516999840736389160e-01
8.926838636398315430e-03
1.157179707661271095e-03
8.854680508375167847e-02
1.079234719276428223e+00
2.989024796988815069e-04
2.341372010050690733e-06
4.804234951734542847e-02
6.162903308868408203e-01
2.907872200012207031e-02
4.445523321628570557e-01
6.173561140894889832e-02
2.595059201121330261e-02
3.905689809471368790e-03
3.048032708466053009e-02
7.579527497291564941e-01
5.326563864946365356e-02
1.402965630404651165e-03
7.687831521034240723e-01
6.097396370023488998e-03
1.034388318657875061e-02
6.933442503213882446e-02
4.615789651870727539e-01
3.005897067487239838e-02
3.679922549054026604e-03
4.001540946774184704e-04
4.635784029960632324e-01
3.502091765403747559e-01
1.955985091626644135e-03
3.281231969594955444e-02
2.121224970323964953e-04
7.467540912330150604e-03
1.150831729173660278e-01
3.585844039916992188e-01
1.378250890411436558e-04
4.851424098014831543e-01
3.967383410781621933e-03
9.542324569400406631e-11
8.878403902053833008e-02
2.746996702626347542e-03
5.877856612205505371e-01
1.636510132811963558e-04
1.574330925941467285e-01
8.011233806610107422e-01
9.125082939863204956e-02
8.797793388366699219e-01
5.586881190538406372e-03
2.431927621364593506e-01
6.578685045242309570e-01
6.841078996658325195e-01
4.195458255708217621e-03
2.970406115055084229e-01
3.267598152160644531e-02
5.908401012420654297e-01
3.623399243224412203e-04
3.418216947466135025e-03
1.402738690376281738e-01
1.792964637279510498e-01
3.017862036358565092e-04
5.557020306587219238e-01
2.657598070800304413e-02
6.634705066680908203e-01
2.394154220819473267e-01
5.817056298255920410e-01
4.198316037654876709e-01
4.944157786667346954e-03
1.325025320053100586e+00
4.805390834808349609e-01
1.474706805311143398e-04
6.649779081344604492e-01
9.023156017065048218e-03
1.852940658864099532e-05
1.046092510223388672e-01
3.156396150588989258e-01
6.519321799278259277e-01
3.677173808682709932e-04
1.939182877540588379e-01
1.018236507661640644e-03
1.862118719145655632e-03
4.342645406723022461e-01
1.203010559082031250e+00
3.803417980670928955e-01
3.753082826733589172e-02
1.617490127682685852e-02
7.067409753799438477e-01
6.392748019834471052e-08
3.601667799557617400e-07
3.770022690296173096e-01
5.605222191661596298e-03
4.355932772159576416e-01
1.126253157854080200e-01
6.766576766967773438e-01
5.254052206873893738e-02
7.195405196398496628e-03
5.627408390864729881e-04
1.801307196728885174e-03
3.590800406527705491e-05
5.303224315866827965e-04
5.814796090126037598e-01
1.916805505752563477e-01
6.889896988868713379e-01
3.630129387602210045e-03
1.107710506767034531e-02
6.034939885139465332e-01
6.340985298156738281e-01
1.678974479436874390e-01
1.839680522680282593e-01
6.839482188224792480e-01
2.356383353471755981e-01
3.099166043102741241e-02
7.249519824981689453e-01
2.010576575994491577e-01
7.728880047798156738e-01
4.396487399935722351e-02
5.772598832845687866e-02
2.838117768988013268e-03
1.923619565786793828e-04
4.067186266183853149e-03
1.121994457207620144e-03
4.574098420562222600e-05
9.303616765876654426e-10
3.448237776756286621e-01
2.682731151580810547e-01
9.116621613502502441e-01
2.383496706670484855e-07
1.681053265929222107e-02
6.179015035741031170e-04
5.071825347840785980e-03
6.154069304466247559e-01
2.440866082906723022e-02
6.706676231260644272e-06
2.906652298406697810e-06
4.104964137077331543e-01
3.342378437519073486e-01
1.053736448287963867e+00
4.690244793891906738e-01
1.923601478338241577e-01
6.923723220825195312e-01
2.875022217631340027e-02
9.473255872726440430e-01
5.319271981716156006e-02
8.480222313664853573e-04
3.262811601161956787e-01
1.590959436725825071e-05
7.021332625299692154e-03
1.969581097364425659e-01
7.424014806747436523e-01
2.990179928019642830e-03
5.139432549476623535e-01
6.739090383052825928e-02
9.290297329425811768e-02
1.890722662210464478e-01
1.294784992933273315e-01
5.080887931399047375e-04
1.226803660392761230e-01
4.922351799905300140e-04
6.112942695617675781e-01
2.223128080368041992e-02
1.997382044792175293e-01
1.715758442878723145e-02
1.897664219141006470e-01
8.963757136370986700e-05
8.985396125353872776e-04
8.752295374870300293e-01
4.182604849338531494e-01
1.800904758653132376e-09
3.440866569535266928e-13
7.976031899452209473e-01
1.093893349170684814e-01
1.444813422858715057e-02
1.049126386642456055e-01
8.271615505218505859e-01
5.780376791954040527e-01
2.549033463001251221e-01
4.178193211555480957e-02
1.303277015686035156e-01
7.864200510084629059e-03
2.125243246555328369e-01
1.733754873275756836e-01
4.345394877258712540e-11
1.577447164891054854e-06
6.211708784103393555e-01
5.653609037399291992e-01
9.808358736336231232e-04
8.182782679796218872e-03
2.607618272304534912e-01
4.570333659648895264e-02
2.399377478923270246e-07
1.547741936519742012e-03
8.308536373078823090e-03
6.298386454582214355e-01
2.250848325502374792e-07
8.020865607250016183e-06
1.112673878669738770e-01
2.218773402273654938e-02
3.440048173069953918e-02
5.382221192121505737e-03
2.755656652152538300e-02
3.684765845537185669e-02
6.360667943954467773e-01
6.889945268630981445e-01
4.844735958613455296e-04
6.242105737328529358e-03
9.283948689699172974e-03
3.092452650889754295e-03
6.226864002201182302e-07
7.543480955064296722e-03
4.174271970987319946e-02
6.633129902184009552e-03
3.864589333534240723e-02
1.825791969895362854e-02
2.659795582294464111e-01
3.385846614837646484e-01
1.989508122205734253e-01
3.215228393673896790e-02
4.772654473781585693e-01
3.883569240570068359e-01
1.373954582959413528e-03
3.360024711582809687e-04
2.300386313436320052e-06
6.064004823565483093e-02
2.847311552613973618e-04
4.165644757449626923e-03
6.156569719314575195e-02
1.241699010279262438e-07
9.027928172145038843e-06
5.411069095134735107e-02
1.647633325774222612e-05
2.926749289035797119e-01
1.329516550185871893e-07
4.227427393198013306e-02
5.149798817001283169e-04
9.663992561399936676e-03
2.480579912662506104e-02
2.901366678997874260e-03
2.410183288156986237e-02
1.185275241732597351e-02
1.382504217326641083e-02
1.401277817785739899e-02
2.582262095529586077e-04
1.065367632691049948e-05
3.406880497932434082e-01
1.169555857777595520e-01
2.628477290272712708e-02
6.286298036575317383e-01
2.454016916453838348e-02
1.197683285880657422e-09
5.493394285440444946e-02
6.376412510871887207e-01
7.284839451313018799e-02
5.706506222486495972e-02
1.953328726813197136e-03
1.080871447920799255e-01
6.298956274986267090e-01
5.686982149200048298e-06
3.334646224975585938e-01
1.668886397965252399e-05
1.513630850240588188e-03
2.188990620197728276e-04
3.613698780536651611e-01
5.170031450688838959e-03
5.062363743782043457e-01
6.041378378868103027e-01
1.729971915483474731e-01
4.930391162633895874e-02
6.922818422317504883e-01
2.484240394551306963e-04
9.998244931921362877e-04
6.820317503297701478e-05
2.653675619512796402e-03
4.768964052200317383e-01
1.198000013828277588e-01
6.167831644415855408e-02
3.641194325609831139e-06
5.059115886688232422e-01
2.260121703147888184e-02
3.327284357510507107e-04
2.523389121051877737e-04
1.416321564465761185e-02
2.876026555895805359e-02
7.141266250982880592e-04
5.825342535972595215e-01
1.174634546041488647e-01
1.687218248844146729e-02
1.138474605977535248e-02
1.360711507913947571e-07
2.081302372971549630e-04
2.213240861692611361e-07
6.932173967361450195e-01
1.582925207912921906e-02
3.564002215862274170e-01
1.955377012491226196e-01
1.485441997647285461e-02
4.166191909462213516e-03
1.782362814992666245e-04
4.416811838746070862e-02
2.111340314149856567e-01
8.868697285652160645e-01
6.034666299819946289e-01
4.245446920394897461e-01
7.032722351141273975e-05
1.514979521743953228e-04
4.456493854522705078e-01
9.403308629989624023e-01
8.854680508375167847e-02
7.499455387005582452e-05
8.188210427761077881e-02
4.723514616489410400e-02
4.555369317531585693e-01
8.576407708460465074e-05
3.240703372284770012e-04
6.930651664733886719e-01
2.863462865352630615e-01
2.203401029109954834e-01
1.191681716591119766e-03
1.264115720987319946e-01
3.500415384769439697e-01
4.439340829849243164e-01
5.198227763175964355e-01
5.633842945098876953e-02
7.796220481395721436e-02
7.237814664840698242e-01
4.749317467212677002e-02
4.309428334236145020e-01
2.749401628971099854e-01
7.719631791114807129e-01
1.706188195385038853e-04
2.316204756498336792e-01
5.472182035446166992e-01
8.815329783828929067e-05
7.549115270376205444e-02
9.343422017991542816e-03
2.014107303693890572e-03
2.461623400449752808e-01
4.986242055892944336e-01
2.462641596794128418e-01
5.429872274398803711e-01
1.766967028379440308e-02
5.057533737272024155e-03
1.355240643024444580e-01
7.490792125463485718e-02
1.629303005756810308e-05
6.293170452117919922e-01
9.848117828369140625e-03
2.367522029089741409e-05
1.119767189025878906e+00
7.954854518175125122e-04
9.588360786437988281e-02
4.471863503567874432e-04
3.831047117710113525e-01
6.510795950889587402e-01
3.029709681868553162e-03
6.536598084494471550e-05
2.729133484535850585e-05
9.263684478355571628e-05
5.198726654052734375e-01
9.346370934508740902e-04
4.772020038217306137e-03
2.563842535018920898e-01
1.850582286715507507e-02
4.696922376751899719e-03
6.777683496475219727e-01
5.366575095422376762e-08
3.803341197539111818e-09
2.876478720281738788e-05
4.918253421783447266e-02
1.024820089340209961e+00
8.738541603088378906e-02
3.150261938571929932e-02
9.408509868080727756e-06
2.519807405769824982e-02
1.398185342550277710e-01
5.937328406702135908e-11
4.055172670632600784e-03
7.832754636183381081e-05
3.630843013525009155e-03
8.419337100349366665e-04
6.147692329250276089e-04
2.238694811239838600e-03
1.124417856335639954e-01
4.455725252628326416e-01
3.449701466706756037e-07
1.669658580794930458e-03
1.303050946444272995e-02
7.151833176612854004e-02
5.601649731397628784e-02
6.210800409317016602e-01
9.774641133844852448e-03
2.455407184243085794e-06
4.786388278007507324e-01
3.808340802788734436e-02
1.445297966711223125e-03
8.050366773204586934e-07
4.221264272928237915e-03
2.489783335477113724e-03
1.624785922467708588e-02
5.819401741027832031e-01
1.413242965936660767e-01
8.099649846553802490e-02
3.218037076294422150e-03
6.062650680541992188e-01
1.554163265973329544e-02
3.638378679752349854e-01
1.703965105116367340e-02
3.516332209110260010e-01
1.666665525590360630e-06
1.235493868589401245e-01
3.237766399979591370e-02
2.653619276316021569e-06
3.135285223834216595e-04
1.237157383002340794e-03
9.735674597322940826e-03
3.924475610256195068e-02
1.800383673980832100e-03
3.529569599777460098e-03
2.006154863920528442e-05
3.023734688758850098e-01
3.386960830539464951e-03
3.686545491218566895e-01
5.044788122177124023e-01
5.988959670066833496e-01
4.481786489486694336e-01
1.493287345510907471e-05
9.647910701460205019e-06
5.958223342895507812e-01
8.227458596229553223e-02
7.211402058601379395e-01
7.106237717380281538e-06
1.367921242490410805e-03
9.441533475182950497e-04
3.950521568185649812e-05
1.412612497806549072e-01
3.155369460582733154e-01
9.494136975263245404e-06
2.372742816805839539e-02
1.569824293255805969e-03
5.699540954083204269e-03
1.246035918593406677e-01
6.329736061161383986e-05
1.605144061613827944e-04
9.245115332305431366e-03
4.726842162199318409e-04
1.871033309726044536e-04
3.262811601161956787e-01
8.367635309696197510e-03
5.034365877509117126e-02
9.325239079771563411e-05
1.312036216259002686e-01
2.806053757667541504e-01
1.721347757666080724e-07
2.644627355039119720e-02
5.125251784920692444e-02
8.454882353544235229e-02
3.575263321399688721e-01
2.586201475196503452e-09
2.818995900452136993e-02
1.036279797554016113e-01
9.466336632613092661e-05
1.340864151716232300e-01
1.829779334366321564e-02
1.061049406416714191e-03
3.716732859611511230e-01
1.061070431023836136e-02
2.066125869750976562e-01
1.930063962936401367e-01
2.775967717170715332e-01
5.839805006980895996e-01
8.581278234487399459e-05
7.243169761750323232e-07
5.146146938204765320e-02
6.242445670068264008e-05
3.905429366568569094e-07
4.144840408116579056e-03
2.175953239202499390e-02
2.484577635186724365e-05
3.756094574928283691e-01
5.972689450572943315e-06
1.303316950798034668e-01
9.493057732470333576e-04
1.840953947976231575e-03
8.103238344192504883e-01
2.821780741214752197e-01
1.525234803557395935e-02
2.826421521604061127e-02
1.483571231365203857e-01
1.743300799716962501e-06
5.699639916419982910e-01
2.185090910643339157e-03
1.333316686213947833e-05
6.556421983987092972e-03
7.403357449220493436e-05
5.376309901475906372e-02
5.817056298255920410e-01
4.655858874320983887e-01
1.430210657417774200e-02
7.083161617629230022e-04
1.950677367858588696e-03
5.294774891808629036e-04
6.844734549522399902e-01
7.140595465898513794e-03
1.791223185136914253e-04
7.828248199075460434e-04
1.402738690376281738e-01
3.945265780203044415e-05
2.392517477273941040e-01
2.127172984182834625e-02
1.010632604447891936e-05
5.491806077770888805e-04
5.380178093910217285e-01
4.461073875427246094e-02
1.970949023962020874e-02
5.818926542997360229e-02
1.232958515174686909e-03
8.952125906944274902e-02
1.637694891542196274e-03
8.714387193322181702e-03
8.097983151674270630e-02
3.731176853179931641e-01
6.727223396301269531e-01
2.169403433799743652e-01
2.329816222190856934e-01
5.551325902342796326e-02
6.751919388771057129e-01
3.228604782634647563e-06
1.339545473456382751e-02
2.872461453080177307e-03
6.158348917961120605e-01
7.896821945905685425e-02
3.577873110771179199e-03
2.737543303155121066e-09
2.251831319881603122e-04
1.919929683208465576e-02
7.236440181732177734e-01
7.529658079147338867e-01
4.843933129450306296e-05
6.657035350799560547e-01
1.673269434832036495e-04
7.604006677865982056e-03
1.361705511808395386e-01
2.630936503410339355e-01
3.884622156620025635e-01
9.967567399144172668e-03
2.644942142069339752e-04
4.673882126808166504e-01
9.777427294466178864e-06
8.415890988544560969e-07
9.631633758544921875e-01
9.853084338828921318e-04
6.847909092903137207e-01
1.033942401409149170e-02
6.163986865431070328e-03
5.389629222918301821e-05
4.959404468536376953e-02
1.287415921688079834e-01
3.536345362663269043e-01
3.289670858066529036e-04
1.092164441943168640e-01
1.751723326742649078e-02
5.590288899838924408e-03
1.121956011047586799e-04
1.021832190417626407e-06
8.818055903248023242e-07
6.180892139673233032e-02
3.219965398311614990e-01
1.170563697814941406e-01
2.813655734062194824e-01
9.378892183303833008e-02
6.547683477401733398e-01
1.271114433620823547e-05
7.349163643084466457e-04
1.007417775690555573e-02
1.005291051114909351e-05
1.167915109544992447e-02
1.160920965048717335e-05
3.864527493715286255e-02
8.584714378230273724e-04
5.396657586097717285e-01
9.050751104950904846e-03
7.356305122375488281e-01
1.117871165275573730e+00
5.802250504493713379e-01
3.757920057978481054e-04
4.890777915716171265e-02
2.854153863154351711e-04
1.744683086872100830e-01
1.506823897361755371e-01
8.480222313664853573e-04
8.074578363448381424e-04
5.962569775874726474e-05
6.859549102955497801e-06
1.784453867003321648e-03
3.829426304946537130e-07
1.660363777773454785e-04
1.105549131352745462e-06
3.977946471422910690e-03
8.646081686019897461e-01
1.098444452509284019e-03
3.309845691546797752e-03
2.833001033764048771e-08
3.558563590049743652e-01
2.308715581893920898e-01
3.829462220892310143e-03
2.557397237978875637e-04
1.349750440567731857e-03
2.361056249355897307e-05
1.013829708099365234e-01
2.134559144906233996e-05
1.252557703992351890e-04
1.456034624425228685e-05
1.019566031601470968e-08
1.325952180195599794e-04
1.267920106329256669e-05
4.484944045543670654e-02
1.681467145681381226e-02
1.868595722598342945e-09
2.379756369919050485e-05
2.658156736288219690e-04
7.479051419068127871e-05
2.785361175483558327e-05
6.269357527344254777e-06
8.752295374870300293e-01
6.543037223138981062e-09
3.638891577720642090e-01
1.434442549943923950e-01
8.708936860557514592e-08
3.744627237319946289e-01
4.398253804538398981e-05
6.319472193717956543e-01
1.366016804240643978e-03
6.485201120376586914e-01
1.567210704088211060e-01
3.279028534889221191e-01
6.289079785346984863e-01
4.574098420562222600e-05
9.846110828220844269e-03
3.477025330066680908e-01
3.835909664630889893e-01
1.798992889234796166e-04
7.341343888356277603e-08
8.541297912597656250e-02
2.191112842410802841e-03
1.437549572438001633e-02
6.457808017730712891e-01
3.371979317989826086e-08
2.769574522972106934e-01
1.199462823569774628e-02
3.777216761591262184e-07
6.067948788404464722e-02
1.495420783758163452e-01
4.167038696323288605e-06
1.076675206422805786e-01
1.208612011396326125e-04
1.384275947202695534e-06
5.082518979907035828e-02
1.714395949647951056e-07
5.175115466117858887e-01
4.364748747320845723e-05
4.006978124380111694e-02
6.352303898893296719e-04
2.616673707962036133e-02
1.255347277037799358e-03
3.575263321399688721e-01
6.407037973403930664e-01
2.877475344575941563e-05
5.687199234962463379e-01
8.034054189920425415e-04
1.024835946736857295e-04
8.625431656837463379e-01
1.425362844020128250e-02
6.869701319374144077e-04
4.984914064407348633e-01
7.123559771571308374e-05
9.039896440299344249e-07
2.870287001132965088e-02
7.020734660301286567e-09
3.983415197694739618e-08
3.603006899356842041e-01
3.107529567003552984e-09
4.380843165563419461e-05
3.156396150588989258e-01
5.576239228248596191e-01
1.001759096980094910e-01
1.578629782450491348e-09
6.728389859199523926e-02
1.110317278653383255e-02
3.531266003847122192e-02
3.284016996622085571e-02
5.202710628509521484e-03
5.583103302342351526e-06
3.700720071792602539e-01
5.254052206873893738e-02
1.551759196445345879e-03
7.466967133495927555e-08
4.465326070785522461e-01
1.604117602109909058e-01
3.515603542327880859e-01
4.511824954533949494e-05
3.170973956584930420e-01
1.875191181898117065e-02
1.477227546274662018e-02
4.208037862554192543e-04
1.520351469516754150e-01
8.369191884994506836e-01
1.019917181110940874e-05
2.777084941044449806e-03
2.741195559501647949e-01
1.432922317690099590e-06
3.244750900194048882e-03
1.558234203002939466e-06
7.344914674758911133e-01
1.514738755759026390e-06
3.863366437144577503e-04
1.750824041664600372e-03
5.971170961856842041e-02
2.122866064310073853e-01
1.996504515409469604e-02
2.134586611646227539e-05
5.635107755661010742e-01
7.484553754329681396e-02
5.570552311837673187e-03
4.314020625315606594e-04
7.047958206385374069e-06
1.696462561540101888e-07
3.057447029277682304e-04
2.357949779252521694e-05
8.835100743453949690e-05
2.669495188456494361e-06
4.070153227075934410e-04
7.294237017631530762e-01
2.010848220379557461e-05
1.912885904312133789e-01
1.180289387702941895e-01
1.833748668432235718e-01
9.744498133659362793e-02
1.593666970729827881e-01
3.543335245922207832e-03
5.336472764611244202e-02
8.927072049118578434e-04
1.578320620865270030e-07
8.342122782778460532e-06
4.061192271365143824e-08
4.211363830108894035e-06
3.267177248744701501e-07
1.841003904701210558e-05
5.457107909023761749e-04
4.001540946774184704e-04
1.380583923310041428e-02
5.006263963878154755e-04
6.744086742401123047e-03
2.522549766581505537e-04
2.574895322322845459e-01
3.365013399161398411e-04
1.266532391309738159e-01
6.889309883117675781e-01
1.835619332268834114e-05
2.306422442197799683e-01
6.362994909286499023e-01
5.835158228874206543e-01
3.811709880828857422e-01
8.673853874206542969e-01
2.888699434697628021e-02
3.684468101710081100e-04
7.891543646110221744e-05
1.151036936789751053e-03
1.444553434848785400e-01
2.440866082906723022e-02
7.980188238434493542e-04
3.138800821034237742e-05
4.347909707576036453e-03
1.785990893840789795e-01
4.408477398101240396e-04
5.811362266540527344e-01
3.830802161246538162e-03
1.148999929428100586e+00
6.392748019834471052e-08
1.976742297410964966e-01
1.337278932332992554e-01
4.231188818812370300e-02
5.931629857514053583e-06
1.380681737828126643e-07
3.321972908452153206e-03
4.419606178998947144e-02
6.529168458655476570e-04
1.012423424981534481e-03
6.083904281695140526e-06
8.360318839550018311e-03
7.176690697669982910e-01
3.933561220765113831e-02
4.681047499179840088e-01
7.056368887424468994e-02
4.882126152515411377e-01
1.595370667928364128e-05
3.790047685470199212e-06
6.498765200376510620e-02
1.872941255569458008e-01
3.309257924556732178e-01
6.574521064758300781e-01
4.019720072392374277e-04
2.498959474905859679e-07
1.884628436528146267e-04
3.161574155092239380e-02
3.747376031242311001e-04
4.334035813808441162e-01
3.577912151813507080e-01
5.854583978652954102e-01
4.097631317563354969e-04
2.692466478038113564e-05
2.207228681072592735e-04
4.015055596828460693e-01
3.230635775253176689e-05
4.856713414192199707e-01
3.989825199823826551e-04
2.544554471969604492e-01
6.021195650100708008e-01
1.258001138921827078e-04
1.307691803731358959e-07
7.599592208862304688e-07
3.988062417192850262e-06
1.123661053092916973e-09
5.929588486885961629e-10
2.116020778194192820e-14
9.971051184720636229e-08
9.285884880227968097e-05
4.275305941700935364e-02
1.849608466386598593e-08
3.331971529405564070e-04
7.744389129982209852e-09
4.937281694594730652e-10
2.030970790656283498e-06
8.034339415985414234e-09
3.423037705942988396e-04
4.110418387881509261e-07
3.406725300010293722e-04
1.680367044173181057e-03
6.046972256257276968e-09
1.278254480041596253e-08
1.727822818793356419e-03
1.915744405778241344e-06
1.426209055352956057e-04
2.633168995380401611e-01
2.736810955639157328e-08
2.302464781678281724e-05
4.710071661975234747e-04
1.794028179347151308e-07
3.719638597132757241e-09
5.310921551426872611e-06
7.138920045690611005e-05
1.389683802699437365e-05
1.810490743991977070e-06
7.961435317993164062e-01
1.219962450704770163e-05
1.196450369889134890e-07
3.287898380222031847e-06
1.395532300829671613e-10
2.724014339037239552e-04
3.196153044700622559e-02
1.085638883523643017e-03
1.683709706412628293e-04
2.342262916954496177e-07
7.928812806312635075e-08
4.843352030547976028e-08
9.016968505193290184e-08
8.182042802218347788e-05
1.877482197487623239e-11
9.528270084047107957e-08
4.813427381122892257e-07
6.551264419840663322e-08
5.579845563374874473e-08
1.216023292727186345e-06
1.484258547179706511e-07
1.464723209210205823e-05
5.243229315965436399e-05
1.447489485144615173e-02
5.356776528060436249e-04
8.725011866772547364e-06
2.726103881750627927e-14
4.947186098434031010e-04
7.563759936601854861e-06
2.688429567854200286e-08
1.155042241407500114e-06
2.542934671510010958e-04
2.792807407558939303e-08
1.382428705692291260e-01
2.090944008159567602e-06
3.919283699360676110e-06
1.652760373005435213e-09
1.514450460672378540e-01
7.504915993195027113e-05
6.193172641388855482e-10
7.396658361358277034e-07
1.363630531159287784e-06
1.077527878805994987e-03
4.164127676631323993e-05
9.050156222656369209e-04
4.187877422623387247e-08
9.197729156085188151e-08
6.752298986612004228e-08
2.919222926720976830e-03
5.854098162672016770e-06
3.074479522183537483e-03
7.958386049722321332e-06
1.707854691002097525e-11
6.858398137410404161e-06
1.020101830363273621e-03
1.421740876139665488e-07
8.101004641503095627e-05
2.071374738399356374e-10
3.802649152930825949e-04
1.130131749960128218e-05
2.524214386940002441e-01
5.544477971852757037e-06
2.963784208986908197e-04
6.335406214930117130e-05
1.157001770479837433e-05
1.842018235720388475e-07
1.234764386026654392e-05
2.949703059584862785e-08
2.131722067133523524e-05
6.399818062163831200e-07
9.722752380980637099e-09
6.999243396421661600e-06
2.230410245829261839e-05
1.298018492690289349e-08
1.148520368587924168e-05
3.084468147562802187e-08
1.201174768539203797e-07
3.444534286245470867e-06
1.568961010889324825e-06
1.123603396990802139e-05
3.026836566277779639e-05
1.430744532626704313e-06
3.610640987972146831e-06
8.897732755031029228e-07
2.132284425897523761e-04
9.303616765876654426e-10
1.970538177076264219e-09
7.165540409914683551e-07
4.052935320686401610e-09
2.754925517365336418e-04
1.219045420164377447e-09
2.337684890107993851e-07
2.101381505781318992e-05
5.286782652547117323e-06
1.602008789777755737e-01
1.453718034838402673e-08
1.562937512062489986e-03
2.241294652094438788e-07
8.664441608630113478e-09
2.046383269771467894e-05
5.674900549479389156e-10
5.454699276015162468e-04
2.132945461198687553e-03
3.730250049821526304e-12
4.055172670632600784e-03
7.590972472826251760e-08
3.393922233954071999e-03
5.732878435082966462e-06
4.034188168589025736e-05
8.662266282044583932e-07
2.167869439517744468e-07
5.368341953726485372e-05
2.166609652340412140e-02
1.704486329856536031e-08
1.725933834677562118e-04
1.327299014519667253e-05
1.367000379559613066e-07
5.164741523344673624e-09
1.249721646308898926e-01
1.557224127424206017e-09
2.965949825011193752e-04
8.574854160059430797e-10
7.995687337825074792e-05
3.218316066977422452e-07
1.050220453180372715e-03
2.197675108561725210e-08
5.136497318744659424e-03
5.970411507405515295e-07
2.936760938609950244e-05
2.959173289127647877e-04
4.385652393102645874e-02
1.914174854755401611e-01
5.170743679627776146e-05
6.526532233692705631e-04
1.276303228223696351e-04
2.437149919569492340e-02
8.215969842240156140e-07
2.611906826496124268e-02
2.761614508926868439e-02
3.081544302403926849e-03
8.777954008110100403e-08
2.217177978991458076e-07
7.103544703568331897e-07
3.552325367927551270e-01
1.014373451471328735e-02
1.558561564252158860e-07
3.401674320002712193e-08
7.709880359470844269e-03
3.068621623469880433e-08
3.010723730767494999e-06
9.441614383831620216e-05
9.144037961959838867e-02
1.117781630455283448e-05
5.331687498255632818e-05
1.621075114144332474e-07
4.193499044049531221e-04
1.051209679303610756e-07
2.433445160932024010e-06
2.267724871635437012e-01
1.675141602754592896e-02
1.037402171277790330e-06
3.210614377167075872e-04
2.950075213448144495e-06
2.805856411214335822e-06
8.784162446318077855e-07
7.534346729516983032e-02
8.707109486749686766e-07
1.241559317577412003e-07
1.824266178118705284e-07
3.617329057306051254e-04
4.565993149299174547e-04
1.233806187883601524e-06
1.041722654804289050e-07
7.418788673663190281e-12
4.296148503613039793e-08
2.833804501278791577e-06
1.040690320378012679e-12
2.735224882144393632e-07
1.832863603112855344e-07
1.691235593170858920e-05
1.527687203406458138e-07
1.777849502104800195e-05
1.088623539544641972e-03
6.876058178022503853e-04
2.271752634896984091e-07
6.893543069708130133e-09
2.303907251643977361e-07
2.096897369483485818e-04
1.320567680522799492e-03
4.870135961176913497e-10
1.090722362278029323e-04
1.837226955103687942e-05
3.609191026043845341e-07
3.507236101540911477e-07
2.134615897375624627e-06
7.645623991265892982e-04
7.291771471500396729e-02
7.479903807450227760e-09
4.628034500769873105e-12
1.990530407169899263e-08
6.212152540683746338e-02
6.921588857622396063e-10
3.565593215171247721e-05
2.650633105076849461e-04
1.102417900256114081e-05
2.705884867282293271e-07
1.012563643598696217e-06
1.303429689869517460e-05
5.001620203256607056e-02
1.518344157375395298e-03
9.233530145138502121e-04
1.305395791462160560e-09
1.800904758653132376e-09
2.844564733095467091e-04
2.588056304375641048e-05
1.184044435831310693e-06
2.545800271036569029e-06
8.535062079317867756e-05
4.281160954633378424e-07
3.265934288501739502e-01
7.993746748979901895e-07
3.412392397876828909e-04
4.655114898923784494e-04
1.324743381701409817e-03
5.035836352362821344e-07
5.538927094761447734e-09
4.003643994110461790e-07
4.855891799770972739e-10
6.326062451655900531e-10
2.726356251869788139e-09
5.102922386868158355e-07
2.905669316533021629e-05
6.006803054958709254e-09
8.964385092258453369e-02
1.234174984432456768e-08
3.808370530605316162e-01
5.687002092599868774e-02
1.089530428544094320e-06
1.197257915919180959e-06
3.027784316600445891e-07
1.399270743131637573e-01
7.618323434144258499e-03
2.073935867485943163e-08
3.410513326525688171e-02
1.508703644503839314e-05
4.147983193397521973e-01
5.877460580450133421e-07
1.131069147959351540e-04
1.707507155416718159e-13
2.472672349540516734e-05
1.006461474162279046e-07
6.715397834777832031e-01
2.985303290188312531e-03
2.484240394551306963e-04
9.970006431103684008e-06
4.671392962336540222e-04
1.137453131377696991e-03
7.328355422941967845e-06
1.884346147562609985e-06
1.908223579150103433e-12
9.473255872726440430e-01
4.345394877258712540e-11
1.655726518947631121e-04
3.508047200739383698e-03
9.343966667074710131e-08
2.548484019371244358e-07
6.120192119851708412e-05
6.155251867312472314e-06
3.923297300934791565e-02
4.876565995459714031e-08
1.421537945134332404e-05
5.086466262582689524e-05
1.529297932734152710e-08
1.525327534181997180e-04
2.952442169189453125e-01
3.818198805674910545e-03
8.482138218823820353e-05
3.566103998764447169e-07
8.484422053811613296e-09
4.806444485438987613e-05
5.306639536684087943e-07
5.036662514612544328e-06
1.373560849060595501e-06
1.738738268613815308e-02
4.095814526081085205e-01
1.493819610232094419e-07
2.982958064584595448e-12
3.323664132039994001e-04
4.213959909975528717e-04
1.264053207705728710e-05
2.171048690797761083e-04
4.574811464408412576e-05
6.081691594772564713e-08
1.593371234775986522e-05
1.325311930512607095e-13
3.367702447576448321e-06
4.154915586696006358e-06
2.176632733608130366e-06
3.654997016155903111e-08
1.136748206675974870e-08
1.110772369429469109e-03
3.827177686616778374e-03
1.244178507477045059e-03
4.995889923975482816e-08
5.657154744653780654e-08
2.359639807991698035e-07
2.953078597784042358e-02
6.032430064806248993e-06
3.977514097641687840e-06
1.326928259111348485e-12
2.448942950650234707e-07
3.160555024805944413e-06
6.846570244078975520e-08
3.438167273998260498e-03
9.165627509355545044e-02
2.920749864188110223e-07
1.291084481636062264e-04
5.822474122396670282e-06
1.193226779605538468e-07
2.535941121095675044e-06
1.106354563518152645e-09
1.213415316669852473e-06
1.230252433259693134e-08
1.136612226559918781e-07
2.902625340084341587e-07
4.286659702756878687e-07
1.625748836886486970e-06
1.252866184131562477e-07
1.904584700241684914e-03
1.157180129496282461e-08
1.299579963642827352e-07
4.545720585156232119e-04
5.069674898550147191e-06
6.179015035741031170e-04
1.332886995442095213e-06
5.138301639817655087e-04
1.630306360311806202e-04
2.057979372693807818e-06
2.285140908497851342e-06
9.909800757768039148e-10
3.460644438746385276e-05
2.088718675076961517e-02
4.208945654227136401e-07
-0.000000000000000000e+00
-0.000000000000000000e+00
-0.000000000000000000e+00
-0.000000000000000000e+00
-0.000000000000000000e+00
-0.000000000000000000e+00
-0.000000000000000000e+00
-0.000000000000000000e+00
-0.000000000000000000e+00
-0.000000000000000000e+00
-0.000000000000000000e+00
-0.000000000000000000e+00
-0.000000000000000000e+00
-0.000000000000000000e+00
-0.000000000000000000e+00
-0.000000000000000000e+00
-0.000000000000000000e+00
-0.000000000000000000e+00
-0.000000000000000000e+00
-0.000000000000000000e+00
-0.000000000000000000e+00
-0.000000000000000000e+00
-0.000000000000000000e+00
-0.000000000000000000e+00
-0.000000000000000000e+00
-0.000000000000000000e+00
-0.000000000000000000e+00
-0.000000000000000000e+00
-0.000000000000000000e+00
-0.000000000000000000e+00
-0.000000000000000000e+00
-0.000000000000000000e+00
-0.000000000000000000e+00
-0.000000000000000000e+00
-0.000000000000000000e+00
-0.000000000000000000e+00
-0.000000000000000000e+00
-0.000000000000000000e+00
-0.000000000000000000e+00
-0.000000000000000000e+00
