3.207173198461532593e-03
1.014402441796846688e-04
2.636669203639030457e-03
7.354652881622314453e-01
1.500412542372941971e-02
5.520250201225280762e-01
1.634766522329300642e-04
1.053500454872846603e-02
7.541583776473999023e-01
3.991303592920303345e-02
2.975292154587805271e-04
3.481610445305705070e-03
9.845664724707603455e-03
3.689646348357200623e-02
6.536559760570526123e-02
5.080426931381225586e-01
1.041936315596103668e-02
4.137374344281852245e-05
1.123823494708631188e-06
1.015493739396333694e-02
1.812836527824401855e-01
3.614771068096160889e-01
2.600921392440795898e-01
6.067128386348485947e-03
3.891142318025231361e-03
7.551987655460834503e-03
1.296997943427413702e-04
1.139433061325689778e-05
1.086549520492553711e+00
6.372275529429316521e-04
4.419288132339715958e-03
4.882714450359344482e-01
1.905192062258720398e-02
9.445723844692111015e-05
4.061856865882873535e-02
7.060353159904479980e-01
6.284617847995832562e-05
7.136320322751998901e-02
5.142618902027606964e-04
2.497347770258784294e-03
3.929850459098815918e-02
2.158705703914165497e-02
5.679492460330948234e-06
8.650774136185646057e-03
2.493411768227815628e-03
1.471554278396070004e-03
6.806692481040954590e-01
4.954119920730590820e-01
4.691116213798522949e-01
4.667192697525024414e-02
5.322665572166442871e-01
9.022895246744155884e-04
2.327383728697896004e-03
4.036226272583007812e-01
1.347175566479563713e-03
5.585280805826187134e-02
5.917570088058710098e-04
7.278156280517578125e-02
8.218199945986270905e-03
2.452700864523649216e-03
5.824667215347290039e-01
1.108486831071786582e-04
3.911594748497009277e-01
1.281273663043975830e-01
7.617187220603227615e-03
5.138326883316040039e-01
4.585470305755734444e-04
7.628784514963626862e-04
5.009159445762634277e-03
3.416932746767997742e-02
2.697941474616527557e-02
3.669473109766840935e-03
1.823132624849677086e-03
7.537816464900970459e-02
2.453446504659950733e-04
4.223987052682787180e-04
1.035132110118865967e-01
1.129223615862429142e-03
7.838257588446140289e-04
6.822472810745239258e-01
6.104710046201944351e-03
2.021627966314554214e-03
3.204070031642913818e-01
7.019808399491012096e-04
1.099270954728126526e-01
7.343093864619731903e-03
1.667233882471919060e-03
6.331551074981689453e-01
7.001314952503889799e-05
3.368829202372580767e-04
7.361256284639239311e-04
2.825636975467205048e-02
1.572800218127667904e-03
6.468371748924255371e-01
2.689259417820721865e-04
7.918913364410400391e-01
1.652997452765703201e-04
1.189423928735777736e-04
7.352568209171295166e-04
5.429047159850597382e-04
1.203446998260915279e-03
7.093540579080581665e-02
2.851830329746007919e-03
1.171103492379188538e-01
7.680474314838647842e-03
2.307877875864505768e-02
1.682418514974415302e-03
1.476356983184814453e-01
4.721273481845855713e-02
1.766591519117355347e-01
5.640571180265396833e-05
8.057905733585357666e-02
4.829886835068464279e-03
5.482830601977184415e-06
1.731255790218710899e-03
2.397496253252029419e-03
1.174952049041166902e-04
9.523673914372920990e-03
4.430631861396250315e-07
1.371102035045623779e-02
6.840202808380126953e-01
3.400698900222778320e-01
4.563409369438886642e-03
5.896957591176033020e-03
2.529385033994913101e-03
2.065066510112956166e-04
1.555713564157485962e-01
6.062408601792412810e-07
4.715892300009727478e-02
5.370096564292907715e-01
6.196620961418375373e-05
3.642040491104125977e-02
3.019401133060455322e-01
4.911402129437192343e-07
2.342342771589756012e-02
6.058731814846396446e-04
1.942706853151321411e-01
7.727816235274076462e-03
4.782545566558837891e-01
1.280151680111885071e-02
6.901515126228332520e-01
2.712516486644744873e-01
1.617099507711827755e-03
2.342671528458595276e-02
2.261891204398125410e-04
7.069556415081024170e-02
6.311993002891540527e-01
1.851975359022617340e-02
1.684934977674856782e-04
8.018060179892927408e-05
8.355771569767966866e-06
3.135478254989720881e-05
4.190897941589355469e-02
1.238332944922149181e-03
2.815838570313644595e-06
2.173524647951126099e-01
1.164387464523315430e-01
5.919495015405118465e-05
3.347413381561636925e-03
1.153237093240022659e-02
2.807306882459670305e-04
4.937706398777663708e-04
2.544385642977431417e-05
3.128673136234283447e-02
4.259157180786132812e-01
2.981920540332794189e-02
2.440637210384011269e-03
6.512205582112073898e-04
7.318933494389057159e-03
6.059630215167999268e-02
1.502627390436828136e-03
2.585400579846464097e-05
2.200118154287338257e-01
6.466740742325782776e-03
7.631695916643366218e-05
7.883241050876677036e-05
1.044465824961662292e-01
1.119018495082855225e-01
1.534195471322163939e-04
4.370387196540832520e-01
3.027646802365779877e-03
3.701258538058027625e-05
5.702604725956916809e-02
8.537037298083305359e-03
6.431042216718196869e-03
1.338721215724945068e-01
1.503544952720403671e-02
3.024401888251304626e-02
6.009002327919006348e-01
3.006481379270553589e-02
4.959037178196012974e-04
7.808690071105957031e-01
2.668754896149039268e-04
3.795427083969116211e-01
7.319207787513732910e-01
7.462800131179392338e-04
1.446345006115734577e-03
6.754449605941772461e-01
8.086337402346543968e-06
7.425919757224619389e-04
9.818534181249560788e-07
1.094761770218610764e-03
1.081780064851045609e-03
6.554896831512451172e-01
1.038908725604414940e-03
1.904249005019664764e-02
3.058585571125149727e-03
2.936899429187178612e-03
6.483526527881622314e-02
2.542708255350589752e-02
2.570281212683767080e-04
1.357618657493731007e-05
2.812157617881894112e-03
4.303381778299808502e-03
2.839321494102478027e-01
4.084759354591369629e-01
1.950702667236328125e-01
3.201869258191436529e-04
2.113704103976488113e-03
8.460413082502782345e-04
6.404769420623779297e-02
3.601875854656100273e-03
1.613902168173808604e-05
5.716132465749979019e-03
2.380257546901702881e-01
4.465906694531440735e-02
7.556554079055786133e-01
5.170449148863554001e-03
3.249866713304072618e-04
7.655575275421142578e-01
5.744735002517700195e-01
3.695758932735770941e-04
9.503951668739318848e-02
5.680728238075971603e-03
1.616339286556467414e-04
1.548505970276892185e-04
3.617073161876760423e-05
5.583751797676086426e-01
3.854599595069885254e-02
1.448209881782531738e-01
2.756251022219657898e-02
2.039788961410522461e-01
3.493807092308998108e-02
1.552399597130715847e-03
3.775753974914550781e-01
9.317778749391436577e-04
8.514281362295150757e-04
3.632236272096633911e-03
2.537662794566131197e-06
7.205444574356079102e-02
1.947953365743160248e-03
4.706113133579492569e-03
1.246345229446887970e-02
5.586139559745788574e-01
1.106490373611450195e+00
3.191835060715675354e-02
-0.000000000000000000e+00
-0.000000000000000000e+00
-0.000000000000000000e+00
-0.000000000000000000e+00
-0.000000000000000000e+00
-0.000000000000000000e+00
-0.000000000000000000e+00
-0.000000000000000000e+00
-0.000000000000000000e+00
-0.000000000000000000e+00
-0.000000000000000000e+00
-0.000000000000000000e+00
-0.000000000000000000e+00
-0.000000000000000000e+00
-0.000000000000000000e+00
-0.000000000000000000e+00
-0.000000000000000000e+00
-0.000000000000000000e+00
-0.000000000000000000e+00
-0.000000000000000000e+00
