1.946644260897301137e-05
7.949454784393310547e-01
6.931358575820922852e-01
1.058245182037353516e+00
1.911047178282387904e-07
6.299524684436619282e-04
3.484859917080029845e-05
1.971789076924324036e-02
1.323569267988204956e-01
1.859824210405349731e-01
1.056574821472167969e+00
3.360935747623443604e-01
1.882464438676834106e-01
3.025710117071866989e-03
6.585651636123657227e-01
2.260228693485260010e-01
2.953294515609741211e-01
6.410339474678039551e-01
3.432408273220062256e-01
2.965916180983185768e-03
3.270078741479665041e-05
4.927417039871215820e-01
3.375016748905181885e-01
4.064097255468368530e-02
2.222862560302019119e-03
9.135712385177612305e-01
6.542307138442993164e-01
1.988377273082733154e-01
5.664789304137229919e-02
5.469183921813964844e-01
4.339204132556915283e-01
4.596175551414489746e-01
5.777130126953125000e-01
6.448059082031250000e-01
5.747953802347183228e-02
5.745556205511093140e-02
2.965422533452510834e-02
3.373273089528083801e-02
2.539272420108318329e-03
2.387840300798416138e-02
5.170017480850219727e-01
7.897517085075378418e-02
3.724573616636916995e-06
7.155680060386657715e-01
1.084595322608947754e-01
6.330000162124633789e-01
5.109654068946838379e-01
1.671060803346335888e-03
1.562115084379911423e-02
8.732046990189701319e-05
5.026986968914570753e-07
5.994238257408142090e-01
6.983215808868408203e-01
5.144025863046408631e-07
2.401938289403915405e-02
1.350775063037872314e-01
8.610642908024601638e-06
1.852736435830593109e-02
2.476283013820648193e-01
6.955267190933227539e-01
2.958996593952178955e-02
7.014329433441162109e-01
3.179160703439265490e-04
1.493473947048187256e-01
6.567999124526977539e-01
3.417502641677856445e-01
9.290877729654312134e-03
1.609817445278167725e-01
1.029503718018531799e-02
6.065520048141479492e-01
1.383817195892333984e-01
4.560269881039857864e-04
7.410722374916076660e-01
8.319453001022338867e-01
7.709399797022342682e-04
6.085783184062165674e-07
2.534686028957366943e-01
3.122138381004333496e-01
1.616778038442134857e-02
4.080648068338632584e-05
1.891115903854370117e-01
1.923624804476276040e-04
1.515154819935560226e-02
6.151571273803710938e-01
6.355285048484802246e-01
1.094910353422164917e-01
1.754175126552581787e-02
9.523076564073562622e-02
8.237458678195253015e-05
7.988631267608070630e-08
6.719406247138977051e-01
1.313093602657318115e-01
6.710589528083801270e-01
1.626436569495126605e-04
1.399852189933881164e-04
7.764603942632675171e-04
2.171385474503040314e-02
1.370123238302767277e-03
4.768008738756179810e-02
9.382199496030807495e-03
5.986946052871644497e-04
8.216847181320190430e-01
3.861708939075469971e-02
2.500131130218505859e-01
7.033880101516842842e-04
4.196851023152703419e-06
2.934883814305067062e-03
3.162519633769989014e-02
2.513047456741333008e-01
3.038062131963670254e-04
1.011944934725761414e-01
1.336877942085266113e-01
1.407040841877460480e-02
4.734268486499786377e-01
1.653252840042114258e-01
1.087776869535446167e-01
1.009120678645558655e-04
5.937845706939697266e-01
4.904126748442649841e-02
1.959558017551898956e-02
1.066527888178825378e-01
2.886699140071868896e-01
4.551643431186676025e-01
1.062893509864807129e+00
7.829747046343982220e-04
9.767754818312823772e-05
6.671875715255737305e-01
1.442739367485046387e-01
2.448929697275161743e-01
6.410523056983947754e-01
4.500365853309631348e-01
1.854473799467086792e-01
7.625084563755990530e-09
7.379516959190368652e-01
6.845337152481079102e-02
2.825579941272735596e-01
9.217161685228347778e-03
2.885905958649459535e-09
6.869205972179770470e-04
1.804225891828536987e-02
6.771273016929626465e-01
1.940798386931419373e-02
1.496886014938354492e-01
4.155458509922027588e-01
4.689390957355499268e-01
6.887588649988174438e-03
2.244681306183338165e-02
4.526373744010925293e-01
1.839434145949780941e-03
1.631100475788116455e-02
1.064342632889747620e-02
1.139310672879219055e-01
5.136085748672485352e-01
9.327916195616126060e-04
9.621759653091430664e-01
1.434330344200134277e-01
8.799924398772418499e-05
5.202933214604854584e-03
5.685238912701606750e-02
1.976104977075010538e-04
1.767929526977241039e-03
1.232747454196214676e-03
2.327712625265121460e-01
3.027139604091644287e-02
4.215358290821313858e-03
1.229243498528376222e-04
6.977217271924018860e-03
4.699522554874420166e-01
3.486465662717819214e-02
2.852407991886138916e-01
1.102764979004859924e-01
8.850063383579254150e-02
8.464434742927551270e-01
4.719912409782409668e-01
1.030272571370005608e-03
9.379567927680909634e-06
1.348044630140066147e-02
2.402150304988026619e-03
3.983232975006103516e-01
1.833973079919815063e-02
5.307232495397329330e-04
5.708094239234924316e-01
2.551546506583690643e-02
6.117758154869079590e-02
3.269339213147759438e-03
4.325876832008361816e-01
1.839677691459655762e-01
1.458805520087480545e-02
8.284041881561279297e-01
1.248565618880093098e-03
1.127331495285034180e+00
1.336236018687486649e-04
6.319813895970582962e-03
9.008858796732965857e-07
6.340380641631782055e-04
3.092957735061645508e-01
4.505305737257003784e-02
6.274856328964233398e-01
4.368854686617851257e-03
6.275396049022674561e-02
7.194212675094604492e-01
1.074218153953552246e-01
3.623145166784524918e-03
4.953445866703987122e-02
3.613936156034469604e-02
1.442105174064636230e-01
5.443432331085205078e-01
4.230706989765167236e-01
5.772554874420166016e-02
6.722548604011535645e-01
1.195776167151052505e-05
5.189378261566162109e-01
2.388810180127620697e-02
2.549599003032199107e-07
2.593741565942764282e-02
1.318442914634943008e-02
2.345170974731445312e-01
9.062019671546295285e-05
1.039984747767448425e-01
5.267808437347412109e-01
2.303812187165021896e-03
4.840518832206726074e-01
3.896884300047531724e-05
1.430275278835324571e-05
5.925324559211730957e-02
5.861768499016761780e-02
2.955739013850688934e-02
7.069171667098999023e-01
3.347183112055063248e-03
9.998066161642782390e-06
1.696979836651735241e-07
1.016584396362304688e+00
1.196796596050262451e-01
1.575601781951263547e-04
1.656566374003887177e-02
3.194500750396400690e-04
7.078959606587886810e-03
6.378707439580466598e-06
1.763402397045865655e-04
6.954668760299682617e-01
6.519658565521240234e-01
3.614448942244052887e-03
1.058450725395232439e-04
4.490638375282287598e-01
6.918087601661682129e-01
6.811973452568054199e-01
1.341833639889955521e-02
3.532250502757960930e-06
6.452417373657226562e-02
4.022943973541259766e-02
7.022933363914489746e-01
1.824710369110107422e-01
2.345927953720092773e-01
4.712334275245666504e-01
1.010589599609375000e-01
8.795523643493652344e-01
2.238438874483108521e-01
1.884255209006369114e-03
4.132671952247619629e-01
1.392319099977612495e-03
6.217692047357559204e-02
4.190434515476226807e-02
7.857636213302612305e-01
1.352029270492494106e-03
4.639806225895881653e-03
4.711772635346278548e-05
2.465981291607022285e-03
6.828638315200805664e-01
5.901690721511840820e-01
3.369728326797485352e-01
4.717162482847925276e-06
5.573134422302246094e-01
5.222479701042175293e-01
1.954204589128494263e-02
6.403831243515014648e-01
6.089230254292488098e-02
1.084822323173284531e-02
5.081820199848152697e-05
6.140866503119468689e-02
6.467263698577880859e-01
9.223351753462338820e-07
8.217656053602695465e-03
3.027663230895996094e-01
4.989676922559738159e-02
4.201470315456390381e-01
1.377309905365109444e-03
2.968713045120239258e-01
5.758902430534362793e-01
3.423213456699158996e-06
1.255161128938198090e-03
5.651105567812919617e-02
2.588736265897750854e-02
4.729910567402839661e-02
4.722448647953569889e-04
7.209983468055725098e-02
6.911196112632751465e-01
6.678847074508666992e-01
6.975067853927612305e-01
1.904049515724182129e-02
4.551531746983528137e-03
8.978562802076339722e-02
3.722991347312927246e-01
2.819198183715343475e-03
3.605991974472999573e-02
6.386787891387939453e-01
7.159894108772277832e-01
3.150427937507629395e-01
2.887008711695671082e-02
1.099412560462951660e+00
7.712434530258178711e-01
5.981950163841247559e-01
6.773995161056518555e-01
9.743503142090048641e-07
6.448108702898025513e-02
6.018118262290954590e-01
1.437698083464056253e-04
6.701765060424804688e-01
2.458744496107101440e-01
1.071984734153375030e-04
5.751896649599075317e-03
2.519016939483975648e-11
8.790374398231506348e-01
2.896826267242431641e-01
4.301113635301589966e-02
2.939249761402606964e-02
1.511713564395904541e-01
2.535199522972106934e-01
1.057853933161823079e-05
2.801456153392791748e-01
4.303616005927324295e-03
7.093234360218048096e-02
1.006941273808479309e-01
1.293818205595016479e-01
7.970130536705255508e-04
2.436655461788177490e-01
5.827731490135192871e-01
9.107577800750732422e-02
5.836128592491149902e-01
3.959744844905799255e-06
1.124651581048965454e-01
1.149065885692834854e-02
5.676853656768798828e-01
2.345827004868183963e-11
3.971905708312988281e-01
2.039370010606944561e-04
4.509292244911193848e-01
8.092919015325605869e-04
2.266740921186283231e-04
7.617649435997009277e-02
3.800513148307800293e-01
7.070391178131103516e-01
2.605317533016204834e-01
7.370010018348693848e-02
5.812390446662902832e-01
1.265674829483032227e-02
1.832963971537537873e-05
2.449569702148437500e-01
1.272065043449401855e-01
2.898784540593624115e-02
9.249160289764404297e-01
6.205726861953735352e-01
2.422103425487875938e-04
2.562391819083131850e-05
6.929442882537841797e-01
1.936253160238265991e-01
8.249966043649692438e-08
9.427677094936370850e-02
1.691401703283190727e-03
6.409722566604614258e-02
7.998240180313587189e-04
7.085658907890319824e-01
6.181756854057312012e-01
7.411859929561614990e-02
5.598126649856567383e-01
1.897369921207427979e-01
5.317012313753366470e-03
1.201434358954429626e-01
1.063520908355712891e+00
9.619672709959559143e-06
2.514663897454738617e-02
6.537626385688781738e-01
3.904623687267303467e-01
4.958280324935913086e-01
1.565481419675052166e-03
9.104108437895774841e-03
5.614641308784484863e-01
1.301563680171966553e-01
3.059792816638946533e-01
3.629967272281646729e-01
1.283914893865585327e-01
1.016804203391075134e-01
4.615150094032287598e-01
3.288625478744506836e-01
2.879623556509613991e-03
2.843612432479858398e-01
2.746960381045937538e-04
4.409819841384887695e-01
5.955210924148559570e-01
4.640168044716119766e-03
4.746704362332820892e-04
2.605411410331726074e-01
2.364698331803083420e-03
6.554793715476989746e-01
7.940197363495826721e-03
5.189627781510353088e-02
5.763254687190055847e-02
2.865932913209690014e-07
5.262529157334938645e-06
2.247648388147354126e-01
2.435363233089447021e-01
2.814955543726682663e-03
1.784544874681159854e-04
3.247160464525222778e-03
2.924184501171112061e-01
7.888470590114593506e-02
3.257750272750854492e-01
5.474236011505126953e-01
2.742902003228664398e-02
8.309266567230224609e-01
9.227710366249084473e-01
1.129527227021753788e-03
3.865572214126586914e-01
6.747308969497680664e-01
5.332939624786376953e-01
6.800926923751831055e-01
9.575538337230682373e-02
3.336380132168415003e-06
3.908588259946554899e-04
2.013857447309419513e-04
1.084355870261788368e-03
3.132245183223858476e-06
6.216784119606018066e-01
2.606101112689884758e-09
3.882749080657958984e-01
1.505001485347747803e-01
8.869154751300811768e-02
4.648425601772032678e-06
1.523631718009710312e-02
7.225084304809570312e-01
1.702530789771117270e-05
5.252533696875616442e-08
9.223411325365304947e-04
1.939839603437576443e-05
1.238926872611045837e-02
1.243572569364914671e-06
4.785158932209014893e-01
5.930307507514953613e-01
6.659420728683471680e-01
1.028232928365468979e-02
1.768074370920658112e-02
9.057288116309791803e-05
2.532611833885312080e-03
1.019715418806299567e-04
8.397698252338159364e-07
1.870056465236302756e-08
9.045055508613586426e-01
1.078855420928448439e-04
4.405094387038843706e-06
3.312276234540556530e-12
3.907727599143981934e-01
8.374900789931416512e-05
4.650016874074935913e-02
7.361359166679903865e-06
1.972871832549571991e-03
2.163430735890869983e-06
1.954720687535882462e-07
2.116436462529236451e-06
1.095369807444512844e-04
1.006009802222251892e-02
2.681919681890576612e-07
6.504429578781127930e-01
4.064887464046478271e-01
3.571419715881347656e-01
6.993168964982032776e-03
2.628151699900627136e-02
1.073341295123100281e-01
1.891563670142204501e-06
4.402217864990234375e-01
3.062556032091379166e-03
2.556413412094116211e-01
4.903025329113006592e-01
3.320063342471257783e-06
6.703515648841857910e-01
2.889585637433356169e-08
1.686390169197693467e-05
1.737513113766908646e-03
6.912608146667480469e-01
4.470860958099365234e-02
4.430744593264535069e-05
3.470079898834228516e-01
2.733824076130986214e-04
7.997372746467590332e-02
1.338993606623262167e-04
6.353405357373276274e-09
1.468716412782669067e-01
3.605500161647796631e-01
6.338792601923159964e-09
7.849177345633506775e-03
3.302516043186187744e-01
7.811192404005851131e-08
5.061552883489639498e-07
1.981229434022679925e-04
8.455800707451999187e-05
6.782390475273132324e-01
2.230126500135654055e-10
1.201078891754150391e-01
2.260214649140834808e-02
6.821615099906921387e-01
9.397993494530965108e-08
4.768666258314624429e-05
2.541978028602898121e-04
1.979695662157610059e-05
1.778162829577922821e-02
2.712627519940724596e-06
6.796223670244216919e-02
3.850666107609868050e-03
1.100751469493843615e-04
4.924132954329252243e-04
7.337736315093934536e-04
1.388159580528736115e-02
1.724125002510845661e-03
3.711334720719605684e-04
2.170038533222395927e-05
2.552911973907612264e-05
6.669713258743286133e-01
6.546637741848826408e-04
1.496993645559996367e-04
5.043134312932018304e-12
1.630595534152234904e-06
1.084671821445226669e-02
4.698599198604824778e-08
6.545816659927368164e-01
7.009008413660922088e-07
1.728498316699855764e-10
5.472697466757381335e-06
1.622075797058641911e-04
7.341189384460449219e-01
6.653470396995544434e-01
4.734037443995475769e-03
5.138500332832336426e-01
2.950980437788075506e-08
3.969957530498504639e-01
5.809445865452289581e-03
6.886958479881286621e-01
6.050698161125183105e-01
1.752135614636158526e-15
6.427613357118389104e-07
1.290629683126098826e-07
6.697638630867004395e-01
1.437662717762577813e-06
3.923901356756687164e-03
3.457563929259777069e-03
2.456189031363464892e-05
4.776006389874964952e-04
2.395572960376739502e-01
9.002619483222673580e-11
2.472965605556964874e-02
5.554116796702146530e-03
4.894249606877565384e-03
3.723835572600364685e-03
1.333201676607131958e-01
5.019903182983398438e-01
6.233164109289646149e-03
6.742149125784635544e-03
3.092400133609771729e-01
9.336866205558180809e-04
8.815906941890716553e-03
2.426653918519150466e-05
1.216151863336563110e-01
1.679708816482161637e-08
6.032104138284921646e-03
5.783838033676147461e-01
1.031272020190954208e-02
9.209607727825641632e-03
9.892083471640944481e-04
3.547292435541749001e-04
3.572878194972872734e-04
2.458744496107101440e-01
9.955702722072601318e-02
7.711610017224757030e-09
5.903496742248535156e-01
1.019931278278818354e-05
2.364741871133446693e-03
9.579073637723922729e-03
6.205532117746770382e-04
3.606035932898521423e-02
1.307341903448104858e-01
9.388071298599243164e-02
8.703154511749744415e-03
1.010628882795572281e-03
2.482983516529202461e-03
7.283376455307006836e-01
4.954187572002410889e-02
1.712711394930011011e-08
1.263307058252394199e-05
6.635933914367342368e-06
1.107905060052871704e-02
8.190103769302368164e-01
5.574606802838388830e-07
3.170615062117576599e-02
3.716604709625244141e-01
6.345307338051497936e-05
2.534447014331817627e-01
1.937109045684337616e-03
5.731664299964904785e-01
6.127026863396167755e-04
1.358006898044550326e-07
9.453762769699096680e-01
4.949072535964660347e-05
6.452115286492698942e-08
1.538168936967849731e-01
2.153970708604902029e-04
6.173809524625539780e-03
1.465610603190725669e-05
8.909657001495361328e-01
4.543964315928405995e-09
7.682905902584025171e-07
5.424249768257141113e-01
8.736137300729751587e-02
4.066881498232532977e-09
4.122587561141699553e-04
8.470114153169561177e-06
9.291520836995914578e-05
4.329035282135009766e-01
7.478878833353519440e-04
1.046888939981727162e-07
7.098022615537047386e-05
5.942109227180480957e-01
4.280058741569519043e-01
3.026942024007439613e-03
1.123457103967666626e-01
4.749385640025138855e-02
4.067480564117431641e-01
1.663956940174102783e-01
1.888692349893972278e-04
3.971237316727638245e-02
2.065222543023992330e-05
5.547800014937820379e-07
4.194924130285215824e-10
6.728144288063049316e-01
1.785744912922382355e-02
6.975077558308839798e-04
4.031524440506473184e-05
7.985856063896790147e-05
9.434432286070659757e-06
3.262183964252471924e-01
8.634138107299804688e-01
2.006272785365581512e-02
6.073667109012603760e-02
3.223777748644351959e-03
3.881589509546756744e-03
1.917881631285922595e-09
1.936561966431327164e-05
1.377174407243728638e-01
1.813989172205765499e-07
1.480435393750667572e-02
2.134539783000946045e-01
3.174121229676529765e-05
2.196914143860340118e-02
2.370962053537368774e-01
2.472820051480084658e-05
7.889211177825927734e-03
6.467258790507912636e-04
1.536001265048980713e-02
2.350870668888092041e-01
6.959488391876220703e-01
2.812340653690625913e-06
7.807554006576538086e-01
9.286446243095269892e-07
2.032418851740658283e-04
2.125722033952115453e-07
3.638426449015241815e-09
1.366899465210735798e-03
5.229555011254660712e-09
8.953239039044547098e-09
1.041345967678353190e-05
2.655699427123181522e-05
5.840569734573364258e-01
3.801746288445428945e-06
1.828428208827972412e-01
1.288868745064064569e-08
6.839818954467773438e-01
7.021290063858032227e-01
1.295620109885931015e-02
4.001858178526163101e-03
1.768236934651667980e-08
6.587658426724374294e-04
1.513864754087990150e-05
4.677982069551944733e-04
4.362621693871915340e-04
9.517744814502293593e-08
1.651844382286071777e-01
1.576842623762786388e-05
3.856489202007651329e-04
9.433704690309241414e-06
9.354213252663612366e-03
5.693951388821005821e-04
2.550779498733390938e-08
3.294135332107543945e-01
3.137632831931114197e-02
1.294836806664534379e-07
4.138550534844398499e-02
9.251052546233040630e-08
1.517718425020575523e-03
3.214679600205272436e-05
4.197604357614181936e-05
2.741480711847543716e-03
2.401068777544423938e-04
3.228923014830797911e-04
8.487579179927706718e-05
5.194070935249328613e-01
3.980808425694704056e-03
2.140365093946456909e-01
1.933548919623717666e-04
8.858725428581237793e-02
1.467778235673904419e-01
8.318068285007029772e-05
3.153949677944183350e-01
2.044153552560601383e-05
3.122113412246108055e-08
1.842430680990219116e-01
1.650552803766913712e-05
2.486304845660924911e-03
4.402371589094400406e-03
9.465976953506469727e-01
1.229406370839569718e-05
6.665571928024291992e-01
4.922254593111574650e-04
3.062876057811081409e-04
2.437111288309097290e-01
2.552240788936614990e-01
1.805349683081658441e-07
1.886662989854812622e-01
2.104787563439458609e-05
2.337323394385748543e-06
1.775270211510360241e-03
1.620353460311889648e-01
1.447931630536913872e-03
1.380711438514481415e-07
2.481990307569503784e-02
7.780457167427812237e-07
6.910302552398661646e-09
2.162611577659845352e-03
5.103003786643967032e-06
1.349239349365234375e-01
5.633515119552612305e-01
5.248693283647298813e-03
8.569168130634352565e-05
8.074222803115844727e-01
1.405352918482094537e-07
8.372406661510467529e-02
2.233804166316986084e-01
6.435365881770849228e-03
1.707911342382431030e-01
9.275386400986462831e-05
1.412373594939708710e-02
1.187508925795555115e-01
3.548074141144752502e-02
1.727859973907470703e-01
3.936962684747413732e-07
6.200421012181323022e-06
3.186612786976183997e-07
1.075057592242956161e-02
1.414041686803102493e-02
9.277313947677612305e-04
2.428921870887279510e-04
4.180950927548110485e-04
1.021521985530853271e-01
7.915795094959321432e-07
6.954041719436645508e-01
3.134128749370574951e-01
4.723128080368041992e-01
5.305875837802886963e-02
7.767439819872379303e-05
3.984197064710315317e-06
2.905422262847423553e-02
8.064008951187133789e-01
1.074910396710038185e-03
1.431462238542735577e-03
2.142434008419513702e-03
4.300750494003295898e-01
1.713937371969223022e-01
1.533343940973281860e-01
5.161507129669189453e-01
1.263629496097564697e-01
6.724820733070373535e-01
1.699686166830360889e-03
9.611132334441663261e-09
6.637241244316101074e-01
2.894861681852489710e-04
3.661461232695728540e-04
1.049850485287606716e-03
8.737977743148803711e-01
1.283505558967590332e-01
3.272256255149841309e-01
1.261852383613586426e-01
2.905389666557312012e-01
1.308165141381323338e-03
4.624148607254028320e-01
2.521571144461631775e-02
2.403366612270474434e-03
1.240451633930206299e-02
1.503499224781990051e-02
5.414478108286857605e-02
1.557142968522384763e-04
2.475981414318084717e-01
1.323569267988204956e-01
2.568106353282928467e-01
5.738922953605651855e-01
1.023270534972198220e-08
9.241300821304321289e-02
3.283939440734684467e-05
3.203851520083844662e-04
3.269763290882110596e-01
4.362579784356057644e-04
6.638350486755371094e-01
1.590845175087451935e-02
9.425985808775294572e-06
1.374741941690444946e-01
9.942382916960923467e-08
2.505831122398376465e-01
9.550709734185147681e-08
7.791118025779724121e-01
7.258448004722595215e-01
7.700335383415222168e-01
4.090041727522475412e-08
2.551668439991772175e-04
7.044179737567901611e-02
2.989481985569000244e-01
6.717172027492779307e-07
7.417056476697325706e-04
5.321298837661743164e-01
2.328950067749246955e-04
4.732354078441858292e-03
1.661505230003967881e-04
1.886506676673889160e-01
1.048537939786911011e-01
2.095385279972106218e-04
2.377612590789794922e-01
7.143894433975219727e-01
1.883355900645256042e-02
2.868463343475013971e-05
2.551620602607727051e-01
5.574606802838388830e-07
5.426950454711914062e-01
4.941446706652641296e-02
9.901288431137800217e-04
2.525218587834388018e-04
2.086921408772468567e-02
2.536058900659554638e-07
2.727425890043377876e-03
5.174248013645410538e-03
1.037002205848693848e-01
2.195617854595184326e-01
3.072504885494709015e-03
5.320701003074645996e-02
5.310407686920370907e-07
3.487251102924346924e-01
2.470436447765678167e-05
3.183020949363708496e-01
3.541706246323883533e-04
2.100721303577302024e-06
8.304978609085083008e-01
3.733180346898734570e-04
1.483092270791530609e-02
6.891178898513317108e-03
6.687994003295898438e-01
5.939354300498962402e-01
3.119828999042510986e-01
4.551742982528139692e-09
9.157016873359680176e-03
1.511312723159790039e-01
2.173828426748514175e-03
7.078046798706054688e-01
5.460909451358020306e-04
7.375407149083912373e-04
2.646792927407659590e-05
8.280012116301804781e-05
7.523970305919647217e-02
6.916880374774336815e-04
4.888695478439331055e-01
6.519785523414611816e-01
1.077143708243966103e-03
1.136786575983705916e-08
9.750497702043503523e-05
9.936705231666564941e-03
7.002284746704390272e-06
2.946165693629154703e-07
4.951140284538269043e-02
7.404394447803497314e-03
2.772813439369201660e-01
1.782307326793670654e-01
7.597165703773498535e-01
6.929658055305480957e-01
2.692549722269177437e-03
6.886430382728576660e-01
4.689390957355499268e-01
8.922170847654342651e-02
3.813925723079591990e-04
3.860345532302744687e-05
5.445807360615617654e-08
1.586673259735107422e-01
3.752121119759976864e-05
3.159183859825134277e-01
2.963038384914398193e-01
2.223685979843139648e-01
4.710055142641067505e-02
3.503776270008529536e-06
3.040873911231756210e-03
2.054838259937241673e-04
3.628104195740888827e-06
2.300539985299110413e-02
4.747289419174194336e-01
5.924810469150543213e-02
2.772447942334110849e-07
4.834999708691611886e-05
3.969796299934387207e-01
2.897544801235198975e-01
1.125239115208387375e-02
9.015353725772001781e-07
5.294920993037521839e-04
1.763413473963737488e-02
3.843634033273701789e-08
5.191265344619750977e-01
1.104096695780754089e-02
1.308049075305461884e-03
6.308241933584213257e-02
2.040725201368331909e-02
5.818226840347051620e-03
1.097846234188182279e-05
2.645687572658061981e-02
2.038392126560211182e-01
1.638253103010356426e-03
1.793071423890069127e-04
4.958280324935913086e-01
1.381756301270797849e-04
4.791564308106899261e-03
1.884165612864308059e-05
6.181756854057312012e-01
9.594408911652863026e-04
1.114620491862297058e-01
2.513443529605865479e-01
4.862002679146826267e-04
1.543989346828311682e-04
2.475017309188842773e-02
3.017575072590261698e-04
5.802001357078552246e-01
2.195489965379238129e-02
1.388159580528736115e-02
4.402049398777307943e-06
8.163895457983016968e-03
2.600429525045910850e-07
2.749250829219818115e-02
5.455850958824157715e-01
1.420906484127044678e-01
6.802705526351928711e-01
2.507420955225825310e-03
3.697616339195519686e-04
6.236681656446307898e-05
3.806826472282409668e-02
2.776336073875427246e-01
5.047357678413391113e-01
2.928171397797996178e-06
7.300180941820144653e-02
4.671673232223838568e-04
2.142527664545923471e-04
2.819213550537824631e-03
2.868983894586563110e-03
6.716619729995727539e-01
4.208559691905975342e-01
3.193377517163753510e-03
6.006349622111883946e-07
1.022909491439349949e-04
1.754221739247441292e-04
2.726903557777404785e-01
1.367242020933190361e-06
5.303159123286604881e-04
2.351894909224938601e-05
1.086124801076948643e-03
8.669822476804256439e-03
3.408369049429893494e-02
1.297986786812543869e-02
7.333734508563338750e-09
3.230294957756996155e-02
1.119510707212612033e-04
6.008954346179962158e-02
1.765788495540618896e-01
9.934063553810119629e-01
1.231855480000376701e-03
1.787716319086030126e-04
2.687072940170764923e-02
4.148378502577543259e-03
3.488432412268593907e-05
1.662743045017123222e-03
3.131398698315024376e-04
6.029269695281982422e-01
9.476688504219055176e-02
3.404096059966832399e-04
3.218950951122678816e-06
5.047316849231719971e-02
4.028730988502502441e-01
3.943934900885182060e-10
1.658775378018617630e-03
5.524397492408752441e-01
2.480547875165939331e-03
3.238960488705089347e-10
5.891755223274230957e-02
1.298757735639810562e-03
1.802366971969604492e-01
4.555462393909692764e-03
2.415572106838226318e-01
4.027637466788291931e-02
2.962422370910644531e-02
1.109545305371284485e-02
3.562457859516143799e-01
1.690761744976043701e-01
2.622347325086593628e-03
2.763632219284772873e-04
2.345827004868183963e-11
1.878156581369694322e-06
4.172595993168215500e-07
3.320979269361146180e-09
1.884012453956529498e-05
3.385553526413787040e-08
1.125369891524314880e-01
4.750936204800382257e-05
8.374749427275673952e-08
1.331542298430576921e-04
3.618745927913558091e-11
2.847246093409805390e-12
1.334309810772538185e-03
6.343549466691911221e-04
8.109361182562224712e-09
2.149788791427909018e-09
1.537765056127682328e-04
5.043134312932018304e-12
2.229084117288948619e-08
3.984589880268174511e-10
2.642493655002908781e-07
3.554852767706506711e-08
7.211246599858611717e-10
2.447297902108402923e-06
5.039419920649379492e-05
1.128699281252920628e-03
8.966241011876263656e-07
1.595307912793941796e-05
1.978238683975064305e-09
4.922492848891124595e-07
1.485279244661796838e-05
1.075604956213283003e-07
2.818256064074375900e-07
1.935541504849425110e-08
1.958875451236963272e-03
1.684477695107489126e-07
2.706448435783386230e-01
4.213187098503112793e-02
1.647776002755563240e-06
8.103006985038518906e-05
7.892447683843784034e-06
5.730553098715063243e-08
2.036966817442475985e-09
1.833842475207347888e-06
4.774465924128890038e-04
2.418950595384217195e-10
1.359525327870869660e-07
2.085473533952608705e-05
9.110871133088949136e-07
1.663007773458957672e-02
9.008858796732965857e-07
1.897516810345223348e-08
2.472612559145659361e-09
6.223510240488394629e-07
1.805349683081658441e-07
2.572283506196981762e-07
3.491534735076129436e-04
7.359978189924731851e-05
1.865492649244515633e-09
2.453912794589996338e-01
4.371894001960754395e-01
6.801853942306479439e-07
5.843131802976131439e-04
8.198861678465618752e-07
1.170268282294273376e-02
1.275168699521600502e-07
3.517658478813245893e-05
6.081731617450714111e-02
3.043549895664909855e-06
2.901934074983625322e-11
1.016804203391075134e-01
2.123097510775551200e-05
3.255973126670141937e-07
2.254126663103761530e-08
1.751983724534511566e-02
4.132671952247619629e-01
3.162024540870334022e-06
2.599003892100881785e-05
5.592340603470802307e-04
2.308262992301024497e-06
2.384029585300595500e-06
2.949724148493260145e-06
1.109595615389480372e-08
2.158631104975938797e-06
5.601590146397938952e-06
2.549599003032199107e-07
1.412946062373521272e-07
3.727288451045751572e-03
3.405306259196549945e-08
5.448471540603350149e-08
5.026986968914570753e-07
2.336372126592323184e-04
7.273383671417832375e-04
3.419869756271509686e-07
3.771685296669602394e-04
1.823123693466186523e-01
3.891900348662602482e-07
1.129770498664584011e-05
6.338792601923159964e-09
1.390312007742977585e-07
2.122088189935311675e-04
4.014872956759063527e-06
9.708961442811414599e-05
1.752135614636158526e-15
4.531527793005807325e-06
2.557699554017744958e-05
1.127383529819780961e-05
3.428078443334925396e-08
8.689577413178994902e-08
5.064992583356797695e-04
2.064505224552704021e-07
1.081615419451509297e-08
2.088428274760190106e-08
8.397698252338159364e-07
6.432743475670577027e-07
2.681919681890576612e-07
8.569168130634352565e-05
1.053691084962338209e-04
9.730730425872025080e-07
7.003964697105402593e-08
3.532790771032523480e-08
1.771331525901587156e-08
7.701361179351806641e-02
1.720614731311798096e-03
3.881790444637545079e-10
6.083375581056316150e-08
2.463741451501846313e-01
8.577548271659907186e-08
2.691644709557294846e-03
5.360346335692156572e-07
1.034138374933490923e-08
1.462180954092673346e-08
5.486671383891916776e-08
2.828564937829014525e-08
3.674219215099583380e-06
2.218610406501397847e-09
5.547117325477302074e-07
6.933147744803136447e-08
2.681590989232063293e-02
1.164759487437549978e-05
4.295790859032422304e-06
1.721522858133539557e-05
5.001089535653591156e-03
2.020982280373573303e-02
7.689037602176540531e-07
2.314340008524595760e-08
5.293114782034535892e-07
6.193025183165445924e-05
1.370833342662081122e-04
3.520218561092747223e-09
2.712627519940724596e-06
1.017869799397885799e-03
6.853306899756717030e-08
1.395888027388991759e-08
4.385214298963546753e-02
2.473871552055584289e-09
2.579342435637954623e-05
3.816052540628334100e-08
1.499741338193416595e-04
2.111270150635391474e-04
1.080583160728565417e-06
2.807290293276309967e-02
2.162145683541893959e-03
2.241915062768384814e-04
4.080648068338632584e-05
2.007659059017896652e-04
7.611404562180013045e-11
7.825512147974222898e-05
5.444236421681125648e-07
2.624337547274535609e-08
8.955815246736165136e-06
8.673842996358871460e-03
1.469425274990499020e-03
2.880651445593684912e-04
5.825667903991416097e-05
1.809105044230818748e-03
2.089222222566604614e-01
2.074583619832992554e-02
1.331740058958530426e-04
4.269847977411700413e-06
9.699229121906682849e-05
5.434237593249235942e-08
8.799785291557782330e-07
1.590504543855786324e-03
2.529790208427584730e-06
6.216229521669447422e-04
5.201438852964201942e-07
8.358562126886681654e-07
5.601955344900488853e-04
4.773766733705997467e-03
9.205017903468615259e-08
1.116499970521545038e-05
1.761355124252350635e-11
2.799019217491149902e-03
2.903148379118647426e-05
6.709251904046809045e-11
5.289214095682837069e-05
9.632599606845815288e-09
2.426106482744216919e-03
1.407108265993883833e-05
5.820367336273193359e-01
2.016532718585040129e-08
6.443556230806279927e-07
1.527930544398259372e-05
3.047334030270576477e-04
3.841905621811747551e-03
1.414205962646519765e-05
2.501423921330570010e-07
6.622792980692793208e-09
1.760648774506989866e-05
3.352154817548580468e-05
7.945662736892700195e-01
1.083858407469051599e-07
2.481336025539349066e-08
4.410835856560879620e-07
2.550779498733390938e-08
5.288410466164350510e-04
1.305185577393785934e-07
2.277744748369059380e-08
8.009899167549239252e-13
2.584602043498307467e-06
6.148059037514030933e-05
2.713140379029255200e-09
9.954612689710984341e-10
2.361107908654958010e-05
4.558056592941284180e-02
2.222672748075638083e-07
1.426300696039106697e-05
2.708867425099015236e-03
8.967313624452799559e-05
2.140149923945955379e-08
1.865348545834422112e-03
2.261283043480943888e-06
1.984682967304252088e-06
7.400044069072464481e-06
2.124288357663317584e-06
6.608077324926853180e-03
3.808463225141167641e-04
3.552718044375069439e-05
2.377348864683881402e-04
1.924615418147368473e-07
1.018345006741583347e-03
1.715906910249032080e-05
6.049366563232183580e-10
2.709328157379786717e-07
1.514070220309804427e-07
7.669887502892436260e-10
3.312276234540556530e-12
2.016527112573385239e-03
4.734533831651788205e-08
4.637284949421882629e-02
1.258461111319775227e-06
1.630027099963626824e-07
2.925031781196594238e-01
6.186607060953974724e-05
7.495902827940881252e-04
9.763114121597027406e-07
5.527625024370763640e-09
2.153970708604902029e-04
2.721207081890497648e-08
8.745898230699822307e-05
6.066887294764455874e-07
1.256267447024583817e-02
1.352220522221614374e-07
5.640640854835510254e-03
2.856853418052196503e-03
2.759537310339510441e-04
5.134528037160634995e-04
2.651685499586164951e-04
1.603091881463569734e-09
9.386572055518627167e-03
6.137192940514069051e-07
2.584814183137496002e-06
1.929013058543205261e-03
3.773036780785332667e-07
2.013844550674548373e-06
2.530453346860639385e-10
1.598348841071128845e-02
1.265909304493106902e-06
3.348642349010333419e-05
7.811192404005851131e-08
2.770007355138659477e-03
2.265606013907017768e-08
2.954488309114822187e-06
1.036154790199361742e-04
6.930055678822100163e-05
4.024243753519840539e-05
5.547800014937820379e-07
2.572029479779303074e-04
9.175856803267379291e-07
5.862476973561570048e-05
1.133811092586256564e-04
1.148072769865393639e-03
3.295509998224588344e-08
9.502305147179868072e-07
2.805430767693906091e-07
9.388724464542974601e-08
1.743259225861493178e-08
1.430275278835324571e-05
2.258153632283210754e-03
3.558632832856289951e-10
9.057288116309791803e-05
9.275100455852225423e-05
2.479629032313823700e-02
3.304714104160666466e-03
1.368651510347262956e-06
9.921030141413211823e-04
2.676484598396200454e-07
1.312605579784076326e-09
5.252533696875616442e-08
3.468556997177074663e-06
9.058952855411916971e-05
4.656856253859587014e-05
5.254005372989922762e-06
3.426668172323843464e-06
3.143505091429688036e-05
2.587775327356212074e-08
3.419324457354377955e-06
8.556189641240052879e-07
2.067517002046770358e-08
4.543964315928405995e-09
2.254760038340464234e-04
2.756483574728463282e-08
4.009446854524867376e-07
3.342705440445570275e-06
4.493924789130687714e-03
9.712719474919140339e-05
9.588022749085212126e-07
2.965977182611823082e-03
9.482348104938864708e-06
1.919319814192022022e-08
6.305387360043823719e-04
1.710415489242222975e-07
3.850666107609868050e-03
1.319594830274581909e-01
1.158644881797954440e-04
1.229406370839569718e-05
7.754231803119182587e-03
3.402012225706130266e-05
2.511909826807823265e-07
1.171188079752027988e-03
7.930388079557815217e-08
5.438968946691602468e-05
4.258901640241674613e-07
2.142881605493585084e-08
2.593598328530788422e-04
9.317491276306100190e-07
1.154570873040938750e-05
7.531812395988879416e-10
1.830351266107754782e-06
5.055479732618550770e-07
3.270032175350934267e-04
1.940798386931419373e-02
9.517744814502293593e-08
7.625084563755990530e-09
3.033269755542278290e-02
1.230385660022648153e-08
2.138759191439021379e-05
1.478980382607630872e-09
2.746960381045937538e-04
1.230131441154469485e-09
5.836203964548758449e-09
1.972325058829937916e-08
2.772106602787971497e-02
3.246131655032513663e-06
1.166003057733178139e-03
1.664730859829433030e-07
1.052909670562485189e-08
1.720875948667526245e-01
1.358006898044550326e-07
9.577623131917789578e-06
4.856655432377010584e-04
1.275328395422548056e-04
5.115933277011208702e-08
3.509168745949864388e-04
5.751896649599075317e-03
1.114620491862297058e-01
4.636164874227688415e-08
1.531526868348009884e-05
3.066888530156575143e-05
1.520586656589273389e-09
1.449891669835778885e-06
4.219030088279396296e-04
1.940782931342255324e-05
9.506135256742709316e-07
1.629643957130610943e-04
2.986172512464690953e-05
1.301898956298828125e-01
1.485623397456947714e-05
2.519573867321014404e-01
-0.000000000000000000e+00
-0.000000000000000000e+00
-0.000000000000000000e+00
-0.000000000000000000e+00
-0.000000000000000000e+00
-0.000000000000000000e+00
-0.000000000000000000e+00
-0.000000000000000000e+00
-0.000000000000000000e+00
-0.000000000000000000e+00
-0.000000000000000000e+00
-0.000000000000000000e+00
-0.000000000000000000e+00
-0.000000000000000000e+00
-0.000000000000000000e+00
-0.000000000000000000e+00
-0.000000000000000000e+00
-0.000000000000000000e+00
-0.000000000000000000e+00
-0.000000000000000000e+00
-0.000000000000000000e+00
-0.000000000000000000e+00
-0.000000000000000000e+00
-0.000000000000000000e+00
-0.000000000000000000e+00
-0.000000000000000000e+00
-0.000000000000000000e+00
-0.000000000000000000e+00
-0.000000000000000000e+00
-0.000000000000000000e+00
-0.000000000000000000e+00
-0.000000000000000000e+00
-0.000000000000000000e+00
-0.000000000000000000e+00
-0.000000000000000000e+00
-0.000000000000000000e+00
-0.000000000000000000e+00
-0.000000000000000000e+00
-0.000000000000000000e+00
-0.000000000000000000e+00
