6.654402017593383789e-01
6.731932759284973145e-01
2.218121290206909180e-01
3.939519450068473816e-02
1.845388710498809814e-01
1.071875214576721191e+00
9.817148447036743164e-01
5.133076757192611694e-02
8.387439250946044922e-01
6.799082756042480469e-01
3.528925403952598572e-02
3.637360334396362305e-01
6.715821027755737305e-01
5.336888432502746582e-01
1.868931651115417480e-01
2.968387864530086517e-02
6.102347373962402344e-01
5.034731626510620117e-01
3.807731671258807182e-03
1.098332524299621582e+00
2.338365884497761726e-03
1.056491360068321228e-01
1.011238396167755127e-01
7.728837430477142334e-02
8.584114909172058105e-02
2.661518454551696777e-01
3.106169998645782471e-01
6.223026514053344727e-01
6.644902229309082031e-01
1.865752972662448883e-03
1.038263924419879913e-02
6.172465085983276367e-01
7.022934556007385254e-01
8.288338780403137207e-01
1.036416739225387573e-02
6.433419585227966309e-01
1.834982633590698242e-02
1.189737796783447266e+00
6.198788285255432129e-01
4.686636626720428467e-01
6.613339297473430634e-03
4.941036552190780640e-02
3.863276541233062744e-01
1.018377184867858887e+00
8.498219251632690430e-01
6.185922026634216309e-01
3.504450200125575066e-03
7.611265182495117188e-01
9.767067432403564453e-01
4.650555551052093506e-01
3.064780831336975098e-01
2.592721581459045410e-01
8.734151124954223633e-01
7.895047068595886230e-01
2.802381813526153564e-01
1.189473748207092285e+00
8.468828201293945312e-01
4.509276151657104492e-02
7.499728202819824219e-01
9.895460605621337891e-01
6.258987784385681152e-01
4.114628434181213379e-01
2.146966457366943359e-01
3.087465167045593262e-01
1.733899349346756935e-03
5.512403249740600586e-01
3.813927620649337769e-02
5.027440786361694336e-01
6.602421402931213379e-03
1.117124259471893311e-01
4.819104969501495361e-01
6.529895067214965820e-01
1.772364675998687744e-01
4.360539317131042480e-01
7.196121811866760254e-01
2.280390560626983643e-01
7.517582923173904419e-02
4.205666482448577881e-02
9.460876137018203735e-02
3.216688036918640137e-01
3.468446135520935059e-01
1.358468532562255859e-01
5.863162279129028320e-01
4.568804204463958740e-01
1.464310288429260254e-01
1.053492948412895203e-01
6.257283687591552734e-01
7.073563337326049805e-01
3.230229616165161133e-01
3.434241563081741333e-02
3.786517679691314697e-02
6.056463122367858887e-01
1.123429536819458008e-01
8.635829687118530273e-01
5.539193749427795410e-02
6.271631717681884766e-01
6.654059290885925293e-01
1.831314563751220703e-01
2.581510692834854126e-02
1.600532606244087219e-02
8.521996736526489258e-01
3.936607763171195984e-02
2.250997126102447510e-01
4.500150978565216064e-01
1.190938472747802734e+00
9.569110870361328125e-01
1.637035012245178223e-01
2.663007974624633789e-01
3.672352060675621033e-02
1.046244651079177856e-01
2.793501317501068115e-01
8.522543907165527344e-01
4.028752148151397705e-01
3.237928152084350586e-01
6.596792936325073242e-01
6.051650047302246094e-01
5.580283686867915094e-05
8.078148365020751953e-01
4.843371734023094177e-02
1.954705417156219482e-01
4.868270754814147949e-01
2.489574849605560303e-01
8.999806046485900879e-01
6.081281304359436035e-01
7.125560045242309570e-01
7.621649503707885742e-01
2.403086423873901367e-01
2.265509450808167458e-03
9.000689024105668068e-04
9.019211865961551666e-03
2.352872490882873535e-01
9.733735918998718262e-01
6.942119002342224121e-01
7.468549609184265137e-01
1.046158313751220703e+00
3.089537918567657471e-01
6.870657801628112793e-01
6.685945987701416016e-01
6.994746923446655273e-01
1.291660070419311523e-01
3.815348073840141296e-02
2.638008892536163330e-01
5.206418633460998535e-01
1.181550502777099609e+00
3.058554232120513916e-01
1.110177766531705856e-02
1.182439550757408142e-01
2.842574715614318848e-01
5.311967134475708008e-01
3.539726138114929199e-01
2.318738400936126709e-01
2.974519729614257812e-01
3.156089689582586288e-03
8.884359002113342285e-01
8.540824651718139648e-01
1.333980262279510498e-01
7.580816149711608887e-01
6.785148382186889648e-01
7.849610410630702972e-04
2.894389331340789795e-01
5.139203667640686035e-01
1.623017340898513794e-01
5.905909463763237000e-02
1.652309447526931763e-01
1.748295873403549194e-02
1.962353289127349854e-01
7.058542966842651367e-01
8.612447977066040039e-01
4.392409920692443848e-01
9.212298989295959473e-01
8.947576284408569336e-01
2.761309742927551270e-01
7.584493756294250488e-01
4.781007766723632812e-01
7.207620143890380859e-01
1.103041507303714752e-02
5.804839134216308594e-01
7.203972339630126953e-01
3.189911320805549622e-02
7.156084775924682617e-01
3.435538411140441895e-01
1.371503025293350220e-01
6.584198772907257080e-02
8.502557128667831421e-02
3.507679402828216553e-01
6.203156113624572754e-01
6.019353866577148438e-01
8.829058408737182617e-01
7.671852111816406250e-01
1.327931284904479980e-01
6.267318725585937500e-01
7.757694721221923828e-01
3.557050824165344238e-01
1.553025562316179276e-03
3.361347913742065430e-01
6.719573736190795898e-01
7.396652698516845703e-01
6.544438600540161133e-01
2.234538793563842773e-01
4.785018563270568848e-01
6.934286355972290039e-01
9.534864425659179688e-01
8.254463076591491699e-01
7.500496506690979004e-01
4.627940356731414795e-01
7.124313712120056152e-01
3.384323716163635254e-01
3.962862193584442139e-01
1.104127645492553711e+00
4.474693443626165390e-03
6.014075502753257751e-02
9.032386587932705879e-04
3.752869069576263428e-01
2.321946769952774048e-01
2.077841311693191528e-01
5.514024496078491211e-01
1.014783263206481934e+00
4.579387903213500977e-01
7.278489321470260620e-02
1.388979726471006870e-03
3.665637671947479248e-01
9.768662042915821075e-03
8.208500221371650696e-03
6.796063184738159180e-01
4.992698132991790771e-01
2.328414283692836761e-02
3.499417901039123535e-01
4.855995774269104004e-01
7.587311267852783203e-01
1.117097854614257812e+00
2.601423561573028564e-01
5.855389833450317383e-01
2.745140790939331055e-01
1.148389101028442383e+00
2.305150032043457031e-02
9.614384174346923828e-02
1.012746095657348633e+00
5.890152454376220703e-01
2.750957608222961426e-01
3.636706769466400146e-01
6.450311839580535889e-02
1.197751164436340332e+00
6.713301539421081543e-01
7.265542149543762207e-01
4.466401934623718262e-01
2.128744721412658691e-01
1.169286817312240601e-01
4.297726154327392578e-01
3.347579240798950195e-01
1.038977503776550293e+00
4.660833510570228100e-04
1.371965836733579636e-02
6.637876033782958984e-01
3.728798925876617432e-01
5.461173653602600098e-01
3.241259455680847168e-01
-0.000000000000000000e+00
-0.000000000000000000e+00
-0.000000000000000000e+00
-0.000000000000000000e+00
-0.000000000000000000e+00
-0.000000000000000000e+00
-0.000000000000000000e+00
-0.000000000000000000e+00
-0.000000000000000000e+00
-0.000000000000000000e+00
-0.000000000000000000e+00
-0.000000000000000000e+00
-0.000000000000000000e+00
-0.000000000000000000e+00
-0.000000000000000000e+00
-0.000000000000000000e+00
-0.000000000000000000e+00
-0.000000000000000000e+00
-0.000000000000000000e+00
-0.000000000000000000e+00
