3.397394320927560329e-04
3.661728896986460313e-06
7.950566941872239113e-05
8.892362117767333984e-01
3.997800126671791077e-02
1.440866477787494659e-02
1.993790792766958475e-04
3.174967467784881592e-01
3.061398267745971680e-01
2.960860133171081543e-01
6.056447818991728127e-05
3.046059012413024902e-01
2.140580472769215703e-04
1.428405084880068898e-05
1.253500208258628845e-02
6.732966899871826172e-01
4.451403219718486071e-05
3.900481260643573478e-06
6.130049996500019915e-07
1.961609814316034317e-03
1.036358517012558877e-04
1.396030746400356293e-02
8.565825819969177246e-01
1.447499245405197144e-01
2.267885793116874993e-05
8.249774575233459473e-02
5.700329691171646118e-02
9.753822232596576214e-04
7.423014938831329346e-02
1.672924117883667350e-04
7.323737463593715802e-06
3.710630908608436584e-02
8.308582007884979248e-03
4.244102456141263247e-04
1.080542802810668945e-01
8.478004932403564453e-01
2.016386279137805104e-04
6.882891466375440359e-05
9.154494851827621460e-03
6.941184997558593750e-01
1.993273347616195679e-01
2.585851689218543470e-05
7.161634840713304584e-08
4.733266830444335938e-01
6.348752975463867188e-02
2.441680729389190674e-01
3.942582756280899048e-02
6.044044494628906250e-01
5.146292448043823242e-01
1.555487833684310317e-04
2.725125523284077644e-05
3.080231545027345419e-05
3.157667443156242371e-02
5.940055847167968750e-01
4.479999006434809417e-06
3.215722367167472839e-02
3.992205165559425950e-06
2.361527979373931885e-01
2.028976632573176175e-05
7.015541195869445801e-03
3.037889488041400909e-02
1.093519822461530566e-04
4.827266186475753784e-02
5.527264438569545746e-03
1.731250435113906860e-03
1.658785622566938400e-03
5.271866684779524803e-04
3.824302439170423895e-06
1.456015797884901986e-05
6.355620026588439941e-01
1.014359295368194580e-02
6.624704838031902909e-06
3.835586539935320616e-05
3.071792721748352051e-01
4.563350975513458252e-02
2.104871782648842782e-06
1.466981321573257446e-01
2.750125154852867126e-02
3.967318480135872960e-05
3.173489356413483620e-03
1.338183134794235229e-01
8.672457624925300479e-05
6.581693742191419005e-05
1.628351397812366486e-02
6.946557760238647461e-01
1.815646392060443759e-04
3.792165443883277476e-07
6.958298683166503906e-01
1.689269847702234983e-04
2.148848034266848117e-05
2.898759703384712338e-05
8.687254786491394043e-02
4.684957384597510099e-04
1.838910975493490696e-04
1.484952517785131931e-04
6.618882715702056885e-02
9.386207580064365175e-07
4.975016694515943527e-03
6.724773811583872885e-06
1.575989834964275360e-02
1.707174931652843952e-03
1.089681535959243774e-01
8.631892502307891846e-03
2.977245312649756670e-04
6.513205766677856445e-01
1.887513101100921631e-01
3.011569976806640625e-01
9.293882548809051514e-02
1.581702599651180208e-05
1.172437295317649841e-01
2.265448529215063900e-05
3.059736192226409912e-01
5.482724308967590332e-01
5.834450130350887775e-04
5.053510665893554688e-01
1.538043932214350207e-07
1.552937618498617667e-07
8.006966090761125088e-04
2.745181637564542143e-09
1.916523873805999756e-01
5.299793883750680834e-06
2.037596888840198517e-03
4.517782144830562174e-06
1.080730780959129333e-01
3.820842175628058612e-05
6.933692930033430457e-05
6.992963552474975586e-01
1.924078532056228141e-07
2.994954411406069994e-04
2.585393376648426056e-03
1.113265852836775593e-07
3.188285231590270996e-02
2.316745667485520244e-04
5.269844223221298307e-07
3.615426272153854370e-02
3.540467470884323120e-02
5.514962249435484409e-04
8.958422768046148121e-06
5.135930702090263367e-02
6.945307254791259766e-01
4.144092090427875519e-04
4.457414746284484863e-01
1.682054251432418823e-03
1.113362237811088562e-02
1.575903152115643024e-04
3.490139245986938477e-01
1.554882824420928955e-01
3.714047074317932129e-01
3.980126231908798218e-02
6.397917218237125780e-07
3.511383838485926390e-04
1.750930323396460153e-06
2.647859400894958526e-05
2.019905950874090195e-03
2.118496489345034206e-08
1.436406892025843263e-04
1.629205886274576187e-03
1.223649451276287436e-04
5.127176336827687919e-06
1.397273987531661987e-01
5.637750728055834770e-04
5.747613906860351562e-01
6.647549103945493698e-03
2.032182965194806457e-05
6.927813291549682617e-01
5.047812461853027344e-01
6.905072927474975586e-02
7.703095434408169240e-06
1.882451120764017105e-03
1.047713216394186020e-03
7.521410589106380939e-04
1.624253400223096833e-06
8.568062447011470795e-03
6.460297107696533203e-01
5.307233892381191254e-03
3.145680693705799058e-08
2.815939486026763916e-02
1.070400816388428211e-03
8.711216971278190613e-03
1.168728321790695190e-01
4.869647091254591942e-05
3.401009738445281982e-02
3.382607176899909973e-02
2.929453694378025830e-05
3.204590393579564989e-05
2.210847288370132446e-01
8.150356262922286987e-02
1.214725547470152378e-03
6.666043996810913086e-01
4.666467308998107910e-01
2.836459875106811523e-01
2.007626695558428764e-03
8.959584683179855347e-02
2.654086984694004059e-02
1.174206286668777466e-01
3.567111194133758545e-01
3.905700286850333214e-04
1.057510003447532654e-01
1.642354163777781650e-07
7.151426871132571250e-06
1.019612500385846943e-05
3.114382707281038165e-05
5.808749701827764511e-04
2.953992411494255066e-02
1.521882040833588690e-06
1.092436505132354796e-04
1.994395554065704346e-01
1.595736891031265259e-01
3.192154690623283386e-02
2.409947514533996582e-01
3.201157320290803909e-03
5.408395008998923004e-05
6.169192790985107422e-01
9.295683412346988916e-05
4.905720241367816925e-03
5.895951390266418457e-01
7.915406674146652222e-02
8.859136723913252354e-04
4.962331149727106094e-03
6.881565786898136139e-03
6.068719625473022461e-01
4.675695002079010010e-01
9.463910828344523907e-06
6.782158834539586678e-07
4.985956475138664246e-04
3.689480479806661606e-03
1.923805028200149536e-01
4.895406309515237808e-04
1.818799210013821721e-04
1.046304225921630859e+00
8.053397536277770996e-01
3.724447160493582487e-04
2.215228080749511719e-01
1.680978573858737946e-03
8.069702424108982086e-03
4.471212946555169765e-07
2.314219273102935404e-05
2.892165866796858609e-05
1.823860704898834229e-01
1.110148266889154911e-03
2.602048218250274658e-01
4.034263491630554199e-01
5.749654769897460938e-02
1.159551601404018584e-07
4.792744293808937073e-02
1.604237258434295654e-01
4.028559487778693438e-04
1.040635281242430210e-03
5.019864439964294434e-02
1.187448576092720032e-01
1.948378048837184906e-02
1.483735104557126760e-04
6.909105777740478516e-01
1.714623067528009415e-03
3.669629245996475220e-02
1.964205293916165829e-04
-0.000000000000000000e+00
-0.000000000000000000e+00
-0.000000000000000000e+00
-0.000000000000000000e+00
-0.000000000000000000e+00
-0.000000000000000000e+00
-0.000000000000000000e+00
-0.000000000000000000e+00
-0.000000000000000000e+00
-0.000000000000000000e+00
-0.000000000000000000e+00
-0.000000000000000000e+00
-0.000000000000000000e+00
-0.000000000000000000e+00
-0.000000000000000000e+00
-0.000000000000000000e+00
-0.000000000000000000e+00
-0.000000000000000000e+00
-0.000000000000000000e+00
-0.000000000000000000e+00
