1.771908700466156006e-01
4.559700787067413330e-01
4.374218732118606567e-02
6.517546176910400391e-01
1.646765694022178650e-02
2.013899385929107666e-01
2.202084520831704140e-03
6.668699905276298523e-03
4.164927522651851177e-04
3.417808096855878830e-03
2.648969367146492004e-02
1.003918886184692383e+00
5.566897452808916569e-04
5.579741264227777719e-05
4.692898946814239025e-04
1.703846827149391174e-02
1.184403803199529648e-02
7.966537773609161377e-02
3.004249185323715210e-02
6.297284364700317383e-01
7.460471242666244507e-04
9.730705618858337402e-02
5.004353821277618408e-03
6.110498681664466858e-02
1.339545706287026405e-03
1.713518053293228149e-02
2.086401684209704399e-03
1.445777527987957001e-02
1.130107790231704712e-02
5.786551907658576965e-02
3.662685339804738760e-04
5.972272902727127075e-02
2.330244751647114754e-03
2.003302052617073059e-02
1.400924869813024998e-03
2.987902844324707985e-04
6.619842723011970520e-03
8.807466030120849609e-01
3.353842534124851227e-03
3.727892180904746056e-04
2.931033726781606674e-03
1.009734440594911575e-02
1.718859747052192688e-02
6.094538257457315922e-04
6.648765206336975098e-01
1.073422562330961227e-02
6.547804176807403564e-02
9.252721667289733887e-01
1.001536293188109994e-04
3.949946723878383636e-03
2.673551789484918118e-04
6.302095716819167137e-04
7.317122220993041992e-01
1.509296745061874390e-01
1.063764333724975586e+00
4.182169437408447266e-01
1.404919195920228958e-03
7.448992691934108734e-03
4.963609389960765839e-03
2.577308118343353271e-01
2.951535210013389587e-02
1.330744707956910133e-03
7.672393321990966797e-01
8.875278872437775135e-04
3.907081205397844315e-03
6.053321361541748047e-01
2.365149706602096558e-01
4.951817449182271957e-03
2.078717574477195740e-02
2.976714372634887695e-01
4.465109377633780241e-04
3.031492531299591064e-01
1.089881057851016521e-03
1.280243275687098503e-03
3.707613050937652588e-02
2.223234390839934349e-03
1.074979186058044434e+00
8.146544694900512695e-01
1.366569194942712784e-03
2.008859254419803619e-02
5.696048901882022619e-05
7.300431374460458755e-03
8.610020158812403679e-04
5.490762740373611450e-02
1.679864153265953064e-02
1.462267118768068030e-05
1.500353449955582619e-03
1.322334632277488708e-03
6.246625185012817383e-01
1.119930669665336609e-02
3.584881313145160675e-03
3.758367523550987244e-02
1.336714602075517178e-03
6.743024587631225586e-01
4.667817056179046631e-02
1.106101181358098984e-02
9.116724878549575806e-02
1.080892801284790039e+00
3.407526761293411255e-03
1.192694326164200902e-04
1.260127127170562744e-01
5.214411648921668530e-04
3.367770090699195862e-02
3.572021611034870148e-03
3.523388803005218506e-01
4.836818575859069824e-02
5.319280028343200684e-01
6.487634181976318359e-01
3.019060241058468819e-04
9.545298665761947632e-02
5.768897826783359051e-04
4.084722138941287994e-03
4.945072578266263008e-04
7.608893327414989471e-03
6.930795311927795410e-02
8.631800301373004913e-05
7.157179713249206543e-01
3.766949987038969994e-03
7.430414669215679169e-03
4.877118766307830811e-01
5.847380962222814560e-04
3.658992005512118340e-03
1.340938173234462738e-02
3.082319861277937889e-03
3.582614008337259293e-03
8.260310627520084381e-03
5.745321512222290039e-03
1.511979289352893829e-02
9.662201046012341976e-04
7.624943100381642580e-05
3.618777915835380554e-02
2.407205849885940552e-02
1.300484058447182178e-03
2.605072967708110809e-02
1.441596895456314087e-01
2.634381130337715149e-02
2.179368399083614349e-03
7.713691797107458115e-03
4.336469341069459915e-03
8.242835998535156250e-01
5.588906424236483872e-05
1.799293328076601028e-03
1.453500334173440933e-02
4.380007274448871613e-03
6.972480565309524536e-03
2.140429423889145255e-04
2.371042683080304414e-05
1.094539277255535126e-02
7.812159601598978043e-03
1.125588268041610718e-02
7.922177016735076904e-02
5.535784959793090820e-01
2.026319969445466995e-03
3.789520636200904846e-02
8.449799567461013794e-02
1.743249893188476562e-01
4.411992616951465607e-03
7.202621102333068848e-01
1.442410144954919815e-02
5.463960766792297363e-01
7.769097089767456055e-01
4.480679985135793686e-03
2.782709002494812012e-01
1.223983359523117542e-03
9.209284782409667969e-01
7.674009799957275391e-01
5.158449523150920868e-03
6.740462034940719604e-02
8.498616218566894531e-01
8.526360988616943359e-02
2.169882319867610931e-02
3.218556195497512817e-02
2.550225181039422750e-04
2.157971560955047607e-01
3.354342579841613770e-01
2.233867533504962921e-02
6.372615694999694824e-02
6.831856444478034973e-04
2.213118597865104675e-03
1.435916929040104151e-04
7.010531425476074219e-01
5.769675970077514648e-01
1.197733283042907715e-01
1.219900790601968765e-02
8.502562413923442364e-04
1.787711400538682938e-03
8.619786798954010010e-02
2.376520819962024689e-02
8.542897994630038738e-04
7.917950861155986786e-04
6.103233695030212402e-01
1.270569086074829102e+00
3.287512436509132385e-02
7.759604341117665172e-05
1.257891114801168442e-02
6.854118108749389648e-01
2.067379420623183250e-03
3.344429569551721215e-05
3.150863200426101685e-02
8.989897905848920345e-04
3.699078806675970554e-04
3.593914210796356201e-02
8.837733417749404907e-03
4.762108146678656340e-04
4.343746602535247803e-01
2.643787767738103867e-03
2.368111163377761841e-02
9.678485803306102753e-04
8.201261758804321289e-01
8.957788944244384766e-01
5.229753442108631134e-04
3.110570274293422699e-02
3.412009030580520630e-02
8.567166924476623535e-01
3.166308626532554626e-03
1.144335401477292180e-04
7.675054669380187988e-01
5.611869096755981445e-01
8.381551131606101990e-03
6.352174878120422363e-01
5.773375630378723145e-01
2.644771477207541466e-03
2.781575731933116913e-02
4.300497937947511673e-03
3.346600860822945833e-04
3.161299100611358881e-04
5.739170312881469727e-01
4.209780395030975342e-01
2.799595519900321960e-02
1.233946532011032104e-02
6.838747262954711914e-01
5.247332453727722168e-01
4.388588480651378632e-03
2.708678841590881348e-01
1.925888359546661377e-01
7.713009603321552277e-03
8.753522997722029686e-04
3.290293170721270144e-05
4.632314201444387436e-03
4.043491184711456299e-02
2.807488143444061279e-01
4.644825588911771774e-03
2.354072203161194921e-04
2.517280168831348419e-02
2.785127144306898117e-03
1.585888303816318512e-02
1.515818089246749878e-01
3.943091034889221191e-01
6.458781193941831589e-03
9.532428979873657227e-01
1.920302747748792171e-03
2.176079303026199341e-01
1.734576746821403503e-02
5.185942649841308594e-01
6.184937432408332825e-03
6.902761459350585938e-01
-0.000000000000000000e+00
-0.000000000000000000e+00
-0.000000000000000000e+00
-0.000000000000000000e+00
-0.000000000000000000e+00
-0.000000000000000000e+00
-0.000000000000000000e+00
-0.000000000000000000e+00
-0.000000000000000000e+00
-0.000000000000000000e+00
-0.000000000000000000e+00
-0.000000000000000000e+00
-0.000000000000000000e+00
-0.000000000000000000e+00
-0.000000000000000000e+00
-0.000000000000000000e+00
-0.000000000000000000e+00
-0.000000000000000000e+00
-0.000000000000000000e+00
-0.000000000000000000e+00
