2.209821715950965881e-03
3.042068332433700562e-02
8.452016860246658325e-02
9.193205237388610840e-01
5.594616532325744629e-01
2.485449076630175114e-04
5.336108207702636719e-01
8.777515888214111328e-01
1.178760677576065063e-01
2.600781023502349854e-01
3.246739041060209274e-03
1.352069666609168053e-03
2.511937320232391357e-01
6.656031012535095215e-01
3.144201636314392090e-02
7.394176721572875977e-01
9.201132059097290039e-01
4.900183528661727905e-02
3.190027922391891479e-02
4.845950007438659668e-01
2.549233436584472656e-01
9.397437795996665955e-03
6.285023689270019531e-01
2.901888918131589890e-03
2.750433087348937988e-01
4.161187410354614258e-01
2.888001501560211182e-01
4.204818010330200195e-01
9.119499921798706055e-01
1.648904979228973389e-01
3.624300286173820496e-02
4.142912328243255615e-01
4.737491607666015625e-01
6.437294483184814453e-01
5.393528342247009277e-01
3.725547343492507935e-02
3.555849194526672363e-01
1.148824412666726857e-05
9.133817366091534495e-05
4.833227023482322693e-02
2.385240606963634491e-02
8.077099919319152832e-02
1.200957968831062317e-01
4.192172288894653320e-01
1.040266394615173340e+00
7.510106563568115234e-01
5.087358355522155762e-01
5.007865428924560547e-01
5.487573333084583282e-03
5.838719010353088379e-01
6.139110028743743896e-02
2.901087701320648193e-01
4.382559272926300764e-04
1.691350191831588745e-01
3.086293935775756836e-01
9.145542383193969727e-01
5.076382160186767578e-01
3.662408888339996338e-02
1.694487333297729492e-01
6.676898002624511719e-01
7.443149685859680176e-01
1.615921780467033386e-02
2.265093028545379639e-01
3.531361818313598633e-01
6.068384051322937012e-01
1.401688624173402786e-02
1.583461090922355652e-02
3.880170285701751709e-01
4.583358466625213623e-01
5.151217579841613770e-01
8.669725805521011353e-02
4.106921255588531494e-01
7.228915393352508545e-02
2.682353258132934570e-01
3.414453864097595215e-01
3.143977522850036621e-01
7.010547816753387451e-02
1.627106964588165283e-02
4.394194483757019043e-01
4.047240614891052246e-01
3.609711304306983948e-02
5.200046896934509277e-01
6.877277493476867676e-01
1.258895993232727051e-01
2.016777545213699341e-01
2.259691208600997925e-01
4.836966395378112793e-01
2.225744426250457764e-01
9.621985554695129395e-01
9.353928267955780029e-02
6.752007603645324707e-01
1.038507938385009766e+00
7.559284567832946777e-01
2.443866978865116835e-04
6.956456303596496582e-01
1.146670356392860413e-01
2.559424340724945068e-01
3.330876585096120834e-03
6.179816126823425293e-01
5.107470154762268066e-01
1.133810281753540039e-01
8.401218056678771973e-02
2.103179395198822021e-01
5.632577538490295410e-01
6.850425004959106445e-01
1.903558373451232910e-01
2.467699348926544189e-01
5.142647624015808105e-01
5.625787973403930664e-01
3.995659351348876953e-01
5.560854673385620117e-01
2.539448738098144531e-01
1.943429261445999146e-01
7.205814123153686523e-01
8.275288939476013184e-01
5.521010160446166992e-01
2.617760188877582550e-02
5.890038609504699707e-01
2.674425952136516571e-03
3.198704682290554047e-03
6.127743124961853027e-01
5.340239405632019043e-01
3.230021893978118896e-01
3.569176495075225830e-01
4.363971352577209473e-01
1.107476502656936646e-01
1.904847174882888794e-01
4.173775315284729004e-01
6.939010620117187500e-01
2.316552847623825073e-01
3.833650052547454834e-01
5.402845740318298340e-01
4.697649180889129639e-01
3.580255806446075439e-02
1.017026044428348541e-02
1.803855411708354950e-02
1.035917520523071289e+00
3.557863831520080566e-01
1.637730151414871216e-01
3.616499900817871094e-01
1.150893270969390869e-01
1.853564977645874023e-01
3.881447315216064453e-01
1.155777573585510254e-01
1.953456923365592957e-02
1.034484386444091797e+00
3.574706148356199265e-03
3.645487725734710693e-01
3.528423011302947998e-01
5.679100379347801208e-02
8.627041429281234741e-02
1.207011640071868896e-01
6.009708642959594727e-01
6.930514574050903320e-01
2.955092641059309244e-04
3.225049003958702087e-03
8.540838956832885742e-02
3.378260508179664612e-02
1.882708072662353516e-02
4.361804723739624023e-01
2.532242834568023682e-01
5.268525704741477966e-02
2.290541306138038635e-03
6.136381626129150391e-01
2.964701689779758453e-02
1.919143460690975189e-02
5.761488676071166992e-01
5.552246570587158203e-01
1.826841235160827637e-01
5.971190929412841797e-01
8.347758650779724121e-01
7.617604732513427734e-01
4.483049511909484863e-01
2.460345625877380371e-02
9.656827151775360107e-02
5.375050823204219341e-04
7.154015898704528809e-01
5.738169699907302856e-02
3.577003721147775650e-03
4.584088921546936035e-03
4.413837566971778870e-02
2.801984956022351980e-04
4.994321763515472412e-01
6.933083534240722656e-01
2.898299694061279297e-01
6.135855801403522491e-03
6.087439134716987610e-02
5.371545553207397461e-01
2.783729434013366699e-01
5.081110820174217224e-02
1.878873631358146667e-02
1.297512054443359375e-01
8.574308454990386963e-02
1.171620041131973267e-01
1.222699135541915894e-01
1.038356963545084000e-02
5.178219676017761230e-01
1.428693085908889771e-01
1.335916947573423386e-02
5.414248704910278320e-01
7.480290532112121582e-01
5.221842527389526367e-01
1.388932913541793823e-01
5.766922235488891602e-02
2.196557968854904175e-01
5.528740286827087402e-01
5.792860388755798340e-01
6.526365876197814941e-01
1.097782142460346222e-02
3.284330432506976649e-06
6.547751426696777344e-01
1.076212227344512939e-01
3.499817568808794022e-03
1.156817190349102020e-02
6.902016401290893555e-01
3.404972376301884651e-03
4.082460999488830566e-01
3.240930140018463135e-01
1.177408918738365173e-01
2.070025075227022171e-03
2.977561205625534058e-02
8.703441619873046875e-01
5.296020302921533585e-03
4.652799069881439209e-01
1.487043201923370361e-01
7.384312152862548828e-01
1.339503563940525055e-03
6.945105791091918945e-01
3.984040617942810059e-01
5.561200380325317383e-01
6.477668881416320801e-01
2.443238161504268646e-03
6.415352225303649902e-01
6.056182980537414551e-01
6.600323319435119629e-02
2.345425486564636230e-01
5.960167646408081055e-01
3.852951526641845703e-02
7.104162796167656779e-05
5.439566373825073242e-01
3.076474666595458984e-01
1.579162925481796265e-01
6.430414915084838867e-01
3.149636462330818176e-02
3.495770990848541260e-01
2.166359126567840576e-01
9.086966514587402344e-03
4.939505159854888916e-01
6.479924321174621582e-01
9.905434846878051758e-01
7.556819319725036621e-01
8.168181031942367554e-02
6.305661201477050781e-01
4.026484489440917969e-01
8.541533946990966797e-01
1.031513571739196777e+00
-0.000000000000000000e+00
-0.000000000000000000e+00
-0.000000000000000000e+00
-0.000000000000000000e+00
-0.000000000000000000e+00
-0.000000000000000000e+00
-0.000000000000000000e+00
-0.000000000000000000e+00
-0.000000000000000000e+00
-0.000000000000000000e+00
-0.000000000000000000e+00
-0.000000000000000000e+00
-0.000000000000000000e+00
-0.000000000000000000e+00
-0.000000000000000000e+00
-0.000000000000000000e+00
-0.000000000000000000e+00
-0.000000000000000000e+00
-0.000000000000000000e+00
-0.000000000000000000e+00
