2.942644059658050537e-01
4.422371741384267807e-03
7.043685913085937500e-01
8.773462772369384766e-01
2.706620097160339355e-02
1.535955965518951416e-01
9.842249751091003418e-01
2.622651495039463043e-02
5.376928448677062988e-01
7.306222915649414062e-01
1.590658128261566162e-01
2.910337969660758972e-02
1.196160092949867249e-01
7.406185567378997803e-02
7.162411808967590332e-01
3.436248898506164551e-01
1.419012397527694702e-01
4.308909773826599121e-01
7.051756381988525391e-01
8.411016464233398438e-01
6.769039481878280640e-02
9.662093594670295715e-03
3.436259925365447998e-01
2.515411004424095154e-03
5.206062644720077515e-02
1.456828787922859192e-02
3.375795483589172363e-02
5.315803885459899902e-01
7.811465859413146973e-02
1.205561216920614243e-02
1.933506131172180176e-01
3.173501230776309967e-03
1.240722984075546265e-01
5.246311426162719727e-01
4.455045331269502640e-03
1.623101234436035156e-01
7.833457784727215767e-04
3.649538120953366160e-05
4.273775630281306803e-05
1.973874121904373169e-01
5.692107370123267174e-04
1.166285667568445206e-02
7.072648406028747559e-01
2.012205123901367188e-01
3.185804784297943115e-01
1.070717930793762207e+00
6.426882743835449219e-01
8.922826647758483887e-01
4.015388786792755127e-01
4.720363616943359375e-01
6.904659271240234375e-01
8.811079710721969604e-02
2.791820466518402100e-02
1.005749702453613281e+00
7.684702873229980469e-01
1.104093194007873535e+00
1.908278167247772217e-01
1.963798254728317261e-01
1.113233789801597595e-01
4.819296002388000488e-01
6.866907477378845215e-01
3.473456948995590210e-02
1.098597407341003418e+00
3.442688286304473877e-02
1.034800522029399872e-02
7.579806447029113770e-02
2.631883621215820312e-01
1.320924609899520874e-02
6.181477308273315430e-01
3.115348890423774719e-02
8.113735169172286987e-02
9.862219095230102539e-01
4.071169197559356689e-01
1.328806579113006592e-01
1.674483902752399445e-02
2.180096507072448730e-01
4.948357343673706055e-01
1.893784478306770325e-02
6.846501231193542480e-01
6.844646334648132324e-01
5.527021288871765137e-01
5.244091618806123734e-03
1.771400719881057739e-01
2.345666754990816116e-03
7.029206752777099609e-01
4.087464138865470886e-02
1.287157684564590454e-01
8.055002689361572266e-01
1.546023190021514893e-01
2.586808204650878906e-01
8.959934860467910767e-02
7.488831877708435059e-02
4.431087989360094070e-03
2.519456756999716163e-05
4.394647479057312012e-01
4.846354015171527863e-03
2.611182816326618195e-02
5.041517317295074463e-03
5.581365153193473816e-02
3.672546154120936990e-05
7.017005681991577148e-01
7.124908566474914551e-01
6.414463520050048828e-01
7.436387538909912109e-01
7.886229157447814941e-01
7.238952070474624634e-02
1.639042602619156241e-04
5.301188677549362183e-02
4.773482680320739746e-01
1.681655049324035645e-01
2.249469906091690063e-01
3.216537237167358398e-01
1.636980175971984863e-01
3.747133910655975342e-01
2.528204321861267090e-01
7.378020286560058594e-01
3.861286491155624390e-02
7.294514179229736328e-01
1.076131761074066162e-01
7.709127385169267654e-04
6.624486446380615234e-01
6.848511695861816406e-01
3.568582534790039062e-01
6.207981612533330917e-03
8.289554119110107422e-01
9.168143570423126221e-02
6.913535594940185547e-01
1.258540600538253784e-01
2.611037343740463257e-03
3.264600876718759537e-03
7.466607093811035156e-01
7.657506465911865234e-01
1.000222787261009216e-01
2.912712693214416504e-01
1.490946114063262939e-02
3.625732380896806717e-03
2.346579730510711670e-01
1.740114241838455200e-01
2.971844077110290527e-01
4.880026578903198242e-01
9.571820497512817383e-03
6.232644664123654366e-04
6.501581668853759766e-01
5.704801678657531738e-01
1.436402276158332825e-02
5.070018768310546875e-01
2.685447456315159798e-03
1.951370504684746265e-03
4.048964977264404297e-01
7.368379235267639160e-01
9.976990520954132080e-03
2.457415498793125153e-02
1.012819260358810425e-02
4.418509006500244141e-01
6.701391935348510742e-01
2.762492804322391748e-04
9.180329442024230957e-01
4.923058152198791504e-01
2.939219474792480469e-01
6.130286455154418945e-01
6.649439334869384766e-01
6.646679639816284180e-01
5.854871273040771484e-01
9.066925197839736938e-02
1.205592155456542969e+00
1.121366500854492188e+00
6.935896351933479309e-03
5.177289843559265137e-01
2.989368140697479248e-02
7.057824730873107910e-01
6.288470029830932617e-01
6.916246414184570312e-01
2.449280954897403717e-02
4.773287102580070496e-03
3.152435179799795151e-03
5.771039128303527832e-01
2.887903153896331787e-01
1.853112727403640747e-01
2.072172239422798157e-03
5.751172900199890137e-01
4.322461783885955811e-01
2.514101215638220310e-04
5.803484916687011719e-01
2.822533436119556427e-02
8.415874093770980835e-03
1.833169335441198200e-05
1.869751140475273132e-02
6.333450675010681152e-01
5.020886659622192383e-01
1.018921099603176117e-02
2.858393825590610504e-03
1.393766641616821289e+00
2.717463532462716103e-03
2.865618735086172819e-04
7.437814474105834961e-01
1.136672794818878174e-01
4.875669479370117188e-01
2.236621920019388199e-03
1.899834573268890381e-01
3.682802319526672363e-01
4.872451126575469971e-01
9.458346366882324219e-01
7.882999181747436523e-01
9.673473834991455078e-01
6.406630873680114746e-01
7.077359557151794434e-01
1.693995855748653412e-02
1.813121512532234192e-02
4.348111152648925781e-01
1.192059280583634973e-04
6.217907182872295380e-03
9.439268708229064941e-02
7.015710230916738510e-03
1.904332041740417480e-01
5.539909005165100098e-01
5.183340981602668762e-02
3.540766835212707520e-01
7.390343546867370605e-01
1.151054352521896362e-02
2.343599684536457062e-03
4.027460701763629913e-03
6.276154890656471252e-04
5.209851861000061035e-01
1.676599383354187012e-01
1.737007051706314087e-01
2.340064011514186859e-02
2.253750711679458618e-02
7.743912935256958008e-02
7.556288242340087891e-01
1.826202273368835449e-01
1.486362814903259277e-01
5.409210920333862305e-01
4.122861474752426147e-02
1.065031528472900391e+00
6.718868762254714966e-02
2.497311532497406006e-01
6.706161499023437500e-01
6.893723607063293457e-01
1.966644276762963273e-06
4.245405495166778564e-01
6.801477670669555664e-01
1.492412984371185303e-01
6.772347260266542435e-04
6.819075942039489746e-01
6.115191578865051270e-01
3.887859638780355453e-03
1.127580761909484863e+00
1.418169289827346802e-01
5.509274452924728394e-02
6.578974723815917969e-01
5.001498460769653320e-01
6.923068761825561523e-01
3.532792627811431885e-01
4.079150408506393433e-02
5.122053623199462891e-01
1.456862241029739380e-01
-0.000000000000000000e+00
-0.000000000000000000e+00
-0.000000000000000000e+00
-0.000000000000000000e+00
-0.000000000000000000e+00
-0.000000000000000000e+00
-0.000000000000000000e+00
-0.000000000000000000e+00
-0.000000000000000000e+00
-0.000000000000000000e+00
-0.000000000000000000e+00
-0.000000000000000000e+00
-0.000000000000000000e+00
-0.000000000000000000e+00
-0.000000000000000000e+00
-0.000000000000000000e+00
-0.000000000000000000e+00
-0.000000000000000000e+00
-0.000000000000000000e+00
-0.000000000000000000e+00
