1.644929647445678711e-01
3.053322732448577881e-01
6.990007162094116211e-01
5.778564810752868652e-01
6.648712158203125000e-01
1.413019053870812058e-04
4.556327685713768005e-02
3.542327880859375000e-01
2.685441076755523682e-01
8.121387958526611328e-01
4.064882174134254456e-03
5.795001238584518433e-02
2.308757510036230087e-03
2.866823160729836673e-05
2.349372021853923798e-02
4.351477622985839844e-01
1.300190016627311707e-02
4.582757949829101562e-01
6.032925844192504883e-02
1.321816258132457733e-02
3.258088690927252173e-05
1.748421043157577515e-01
7.620261907577514648e-01
6.037127375602722168e-01
8.181172597687691450e-05
4.064884185791015625e-01
1.013370007276535034e-01
9.182102084159851074e-01
1.028329610824584961e+00
6.269713640213012695e-01
1.280367578146979213e-04
2.695488929748535156e-02
1.971653103828430176e-01
9.438945651054382324e-01
6.904060486704111099e-03
8.280432783067226410e-03
6.633642315864562988e-01
4.298960848245769739e-04
5.411095619201660156e-01
3.359325528144836426e-01
1.329446882009506226e-01
3.681193338707089424e-04
5.199000835418701172e-01
4.245475400239229202e-03
9.068391919136047363e-01
6.798185706138610840e-01
7.472100853919982910e-01
3.284000605344772339e-02
8.952277712523937225e-04
2.334778691874817014e-04
2.940185186162125319e-05
6.951349973678588867e-02
6.254187226295471191e-01
6.242475658655166626e-02
1.271660625934600830e-02
1.129489898681640625e+00
2.773977175820618868e-04
2.705740034580230713e-01
2.180505980504676700e-04
5.969884395599365234e-01
6.562458584085106850e-04
5.548085272312164307e-02
1.337363012135028839e-02
1.421134686097502708e-03
7.814235240221023560e-02
7.140573579818010330e-03
2.394235134124755859e-01
2.386935520917177200e-03
9.552709758281707764e-02
5.733307078480720520e-02
1.958604902029037476e-02
6.493799737654626369e-04
2.538110129535198212e-03
3.249232098460197449e-02
3.617883101105690002e-02
4.953275918960571289e-01
7.602992467582225800e-03
2.972675114870071411e-02
1.004001311957836151e-02
5.707469535991549492e-04
3.730746357177849859e-06
1.106354743242263794e-01
6.941159881534986198e-06
2.473793923854827881e-01
2.480462938547134399e-02
5.802921019494533539e-03
5.791037110611796379e-04
1.375914737582206726e-02
2.935450673103332520e-01
9.604231119155883789e-01
7.048010826110839844e-01
6.432904601097106934e-01
9.085566853173077106e-04
1.131780882133170962e-04
1.778385192155838013e-01
5.707339048385620117e-01
1.457271818071603775e-02
2.379178851842880249e-01
3.805222809314727783e-01
3.869426250457763672e-02
7.734142541885375977e-01
1.227072998881340027e-01
9.542343616485595703e-01
1.091059064492583275e-03
5.216717123985290527e-01
1.700346767902374268e-01
8.261857181787490845e-02
1.355681717395782471e-01
4.031272546853870153e-04
1.257832162082195282e-02
1.710889339447021484e-01
8.358759880065917969e-01
6.041510105133056641e-01
3.877349197864532471e-01
5.734860301017761230e-01
4.129977314732968807e-04
2.756704948842525482e-02
7.863387465476989746e-03
8.021157979965209961e-01
8.070638179779052734e-01
5.332949967851163819e-06
3.424495458602905273e-03
6.272321194410324097e-02
7.793214321136474609e-01
4.340746998786926270e-01
3.214692473411560059e-01
7.211978435516357422e-01
5.728315114974975586e-01
2.567688643466681242e-04
6.597772880923002958e-05
3.480023443698883057e-01
5.686155557632446289e-01
2.268588170409202576e-03
2.526267170906066895e-01
6.271064281463623047e-01
1.977072358131408691e-01
9.144925512373447418e-03
8.628503419458866119e-03
5.538085699081420898e-01
6.771745681762695312e-01
2.224562194896861911e-05
1.869028806686401367e-01
1.372527122497558594e+00
7.627784013748168945e-01
6.867403984069824219e-01
4.300602898001670837e-02
5.096352659165859222e-03
9.172705560922622681e-02
7.361199855804443359e-01
4.247939884662628174e-01
4.332462251186370850e-01
1.204228401184082031e-02
1.643678115215152502e-05
9.792611598968505859e-01
4.862874150276184082e-01
1.928060501813888550e-02
5.687295342795550823e-04
3.684424236416816711e-02
1.031551230698823929e-02
2.662051618099212646e-01
1.083682850003242493e-01
7.849100828170776367e-01
1.484265625476837158e-01
1.830827095545828342e-04
6.896445751190185547e-01
7.863452658057212830e-03
2.792271375656127930e-01
6.096246838569641113e-02
1.469139102846384048e-02
3.275180235505104065e-02
6.557208299636840820e-01
2.567446529865264893e-01
7.846939843147993088e-04
4.663001000881195068e-01
1.642281115055084229e-01
3.523143827915191650e-01
5.748840793967247009e-02
4.056119360029697418e-04
4.560488164424896240e-01
3.972050547599792480e-02
4.183629751205444336e-01
2.040909603238105774e-03
6.608659029006958008e-01
2.503553696442395449e-04
3.129078149795532227e-01
1.781157255172729492e-01
7.490122318267822266e-01
6.307096686214208603e-03
2.089011017233133316e-03
1.612544655799865723e-01
6.800224184989929199e-01
2.720611691474914551e-01
2.471315711736679077e-01
8.489778847433626652e-04
2.490226412191987038e-03
3.755867481231689453e-01
1.059055924415588379e+00
8.121122419834136963e-02
7.654302120208740234e-01
2.619861662387847900e-01
1.752575486898422241e-01
1.256601214408874512e-01
5.426174402236938477e-02
1.743008964695036411e-03
4.225650727748870850e-01
2.784467069432139397e-04
3.944505751132965088e-01
5.579006075859069824e-01
3.089998662471771240e-01
5.015893578529357910e-01
2.196824848651885986e-01
7.926390171051025391e-01
1.487079858779907227e-01
8.501765727996826172e-01
1.039887356455437839e-04
1.784074753522872925e-01
5.021653603762388229e-03
5.008698999881744385e-02
5.271791219711303711e-01
4.929694533348083496e-02
8.634846806526184082e-01
7.219840772449970245e-04
2.426479011774063110e-01
3.741389606148004532e-03
2.260081600979901850e-05
2.332328259944915771e-02
5.766108036041259766e-01
2.075619436800479889e-02
8.174392580986022949e-02
8.226652741432189941e-01
2.025116980075836182e-01
3.440739810466766357e-01
6.874203085899353027e-01
1.191107511520385742e+00
1.071268200874328613e+00
1.204006746411323547e-01
1.595635712146759033e-01
3.505723043417674489e-06
7.893809676170349121e-02
9.019511751830577850e-03
9.373205304145812988e-01
4.044224321842193604e-01
1.783793047070503235e-02
3.491761162877082825e-03
3.699908033013343811e-02
6.143756210803985596e-03
3.271422982215881348e-01
2.248927354812622070e-01
1.080431416630744934e-01
1.136383771896362305e+00
2.861174941062927246e-01
4.146091938018798828e-01
2.426055371761322021e-01
4.157069921493530273e-01
2.673490047454833984e-01
7.093149702996015549e-03
-0.000000000000000000e+00
-0.000000000000000000e+00
-0.000000000000000000e+00
-0.000000000000000000e+00
-0.000000000000000000e+00
-0.000000000000000000e+00
-0.000000000000000000e+00
-0.000000000000000000e+00
-0.000000000000000000e+00
-0.000000000000000000e+00
-0.000000000000000000e+00
-0.000000000000000000e+00
-0.000000000000000000e+00
-0.000000000000000000e+00
-0.000000000000000000e+00
-0.000000000000000000e+00
-0.000000000000000000e+00
-0.000000000000000000e+00
-0.000000000000000000e+00
-0.000000000000000000e+00
