2.622327767312526703e-03
3.518415032885968685e-04
2.966227233409881592e-01
4.378822445869445801e-02
3.197907656431198120e-02
5.739912856370210648e-03
3.436080738902091980e-02
6.879667639732360840e-01
3.801046987064182758e-04
5.821031704545021057e-02
2.100504785776138306e-01
3.915612399578094482e-02
4.692551493644714355e-01
1.033295989036560059e-01
1.006223410367965698e-01
2.401002217084169388e-03
3.944106996059417725e-01
5.086427088826894760e-03
2.525624632835388184e-02
2.832520008087158203e-01
1.729618012905120850e-01
8.407552242279052734e-01
1.954058185219764709e-03
5.862421393394470215e-01
4.064664617180824280e-02
1.449928134679794312e-01
4.129344522953033447e-01
4.064147174358367920e-01
1.824149396270513535e-03
2.098927944898605347e-01
4.968903213739395142e-02
3.753960877656936646e-02
5.816168785095214844e-01
4.453561305999755859e-01
2.981427358463406563e-03
2.595153637230396271e-03
3.920272886753082275e-01
1.346260547637939453e+00
4.761867821216583252e-01
8.790199644863605499e-03
6.342093944549560547e-01
1.588420867919921875e-01
7.433456834405660629e-03
3.126069903373718262e-02
5.180115699768066406e-01
6.948525905609130859e-01
6.688150167465209961e-01
4.346081018447875977e-01
2.018888480961322784e-03
6.744990944862365723e-01
1.647341065108776093e-02
4.283840656280517578e-01
5.151971578598022461e-01
1.424328535795211792e-01
6.370763294398784637e-03
6.738885045051574707e-01
1.771939843893051147e-01
5.948117375373840332e-01
9.209769964218139648e-02
7.425082381814718246e-03
2.162466794252395630e-01
2.255939543247222900e-01
3.595688641071319580e-01
1.000400912016630173e-02
7.401386648416519165e-02
8.618666976690292358e-02
5.092728883028030396e-02
1.938492953777313232e-01
1.312902895733714104e-03
4.288790225982666016e-01
2.993576228618621826e-01
3.098018765449523926e-01
5.529096126556396484e-01
4.090569540858268738e-02
3.373304605484008789e-01
6.899604797363281250e-01
9.351030588150024414e-01
2.577856779098510742e-01
6.776921749114990234e-01
3.061295747756958008e-01
2.285383641719818115e-03
6.765346527099609375e-01
8.423229306936264038e-02
5.940939188003540039e-01
3.076516650617122650e-02
7.100868504494428635e-03
6.928455829620361328e-01
1.678485795855522156e-02
4.626515321433544159e-03
6.325043505057692528e-04
3.170426487922668457e-01
3.760586678981781006e-01
1.915240138769149780e-01
6.004813909530639648e-01
1.862271316349506378e-02
2.647510766983032227e-01
1.695687919855117798e-01
5.096278786659240723e-01
6.289095282554626465e-01
2.875586748123168945e-01
6.937385201454162598e-01
1.888035563752055168e-03
8.307867497205734253e-02
6.530798077583312988e-01
7.837198376655578613e-01
3.955978527665138245e-02
4.089307188987731934e-01
9.094084799289703369e-02
4.900248348712921143e-02
5.947061348706483841e-03
3.379308804869651794e-02
1.301430980674922466e-03
2.071486786007881165e-02
4.426947236061096191e-02
6.746119856834411621e-01
2.746227895841002464e-03
6.949445232748985291e-04
2.380559891462326050e-01
2.996335751959122717e-05
6.304538249969482422e-01
1.132772117853164673e-01
2.139785736799240112e-01
6.808525919914245605e-01
3.542251288890838623e-01
1.537551283836364746e-01
6.266773939132690430e-01
4.545924020931124687e-04
1.390319721394916996e-05
5.624620914459228516e-01
2.192481979727745056e-02
5.884224548935890198e-02
7.771926373243331909e-02
1.438314765691757202e-01
1.059574889950454235e-03
6.785867214202880859e-01
2.118605822324752808e-01
6.939386129379272461e-01
1.912427842617034912e-01
1.162496628239750862e-03
2.470744848251342773e-01
8.584935963153839111e-02
3.196342368028126657e-05
6.383375525474548340e-01
3.749964991584420204e-03
1.614939868450164795e-01
5.222897604107856750e-02
1.802520455385092646e-05
1.202332507818937302e-02
6.224851608276367188e-01
2.097730152308940887e-02
1.100284233689308167e-02
3.438720596022903919e-04
6.927292943000793457e-01
4.089438915252685547e-01
2.291311539011076093e-04
1.157051324844360352e+00
1.379776000976562500e-01
1.698027626844123006e-04
2.108882367610931396e-02
6.310035586357116699e-01
3.284301608800888062e-02
1.073706522583961487e-01
1.484397053718566895e-02
3.966495692729949951e-01
2.583191394805908203e-01
1.006025195121765137e+00
2.164538577198982239e-02
7.117611169815063477e-02
2.721427381038665771e-01
5.118272826075553894e-02
6.819962263107299805e-01
2.082455605268478394e-01
3.673715749755501747e-03
6.523488163948059082e-01
1.142131090164184570e-01
7.027191109955310822e-03
6.083719730377197266e-01
3.537344673532061279e-05
3.996968567371368408e-01
1.001094788080081344e-04
4.533456638455390930e-03
1.958014070987701416e-02
1.722299754619598389e-01
6.833352446556091309e-01
3.266688287258148193e-01
1.373199224472045898e-01
3.655441403388977051e-01
1.417808681726455688e-01
8.411606401205062866e-02
3.094257414340972900e-01
2.069073319435119629e-01
4.741271957755088806e-02
6.966152787208557129e-01
1.118366490118205547e-03
1.302902698516845703e-01
6.523493677377700806e-02
6.199983507394790649e-02
4.658216312236618251e-06
1.342563773505389690e-03
4.181725382804870605e-01
2.085262537002563477e-02
6.913521885871887207e-01
6.736736893653869629e-01
1.342814415693283081e-02
3.464579582214355469e-01
3.417456150054931641e-01
6.950578689575195312e-01
8.188530802726745605e-02
1.165602058172225952e-01
7.012230157852172852e-02
4.479696974158287048e-02
1.225318101205630228e-05
7.409722208976745605e-01
1.509100943803787231e-01
1.965647935867309570e-01
6.201640644576400518e-06
1.635794788599014282e-01
1.226212177425622940e-02
4.573129415512084961e-01
3.484632372856140137e-01
7.534555792808532715e-01
6.930009722709655762e-01
1.722840825095772743e-03
6.717878580093383789e-01
3.175890306010842323e-03
1.479429304599761963e-01
4.196537435054779053e-01
1.061826869845390320e-01
2.559181451797485352e-01
3.446478149271570146e-05
4.040516018867492676e-01
2.573428442701697350e-03
9.081836789846420288e-03
6.960379481315612793e-01
2.159188501536846161e-02
3.816311806440353394e-02
4.836487174034118652e-01
4.470827057957649231e-03
2.432775646448135376e-01
6.928115487098693848e-01
2.905234396457672119e-01
8.302947506308555603e-03
8.957026153802871704e-02
1.508505046367645264e-01
1.238940507173538208e-01
4.679803550243377686e-01
1.108274459838867188e-01
5.851382017135620117e-01
3.070060014724731445e-01
3.005143404006958008e-01
1.813932694494724274e-02
6.812314987182617188e-01
8.142518997192382812e-02
1.036039590835571289e+00
1.732509845169261098e-04
6.951239109039306641e-01
-0.000000000000000000e+00
-0.000000000000000000e+00
-0.000000000000000000e+00
-0.000000000000000000e+00
-0.000000000000000000e+00
-0.000000000000000000e+00
-0.000000000000000000e+00
-0.000000000000000000e+00
-0.000000000000000000e+00
-0.000000000000000000e+00
-0.000000000000000000e+00
-0.000000000000000000e+00
-0.000000000000000000e+00
-0.000000000000000000e+00
-0.000000000000000000e+00
-0.000000000000000000e+00
-0.000000000000000000e+00
-0.000000000000000000e+00
-0.000000000000000000e+00
-0.000000000000000000e+00
