1.116131711751222610e-02
1.771140005490945413e-11
8.157407045364379883e-01
7.114533218555152416e-04
1.372828381136059761e-03
2.721554338932037354e-01
2.807505370583385229e-05
7.662973075639456511e-05
5.932031399424886331e-06
1.139204576611518860e-02
8.538484573364257812e-02
2.839252948760986328e-01
1.342380652204155922e-03
6.937720626592636108e-02
9.362165629863739014e-02
3.336092829704284668e-02
1.038003712892532349e-01
1.382250536252627171e-09
5.204764311201870441e-04
1.644054100324865431e-05
5.441306711873039603e-06
5.781812667846679688e-01
3.851822683031969063e-08
6.010880470275878906e-01
2.063168911263346672e-03
2.056594894384033978e-05
1.087290584109723568e-04
5.412266254425048828e-01
8.590812981128692627e-02
3.987020254135131836e-01
6.154875755310058594e-01
5.941086411476135254e-01
6.554512977600097656e-01
3.027139930054545403e-03
6.250684261322021484e-01
2.021548425545915961e-04
6.768743395805358887e-01
6.859480738639831543e-01
6.072158366441726685e-02
4.176237434148788452e-02
1.614549546502530575e-04
1.914298236370086670e-01
1.450823694467544556e-01
6.691721826791763306e-02
5.600849981419742107e-04
1.252761930227279663e-01
4.665635788114741445e-05
9.343575239181518555e-01
1.639914808038156480e-05
1.506831176811829209e-05
6.504212021827697754e-01
4.433833211692217446e-08
1.750650553731247783e-04
1.418261229991912842e-01
8.483272395096719265e-04
7.434121798723936081e-04
1.354956930299522355e-05
1.754617005644831806e-05
3.927516445401124656e-06
1.597193545421760064e-06
8.767009377479553223e-01
1.601929776370525360e-02
1.117342321776959579e-06
1.003376906737685204e-03
7.111914455890655518e-04
1.095239352434873581e-02
3.294937869213754311e-07
2.015182282775640488e-03
5.168352723121643066e-01
6.148100495338439941e-01
4.289534687995910645e-01
5.048054084181785583e-02
3.474380605439364444e-08
1.004034886136651039e-03
1.164279133081436157e-01
6.381159275770187378e-02
6.397460765583673492e-07
2.835173518178635277e-07
1.668044014024872013e-08
1.123542934656143188e-01
2.034031152725219727e-01
4.357780198915861547e-07
9.096444398164749146e-02
8.347257244167849422e-05
5.602803826332092285e-02
1.918431191683112047e-09
3.048092821700265631e-06
2.482851147651672363e-01
7.790143042802810669e-02
2.801366827043239027e-05
7.764012366533279419e-02
2.788165807723999023e-01
6.928036808967590332e-01
4.947117759002139792e-06
1.469526588916778564e-01
6.294713639221072299e-09
2.346878871321678162e-02
5.454521179199218750e-01
1.751011703163385391e-03
1.990997116081416607e-04
9.326228755526244640e-04
8.726287633180618286e-03
4.777086815010989085e-08
9.567858651280403137e-04
1.709505522740073502e-05
3.692801296710968018e-01
1.470058108679950237e-03
2.893851324915885925e-02
5.031996508364500187e-08
1.529148519039154053e-01
6.452449411153793335e-02
6.868326663970947266e-01
2.129820361733436584e-02
1.475631847824843135e-06
4.717768388218246400e-05
7.820864208042621613e-03
2.798729401547461748e-04
4.023482915727072395e-07
8.155289776823337888e-09
6.652260822193056811e-07
4.876725142821669579e-04
4.361544176936149597e-02
6.909765005111694336e-01
1.420077588409185410e-02
6.154944109937332541e-09
2.474486595019698143e-03
1.530483934031323656e-10
1.065344139933586121e-01
2.946070134639739990e-01
4.692296683788299561e-02
1.081082154996693134e-03
8.608009815216064453e-01
1.742544009175617248e-05
2.958680270239710808e-03
6.720540568494470790e-08
3.645610604507965036e-06
5.793807213194668293e-04
7.218086011562263593e-06
4.656070302644366166e-07
1.569319516420364380e-01
1.004964411258697510e-01
3.353969659656286240e-03
1.145835220813751221e-01
5.038528442382812500e-01
1.517738401889801025e-01
5.483866669237613678e-03
5.674457550048828125e-01
3.655477464199066162e-01
1.172816723737923894e-06
8.230634778738021851e-02
2.643605057528475299e-06
1.618761122226715088e-01
3.921048846677877009e-05
8.787451079115271568e-04
3.984656929969787598e-01
6.628014612942934036e-03
4.250703379511833191e-02
6.948953866958618164e-01
4.786458451810915449e-10
2.118953038007020950e-03
1.833054511735099368e-06
1.848708279430866241e-02
2.110555925582957570e-07
1.806433312594890594e-03
6.314132213592529297e-01
3.255173796787858009e-03
6.138000330224713252e-09
5.729386806488037109e-01
3.324616849422454834e-01
7.669684290885925293e-02
1.850973963737487793e-01
2.514040943424333818e-06
5.757116079330444336e-01
3.428989555686712265e-03
8.295750740217044950e-05
3.186856396496295929e-03
2.143833305323639138e-10
2.475877106189727783e-01
2.942639912362210453e-05
2.125750333070755005e-01
2.275514998473227024e-04
7.991049528754956555e-07
3.541293554008007050e-04
6.047450751066207886e-02
3.518667426760657690e-06
5.138972774147987366e-03
6.330642700195312500e-01
1.420824788510799408e-03
1.679342494753655046e-05
4.486314207315444946e-02
7.558924844488501549e-04
1.326210703700780869e-02
5.144876241683959961e-01
2.389064902672544122e-04
8.837067289277911186e-04
2.382804639637470245e-02
1.292238831520080566e-01
2.553513459861278534e-02
1.199618950486183167e-01
2.239223420619964600e-01
6.945744622498750687e-03
3.667312142852097168e-08
3.009027987718582153e-02
1.442719716578722000e-02
1.465496122837066650e-01
1.885613240301609039e-02
4.794046826184228394e-10
1.133281737565994263e-02
1.049521751701831818e-02
4.643091000616550446e-03
1.483161817304790020e-03
8.081902051344513893e-04
4.516759514808654785e-02
4.551618993282318115e-01
2.705493216126342304e-06
1.496849358081817627e-01
2.552522579208016396e-03
7.356580812484025955e-03
6.477084159851074219e-01
5.311107262969017029e-02
9.655563533306121826e-02
2.648846805095672607e-02
3.230233192443847656e-01
5.673325061798095703e-02
8.904460072517395020e-02
2.704043872654438019e-03
1.944909989833831787e-02
2.268258016556501389e-03
6.589698750758543611e-05
7.558188866823911667e-03
4.036795580759644508e-04
4.143306578043848276e-04
4.601649045944213867e-01
1.137947838287800550e-04
7.922703400254249573e-03
1.367181837558746338e-01
8.184052603610325605e-06
2.965182065963745117e-03
1.580774114700034261e-04
5.406210422515869141e-01
1.026476034894585609e-03
7.698608934879302979e-02
1.584856072440743446e-03
1.864888668060302734e-01
2.178999949364879285e-07
7.333310204558074474e-04
3.024974465370178223e-02
2.323517948389053345e-01
5.106523260474205017e-02
3.703997135162353516e-01
4.359784536063671112e-03
5.995533466339111328e-01
1.771730184555053711e-01
4.182161390781402588e-02
5.559126660227775574e-02
3.556381165981292725e-01
1.031443774700164795e-01
1.334573425992857665e-06
2.927926369011402130e-03
1.622178554534912109e-01
2.319583472853992134e-06
1.930544385686516762e-04
6.931376457214355469e-01
4.225420951843261719e-02
5.605879705399274826e-04
1.610036566853523254e-02
1.032229140400886536e-01
6.609562784433364868e-03
3.019408285617828369e-01
1.260777283459901810e-02
3.059221804141998291e-01
4.662250280380249023e-01
2.540992107242345810e-03
6.642449498176574707e-01
9.641352226026356220e-04
2.338333142688497901e-04
5.464916583150625229e-03
6.958170235157012939e-02
5.937114357948303223e-01
1.040794134140014648e+00
3.639608792127546621e-08
1.910441937980067451e-08
5.687030404806137085e-02
4.395865201950073242e-01
1.183897722512483597e-03
5.777665990081004566e-08
7.377926522167399526e-05
2.241123318672180176e-01
2.909373142756521702e-04
1.866235285997390747e-01
7.352474494837224483e-04
5.189880030229687691e-04
8.830289589241147041e-04
8.019974231719970703e-01
1.547684427350759506e-03
7.039255499839782715e-01
1.295844092965126038e-03
7.972629070281982422e-01
7.678864640183746815e-04
3.137822568533010781e-05
4.241339862346649170e-01
3.077985718846321106e-03
1.341041411251353566e-07
8.921559154987335205e-02
2.783019840717315674e-01
6.331379413604736328e-01
3.199187922291457653e-04
3.280637320131063461e-04
4.234292719047516584e-04
5.085982847958803177e-03
1.421731114387512207e-01
3.204654157161712646e-01
4.417498782277107239e-02
7.338358163833618164e-01
1.356129646301269531e-01
3.922019600868225098e-01
5.606082677841186523e-01
1.057893496181350201e-05
3.952817184682544394e-09
1.824356637980528717e-10
9.094039796764263883e-07
6.906703929416835308e-04
1.115832201321609318e-04
4.214489161968231201e-01
1.673714071512222290e-01
4.131299555301666260e-01
5.649651288986206055e-01
1.720593427307903767e-04
5.681890621781349182e-02
2.279156073927879333e-02
1.035940945148468018e-01
3.996130089944927022e-06
6.904513239860534668e-01
4.294428072171285748e-05
1.425576582551002502e-02
6.281754970550537109e-01
4.714586707144086120e-11
5.641345381736755371e-01
3.341265488415956497e-03
5.650812759995460510e-02
2.146292477846145630e-02
1.224399451166391373e-02
1.706979125738143921e-01
1.875630021095275879e-01
2.659719809889793396e-02
8.962878957390785217e-03
3.352536004967987537e-04
5.481055122800171375e-04
4.736640304327011108e-02
1.580774114700034261e-04
5.515159964561462402e-01
4.947117759002139792e-06
4.069185853004455566e-01
1.347068027826026082e-04
8.479329757392406464e-03
3.417565894778817892e-04
3.667312142852097168e-08
3.932293355464935303e-01
8.924835856305435300e-05
1.292136669158935547e+00
6.921196579933166504e-01
7.751003503799438477e-01
2.938415296375751495e-02
4.445337504148483276e-02
1.017168164253234863e+00
9.591379784978926182e-05
3.143959329463541508e-04
8.832875209918711334e-06
2.570306360721588135e-01
3.730317112058401108e-03
3.074645746892201714e-07
1.394550781697034836e-02
6.294713639221072299e-09
7.183463573455810547e-01
5.911938101053237915e-02
5.114818811416625977e-01
1.242681592702865601e-02
5.083752796053886414e-02
1.785372151061892509e-04
2.135195303708314896e-03
3.418734669685363770e-02
1.654773252084851265e-03
4.452291503548622131e-02
3.897213339805603027e-01
1.870829164981842041e-01
6.554663777351379395e-01
6.870877742767333984e-01
2.737675607204437256e-02
1.248908112756907940e-03
1.050080955028533936e-01
3.109641969203948975e-01
6.166363880038261414e-02
6.804272061344818212e-07
5.588114800048060715e-05
3.917797803878784180e-01
6.786890029907226562e-01
1.625134729010824230e-07
1.575135812163352966e-02
5.500778555870056152e-01
8.582448959350585938e-02
7.060386706143617630e-04
8.347257244167849422e-05
4.833596944808959961e-02
1.366642536595463753e-03
2.704043872654438019e-03
1.141322255134582520e-01
1.125905383378267288e-02
6.705773412249982357e-04
1.798579614842310548e-04
3.257425987612805329e-06
1.585693657398223877e-02
5.819550133310258389e-04
2.380257993936538696e-01
8.009008765220642090e-01
2.811542712152004242e-03
5.046163126826286316e-02
6.909765005111694336e-01
3.596315393224358559e-03
3.804275989532470703e-01
1.032229140400886536e-01
8.705065585672855377e-03
6.368872523307800293e-01
4.139915108680725098e-01
9.203565241477917880e-06
8.442874997854232788e-03
2.406955659389495850e-01
8.573576807975769043e-01
2.325805425643920898e-01
2.263391017913818359e-02
7.894580364227294922e-01
4.410963132977485657e-02
3.949596881866455078e-01
6.893576979637145996e-01
5.035708546638488770e-01
2.485008211806416512e-03
5.204764311201870441e-04
5.601403536275029182e-04
7.565800845623016357e-02
4.059261083602905273e-01
1.474495627917349339e-03
2.167715458199381828e-03
1.308446191251277924e-02
7.793937584210652858e-06
3.641057908535003662e-01
4.635152220726013184e-01
2.677059471607208252e-01
4.553982913494110107e-01
2.567382454872131348e-01
5.934103131294250488e-01
8.315000741276890039e-06
3.916386365890502930e-01
2.073660865426063538e-02
4.546199738979339600e-02
5.547879338264465332e-01
1.176175922155380249e-01
6.370168328285217285e-01
1.918431191683112047e-09
4.861585199832916260e-01
3.909897932317107916e-04
5.962447030469775200e-04
6.051349453628063202e-03
4.265941977500915527e-01
1.961494050920009613e-02
7.665736484341323376e-05
2.101856516674160957e-03
6.291468739509582520e-01
1.269690841436386108e-01
7.806959911249577999e-05
1.117097884416580200e-01
6.066250205039978027e-01
8.658890426158905029e-02
2.805047435685992241e-03
3.831473737955093384e-02
7.596167250767393853e-09
3.498210012912750244e-02
5.881422162055969238e-01
6.135960221290588379e-01
1.194105243484955281e-05
7.336021065711975098e-01
2.943990193307399750e-02
5.586709380149841309e-01
4.392627775669097900e-01
2.135625618393532932e-05
9.403160773217678070e-03
8.258549869060516357e-02
5.245751142501831055e-01
7.280198335647583008e-01
3.046026686206459999e-03
3.171388804912567139e-02
1.669064909219741821e-02
1.679269410669803619e-02
7.488231360912322998e-02
9.228585660457611084e-02
1.070555001497268677e-01
4.587869346141815186e-01
1.215773285366594791e-03
3.736669421195983887e-01
2.275338768959045410e-02
6.478258371353149414e-01
2.668095827102661133e-01
1.927582025527954102e-01
2.451762706041336060e-01
4.164601705269888043e-05
6.299790143966674805e-01
3.842757642269134521e-01
1.100066219805739820e-04
1.665897518396377563e-01
2.337620535399764776e-04
7.526282072067260742e-01
3.001935314387083054e-03
7.264158129692077637e-01
2.706525102257728577e-02
4.732859134674072266e-01
9.982480667531490326e-03
1.159395184367895126e-02
2.304703627942217281e-07
2.453211098909378052e-01
4.087622091174125671e-02
4.378983974456787109e-01
3.338492433613282628e-06
1.076903194189071655e-01
1.324302703142166138e-01
2.440994372591376305e-03
4.857812821865081787e-02
6.680169105529785156e-01
5.839963909238576889e-03
2.248002029955387115e-02
1.547684427350759506e-03
8.158541470766067505e-02
3.444245085120201111e-03
8.315729349851608276e-02
5.673935413360595703e-01
3.946075215935707092e-02
9.193615987896919250e-03
1.133281737565994263e-02
3.086020797491073608e-02
1.170944422483444214e-02
6.589459776878356934e-01
1.334573425992857665e-06
3.274885416030883789e-01
6.838167309761047363e-01
6.661685109138488770e-01
5.096262693405151367e-01
3.771326737478375435e-04
7.561864852905273438e-01
5.529380440711975098e-01
6.889274809509515762e-03
6.758111119270324707e-01
7.488797418773174286e-03
9.865888394415378571e-03
2.610890865325927734e-01
1.202370077371597290e-01
1.068357937037944794e-02
1.102394540794193745e-03
4.157707691192626953e-01
3.036256432533264160e-01
2.651570439338684082e-01
3.300803291494958103e-05
8.026181459426879883e-01
4.471300169825553894e-02
4.036795580759644508e-04
9.038861037424794631e-08
7.082751393318176270e-01
1.135786151280626655e-04
4.201551491860300303e-04
1.885754056274890900e-02
4.056821763515472412e-02
1.391164064407348633e-01
6.244972348213195801e-03
1.203975267708301544e-02
3.218146860599517822e-01
2.669421732425689697e-01
5.621607974171638489e-02
3.483776748180389404e-02
2.544440329074859619e-01
2.434052526950836182e-01
6.092121824622154236e-02
4.467657163331750780e-06
4.955355525016784668e-01
3.925557136535644531e-01
2.793561816215515137e-01
8.599446737207472324e-04
4.730409476906061172e-03
3.944000303745269775e-01
3.006031038239598274e-04
4.954198002815246582e-02
5.146254897117614746e-01
9.726888537406921387e-01
1.694322600087616593e-05
8.369140326976776123e-03
6.436445116996765137e-01
4.946217238903045654e-01
5.104332566261291504e-01
6.872744560241699219e-01
1.715695252642035484e-03
6.691988706588745117e-01
5.686612566933035851e-04
4.052540287375450134e-03
7.787718772888183594e-01
1.616534218192100525e-02
2.102460712194442749e-02
5.697672367095947266e-01
2.573621645569801331e-02
6.479176133871078491e-02
8.490053005516529083e-04
6.513959169387817383e-01
1.464399538235738873e-04
3.058637864887714386e-02
7.055849432945251465e-01
7.399284094572067261e-02
3.467673659324645996e-01
1.203206926584243774e-02
4.066947381943464279e-03
6.474810242652893066e-01
3.142091911286115646e-03
1.933758854866027832e-01
1.848708279430866241e-02
5.397486686706542969e-01
1.340823620557785034e-01
9.820642881095409393e-03
1.419361942680552602e-04
2.674348652362823486e-01
7.782505750656127930e-01
3.568967580795288086e-01
1.723217574181035161e-04
4.304676316678524017e-03
3.639608792127546621e-08
5.733487606048583984e-01
3.806387782096862793e-01
2.168221473693847656e-01
3.616747260093688965e-02
3.634180426597595215e-01
6.156796813011169434e-01
3.428989555686712265e-03
2.052121453743893653e-05
9.342617122456431389e-04
2.316301921382546425e-03
6.937364935874938965e-01
1.078639179468154907e-01
2.819483578205108643e-01
3.794923126697540283e-01
8.528166264295578003e-02
9.825089946389198303e-04
3.790667057037353516e-01
5.649880766868591309e-01
8.481720834970474243e-02
7.491948083043098450e-03
1.063476920127868652e+00
5.610203146934509277e-01
7.933918386697769165e-02
4.913617372512817383e-01
2.148047387599945068e-01
1.167863458395004272e-01
2.474063821136951447e-02
6.730121374130249023e-01
1.925794291310012341e-03
9.567858651280403137e-04
2.059245482087135315e-02
8.151566609740257263e-03
2.270352691411972046e-01
3.492594659328460693e-01
1.211597025394439697e-01
3.127903211861848831e-03
4.144649428781121969e-04
7.216256856918334961e-01
1.995271146297454834e-01
7.098485827445983887e-01
6.609562784433364868e-03
1.844255812466144562e-02
4.411555454134941101e-02
2.823151051998138428e-01
6.006208062171936035e-02
4.554409906268119812e-02
2.430015988647937775e-02
6.412031650543212891e-01
3.588729072362184525e-03
1.639914808038156480e-05
8.883956819772720337e-02
7.994128763675689697e-02
1.001851558685302734e+00
5.106591433286666870e-02
1.690745167434215546e-02
1.486903280019760132e-01
6.473351269960403442e-03
1.086962409317493439e-02
2.342549413442611694e-01
1.528844961740105646e-07
7.261812686920166016e-01
1.657852990319952369e-04
2.057448364212177694e-05
3.542254269123077393e-01
8.757233619689941406e-01
6.124214529991149902e-01
2.346878871321678162e-02
5.457326304167509079e-03
5.789402872323989868e-03
4.967718422412872314e-01
3.735109269618988037e-01
5.138490200042724609e-01
2.754395361989736557e-03
7.225948572158813477e-01
8.183456659317016602e-01
4.077693223953247070e-01
7.062355428934097290e-02
3.895536297932267189e-03
6.780356168746948242e-01
1.380663216114044189e-01
5.015235510654747486e-04
6.546725332736968994e-02
6.621997356414794922e-01
4.637895822525024414e-01
3.817227116087451577e-05
6.068488955497741699e-01
2.904021441936492920e-01
1.261372176486474928e-06
1.361058354377746582e-01
5.922764785282197408e-07
1.967823237691845861e-07
1.393399907101411372e-05
3.651669831015169621e-04
7.764971087453886867e-06
1.791210062218606680e-11
7.579015345982043073e-06
8.802531965557136573e-07
9.094384498894214630e-03
2.699365904845762998e-05
7.077377176756272092e-06
6.091658360674045980e-05
5.329821705818176270e-01
6.213396191596984863e-01
7.398229092359542847e-02
2.620685100555419922e-01
1.376911625266075134e-02
8.107147004920989275e-05
8.150466531515121460e-02
3.331612560941721313e-06
2.138317967137481901e-07
6.546061038970947266e-01
1.863180659711360931e-02
2.628954462124966085e-05
4.293404892086982727e-02
6.206681728363037109e-01
6.950956503715133294e-07
1.295389235019683838e-01
5.683527588844299316e-01
3.308889745312626474e-06
1.704774424433708191e-02
1.788257504813373089e-03
1.331671114712662529e-06
4.382975384942255914e-05
1.734817633405327797e-04
4.785826490660838317e-07
9.804892761167138815e-05
1.416622581018600613e-05
1.771918967108376819e-08
2.141497679986059666e-04
2.844645977020263672e-01
3.545163940188444940e-09
1.156823709607124329e-03
5.967303540188595434e-09
3.985162451863288879e-02
6.088101863861083984e-01
7.497251499444246292e-05
7.823378837201744318e-06
3.213842213153839111e-02
4.101647732568380889e-07
1.604230999946594238e-01
1.278315931558609009e-01
3.524911107888328843e-06
1.047956175170838833e-04
6.563506758539006114e-06
5.954746007919311523e-01
7.366810441017150879e-01
7.087315432727336884e-03
4.971018433570861816e-02
3.756858780980110168e-02
2.385014685746256191e-10
3.903821110725402832e-01
2.549491077661514282e-02
1.263848680537194014e-04
8.002806571312248707e-04
7.139544934034347534e-03
1.296123140491545200e-03
7.106328010559082031e-01
5.912167466703976970e-07
5.648119747638702393e-02
5.408919889759999933e-08
1.433658972382545471e-02
6.838949957455042750e-07
5.379244685173034668e-03
1.051304414868354797e-01
1.871732175350189209e-01
3.768805763684213161e-04
3.487789072096347809e-03
3.456557751633226871e-04
1.387450652146071661e-07
2.442555502057075500e-03
6.925325989723205566e-01
1.444162480765953660e-04
3.896792477462440729e-04
8.541934221284464002e-06
1.062371581792831421e-02
1.881807111203670502e-02
2.180453293476602994e-06
2.073554787784814835e-03
3.901296257972717285e-01
2.402897735009901226e-05
4.549902379512786865e-01
3.067219164222478867e-03
5.845787200087215751e-06
5.693440325558185577e-04
1.251986529678106308e-02
3.092555853072553873e-04
9.691943887446541339e-07
1.714818245091009885e-05
1.667099525093362899e-08
1.017047779328095203e-08
3.776900214802481059e-08
2.915292978286743164e-01
1.992706966120749712e-04
1.452272954338695854e-06
2.117185358656570315e-04
2.027251059189438820e-03
5.610803054878488183e-05
1.700195895182332606e-08
4.209112375974655151e-03
4.773984197527170181e-03
2.262106863781809807e-04
1.578075927682220936e-03
7.950256764888763428e-02
7.969716762090683915e-07
4.315094429330201820e-06
5.433385376818478107e-05
1.154390096664428711e+00
6.216351903276517987e-05
1.341848447918891907e-02
1.024172157049179077e-01
2.936180578672065167e-07
7.535221055150032043e-03
2.000357024371623993e-03
6.595072045456618071e-05
3.132178389932960272e-04
1.756581150402780622e-05
2.746346290223300457e-04
2.653631327120820060e-06
2.542811445891857147e-02
5.395709536969661713e-03
1.363604422658681870e-02
9.574724435806274414e-01
5.165116116404533386e-02
1.127027347683906555e-01
3.257662653923034668e-01
1.275195536436513066e-04
1.243560194969177246e+00
2.039794489974156022e-04
1.934395171701908112e-03
1.474707759916782379e-02
1.564448699355125427e-02
2.198108732700347900e-01
1.650988633628003299e-05
9.866708423942327499e-04
1.198920421302318573e-03
2.055933582596480846e-04
7.424538731575012207e-01
1.921640485525131226e-01
1.966201215982437134e-01
3.188609331846237183e-02
3.540460951626300812e-03
5.069441627711057663e-03
7.969011664390563965e-01
7.035197224467992783e-03
2.578188478946685791e-01
5.011280775070190430e-01
1.402329071424901485e-04
5.249710852694988716e-07
4.085609912872314453e-01
1.273375004529953003e-01
6.707625985145568848e-01
1.228066161274909973e-03
2.606068737804889679e-02
2.470550388097763062e-01
5.502068688656436279e-06
1.291556865908205509e-03
2.008103998377919197e-03
4.342702959547750652e-05
2.638010540977120399e-03
9.083344048121944070e-05
2.583459718152880669e-06
1.347258785244775936e-05
5.819626494485419244e-06
6.995815201662480831e-04
8.862096816301345825e-03
2.211487526437849738e-08
2.703586021723936028e-09
3.904253844666527584e-06
3.857730916934087873e-06
3.753868937492370605e-01
1.395891304127871990e-04
3.652331652119755745e-03
1.541307938168756664e-05
1.493497506999119651e-06
2.293707802891731262e-05
1.614974642905053770e-08
5.082895513623952866e-04
2.359297213843092322e-04
1.962186615855898708e-06
2.454145869705826044e-04
2.532851940486580133e-04
9.169676341116428375e-04
9.528449177742004395e-02
9.742784641275648028e-06
9.320190486050705658e-08
3.927275910973548889e-02
6.638018488883972168e-01
4.973411187529563904e-02
2.783595991786569357e-04
8.917288505472242832e-04
3.885322483256459236e-03
5.792758770439832006e-07
5.544346198439598083e-02
3.851304063573479652e-04
7.659089169465005398e-05
4.168394127646024572e-07
2.098209006362594664e-05
2.329217204533051699e-05
6.301006674766540527e-01
3.927496800315566361e-05
2.759368217084556818e-04
3.448817324169795029e-06
5.341593548655509949e-02
1.913006068207323551e-03
5.346755497157573700e-04
1.783383231668267399e-05
1.551549758005421609e-05
6.840723156929016113e-01
6.703158987875212915e-07
4.398081824183464050e-02
1.573739759624004364e-02
1.869713628366298508e-07
2.380789010203443468e-05
1.110010089178103954e-05
1.964829152711899951e-07
1.119178195949643850e-04
1.123635545372962952e-01
2.107787986460607499e-05
5.651899215308731073e-08
8.237200672738254070e-04
2.503035602785530500e-06
5.942231416702270508e-01
9.363000281155109406e-03
7.997839152812957764e-02
1.683641021372750401e-04
2.234082520008087158e-01
5.581954951594525483e-07
1.163813829421997070e+00
2.212765502918045968e-05
4.144284427165985107e-01
1.017017129925079644e-04
6.549220997840166092e-03
8.982515282696112990e-06
3.396684187464416027e-04
5.945066004642285407e-05
2.750437124632298946e-04
1.379848981741815805e-07
4.720393568277359009e-02
6.838957688160007820e-06
1.003931462764739990e-02
2.079510241746902466e-01
1.034390425047604367e-05
2.674898678378667682e-05
4.832426384382415563e-06
7.264186860993504524e-04
3.855003118515014648e-01
8.883956819772720337e-02
3.611341491341590881e-02
3.760350495576858521e-02
1.363945542834699154e-03
4.699641764163970947e-01
7.773464918136596680e-02
2.409542432246780663e-08
5.272161364555358887e-01
1.247389707714319229e-02
8.970742346718907356e-04
1.070555001497268677e-01
4.878678794284496689e-08
3.516996730468235910e-05
6.565906405448913574e-01
1.563129359283266240e-08
9.525650739669799805e-02
4.433197900652885437e-04
6.912999670021235943e-04
3.758169186767190695e-04
1.813709677662700415e-04
1.202522660605609417e-03
9.142264048023207579e-07
6.996040465310215950e-04
4.458900541067123413e-03
8.445405401289463043e-04
2.540015339036472142e-05
4.649448990821838379e-01
1.798636862076818943e-03
2.619534882342122728e-07
8.222473843488842249e-05
1.348087680526077747e-03
4.935675406159134582e-07
2.915935183409601450e-04
3.327412059661583044e-06
6.723089027218520641e-04
1.083497074432671070e-03
2.835406661033630371e-01
6.036205291748046875e-01
4.016617094748653471e-05
7.531295523222070187e-06
5.082576171844266355e-05
1.458199881017208099e-02
1.824995479182689451e-06
5.679658055305480957e-01
7.154498994350433350e-02
4.458681360119953752e-05
3.445283276960253716e-03
5.533271178137511015e-06
1.062336305039934814e-04
1.170811628981027752e-06
6.030642543919384480e-04
2.963517978787422180e-02
6.038325591362081468e-05
5.235063508735038340e-05
1.526987216493580490e-05
4.812459945678710938e-01
4.910116270184516907e-02
2.569699972809758037e-06
2.029971219599246979e-04
2.891215309500694275e-02
3.370878118857945083e-07
1.687288582324981689e-01
5.849851368111558259e-05
3.814627689280314371e-06
1.417999015984605649e-07
3.220425685867667198e-03
1.426750142127275467e-02
1.543766260147094727e-01
6.219422817230224609e-01
9.345219284296035767e-02
4.854357484873617068e-07
2.732487916946411133e-01
1.392177073284983635e-03
8.770108252065256238e-05
2.303058467805385590e-02
5.549493835133034736e-06
9.400571696460247040e-03
7.602880150079727173e-02
4.315478508942760527e-05
6.522968411445617676e-02
1.276886337109317537e-06
1.201734789901820477e-06
5.177874118089675903e-04
4.846832598559558392e-05
1.356444973498582840e-02
2.456242218613624573e-04
1.234180313502974968e-09
4.955984186381101608e-04
4.167520673945546150e-04
6.556272506713867188e-01
7.829817332094535232e-05
6.267661810852587223e-04
9.723722934722900391e-02
3.551126837919582613e-06
8.745013815314450767e-07
6.260645389556884766e-02
3.834190465568099171e-06
2.744808197021484375e-01
4.571485519409179688e-02
2.171368338167667389e-03
1.134627219289541245e-02
3.135025035589933395e-04
2.859243397601574088e-10
2.984394505620002747e-02
6.574152503162622452e-04
6.557567715644836426e-01
1.663377285003662109e-01
3.236991763114929199e-01
3.047949803658411838e-08
4.858026280999183655e-03
5.662660696543753147e-04
1.226319372653961182e-01
1.865167178038973361e-05
2.037883241428062320e-04
4.904234174318844453e-07
1.783645592334792696e-10
5.184805486351251602e-04
3.308117389678955078e-03
8.099751338391802946e-13
3.019769323486798385e-09
1.869973289103654679e-06
1.721409708261489868e-02
1.288489244188895100e-07
7.996413623914122581e-04
2.581023395009651722e-08
1.774170073076675180e-07
4.646020013154839035e-09
5.790029344865388339e-09
2.958080585813149810e-05
2.205831378887523897e-06
5.191377994151480380e-08
2.263650894165039062e-01
8.490632171742618084e-05
1.470516708401703454e-09
2.342360312468372285e-05
4.003603680757805705e-05
9.033602168528886978e-07
6.205588043428633682e-09
6.737197054462740198e-06
1.271443034056574106e-04
2.178851673306780867e-06
6.167919635772705078e-01
4.537634551525115967e-03
2.207221294625583141e-09
9.326646249974146485e-05
2.191988169215619564e-04
7.041856520118017215e-08
1.636266566684696500e-09
2.127858579115127213e-06
5.576744297286495566e-05
6.846106316515943035e-06
1.012973643810255453e-05
3.542277148688155464e-12
2.835173518178635277e-07
2.332712334407460730e-08
1.496877075624070130e-07
4.522395897765818518e-07
7.230995606732903980e-07
2.538673020899295807e-02
6.665119872195646167e-05
1.633932697586715221e-04
3.018967725549465131e-13
3.309015650302171707e-03
2.037808322086220869e-08
4.068916605319827795e-04
1.082380115985870361e-02
1.503129851698759012e-06
2.133192121982574463e-01
5.634748276861500926e-07
3.552690759534016252e-05
2.881846983271429963e-10
2.692152338568121195e-04
3.857436240650713444e-06
6.784286465943978328e-09
4.978518708398382842e-10
1.101283331195190840e-08
1.168406684882938862e-03
2.958680270239710808e-03
4.268821430741809309e-05
1.769243311855461798e-07
1.309261861024424434e-04
7.253233746951082139e-08
8.059623651206493378e-03
7.764971087453886867e-06
1.492301089456304908e-04
7.045215966172690969e-07
1.350796557941791320e-11
5.631995136923251266e-08
1.076203375305340160e-07
9.047070648193766829e-08
5.455173086374998093e-04
2.287184770466410555e-06
5.054942448623478413e-05
1.541001372970640659e-03
2.469946630299091339e-04
7.067649789860297460e-07
4.529844375156244496e-07
2.875305013731122017e-03
1.067289119305314671e-07
1.195217009808402508e-06
1.923613268672852428e-08
5.791654984932392836e-05
4.303726086618553381e-08
2.613155171275138855e-03
2.195689376094378531e-06
4.407553205965086818e-06
3.302339609945192933e-05
2.064553328295914980e-08
1.134315753006376326e-04
5.895882379263639450e-03
2.190662371504004113e-06
1.236196258105337620e-03
2.465840661898255348e-04
3.691636720759561285e-06
4.698920747614465654e-05
1.224906183779239655e-02
1.968667220353381708e-06
6.265460342547157779e-06
4.421357516548596323e-06
3.646648256108164787e-04
5.676632281392812729e-04
1.910441937980067451e-08
1.406796101832696877e-08
2.801150245090866520e-08
1.908681724671623670e-06
8.115420087051461451e-07
3.321156691526994109e-05
3.401015419512987137e-06
1.738957464694976807e-01
7.769425103276716982e-09
1.406424096785485744e-03
4.952658769208362344e-11
2.128063351847231388e-05
1.340238510449953679e-11
5.082895513623952866e-04
2.409175212960690260e-04
1.697519473964348435e-05
5.494890956470044330e-06
9.482623681833501905e-07
1.104200782719999552e-04
1.413112613590783440e-06
5.533734110940713435e-06
1.104408642277121544e-03
9.341508895158767700e-02
2.121633357887731108e-08
2.573369238234590739e-05
1.411779430782189593e-05
8.337543278003067826e-08
4.650516430282358726e-11
6.963199666643049568e-06
2.303698065642123538e-10
3.767067028093151748e-05
1.009768624271600856e-08
7.860348887334112078e-06
8.400568276556441560e-07
3.902823308976621774e-08
3.451002612564479932e-06
4.773572754857013933e-07
1.113914822781225666e-05
1.042531948769465089e-05
1.882049739360809326e-01
1.342821051366627216e-03
7.469854608643800020e-05
6.691721826791763306e-02
5.274312115943757817e-06
7.797388389008119702e-05
9.642926161177456379e-04
7.484822504011390265e-07
8.798711093049860210e-08
2.583268354783285758e-08
2.185244696306654077e-08
2.048553398026342620e-07
5.513603799045085907e-03
8.302801847457885742e-02
7.336308772210031748e-05
3.822713097179075703e-06
4.154664736688573612e-07
1.118722536830318859e-08
3.474380605439364444e-08
5.966875469312071800e-04
8.729471119295340031e-07
2.325166263972278102e-07
1.478877607041795272e-07
2.225049797743849922e-07
2.639840022311545908e-05
1.909251138567924500e-02
5.146728362888097763e-03
1.571872161321152817e-07
4.478824484976939857e-05
3.913533419108716771e-06
8.214281406253576279e-04
4.882449749857187271e-03
1.454887446016073227e-02
7.118024996088934131e-07
2.616561017930507660e-02
8.004071787581779063e-07
2.375485934317111969e-02
9.168643373413942754e-07
1.503613455966501533e-09
5.277243086965199836e-10
1.800896939130325336e-06
1.897191431732281330e-10
6.706864041916560382e-07
4.630328839994035661e-05
6.216351903276517987e-05
1.314342625846620649e-07
1.938289206009358168e-04
4.537288532446837053e-06
1.250875470759638119e-06
2.009386889767483808e-06
6.522505202610773267e-08
1.208675115549340262e-07
6.441274763346882537e-06
7.817350327968597412e-03
2.942370250821113586e-02
2.568115305621176958e-04
1.178324851025536191e-07
9.100473107537254691e-06
1.096773848985321820e-05
5.865654020453803241e-05
1.706585012195560580e-10
3.294937869213754311e-07
1.147536709904670715e-01
1.485044309745831015e-10
8.306531071866629645e-07
1.411388802807778120e-05
1.205757493153214455e-03
4.453153508165996755e-07
9.874750048766145483e-07
1.026961129468872969e-07
1.530620036646723747e-03
8.489105850458145142e-03
9.625561506254598498e-05
8.136965334415435791e-05
7.873867530205913567e-11
3.952817184682544394e-09
2.050263356068171561e-05
3.911675250378721103e-08
3.262935933889821172e-06
1.721468976256801398e-07
6.255855851122760214e-07
4.340112209320068359e-03
4.237096582073718309e-04
6.641914844512939453e-01
8.289875040645711124e-06
8.093380410301165284e-10
4.204478987190896078e-09
7.736804036539979279e-06
3.843934592850928311e-08
1.808769302442669868e-03
2.049443725837818420e-09
3.224326996132731438e-03
2.947208344039609074e-08
5.821778813697164878e-06
8.833568244881462306e-06
1.120023352996213362e-05
2.891215309500694275e-02
7.035607339778149338e-12
1.247430827788775787e-05
3.641808871179819107e-04
2.794475619793956866e-07
1.170811628981027752e-06
5.276461243629455566e-01
4.210366308689117432e-01
6.043427447366411798e-07
4.017400385691871634e-07
6.595015766136524960e-12
1.422382410964928567e-05
1.422177433596516494e-06
3.916733604114597256e-09
6.929706782102584839e-02
9.251854382455348969e-03
4.347000412963097915e-07
1.935270987451076508e-02
2.442555502057075500e-03
1.217352564708562568e-05
4.259207798895658925e-06
1.788033754564821720e-03
6.501410894088621717e-07
3.904640499818867738e-11
7.972629070281982422e-01
4.714586707144086120e-11
2.286270319018512964e-04
5.875639086383444010e-09
3.960761023336090147e-05
1.391341868384188274e-07
1.865961348812561482e-05
1.441804897694964893e-09
1.516166435067134444e-06
7.002210617065429688e-02
1.242367252707481384e-01
1.706685179669875652e-05
3.321994679339468348e-09
2.369337016716599464e-03
1.125203743868041784e-05
2.251698402687907219e-03
1.771140005490945413e-11
1.629286430215870496e-06
2.011106062127510086e-06
1.280987902418928570e-07
3.414607363083632663e-06
1.387972770316991955e-05
6.952739599330737263e-12
1.669465746090281755e-06
4.451304903341224417e-06
6.034275429556146264e-06
3.078770016706755541e-10
2.083717286586761475e-02
9.753851592540740967e-02
7.756759146104741376e-07
2.966620513689122163e-07
2.638257683429401368e-06
8.604322374594630674e-07
8.028266636553316182e-13
4.494009539484977722e-03
6.178973421810951550e-07
6.488848477602005005e-02
8.930373951443471014e-06
2.300237392773851752e-04
3.776401769073345349e-08
2.271692210342735052e-06
4.657366313040256500e-03
2.401681342689698795e-07
3.170953561948408606e-07
3.745835274457931519e-03
3.887016486459060616e-09
4.752155840396881104e-01
8.548433072519401321e-08
3.548880158632528037e-06
1.102632438687578542e-07
6.618307679673307575e-08
9.363333930423323181e-08
1.797459603380957560e-08
9.166649397229775786e-05
2.617121026560198516e-07
-0.000000000000000000e+00
-0.000000000000000000e+00
-0.000000000000000000e+00
-0.000000000000000000e+00
-0.000000000000000000e+00
-0.000000000000000000e+00
-0.000000000000000000e+00
-0.000000000000000000e+00
-0.000000000000000000e+00
-0.000000000000000000e+00
-0.000000000000000000e+00
-0.000000000000000000e+00
-0.000000000000000000e+00
-0.000000000000000000e+00
-0.000000000000000000e+00
-0.000000000000000000e+00
-0.000000000000000000e+00
-0.000000000000000000e+00
-0.000000000000000000e+00
-0.000000000000000000e+00
-0.000000000000000000e+00
-0.000000000000000000e+00
-0.000000000000000000e+00
-0.000000000000000000e+00
-0.000000000000000000e+00
-0.000000000000000000e+00
-0.000000000000000000e+00
-0.000000000000000000e+00
-0.000000000000000000e+00
-0.000000000000000000e+00
-0.000000000000000000e+00
-0.000000000000000000e+00
-0.000000000000000000e+00
-0.000000000000000000e+00
-0.000000000000000000e+00
-0.000000000000000000e+00
-0.000000000000000000e+00
-0.000000000000000000e+00
-0.000000000000000000e+00
-0.000000000000000000e+00
