1.614040508866310120e-02
1.653797662584111094e-04
2.032710425555706024e-02
4.928145706653594971e-01
7.871035337448120117e-01
4.524890780448913574e-01
3.075093496590852737e-03
3.059619665145874023e-01
8.672140538692474365e-03
3.151026666164398193e-01
1.351806707680225372e-02
4.414507001638412476e-02
1.446714699268341064e-01
5.022113323211669922e-01
4.972515106201171875e-01
4.295683931559324265e-03
8.431236445903778076e-02
3.521187929436564445e-03
1.246742065995931625e-02
1.423499733209609985e-01
6.068510413169860840e-01
6.402693986892700195e-01
3.720049187541007996e-02
4.416532814502716064e-01
1.641049608588218689e-02
7.868223786354064941e-01
3.646326363086700439e-01
5.052728652954101562e-01
1.550909131765365601e-01
4.194855093955993652e-01
5.099161863327026367e-01
7.616041302680969238e-01
4.840132296085357666e-01
1.251406073570251465e-01
8.850911855697631836e-01
1.448541972786188126e-02
6.716088652610778809e-01
1.111421436071395874e-01
6.239239498972892761e-02
1.636035740375518799e-01
4.626008570194244385e-01
8.204724639654159546e-02
2.090937271714210510e-02
5.084062367677688599e-02
1.976623572409152985e-02
3.901796340942382812e-01
7.278477549552917480e-01
4.013219475746154785e-01
1.017721137031912804e-03
3.222007453441619873e-01
7.545811682939529419e-02
7.157060503959655762e-02
2.658503651618957520e-01
2.989170327782630920e-02
3.970387857407331467e-03
8.295465707778930664e-01
1.420361455529928207e-02
1.089836657047271729e-02
6.924061179161071777e-01
9.642544202506542206e-03
6.703932285308837891e-01
2.784214168787002563e-02
2.551205754280090332e-01
7.156377285718917847e-02
2.902277410030364990e-01
1.130579233169555664e+00
1.527650561183691025e-02
2.906759269535541534e-02
4.355195537209510803e-02
3.620908856391906738e-01
3.497286140918731689e-01
2.790355589240789413e-03
1.665163487195968628e-01
2.117146253585815430e-01
3.210925683379173279e-02
3.929171860218048096e-01
9.667211025953292847e-02
1.313826590776443481e-01
2.064165323972702026e-01
2.578562200069427490e-01
1.395450672134757042e-03
1.871291399002075195e-01
6.379932761192321777e-01
7.467181682586669922e-01
8.306174278259277344e-01
2.689096331596374512e-02
5.970051139593124390e-02
2.075333297252655029e-01
6.732096080668270588e-04
5.544941814150661230e-05
6.246755719184875488e-01
8.205435872077941895e-01
2.685818374156951904e-01
1.229356884956359863e+00
2.875311970710754395e-01
1.181706488132476807e-01
1.443467438220977783e-01
6.814972497522830963e-03
6.294799596071243286e-02
2.399819344282150269e-01
3.551554381847381592e-01
1.128466576337814331e-01
3.519736826419830322e-01
5.730749368667602539e-01
5.840581655502319336e-01
2.197887897491455078e-01
1.253287315368652344e+00
3.773806616663932800e-03
9.914786368608474731e-02
1.318323373794555664e+00
1.129375025629997253e-02
8.212468586862087250e-03
5.763224512338638306e-02
2.080467063933610916e-03
8.867483586072921753e-02
6.011272668838500977e-01
6.506468169391155243e-03
2.500606179237365723e-01
1.538786455057561398e-05
1.245911195874214172e-01
6.704494357109069824e-01
7.902655005455017090e-01
1.607607007026672363e-01
6.433238387107849121e-01
6.920392513275146484e-01
4.513754323124885559e-02
2.456223964691162109e-01
1.360740043310215697e-06
6.931396722793579102e-01
9.422041475772857666e-02
2.306212438270449638e-03
3.983938694000244141e-01
8.034002035856246948e-02
1.172721153125166893e-03
9.582471251487731934e-01
3.533823788166046143e-02
1.077020168304443359e+00
5.980468988418579102e-01
1.078957878053188324e-02
2.558614592999219894e-03
1.113700345158576965e-01
3.862422704696655273e-01
4.459864497184753418e-01
3.898945078253746033e-02
3.657943755388259888e-02
4.145136773586273193e-01
9.757774387253448367e-05
3.806188404560089111e-01
2.567004859447479248e-01
6.106537301093339920e-03
8.372678421437740326e-04
8.212082902900874615e-04
3.141550123691558838e-01
8.735365420579910278e-02
9.840278653427958488e-05
1.099197506904602051e+00
4.953644275665283203e-01
1.034251181408762932e-04
1.022703051567077637e-01
3.064141273498535156e-01
1.720635103993117809e-03
9.748800843954086304e-02
2.942342325695790350e-05
6.211947202682495117e-01
8.221476078033447266e-01
7.553465366363525391e-01
3.807697817683219910e-02
6.438926327973604202e-03
6.395946443080902100e-02
1.036964058876037598e-01
2.440989613533020020e-01
9.942208230495452881e-02
1.872172951698303223e-02
7.916517853736877441e-01
1.256156596355140209e-03
3.440192341804504395e-02
8.651500940322875977e-01
4.024603869765996933e-03
1.698389276862144470e-02
4.442360717803239822e-03
3.297504410147666931e-02
4.956449993187561631e-05
6.952577233314514160e-01
1.342398822307586670e-01
7.044018507003784180e-01
3.193514049053192139e-01
7.196560502052307129e-01
6.837342977523803711e-01
3.134530782699584961e-01
5.528633296489715576e-02
3.808397799730300903e-03
6.008844375610351562e-01
6.054587364196777344e-01
1.759560545906424522e-03
6.991609334945678711e-01
9.325325489044189453e-02
2.613720595836639404e-01
1.181136321974918246e-04
4.089942667633295059e-03
4.186463654041290283e-01
1.060581649653613567e-03
1.698860228061676025e-01
1.748641729354858398e-01
9.786525368690490723e-02
2.173498719930648804e-01
5.380688905715942383e-01
3.802750706672668457e-01
7.052106857299804688e-01
1.045490622520446777e+00
1.018758770078420639e-02
2.960503101348876953e-01
1.328497887698176783e-06
3.737537562847137451e-02
8.459805846214294434e-01
4.724442064762115479e-01
6.540608010254800320e-04
4.554858505725860596e-01
3.129969835281372070e-01
4.412835538387298584e-01
3.261501714587211609e-02
2.206271439790725708e-01
5.995798707008361816e-01
4.756915441248565912e-04
3.127897530794143677e-02
5.909985676407814026e-02
5.894978642463684082e-01
1.206908702850341797e+00
2.022891864180564880e-02
1.000817716121673584e-01
2.066136449575424194e-01
7.262276411056518555e-01
7.767400704324245453e-03
1.214822567999362946e-02
4.652737081050872803e-01
4.823058843612670898e-02
1.445769518613815308e-02
1.577247083187103271e-01
4.981085192412137985e-03
6.174666881561279297e-01
2.385093122720718384e-01
8.084146380424499512e-01
1.069418713450431824e-01
2.751239947974681854e-02
2.701435936614871025e-03
1.273985952138900757e-01
4.633216559886932373e-01
4.709936380386352539e-01
3.589898347854614258e-02
5.171299912035465240e-03
1.031655311584472656e+00
3.089564442634582520e-01
1.756679639220237732e-02
5.368678569793701172e-01
9.312046766281127930e-01
5.883891582489013672e-01
6.625007987022399902e-01
-0.000000000000000000e+00
-0.000000000000000000e+00
-0.000000000000000000e+00
-0.000000000000000000e+00
-0.000000000000000000e+00
-0.000000000000000000e+00
-0.000000000000000000e+00
-0.000000000000000000e+00
-0.000000000000000000e+00
-0.000000000000000000e+00
-0.000000000000000000e+00
-0.000000000000000000e+00
-0.000000000000000000e+00
-0.000000000000000000e+00
-0.000000000000000000e+00
-0.000000000000000000e+00
-0.000000000000000000e+00
-0.000000000000000000e+00
-0.000000000000000000e+00
-0.000000000000000000e+00
