1.576011884026229382e-03
1.243956852704286575e-03
1.493915624450892210e-04
4.832032322883605957e-01
5.389420315623283386e-02
3.583912253379821777e-01
1.720644682645797729e-01
3.934472426772117615e-02
2.829799354076385498e-01
9.891599416732788086e-01
9.170149564743041992e-01
2.008418960031121969e-05
4.889893904328346252e-02
2.623989433050155640e-02
1.910939090521424077e-06
1.675098240375518799e-01
5.262515756498942210e-08
1.198402542566118223e-15
3.175341989845037460e-04
3.373248279094696045e-01
6.093940231949090958e-03
2.702091296669095755e-05
5.048770308494567871e-01
2.699808598904951396e-09
4.229615256190299988e-02
4.362926259636878967e-02
2.615727782249450684e-01
7.738704085350036621e-01
1.639811247587203979e-01
1.709542125463485718e-01
2.268552780151367188e-03
3.672769234981387854e-04
5.813003778457641602e-01
1.209728196263313293e-01
4.989138879807342164e-09
1.177946329116821289e+00
6.882555484771728516e-01
3.194027394056320190e-02
2.561047673225402832e-02
1.400800421833992004e-02
5.819555326525005512e-07
2.212818817071138255e-10
6.382128000259399414e-01
1.768279969692230225e-01
5.629473924636840820e-01
2.339650131762027740e-02
6.396944172593066469e-06
6.033769845962524414e-01
1.023313961923122406e-02
1.243397942744195461e-03
1.346716284751892090e-01
5.316744446754455566e-01
3.671224787831306458e-02
6.493928376585245132e-03
1.470554852858185768e-03
2.834082543849945068e-01
4.827208467759191990e-04
4.217169061303138733e-02
6.972823143005371094e-01
1.142629235982894897e-02
9.177926927804946899e-02
2.434148490428924561e-01
1.241727886736043729e-06
2.385371625423431396e-01
1.220857799053192139e-01
5.462746135890483856e-03
7.870988845825195312e-01
1.905005859725861228e-07
9.011747351905796677e-06
4.858666956424713135e-01
9.983937740325927734e-01
1.347864419221878052e-01
3.372726589441299438e-02
1.032778155058622360e-02
6.043087691068649292e-02
9.169675759039819241e-04
1.922403648495674133e-02
6.734886672347784042e-03
1.142749935388565063e-01
3.678777441382408142e-02
9.359497576951980591e-03
7.973071187734603882e-02
1.421347376890480518e-03
1.851205825805664062e-01
3.888130886480212212e-03
5.209166431541234488e-10
1.410317793488502502e-02
5.167744238860905170e-04
1.802591532468795776e-01
6.539510190486907959e-02
3.145574331283569336e-01
1.530783833914028946e-06
4.052792064612731338e-06
7.513634045608341694e-04
2.406708832225490369e-09
6.785058975219726562e-01
5.692848129750308073e-14
6.997577100992202759e-02
3.297815322875976562e-01
3.750996256712824106e-05
2.361250668764114380e-02
5.219566822052001953e-02
3.136902705591637641e-06
1.161963939666748047e-01
1.725850743241608143e-03
1.262499580434450763e-07
5.849343142472207546e-04
2.102896396536380053e-04
1.507152244448661804e-02
3.364108800888061523e-01
9.290481102652847767e-04
1.026067435741424561e-01
1.856258604675531387e-04
5.384244918823242188e-01
1.794181531295180321e-03
3.105853796005249023e-01
6.200147709023440257e-06
2.695461080293171108e-05
3.343853168189525604e-04
1.373900920152664185e-01
3.546470701694488525e-01
9.365128725767135620e-02
2.707991302013397217e-01
6.919379830360412598e-01
7.391043901443481445e-01
2.163967862725257874e-02
7.599668947477766778e-07
6.781103610992431641e-01
1.955141127109527588e-01
1.618682290427386761e-04
1.043466909322887659e-04
1.693333945285147024e-10
7.335900068283081055e-01
4.726288616657257080e-01
5.616852641105651855e-01
1.748022881997712830e-08
9.754371643066406250e-02
2.780759632587432861e-01
4.123453050851821899e-02
1.693041026592254639e-01
6.430833935737609863e-01
6.587395668029785156e-01
1.583785051479935646e-04
6.347206635837210342e-07
1.843472011387348175e-02
3.946205079555511475e-01
4.506338536739349365e-01
2.223048806190490723e-01
6.891671364428475499e-05
4.992308560758829117e-03
1.188020237741227447e-09
6.772578358650207520e-01
6.012894213199615479e-02
8.927403688430786133e-01
8.191004991531372070e-01
5.197004675865173340e-01
6.432450842112302780e-03
7.248471491038799286e-03
7.243971824645996094e-01
1.453591103199869394e-04
3.624671363836734495e-13
8.977794863085364341e-08
1.076675176620483398e+00
5.728213727707043290e-05
1.154692649841308594e+00
1.463312401028815657e-05
3.739809926628367975e-06
3.826853632926940918e-01
4.788082515005953610e-05
3.430715203285217285e-01
2.995422482490539551e-01
1.206388114951550961e-03
3.667148994281888008e-03
1.270702481269836426e-01
1.147358119487762451e-02
1.161040365695953369e-02
4.675797745585441589e-02
1.387302472721785307e-05
7.411483675241470337e-04
5.051961579738417640e-06
7.312722504138946533e-03
7.901867032051086426e-01
1.329677999019622803e-01
1.172431409358978271e-01
4.887748360633850098e-01
5.863728583790361881e-04
7.463424466550350189e-03
1.519693008586453509e-12
3.743905425071716309e-01
1.215136609971523285e-02
2.798667876049876213e-03
3.763409703969955444e-02
3.627240285277366638e-02
2.535125017166137695e-01
9.589067846536636353e-02
4.057513084262609482e-03
6.046878979759640060e-07
3.741981089115142822e-01
1.744164526462554932e-01
6.195071478032332379e-08
5.041868686676025391e-01
2.950749397277832031e-01
3.353921307347462744e-12
5.915449857711791992e-01
7.023099809885025024e-02
3.992362471763044596e-04
1.198413595557212830e-02
1.155570894479751587e-02
4.821718931198120117e-01
3.583631496439920738e-06
2.335051021873368882e-06
5.690778791904449463e-02
4.285785053070867434e-06
7.874957323074340820e-01
4.274655133485794067e-03
3.947663903236389160e-01
1.020172797143459320e-02
1.145029664039611816e-01
2.240815229015424848e-05
5.004801750183105469e-01
6.997022428549826145e-04
1.607373356819152832e-01
3.293654918670654297e-01
4.729218482971191406e-01
1.968687320186290890e-05
5.813999772071838379e-01
7.178657142503652722e-06
2.482883632183074951e-01
1.768938964232802391e-04
6.078693270683288574e-01
5.514820218086242676e-01
2.687734959181398153e-04
1.318522542715072632e-01
4.892992675304412842e-01
6.700034141540527344e-01
4.466027348826173693e-06
3.348794532939791679e-03
4.434421658515930176e-03
7.623234414495527744e-04
6.922955513000488281e-01
6.565309762954711914e-01
1.201199769973754883e+00
2.605260815471410751e-04
6.922114491462707520e-01
5.085656302981078625e-04
1.902802586555480957e-01
6.467257142066955566e-01
7.546094059944152832e-02
3.392977416515350342e-01
4.112936556339263916e-03
8.487603508910979144e-07
8.982492971654210123e-09
1.136873960494995117e+00
8.946331590414047241e-02
2.136735944077372551e-03
1.391823496669530869e-02
5.119092464447021484e-01
9.700712747871875763e-03
6.937265861779451370e-04
2.839015424251556396e-01
3.565333792088232201e-11
1.713253790512681007e-03
6.006417870521545410e-01
2.629539721965556964e-06
1.579629778861999512e-01
6.598009169101715088e-02
1.483832363646797603e-07
5.017782449722290039e-01
5.082457885146141052e-02
5.624123811721801758e-01
2.653926983475685120e-02
6.965887546539306641e-01
1.279901312045694795e-06
6.446019824579707347e-07
4.510931372642517090e-01
5.259588360786437988e-02
3.655897362619953128e-09
2.131044311681762338e-06
4.829257377423346043e-04
5.066903233528137207e-01
4.903201386332511902e-02
1.234081238508224487e-01
9.739959985017776489e-02
2.336850622668862343e-03
6.289425492286682129e-01
3.530639391957635098e-10
1.963275298476219177e-02
2.129602581262588501e-01
1.137159270001575351e-04
2.729838192462921143e-01
6.400608071999158710e-06
8.220958709716796875e-01
5.314294695854187012e-01
3.878239542245864868e-03
1.558751463890075684e-01
1.625660115678329021e-05
9.038770804181694984e-05
6.905899047851562500e-01
5.617034912575036287e-05
4.135295152664184570e-01
9.249995946884155273e-01
6.571100950241088867e-01
4.714299440383911133e-01
1.447433680295944214e-01
4.220343530178070068e-01
5.326683633029460907e-03
1.581778982654213905e-03
3.182979673147201538e-02
1.025460474193096161e-02
1.801989506930112839e-03
4.230498373508453369e-01
9.793123006820678711e-01
1.039100158959627151e-02
6.917788414284586906e-04
3.913298249244689941e-01
4.636054882212192751e-07
2.562870122346794233e-06
4.317401326261460781e-04
3.580115139484405518e-01
1.032223582267761230e+00
1.340828463435173035e-02
3.402450820431113243e-03
5.345992743968963623e-03
2.908803895115852356e-02
6.704093217849731445e-01
4.001529216766357422e-01
2.579777967184782028e-03
1.015219211578369141e+00
2.972037327708676457e-05
1.973808248294517398e-04
4.224370699375867844e-03
4.625271558761596680e-01
5.058246850967407227e-01
1.043568968772888184e+00
6.941828178241848946e-04
6.661808490753173828e-01
9.024060387829990759e-10
3.119594454765319824e-01
9.226482943631708622e-04
6.298879981040954590e-01
4.862371459603309631e-02
3.105137258430090696e-09
5.035001039505004883e-01
3.985556662082672119e-01
7.355453968048095703e-01
3.853959441184997559e-01
9.862602956545174493e-10
2.283353751408867538e-05
1.345791655893435745e-08
4.967738986015319824e-01
4.416464071255177259e-05
1.120811421424150467e-02
1.293304562568664551e-01
5.973163247108459473e-01
1.513326060376130044e-05
6.650527119636535645e-01
1.329350769519805908e-01
2.397418374933124596e-11
5.419823527336120605e-01
3.513413295149803162e-02
3.890379965305328369e-01
4.272094964981079102e-01
5.402413606643676758e-01
6.027034427091848556e-10
9.081162512302398682e-02
1.094271615147590637e-02
3.321577253245777683e-07
5.955416709184646606e-04
1.652241498231887817e-01
6.859863996505737305e-01
9.035973809659481049e-03
4.120389521121978760e-01
3.817057935521006584e-03
6.758656501770019531e-01
4.897773638367652893e-02
5.677390291225492547e-08
6.683123065158724785e-04
3.226192593574523926e-01
8.917380571365356445e-01
3.677469706531155680e-08
8.918845560401678085e-04
8.896207064390182495e-02
1.765182018280029297e-01
5.959191540227948281e-08
1.055134925991296768e-04
2.564620673656463623e-01
5.484864115715026855e-01
1.911215018481016159e-03
5.207367539405822754e-01
7.576453499495983124e-04
5.181394051760435104e-03
2.141964156180620193e-03
2.803562581539154053e-01
1.473258715122938156e-03
2.305621137566049583e-06
4.703080058097839355e-01
1.433011703193187714e-02
1.123793050646781921e-01
4.749545454978942871e-01
7.230216860771179199e-01
1.421910431236028671e-02
1.868738234043121338e-01
1.172551289200782776e-01
9.743813425302505493e-02
5.268245935440063477e-01
2.142398298019543290e-04
9.784116595983505249e-02
7.794607881805859506e-06
8.453273177146911621e-01
8.983094990253448486e-02
4.103602350369328633e-06
2.685438841581344604e-03
5.289777517318725586e-01
1.259618997573852539e-02
9.720505028963088989e-02
5.590122342109680176e-01
2.007139474153518677e-01
1.593654453754425049e-01
1.213445514440536499e-02
2.163515090942382812e-01
4.571635847661070784e-10
6.859519481658935547e-01
6.861780881881713867e-01
2.528863660700153559e-07
3.270950913429260254e-01
6.494079828262329102e-01
1.114562034606933594e+00
2.032875083386898041e-03
5.916789174079895020e-01
3.183842897415161133e-01
8.992138504981994629e-01
3.905182893504388630e-06
1.757607609033584595e-01
1.331441998481750488e-01
7.902093976736068726e-02
5.805670022964477539e-01
6.165710277855396271e-03
1.730058193206787109e-01
3.830459505138605891e-08
6.479204446077346802e-02
6.292282342910766602e-01
9.524797860649414361e-06
3.465411365032196045e-01
1.002826960757374763e-03
1.271540485322475433e-02
4.379513561725616455e-01
2.549927448853850365e-04
2.606908325105905533e-03
2.072658134011362563e-08
5.654708923330531434e-10
3.283484280109405518e-02
2.665580541361123323e-04
1.606841087341308594e-01
8.449278771877288818e-03
9.523833170533180237e-03
8.260463073384016752e-05
4.300716333091259003e-03
2.867334894835948944e-02
6.931485533714294434e-01
4.246706068515777588e-01
8.394185304641723633e-01
2.766917832195758820e-02
1.513153076171875000e+00
1.561319828033447266e-02
1.893174462020397186e-02
1.053249314427375793e-01
7.529602953582070768e-06
6.765944510698318481e-02
2.056557536125183105e-01
9.414036758244037628e-03
3.342903482916881330e-07
1.415693387389183044e-02
4.185640439391136169e-02
6.860750317573547363e-01
9.566571861796546727e-06
4.673472139984369278e-03
1.393861137330532074e-03
6.980474293231964111e-02
4.058118520333664492e-06
8.635563850402832031e-01
3.321577253245777683e-07
9.670028686523437500e-01
3.973982893512584269e-05
1.085934340953826904e-01
7.724818587303161621e-02
7.372058917098911479e-06
6.055294943507760763e-05
6.510683801025152206e-03
1.363071352243423462e-01
6.618230938911437988e-01
5.455711483955383301e-01
6.823260784149169922e-01
6.455442309379577637e-01
3.671666979789733887e-02
9.363517910242080688e-02
2.861933223903179169e-02
6.927436334080994129e-05
7.220767438411712646e-02
1.016169902868568897e-03
2.900765538215637207e-01
6.875292658805847168e-01
3.706756234169006348e-01
1.273659020662307739e-01
6.906461119651794434e-01
6.216806173324584961e-01
2.727493345737457275e-01
8.544344746042042971e-05
4.738344550132751465e-01
3.388274833559989929e-02
4.624086432158946991e-05
1.861353591084480286e-02
6.029635667800903320e-01
4.608915746212005615e-02
4.397333040833473206e-02
8.050881326198577881e-02
1.953080594539642334e-01
1.344467401504516602e-01
8.950561285018920898e-03
2.352048903703689575e-01
1.024258211255073547e-01
1.084753603208810091e-05
7.429310083389282227e-01
2.335051021873368882e-06
3.395230276510119438e-03
9.162469068542122841e-04
1.002507843077182770e-02
3.677871227264404297e-01
1.170620024204254150e-01
5.436628460884094238e-01
1.195167656987905502e-03
5.064241290092468262e-01
3.058534814044833183e-03
1.233254075050354004e-01
1.354440331459045410e+00
4.046554863452911377e-01
1.077273674309253693e-02
5.499638915061950684e-01
2.163515090942382812e-01
5.369250196963548660e-03
3.478540520518436097e-06
6.035020947456359863e-01
6.899591088294982910e-01
3.735740482807159424e-01
2.729838192462921143e-01
2.991914749145507812e-01
4.670372977852821350e-02
2.091034315526485443e-02
3.583912253379821777e-01
5.328636169433593750e-01
3.348794532939791679e-03
2.796995886455988511e-06
1.880630588857457042e-05
6.396944172593066469e-06
3.941859304904937744e-01
3.751301905140280724e-03
7.283540070056915283e-02
9.224152563547249883e-06
4.510860517621040344e-02
1.098968833684921265e-02
2.057763747870922089e-02
6.916388520039618015e-04
2.234538442280609161e-05
2.517154626548290253e-02
1.165253818035125732e-01
6.914342641830444336e-01
5.747199989855289459e-03
1.151732355356216431e-01
3.249983191490173340e-01
9.246555715799331665e-02
4.182260632514953613e-01
4.856978952884674072e-01
6.862345933914184570e-01
4.179665446281433105e-01
4.518837332725524902e-01
3.314986452460289001e-02
5.491171032190322876e-03
7.117508649826049805e-01
2.909690141677856445e-01
1.683107390999794006e-02
4.704736918210983276e-02
6.616573333740234375e-01
6.091086543165147305e-04
1.044184756437971373e-07
5.375946871936321259e-03
7.760900259017944336e-02
3.593332320451736450e-02
4.408495151437819004e-04
5.852091312408447266e-01
3.471861183643341064e-01
7.781891822814941406e-01
6.692142051178961992e-05
2.065855264663696289e-01
8.451090252492576838e-05
1.080362722277641296e-01
6.997807025909423828e-01
7.204037904739379883e-01
2.675547031685709953e-03
1.792167276144027710e-01
8.201640099287033081e-03
5.838891267776489258e-01
7.184440619312226772e-04
4.338080585002899170e-01
3.304746747016906738e-02
4.811337590217590332e-02
1.514137784397462383e-05
2.111129462718963623e-03
4.039098322391510010e-01
3.173735365271568298e-02
2.939837574958801270e-01
8.779284689808264375e-05
3.243475221097469330e-03
1.293780468404293060e-02
9.136159718036651611e-02
3.592964410781860352e-01
5.811765193939208984e-01
1.318752532824873924e-03
6.462296936661005020e-03
1.142749935388565063e-01
1.190023795061279088e-07
8.429731792602979112e-07
7.515453100204467773e-01
1.113359394366852939e-05
2.493997216224670410e-01
4.237382207065820694e-03
6.665599357802420855e-06
3.547268509864807129e-01
7.850053906440734863e-01
1.885579258669167757e-04
5.823851227760314941e-01
5.810146331787109375e-01
5.087270960211753845e-02
6.873087882995605469e-01
6.162244826555252075e-02
7.519030570983886719e-02
8.335618376731872559e-01
2.115849256515502930e-01
3.380318812560290098e-04
1.076788604259490967e-01
7.726414799690246582e-01
3.581930650398135185e-04
2.407828345894813538e-03
7.566842436790466309e-02
5.072113871574401855e-02
1.374747455120086670e-01
1.636994539921943215e-09
1.454952638596296310e-03
2.177045643329620361e-01
2.456086222082376480e-04
2.542368769645690918e-01
6.236004177480936050e-03
6.096622720360755920e-02
2.378370380029082298e-03
1.431108539691194892e-04
2.693808376789093018e-01
2.049708217382431030e-01
2.594768106937408447e-01
6.923065185546875000e-01
8.181537123164162040e-05
2.496201843023300171e-01
1.644976250827312469e-02
5.456668894510130485e-09
5.896217823028564453e-01
8.191004991531372070e-01
4.365694621810689569e-06
2.633997797966003418e-01
2.785130739212036133e-01
8.802752941846847534e-03
6.882283836603164673e-02
6.562267895787954330e-03
3.922806645277887583e-04
2.559656649827957153e-02
2.255380749702453613e-01
3.082384864683263004e-05
7.078762054443359375e-01
7.041702419519424438e-02
4.023398458957672119e-01
2.371800243854522705e-01
2.590429484844207764e-01
1.599136112417909317e-06
2.369060212004114874e-06
1.117890775203704834e-01
2.878502011299133301e-01
6.948537826538085938e-01
4.503449425101280212e-02
4.547481536865234375e-01
1.142256408929824829e-01
4.790748953819274902e-01
8.991268114186823368e-04
2.651561517268419266e-04
3.203425183892250061e-02
7.084665298461914062e-01
4.759941293741576374e-05
7.542757666669785976e-04
5.620902447844855487e-05
3.909280896186828613e-01
9.757582098245620728e-02
7.758300304412841797e-01
1.069938298314809799e-02
5.245829820632934570e-01
1.110038626939058304e-02
3.452083910815417767e-05
1.367796539852861315e-05
7.088683560141362250e-07
4.223247990012168884e-02
1.296068131923675537e-01
7.357487082481384277e-02
7.564899921417236328e-01
6.946203112602233887e-01
5.134811159223318100e-03
8.983094990253448486e-02
6.386240571737289429e-02
7.602331152156693861e-06
4.101612285012379289e-05
3.607481194194406271e-04
1.505205482244491577e-01
1.949562691152095795e-02
4.749545454978942871e-01
2.997299730777740479e-01
1.715273538138717413e-05
6.859519481658935547e-01
6.888756062835454941e-03
1.099121570587158203e-02
2.081243110296782106e-05
9.500945918262004852e-03
1.914834082126617432e-01
5.670289392583072186e-04
5.394570529460906982e-02
3.514255955815315247e-02
7.271016836166381836e-01
1.415228992700576782e-01
6.487580481916666031e-03
2.111064986820565537e-06
1.690324395895004272e-01
9.974972009658813477e-01
5.121531486511230469e-01
7.554516792297363281e-01
6.901425719261169434e-01
1.339263748377561569e-03
5.794955271198887203e-08
5.927954316139221191e-01
1.658928522374480963e-04
8.766967058181762695e-02
1.393861137330532074e-03
7.783667445182800293e-01
1.101873815059661865e-01
1.754006370902061462e-02
3.667381405830383301e-01
6.326173245906829834e-02
2.664595609530806541e-03
5.344998240470886230e-01
2.228250028565526009e-03
2.379180192947387695e-01
1.627341471612453461e-02
2.469813043717294931e-04
2.764593773463275284e-05
1.121175196021795273e-02
6.200259178876876831e-02
6.403070688247680664e-01
3.586547970771789551e-01
3.425354138016700745e-03
9.649457037448883057e-02
1.573913544416427612e-02
1.206039190292358398e-01
4.725995659828186035e-01
4.104252730030566454e-05
1.311765007727672128e-08
2.944666426628828049e-03
1.614236086606979370e-02
6.086390614509582520e-01
6.010168581269681454e-04
8.610608056187629700e-04
6.093458086252212524e-02
1.318186074495315552e-01
8.085467666387557983e-02
1.583785051479935646e-04
4.330723546445369720e-03
3.596034366637468338e-04
7.774472236633300781e-01
1.147051155567169189e-01
5.377714335918426514e-02
5.568810179829597473e-02
1.114562034606933594e+00
3.079276680946350098e-01
1.721082138828933239e-03
4.444073420017957687e-03
1.235419511795043945e-02
3.684253315441310406e-04
4.386397600173950195e-01
3.593278676271438599e-02
6.318935751914978027e-02
8.648084849119186401e-02
3.793270152527838945e-04
2.726693749427795410e-01
4.967738986015319824e-01
6.946433186531066895e-01
3.070143575314432383e-04
2.652631665114313364e-04
6.632229778915643692e-04
8.997693657875061035e-01
1.051003336906433105e-01
1.617648289538919926e-03
9.222587323165498674e-06
4.672639188356697559e-04
3.092190921306610107e-01
3.894830879289656878e-04
4.083426028955727816e-04
1.659030021983198822e-05
2.866212725639343262e-01
3.736644089221954346e-01
4.321021697251126170e-05
1.457328702159088607e-10
9.934302419424057007e-03
5.132268667221069336e-01
1.625660115678329021e-05
2.746950303844641894e-05
6.850663572549819946e-02
4.762845635414123535e-01
1.740337000228464603e-03
6.067295074462890625e-01
8.586990833282470703e-01
3.200391540303826332e-03
4.695327877998352051e-01
7.607954554259777069e-03
7.609415054321289062e-01
4.720611125230789185e-02
1.071316728484816849e-05
3.455783426761627197e-01
6.550998687744140625e-01
4.416464071255177259e-05
1.580227762460708618e-01
4.194718003273010254e-01
1.422978281974792480e+00
1.144217094406485558e-03
1.423770079611585970e-08
7.733857998459825467e-10
1.590839965501800179e-04
6.075418787077069283e-04
1.354244159301742911e-04
3.606849077186780050e-06
2.439249455928802490e-01
3.619635390350595117e-05
5.776131898164749146e-02
5.583369731903076172e-01
1.632370754123257939e-06
5.898796319961547852e-01
4.644389078021049500e-02
2.872277051210403442e-02
2.770020626485347748e-03
6.912618875503540039e-01
4.274899184641967054e-11
6.546163558959960938e-01
1.069015634129755199e-04
6.478742307081120089e-06
7.319117685256060213e-07
1.286718845367431641e-01
7.339363946812227368e-05
5.380629772844258696e-07
3.960799404012504965e-06
1.210809452459216118e-03
7.010361645370721817e-03
7.349870866164565086e-04
3.928451769752427936e-05
7.953826752782333642e-06
8.852624159771949053e-05
4.810214042663574219e-02
4.674313068389892578e-01
1.222777399334518122e-07
1.652723180534110270e-09
2.520234829717082903e-07
1.283600140595808625e-04
3.245667787268757820e-03
7.692529559135437012e-01
8.635134349788131658e-07
2.702819555997848511e-02
1.282231532968580723e-04
7.007689418969675899e-05
4.207772612571716309e-01
1.120103188441134989e-04
1.571256481111049652e-02
2.134618461132049561e-01
2.397361546754837036e-01
4.782341420650482178e-01
6.978807505220174789e-04
4.105582833290100098e-01
1.764371991157531738e-01
6.592179124709218740e-05
6.259721517562866211e-01
4.999966919422149658e-01
5.017913063056766987e-04
6.006296724081039429e-02
3.720009044627659023e-05
5.137009151390259376e-10
3.486282425001263618e-03
1.461757719516754150e-01
2.062061639662715606e-06
3.119738074019551277e-03
6.033804640173912048e-02
9.068307699635624886e-04
1.532697002403438091e-03
3.900412321090698242e-01
5.624298137263394892e-05
8.305863142013549805e-01
6.297762393951416016e-01
8.900854453486317652e-08
4.691513399990299149e-09
4.557047039270401001e-03
6.346305012702941895e-01
2.203823179006576538e-01
6.932308673858642578e-01
7.165675924625247717e-05
3.235323902117670514e-07
3.796425573909800733e-08
3.028738092325511388e-06
1.134187186835333705e-06
9.489939657214563340e-06
1.177685726716504178e-09
3.987330012023448944e-03
9.023856371641159058e-02
3.680393547256244346e-06
1.682387478649616241e-02
8.423078270425321534e-07
7.322583198547363281e-01
2.425600541755557060e-05
5.131154321134090424e-04
7.642506361007690430e-01
5.014797672629356384e-03
6.152688525617122650e-03
4.564093615044839680e-06
2.736628630373161286e-07
1.096810796298086643e-03
6.439333810703828931e-05
1.125848013907670975e-02
4.276143908500671387e-01
5.352589488029479980e-02
2.075387861566468928e-08
8.630968630313873291e-02
3.706278661752548942e-08
3.377928223926573992e-04
3.103590861428529024e-04
4.427813291549682617e-01
9.863342344760894775e-02
1.523010665550827980e-03
2.967558684758841991e-04
6.066619753837585449e-01
2.227239292551530525e-06
4.571316821966320276e-04
9.177043619381514139e-14
6.485868990421295166e-02
1.899900780699681491e-06
1.333771651843562722e-04
5.918678827583789825e-03
3.474627646937733516e-06
8.110507726669311523e-01
3.554440289735794067e-02
8.025036368053406477e-05
5.505283176898956299e-02
1.397897722199559212e-04
7.983188879734370857e-06
1.787678094444800081e-08
1.013624519109725952e-01
3.871213179081678391e-03
1.793958363123238087e-04
5.471212267875671387e-01
5.220721364021301270e-01
1.228478481607453432e-06
3.291747816547285765e-06
1.912975125014781952e-02
3.687403514049947262e-04
2.164814941352233291e-04
5.849051740369759500e-05
4.066639393568038940e-02
6.232392479432746768e-05
1.426726521458476782e-04
2.716590091586112976e-02
2.076933924399781972e-05
7.455770969390869141e-01
1.622775346040725708e-01
1.339152222499251366e-04
7.001442394599655117e-12
6.594947626581415534e-05
7.707640037324381410e-08
9.446436166763305664e-01
2.371381074190139771e-01
2.098698914051055908e-02
3.310445547103881836e-01
1.109415461542084813e-05
1.311315130442380905e-02
6.841894984245300293e-01
1.555318885948508978e-04
3.027349885087460279e-05
3.447194024920463562e-02
3.688681463245302439e-04
7.075672783685149625e-06
2.128707819792907685e-05
6.908083014423027635e-05
2.661274338606745005e-04
1.032384971040301025e-04
5.061471242129300663e-08
1.430766678822692484e-05
3.202036314178258181e-04
2.851274912245571613e-04
1.600071974098682404e-02
5.598996877670288086e-01
7.735315710306167603e-02
7.648317114217206836e-05
8.508355676895007491e-05
1.053658888849895447e-05
8.548849262297153473e-03
1.423811889253556728e-03
1.659472218307200819e-05
1.136340188168105669e-06
1.652543544769287109e-01
5.576646071858704090e-05
4.094176888465881348e-01
7.765460759401321411e-05
5.493607604876160622e-04
8.117795857742748922e-08
5.955273518338799477e-04
9.524906090518925339e-06
6.290341168642044067e-02
7.587801665067672729e-03
6.528540849685668945e-01
1.134190388256683946e-04
1.169582363218069077e-03
5.652227625250816345e-02
1.286739669740200043e-02
8.573714643716812134e-03
1.900695565382193308e-06
2.221569791436195374e-02
1.089486886485246941e-05
6.618236303329467773e-01
4.304887726902961731e-02
3.445814945735037327e-04
6.935639977455139160e-01
6.715179188176989555e-05
1.408044113304640632e-06
5.663249424969762913e-09
1.291158958338201046e-03
4.568568170070648193e-01
6.505431234836578369e-02
6.064495433610872510e-11
3.807236254215240479e-02
8.294109284179285169e-05
3.789639269058397986e-09
2.264127397211268544e-05
3.439373373985290527e-01
7.984675676198094152e-08
9.309534216299653053e-04
6.855829269625246525e-06
1.019761910470151633e-07
1.299246068811044097e-04
2.542368769645690918e-01
1.773137450218200684e-01
2.889804090955294669e-05
2.944201231002807617e-01
4.279577115084975958e-04
7.601648569107055664e-01
2.850849414244294167e-03
2.662792653040924051e-08
2.986844338010996580e-04
5.689787940355017781e-05
1.306941412622109056e-04
1.659317524172365665e-03
2.363717416301369667e-03
2.604844570159912109e-01
2.888740709749981761e-05
1.699302229098975658e-04
5.925727635622024536e-02
5.544411010305339005e-07
6.183256573422113433e-07
1.648024767637252808e-01
1.040781571646220982e-04
5.558655402637668885e-07
1.959032088052481413e-04
2.956672688014805317e-05
1.709578811848189162e-09
1.143747940659523010e-01
9.724879782879725099e-05
6.897539366036653519e-03
2.464847739247488789e-07
7.650436460971832275e-02
1.747585338307544589e-04
2.741865046118618920e-08
6.467326879501342773e-01
1.072162613272666931e-01
7.001621415838599205e-04
1.344911879641585983e-06
5.551818176172673702e-04
4.647715985774993896e-01
1.580566390657622833e-06
9.969899058341979980e-02
2.055614523044368980e-08
2.186214715038659051e-06
1.527535005152458325e-06
4.164661467075347900e-02
2.395747105765622109e-05
7.289114645203653708e-09
4.541481658816337585e-02
7.760900259017944336e-02
6.276926001191895921e-07
1.279493972106138244e-06
2.263332949951291084e-03
6.125003390762551181e-13
4.742931425571441650e-01
1.080028155797663203e-07
1.433036327362060547e-01
1.049945503473281860e-02
2.488909959793090820e-01
3.149826312437653542e-03
9.258890349883586168e-05
9.327229112386703491e-03
2.645412087440490723e-01
3.824589657597243786e-05
6.872778385877609253e-02
5.423941016197204590e-01
3.750246833078563213e-04
7.014515722403302789e-05
7.945159268274437636e-07
5.320159718394279480e-02
2.303806212466952275e-07
5.830831527709960938e-01
6.323751807212829590e-02
1.648871302604675293e-01
2.336182518547502696e-07
5.896105449210153893e-06
7.471643766621127725e-05
3.023904003202915192e-02
6.294284048635745421e-06
9.779564142227172852e-01
1.148666515946388245e-01
1.591637358069419861e-02
5.362209398299455643e-03
6.394845590562692195e-12
2.460996038280427456e-04
1.936995249707251787e-05
2.954422379843890667e-04
3.761177367778145708e-06
1.003394019789993763e-03
1.784538426363724284e-06
1.327876379946246743e-04
5.137433763593435287e-04
1.014171727001667023e-02
6.356509923934936523e-01
8.904013520805165172e-05
5.952990651130676270e-01
1.405145674943923950e-01
5.658325972035527229e-05
7.576803182018920779e-05
1.602531665412243456e-05
4.454417154192924500e-02
9.631588682168512605e-07
2.727067283103679074e-07
3.029564395546913147e-04
6.402825381002230642e-09
3.942102821952175873e-08
8.422696282650576904e-07
1.961372037007080849e-10
5.561879333981778473e-06
3.745900932699441910e-03
3.016468097440799800e-13
4.523061036820763547e-08
7.902529905550181866e-04
6.797487847506999969e-03
4.936253716891769727e-08
1.227261405438184738e-02
1.693333945285147024e-10
2.330223054514135583e-07
7.746682229026191635e-08
1.478518843650817871e-01
6.526341689294667958e-09
3.939318936318159103e-03
4.907303730039558332e-12
2.742511495679167410e-10
1.666532796207320644e-07
2.120473027389380150e-06
1.351755827272427268e-06
8.302114158868789673e-02
2.749542638014190743e-08
2.272825501859188080e-02
1.152550765937121469e-07
1.860763876315729703e-09
3.325178798974093297e-09
2.290311385877430439e-06
6.129571702331304550e-04
1.190436933029559441e-06
1.922823912536841817e-06
7.537635974586009979e-04
6.172963767312467098e-04
5.569740437749715056e-07
4.571635847661070784e-10
5.760707153967814520e-06
4.202967393212020397e-04
1.289128179204901414e-11
6.484628102043643594e-05
1.325881093805492128e-08
1.224927132170705590e-06
8.801706741223824793e-08
8.848282050166744739e-06
2.914860669989138842e-05
3.585082595236599445e-05
2.301291210544953447e-13
2.944215957541018724e-04
2.301583504674391961e-14
4.116042617852144758e-08
8.628250566279638267e-13
7.880317753006238490e-06
1.946050724654924124e-05
2.733701876422856003e-06
1.456836471334099770e-03
6.950701276764448266e-07
1.983463789656525478e-06
1.128856979448755737e-06
6.742235564161092043e-05
2.603659510214129114e-09
9.637092240154743195e-03
2.190103387533781643e-08
2.204878057909809286e-08
1.891623469418846071e-06
2.863565459847450256e-04
5.209166431541234488e-10
2.089204897970375896e-08
3.265523673690040596e-06
1.369572273688390851e-04
3.985556662082672119e-01
1.189807802438735962e-02
2.954245719593018293e-04
3.624671363836734495e-13
7.986025707396038342e-08
7.117348133078849060e-08
5.262515756498942210e-08
4.474467132240533829e-03
2.212818817071138255e-10
1.172157393369843703e-08
2.072658134011362563e-08
6.380670214412020869e-09
3.924106567865237594e-05
2.011589385801926255e-04
1.268515625874044872e-09
5.594892513727245387e-07
2.496956981457021385e-11
3.101944364607334137e-02
1.723601513251016293e-12
3.625132421802845784e-06
2.730500909819966182e-07
2.738640760071575642e-04
2.131109795300289989e-06
8.623731264378875494e-05
7.260005929765611654e-09
1.245877800926109558e-08
7.143322733327295282e-08
5.381889423006214201e-08
3.773111675400286913e-04
1.261539455299498513e-05
6.727661457262001932e-06
1.262499580434450763e-07
2.010347452596761286e-05
2.389828352572509473e-12
6.747843883658788400e-08
2.220147871412336826e-05
3.007771738339215517e-05
4.218345950324220439e-10
3.768477441212780832e-08
4.581599171160632977e-07
5.813844036310911179e-04
1.073894111414119834e-07
1.932617509737610817e-03
8.389755556947875448e-09
1.396843581460416317e-03
6.830052733421325684e-01
1.671551581239327788e-04
9.120278421370642263e-10
1.811848196666687727e-04
2.152493721041537356e-07
2.161702650482766330e-05
6.647574224416530342e-08
2.283353751408867538e-05
1.267343691324640531e-06
1.794705349311698228e-05
2.355888817362483678e-09
5.453558742374298163e-07
6.390492757191168494e-08
3.020632175321225077e-05
7.744732783976360224e-07
4.612201792042469606e-06
3.593479505070718005e-07
6.539481456346862842e-11
2.124627807020829096e-09
2.029751922094646943e-09
5.586310858340937102e-10
1.209400721791098476e-07
9.966805919248145074e-06
1.171172969043254852e-02
3.469869519750340414e-13
5.813502457208130636e-10
4.788082515005953610e-05
1.602120732968614902e-06
1.445245197828626260e-05
3.404788207262754440e-03
2.960697287335278816e-08
1.070623402483761311e-04
4.275221726857125759e-05
1.473154843552038074e-04
1.986569259315729141e-06
6.873625516891479492e-02
2.664918063999266451e-09
3.444363301241537556e-06
2.397418374933124596e-11
5.186778935239999555e-07
7.670263972818361971e-16
8.476175025862175971e-06
2.268363459734246135e-06
6.719358403017849923e-10
4.873553817452691561e-12
1.041606265062000602e-05
2.531779500714037567e-05
1.998238440137356520e-04
1.181412190298658516e-09
7.001358426350634545e-06
1.285259259020676836e-07
1.227782036039570812e-07
2.021880027314182371e-05
4.809512120118597522e-06
5.123194668499309046e-08
3.150780685245990753e-06
1.211679784285379924e-10
1.480761511629680172e-05
3.249584115110337734e-04
1.238753270627057645e-06
1.198402542566118223e-15
8.227691239426349057e-08
1.210607479151804000e-06
1.099493740497337058e-08
1.581034623086452484e-03
5.840661833644844592e-05
3.448126080911606550e-04
9.986904842662625015e-06
1.314950054620567244e-06
1.864406726781453472e-06
6.519376256619580090e-06
1.214705225294210322e-08
6.937265861779451370e-04
7.248887868627207354e-06
5.410067024058662355e-05
3.385243587672448484e-07
9.449515614434744748e-10
1.028185749873955501e-07
1.840661980168079026e-06
3.876033716210258717e-08
2.661095379608013900e-07
5.171657353639602661e-02
1.053842595410969807e-07
3.232584276702255011e-05
1.434713567505241372e-06
1.326476689428091049e-02
8.898819942260161042e-06
2.847291470970958471e-04
3.480944360489957035e-05
4.628593623638153076e-01
4.967501759529113770e-01
3.743087617635865172e-08
6.094660420785658062e-07
1.530783833914028946e-06
9.835034120442287531e-09
6.951149433831460556e-09
1.051216558245471333e-09
1.568526419859495036e-10
2.301626636835862882e-06
2.475091605447232723e-06
3.530639391957635098e-10
3.695667328429408371e-05
1.440548076061531901e-04
4.400012088012772438e-08
2.300934738741489127e-06
1.017750799655914307e-02
6.503674387931823730e-02
4.734009806384165131e-08
1.910939090521424077e-06
4.951307914780045394e-07
4.758084833156317472e-04
4.312036239184635633e-08
1.402526289551175864e-10
1.455228204605418796e-08
1.139254163717851043e-05
6.088150621508248150e-05
5.669954461495763098e-08
5.554906092584133148e-04
4.877457467955537140e-05
3.565333792088232201e-11
1.291227569311104162e-09
6.757798018952598795e-07
1.125671246882120613e-06
1.507152244448661804e-02
7.794607881805859506e-06
3.466872840363066643e-06
7.318022881008801050e-07
4.452683497220277786e-04
2.397311845925287344e-06
7.431052040374197531e-08
7.941725357341056224e-07
1.345791655893435745e-08
2.543818438425660133e-03
1.805684519240458030e-06
1.417596213286742568e-04
7.458645995939150453e-06
4.593730409396812320e-05
2.070784788088531059e-08
1.089209611393471278e-09
1.592947853623627452e-07
-0.000000000000000000e+00
-0.000000000000000000e+00
-0.000000000000000000e+00
-0.000000000000000000e+00
-0.000000000000000000e+00
-0.000000000000000000e+00
-0.000000000000000000e+00
-0.000000000000000000e+00
-0.000000000000000000e+00
-0.000000000000000000e+00
-0.000000000000000000e+00
-0.000000000000000000e+00
-0.000000000000000000e+00
-0.000000000000000000e+00
-0.000000000000000000e+00
-0.000000000000000000e+00
-0.000000000000000000e+00
-0.000000000000000000e+00
-0.000000000000000000e+00
-0.000000000000000000e+00
-0.000000000000000000e+00
-0.000000000000000000e+00
-0.000000000000000000e+00
-0.000000000000000000e+00
-0.000000000000000000e+00
-0.000000000000000000e+00
-0.000000000000000000e+00
-0.000000000000000000e+00
-0.000000000000000000e+00
-0.000000000000000000e+00
-0.000000000000000000e+00
-0.000000000000000000e+00
-0.000000000000000000e+00
-0.000000000000000000e+00
-0.000000000000000000e+00
-0.000000000000000000e+00
-0.000000000000000000e+00
-0.000000000000000000e+00
-0.000000000000000000e+00
-0.000000000000000000e+00
