6.264359951019287109e-01
2.891343832015991211e-01
2.413190305233001709e-01
2.210437912708584918e-07
4.216149207536545873e-08
3.916394052794203162e-05
1.770024537108838558e-03
6.438658386468887329e-02
5.070614814758300781e-01
4.171295440755784512e-04
3.262813389301300049e-02
7.148823142051696777e-01
8.326561190187931061e-03
2.310036271810531616e-01
1.374075710773468018e-01
2.555697970092296600e-02
1.009037159383296967e-02
3.882392775267362595e-04
1.326637156307697296e-02
6.875284910202026367e-01
1.683045120444148779e-04
2.337517571504577063e-06
3.157645664941810537e-07
3.431791067123413086e-01
7.085618376731872559e-01
1.684143394231796265e-02
5.033668279647827148e-01
2.621357440948486328e-01
6.135559678077697754e-01
7.321405410766601562e-02
1.620665565133094788e-02
6.751361303031444550e-03
9.132013656198978424e-04
3.694411218166351318e-01
1.691145822405815125e-02
7.588426116853952408e-03
1.346888206899166107e-02
2.032911870628595352e-04
3.584466278553009033e-01
7.984061539173126221e-02
7.304017543792724609e-01
1.174096670001745224e-02
4.018916189670562744e-01
5.979796648025512695e-01
5.543514341115951538e-02
2.483134716749191284e-01
5.314183831214904785e-01
6.894918680191040039e-01
9.211688302457332611e-04
9.531800746917724609e-01
5.326594710350036621e-01
4.474582076072692871e-01
3.630526661872863770e-01
1.556443981826305389e-02
8.370308205485343933e-03
8.150364458560943604e-02
2.262774482369422913e-02
1.853788346052169800e-01
1.259145140647888184e-02
1.855051890015602112e-02
5.247403532848693430e-05
1.451230200473219156e-04
7.813887670636177063e-03
5.042771100997924805e-01
6.944377422332763672e-01
2.024554487434215844e-05
5.896746879443526268e-04
2.314010076224803925e-02
1.511043608188629150e-01
4.184949211776256561e-03
6.690664949154934149e-12
5.165085792541503906e-01
6.382375359535217285e-01
9.698642417788505554e-03
3.695645630359649658e-01
4.915409535169601440e-02
1.408566385507583618e-01
3.256005235016345978e-03
9.083179384469985962e-02
2.258078306913375854e-01
1.164358109235763550e-01
5.653729203913826495e-06
2.417588984826579690e-05
2.172620006604120135e-04
9.014909714460372925e-02
9.897891432046890259e-03
1.441282480955123901e-01
4.767937934957444668e-04
6.458594650030136108e-02
3.120008111000061035e-02
5.112166330218315125e-02
1.533237397670745850e-01
4.058785852976143360e-04
5.429931206890614703e-06
3.004122972488403320e-01
1.962039470672607422e-01
3.281766548752784729e-02
5.039992629463085905e-06
2.265477785840630531e-03
1.698558926582336426e-01
1.335421856492757797e-02
2.149813473224639893e-01
7.098990408849203959e-06
6.536664068698883057e-02
1.445022597908973694e-02
7.077665650285780430e-04
2.060847356915473938e-03
8.140065670013427734e-01
1.179588492959737778e-02
6.539452821016311646e-02
4.000303149223327637e-01
1.388875034535885789e-06
6.963404417037963867e-01
4.988249391317367554e-02
1.002858728170394897e-01
1.779596507549285889e-02
2.657598853111267090e-01
6.829807162284851074e-01
2.295742630958557129e-01
7.154918421292677522e-05
3.321218071505427361e-03
4.360926523804664612e-02
1.709386521220324084e-10
8.080439642071723938e-03
5.185958798392675817e-05
7.397830486297607422e-04
1.047097030095756054e-04
2.176418155431747437e-01
4.806439101230353117e-04
2.787358462810516357e-01
7.532601952552795410e-01
6.362784504890441895e-01
7.109284633770585060e-04
2.557832598686218262e-01
7.135484218597412109e-01
7.350127696990966797e-01
1.961484998464584351e-01
3.473091680916695623e-08
2.391724556218832731e-04
6.065799668431282043e-02
7.529328763484954834e-02
1.143520604819059372e-02
1.345953065901994705e-02
8.155916929244995117e-01
4.652877578337211162e-06
2.212337031960487366e-02
3.630230128765106201e-01
6.272029713727533817e-05
2.261152863502502441e-02
7.402624487876892090e-01
1.322019030340015888e-03
1.870810985565185547e-01
3.676937520503997803e-01
1.798373894246196869e-08
6.672167181968688965e-01
5.678776185959577560e-03
4.120110999792814255e-03
7.640581727027893066e-01
2.585996687412261963e-01
2.821595966815948486e-01
7.165324687957763672e-01
1.147570583270862699e-04
1.790725509636104107e-03
2.446323378535453230e-06
2.099527875998319359e-07
4.081832012161612511e-04
3.435473144054412842e-02
4.100962076336145401e-03
1.127907191403210163e-03
1.047903578728437424e-02
7.213184716192699852e-08
7.881343364715576172e-02
1.114161387085914612e-01
7.377193542197346687e-04
4.016109187432448380e-07
1.108780317008495331e-02
2.851399965584278107e-02
3.487464564386755228e-04
4.672721326351165771e-01
4.624389839591458440e-05
8.079731464385986328e-01
1.186595341096108314e-06
5.279654287733137608e-04
6.592118740081787109e-01
4.078229423612356186e-03
1.574976977281039581e-06
1.568603217601776123e-01
4.769451320171356201e-01
1.790284812450408936e-01
9.249701397493481636e-04
7.893373072147369385e-02
1.182342995889484882e-03
2.534619998186826706e-04
7.321862131357192993e-02
6.621804237365722656e-01
5.115312933921813965e-01
9.639600664377212524e-02
2.762033045291900635e-01
6.472767591476440430e-01
6.362057328224182129e-01
5.057319253683090210e-02
9.336797147989273071e-02
3.764344006776809692e-02
1.177806552732363343e-04
3.610039502382278442e-02
5.930817723274230957e-01
7.656413799850270152e-05
8.562777191400527954e-02
1.478210836648941040e-02
1.317220892360637663e-07
7.409647107124328613e-01
1.493404124630615115e-04
5.994618870317935944e-03
1.030562538653612137e-02
4.369955360889434814e-01
2.150392752753305103e-08
6.059433221817016602e-01
4.037939049794658786e-08
1.037285756319761276e-02
1.128172129392623901e-01
1.710991561412811279e-01
1.258438080549240112e-02
5.382931340136565268e-05
2.843754887580871582e-01
3.461379110813140869e-01
8.087018795777112246e-05
3.933547437191009521e-01
3.058191623495076783e-06
2.360537910135462880e-04
4.335955251008272171e-03
6.277856417000293732e-03
1.299806307031303731e-08
1.146182715892791748e-01
3.231176733970642090e-01
6.670579750789329410e-07
8.306888863444328308e-03
7.734943181276321411e-02
7.217780648716143332e-07
6.632738113403320312e-01
7.733390248176874593e-07
1.051527354866266251e-02
3.703071270138025284e-03
1.032468024641275406e-02
3.941454924643039703e-04
1.110424846410751343e-02
6.727238651365041733e-03
1.223316503455862403e-04
3.431613038173964014e-08
1.944392919540405273e-01
2.038821578025817871e-01
3.258358687162399292e-02
2.683803671970963478e-03
8.517713099718093872e-02
1.164571614935994148e-03
1.169275939464569092e-01
3.098981827497482300e-02
1.205179141834378242e-03
3.508306399453431368e-04
4.445661488716723397e-06
1.710758078843355179e-04
7.676082849502563477e-01
2.803318202495574951e-02
8.061531931161880493e-02
2.418768405914306641e-02
2.270280718803405762e-01
7.176558971405029297e-01
3.901685774326324463e-02
1.258717574614820478e-09
3.520822850987315178e-03
9.996281936764717102e-03
7.928570084914099425e-07
7.521660532802343369e-03
9.267831046599894762e-06
2.854861058665392193e-08
4.681219533085823059e-02
3.558116257190704346e-01
4.207757115364074707e-02
1.689602504484355450e-04
6.083361506462097168e-01
7.081245030349236913e-07
4.688250422477722168e-01
1.043993834173306823e-04
4.448338225483894348e-02
1.145331680163508281e-06
5.993816885165870190e-04
5.272259935736656189e-03
6.665576715022325516e-03
2.561917256116430508e-07
6.766521334648132324e-01
3.911794919986277819e-06
1.531067886389791965e-03
2.376904189586639404e-01
5.751915574073791504e-01
2.118044644594192505e-01
4.836185369640588760e-03
8.910624455893412232e-05
6.481204763986170292e-05
1.496479809284210205e-01
1.361166214337572455e-04
1.147552393376827240e-05
1.018515467876568437e-04
5.575194954872131348e-04
4.239796400070190430e-01
1.334741129539906979e-03
1.052883453667163849e-05
3.729788064956665039e-01
6.640737503767013550e-02
8.397573401452973485e-05
6.115630865097045898e-01
1.066867828369140625e+00
3.679084777832031250e-02
4.621235132217407227e-01
2.572392821311950684e-01
4.011365490441676229e-06
1.069204081431962550e-04
6.335232257843017578e-01
1.782948076725006104e-01
1.668588221073150635e-01
2.253552153706550598e-02
1.049789602802775335e-06
4.286685287952423096e-01
1.447299681603908539e-02
2.534718252718448639e-02
2.719026497288723476e-07
1.415654878655914217e-06
4.284771531820297241e-02
4.849625751376152039e-02
5.272421240806579590e-01
7.317556537600466982e-06
1.859367941506206989e-03
9.744933247566223145e-02
8.878281712532043457e-01
3.320007026195526123e-02
9.721849113702774048e-02
1.022080421447753906e+00
5.595960095524787903e-02
5.065302252769470215e-01
2.470256090164184570e-01
3.980422392487525940e-03
3.322384436614811420e-04
4.290726408362388611e-02
4.358398318290710449e-01
6.442651748657226562e-01
8.766591054154559970e-05
2.478436231613159180e-01
4.019117623101919889e-04
3.702112939208745956e-03
9.254688024520874023e-01
4.633055627346038818e-02
5.540682673454284668e-01
3.269597142934799194e-02
4.452089667320251465e-01
3.906642794609069824e-01
6.931254267692565918e-01
6.987907290458679199e-01
2.464599208906292915e-03
5.209861323237419128e-02
2.375026895151677309e-07
4.647147022751596523e-07
5.980997905135154724e-02
2.703623175621032715e-01
9.895748007693327963e-07
5.671853386957081966e-07
4.246274329489096999e-05
2.223411202430725098e-01
2.765796962194144726e-04
8.842844963073730469e-01
9.690214879810810089e-03
4.118198412470519543e-04
1.099396031349897385e-03
5.442957282066345215e-01
1.626182645559310913e-01
8.503603935241699219e-01
9.646413922309875488e-01
6.652317643165588379e-01
7.577769458293914795e-03
6.752577424049377441e-01
5.756201071349664744e-12
7.150133252143859863e-01
2.778430003672838211e-03
7.487077265977859497e-02
2.332285977900028229e-02
3.091726601123809814e-01
9.499005973339080811e-02
1.330835837870836258e-02
4.093549796380102634e-04
5.995105504989624023e-01
4.001871496438980103e-02
5.680831614881753922e-03
2.148952127356551500e-08
4.449309110641479492e-01
3.856147668557241559e-05
6.836472749710083008e-01
1.151208057999610901e-01
6.466608643531799316e-01
8.485618829727172852e-01
6.140318885445594788e-02
1.315910667181015015e-01
3.760648833122104406e-04
3.957650065422058105e-02
6.655633449554443359e-01
1.059767673723399639e-04
6.018409729003906250e-01
1.438853703439235687e-02
1.083532596979353002e-09
4.816496670246124268e-01
2.364730695262551308e-03
4.910680195813199589e-11
1.623616553843021393e-04
1.156904175877571106e-01
7.526032626628875732e-02
1.172294747084379196e-02
1.137577328336192295e-05
3.774094283580780029e-01
6.712507456541061401e-03
5.257790647306137544e-08
4.643549621105194092e-01
5.973632633686065674e-02
6.917470693588256836e-01
1.317165442742407322e-04
3.490940928459167480e-01
5.775107420049607754e-04
4.690790083259344101e-04
1.243951618671417236e-01
7.547703981399536133e-01
2.611241943668574095e-04
1.404128968715667725e-01
5.783298052847385406e-03
4.343938529491424561e-01
3.235112428665161133e-01
9.639504365622997284e-03
3.330449690110981464e-04
2.054555125141632743e-06
2.564786518632899970e-05
4.058447852730751038e-02
9.055140981217846274e-05
7.616019248962402344e-01
1.353893021587282419e-04
4.282092850189656019e-04
5.716901421546936035e-01
6.329976767301559448e-02
1.566684659337624907e-04
5.319729447364807129e-03
1.182779297232627869e-02
6.466166116297245026e-03
5.741643309593200684e-01
2.019697278738021851e-01
1.109652400016784668e+00
1.908598933368921280e-03
1.832447196647990495e-06
2.587755918502807617e-01
7.770983129739761353e-02
3.883329406380653381e-02
2.832804966601543128e-06
8.133902156259864569e-06
4.984297323971986771e-03
1.952157759887995780e-07
7.031280547380447388e-03
5.349157378077507019e-02
1.974864164367318153e-03
4.978752732276916504e-01
1.109795421361923218e-01
2.336221188306808472e-02
7.339082658290863037e-02
1.378067303448915482e-03
2.501549720764160156e-01
1.201485991477966309e+00
4.216109961271286011e-02
3.573641151888296008e-05
7.934815250337123871e-03
2.538044974187414482e-08
5.143660120666027069e-03
2.174278506572591141e-06
6.307699095486896113e-06
1.730066165328025818e-02
1.348353544017300010e-04
8.509201556444168091e-02
6.700003147125244141e-01
2.532474510371685028e-02
3.625605106353759766e-01
4.283056114218197763e-05
2.313155913725495338e-03
4.168677926063537598e-01
2.599858343601226807e-01
1.774853899405570701e-07
7.940803334349766374e-05
1.921640659929835238e-07
4.592643082141876221e-01
2.406752482056617737e-02
6.535705178976058960e-03
1.926510930061340332e-01
8.364082574844360352e-01
3.032186254858970642e-02
5.501207113265991211e-01
6.617504358291625977e-01
1.828147331252694130e-03
2.259748578071594238e-01
9.547655963615397923e-07
3.808581735938787460e-03
5.508805513381958008e-01
2.275701146572828293e-03
4.376021325588226318e-01
9.668680839240550995e-03
4.800779819488525391e-01
5.363632738590240479e-02
1.039503931999206543e+00
3.529104901645041537e-07
1.277620904147624969e-02
1.821552217006683350e-01
2.523790462873876095e-04
1.401774206897243857e-04
7.853442220948636532e-04
3.775883783418976236e-08
8.124212399707175791e-06
1.463521122932434082e-01
9.073872206499800086e-05
6.751249020453542471e-05
8.500265539623796940e-05
1.405067592859268188e-01
7.684133379370905459e-06
6.393711566925048828e-01
1.438335311831906438e-04
5.664501804858446121e-05
7.532172799110412598e-01
5.638600487145595253e-05
1.126873030443675816e-05
1.411822997033596039e-02
2.330628596246242523e-02
1.044803284457884729e-04
1.283982396125793457e-02
1.171305179595947266e-01
7.389767169952392578e-01
1.159865736961364746e+00
5.782142281532287598e-01
5.182990431785583496e-01
6.068773865699768066e-01
8.618682622909545898e-02
1.717188358306884766e-01
8.385330829696613364e-08
1.598817408084869385e-01
8.874089907351390139e-09
1.114244665950536728e-02
5.405677256931085140e-07
1.201272681355476379e-01
1.350773274898529053e-01
4.856934770941734314e-03
2.419102238491177559e-04
5.295253992080688477e-01
4.021539155019127065e-07
5.907274316996335983e-05
3.167404429404996336e-05
4.367904067039489746e-01
7.344159483909606934e-01
3.245801329612731934e-01
1.734970510005950928e-02
1.163639947772026062e-01
1.563391947456693742e-06
3.100976347923278809e-01
1.666975713021656702e-08
2.201437746407464147e-05
4.531054794788360596e-01
1.153068515122868121e-04
6.006125211715698242e-01
7.059835195541381836e-01
9.901724988594651222e-04
2.578227722551673651e-04
3.367477575011434965e-06
6.328726885840296745e-04
1.539697336738754530e-06
2.819755463860929012e-04
8.023993670940399170e-02
1.923599988222122192e-01
1.306125428527593613e-02
3.763579428195953369e-01
6.354773044586181641e-01
1.301030162721872330e-02
2.329965718672610819e-05
1.046515419147908688e-03
2.507565950509160757e-04
5.906486322260207089e-08
4.905104637145996094e-01
4.250614047050476074e-01
1.022016815841197968e-02
1.891181105747818947e-03
3.304035961627960205e-01
6.926438808441162109e-01
3.375406265258789062e-01
1.343697547912597656e+00
6.862081289291381836e-01
5.737401843070983887e-01
3.645958602428436279e-01
7.260181009769439697e-03
1.181895881891250610e-01
8.660629391670227051e-01
2.367791980504989624e-01
6.698835492134094238e-01
2.253552153706550598e-02
1.939556710794931860e-07
9.979858063161373138e-03
9.948675520718097687e-03
1.131051898002624512e+00
6.291183829307556152e-02
1.919982396066188812e-02
2.267025229230057448e-05
3.072882769629359245e-03
5.591171383857727051e-01
2.251672803765814024e-08
3.619421273469924927e-02
4.461539617750531761e-07
4.468782842159271240e-01
7.243131399154663086e-01
6.219150498509407043e-03
2.827682718634605408e-02
1.530010007577686793e-09
1.374507974105654284e-07
4.644199609756469727e-01
1.191810881095989316e-07
2.662975475686835125e-07
6.511994600296020508e-01
3.144700452685356140e-02
1.914726197719573975e-02
6.921947598457336426e-01
1.181029656436294317e-04
2.175042573071550578e-05
5.172271654009819031e-02
6.437002593884244561e-05
6.228612735867500305e-03
5.439136028289794922e-01
3.067763708531856537e-02
4.269922501407563686e-04
2.258760854601860046e-03
2.471967263772967272e-06
2.122728574249777012e-06
2.333546280860900879e-01
1.674001365900039673e-01
1.915957363962661475e-05
3.044583201408386230e-01
2.571285143494606018e-02
3.430373668670654297e-01
2.335598692297935486e-02
1.172294747084379196e-02
3.880960643291473389e-01
4.018717408180236816e-01
1.772593408823013306e-01
3.942043986171483994e-05
6.844109892845153809e-01
6.810976862907409668e-01
1.899636238813400269e-01
4.217441601213067770e-04
6.387901306152343750e-01
2.416863571852445602e-03
1.088718324899673462e-02
7.151176780462265015e-02
9.720667549117933959e-06
9.480936452746391296e-03
4.851166605949401855e-01
5.676822736859321594e-03
5.623762682080268860e-02
4.033209916087798774e-05
1.341542665613815188e-04
3.252242803573608398e-01
2.688683453015983105e-04
3.696696949191391468e-04
7.464921800419688225e-04
8.030081517063081264e-05
6.066561909392476082e-04
5.387091077864170074e-03
3.949100971221923828e-01
6.257899850606918335e-02
6.219269125722348690e-04
5.376140028238296509e-02
6.748213171958923340e-01
5.712854544981382787e-06
2.714006043970584869e-02
6.810496449470520020e-01
6.236797943711280823e-02
3.614381057559512556e-06
4.816457256674766541e-02
7.447223993040097412e-08
1.172601431608200073e-01
2.514913445338606834e-03
4.208761311019770801e-05
2.883441993617452681e-06
1.027354504913091660e-03
2.659235596656799316e-01
6.820239424705505371e-01
1.038273144513368607e-02
7.315547764301300049e-02
4.404752417030977085e-06
4.571957290172576904e-01
2.200909875682555139e-06
1.974855331354774535e-05
6.604514268815364630e-09
1.773486602019147540e-08
1.296786558668827638e-05
1.575533673167228699e-02
5.028269370086491108e-04
5.237382277846336365e-02
1.416290178894996643e-02
4.532146751880645752e-01
6.707256436347961426e-01
7.222736626863479614e-02
6.930608749389648438e-01
1.736156456172466278e-02
8.658846020698547363e-01
3.935723304748535156e-01
2.234724164009094238e-01
3.524147346615791321e-02
7.130612730979919434e-01
6.940686247958183230e-09
4.186977632343769073e-03
3.051512688398361206e-02
2.449700981378555298e-02
1.987017877399921417e-02
2.352952277462350139e-09
1.771212009771261364e-05
1.768529862165451050e-01
5.726670026779174805e-01
1.446404610760509968e-03
2.393327667959965765e-05
1.046356111764907837e-01
5.261309706838801503e-05
4.548491444438695908e-03
1.864286884665489197e-02
1.439352929592132568e-01
1.433713734149932861e-01
1.232649083249270916e-04
2.427901374176144600e-03
5.283502340316772461e-01
7.705312687903642654e-03
1.549848457216285169e-05
3.842215752229094505e-03
1.416963095834944397e-05
2.539760433137416840e-02
7.184729329310357571e-04
6.505565124825807288e-06
9.818295240402221680e-01
6.085062341298907995e-05
1.652782857418060303e-01
1.866400225480902009e-06
2.170443832874298096e-01
6.158152654478499244e-09
1.182057021651417017e-04
1.964923366904258728e-02
1.098179636755958200e-04
5.638647126033902168e-04
4.432304194779135287e-05
1.967934425920248032e-03
2.607743022963404655e-03
1.176392543129622936e-03
6.411896174540743232e-05
4.450142383575439453e-01
4.521474242210388184e-01
6.114361882209777832e-01
1.468155831098556519e-01
5.071890074759721756e-03
6.380520517268450931e-06
6.695890426635742188e-01
5.838046669960021973e-01
1.260758144780993462e-03
1.729525774717330933e-01
8.722859434783458710e-03
6.073174066841602325e-03
5.803285748697817326e-04
1.144887164628016762e-06
5.558313336223363876e-03
3.249257206916809082e-01
1.402643024921417236e-01
2.309668110683560371e-03
9.660798968980088830e-05
1.812328264350071549e-05
5.673192813992500305e-02
9.966400684788823128e-04
2.672392110980581492e-05
4.018975421786308289e-02
9.302173852920532227e-01
1.272486597299575806e-01
1.203656289726495743e-02
3.479765355587005615e-01
7.073603272438049316e-01
9.085544385015964508e-03
9.421089887619018555e-01
1.147218514233827591e-03
8.446446736343204975e-04
9.263076782226562500e-01
8.362778316950425506e-05
4.368569329380989075e-02
1.568881981074810028e-02
7.916396856307983398e-01
5.948724719928577542e-06
1.338240923359990120e-03
1.265153638087213039e-03
2.112141395116395870e-08
1.366391710888592570e-08
3.736433982849121094e-01
2.942347032686143393e-09
3.524747118353843689e-02
2.808833232847973704e-05
1.399227082729339600e-01
3.185339664923958480e-06
2.208958903793245554e-04
1.152729522436857224e-02
2.352952277462350139e-09
7.482058776986377779e-07
1.332740521320374683e-05
3.609159193729283288e-06
3.213844001293182373e-01
5.722701549530029297e-01
3.182064043357968330e-03
1.875517045846208930e-05
3.075361746596172452e-05
1.243772916495800018e-02
3.150371089577674866e-02
8.680462428856117185e-07
9.229409042745828629e-04
9.253068146766740831e-13
1.216038316488265991e-01
1.041844916471745819e-05
1.868631839752197266e-01
4.315865808166563511e-04
4.124401584704173729e-07
5.534650292247533798e-03
5.776205216534435749e-05
1.742526364978402853e-05
6.148961256258189678e-05
5.474454610521206632e-06
6.238735839724540710e-02
4.218757152557373047e-01
2.676690928637981415e-03
2.903867607528809458e-05
1.663039147388190031e-04
2.310311794281005859e-01
5.634391709463670850e-05
1.330394006799906492e-04
9.589623914507683367e-06
5.378409624099731445e-01
7.881501318252048804e-08
2.787440121173858643e-01
9.979858063161373138e-03
7.197656668722629547e-05
2.243076778540853411e-06
2.988211463161860593e-06
5.797642006655223668e-05
4.349821247160434723e-04
1.758820861577987671e-01
6.675894837826490402e-03
2.275138860568404198e-03
6.944025754928588867e-01
2.133553028106689453e-01
3.217148780822753906e-01
6.211209576576948166e-03
2.820961177349090576e-02
1.419173258909722790e-05
1.468155831098556519e-01
2.610578760504722595e-02
4.968073312738852110e-07
7.117028348147869110e-03
5.676822736859321594e-03
3.341846400871872902e-03
3.501378744840621948e-02
1.715555787086486816e-03
3.294404748999113508e-09
6.805580109357833862e-03
6.438658386468887329e-02
2.230473086228812463e-07
2.637517154216766357e-01
1.374507974105654284e-07
1.514559553470462561e-04
9.107576333917677402e-04
6.519225984811782837e-02
3.909781526312272604e-11
1.796190743334591389e-03
6.307699095486896113e-06
6.296632885932922363e-01
1.481300741434097290e-01
7.733856182312592864e-05
1.953588025571662001e-06
6.202042754921421874e-07
6.989950779825448990e-03
1.571266911923885345e-04
2.705642430100851925e-07
1.326725482940673828e-01
3.146415474475361407e-05
1.460123144170211162e-06
4.485989484237506986e-05
2.946514077484607697e-02
4.828359000384807587e-03
2.825155097525566816e-04
2.772305859252810478e-03
7.831187087692370596e-11
2.162598866561893374e-05
3.500979244709014893e-01
2.817261338350363076e-05
1.929236304931691848e-06
5.895860795135376975e-06
9.629451483488082886e-02
5.691022053360939026e-02
9.070088253793073818e-07
1.916733162943273783e-05
6.657139601884409785e-05
6.821627721365075558e-06
2.342645637691020966e-02
2.709499291597694537e-08
3.273258641911525046e-08
5.367090106010437012e-01
2.528606653213500977e-01
3.432756195183989112e-13
2.613794058561325073e-02
3.256552645325427875e-06
2.169498145576653769e-07
3.983420174336060882e-05
7.044583805182469405e-10
3.767997324466705322e-01
3.059226274490356445e-01
1.039319686242379248e-04
1.048547681421041489e-02
7.817306322976946831e-05
5.629352472169557586e-06
6.514172554016113281e-01
7.908155093900859356e-04
6.946648005396127701e-03
2.039716346189379692e-04
7.396710847984433457e-12
2.118322881869971752e-04
2.170128936995752156e-06
5.116112232208251953e-01
1.593948155641555786e-02
4.631196707487106323e-02
1.996329228859394789e-05
2.169974140997510403e-05
7.752228379249572754e-01
5.508805513381958008e-01
3.978154694550539716e-09
6.308853439662698293e-10
9.029900655150413513e-03
3.854964703009500226e-08
4.364512488245964050e-02
7.447815733030438423e-06
3.428204508963972330e-04
2.635453939437866211e-01
5.641912594001041725e-06
1.630696207284927368e-01
1.195614913740428165e-07
4.763745144009590149e-02
1.019725459627807140e-03
1.228293683379888535e-02
9.479364156723022461e-01
4.258512944943504408e-06
2.789416466839611530e-04
5.814777221530675888e-03
4.566484689712524414e-02
5.171525430114343180e-10
6.436508893966674805e-01
1.467879519623238593e-05
1.103923618793487549e-01
1.093622904591029510e-05
1.929058583878540123e-13
9.549003010533851921e-08
3.967654109001159668e-01
4.134626314043998718e-02
1.487537701905239373e-05
1.889501959085464478e-01
1.722979618534736801e-06
2.022036538207316880e-09
1.611030697822570801e-01
1.232413342222571373e-03
4.093612078577280045e-04
7.788274913878012740e-09
8.563707582652568817e-03
4.146538849454373121e-04
3.320306539535522461e-01
5.945146083831787109e-02
4.746919330500531942e-06
4.140753731007862370e-07
3.772120224311947823e-03
3.667503278848016635e-08
1.112372416400830843e-07
4.264145900378935039e-06
1.413775258697569370e-03
6.362784504890441895e-01
2.825016417773440480e-05
4.286929033696651459e-04
2.493669171599321999e-06
1.522931549698114395e-02
6.314690411090850830e-02
5.838702676896900812e-08
1.372926453768741339e-05
6.918085813522338867e-01
1.831412191677372903e-06
1.752546639181673527e-03
9.620953278499655426e-08
1.107349246740341187e-02
2.779462933540344238e-01
6.049735929991584271e-07
2.589888572401832789e-05
4.890453419648110867e-05
1.000851113349199295e-02
6.042630411684513092e-05
3.740876081792521290e-06
2.149915303562011104e-07
1.643591396316423925e-08
9.483202695846557617e-01
7.176776882261037827e-03
7.122079114196822047e-05
2.837728476151823997e-03
3.167252987623214722e-02
3.339453436002060016e-10
2.111913914859542274e-07
1.039271592162549496e-03
4.957947414368391037e-03
4.848538637161254883e-01
3.011691384017467499e-02
3.549832105636596680e-01
6.667863772236160003e-07
6.795860230113248690e-08
2.368827760219573975e-01
3.111202750005759299e-05
1.696804815765062813e-06
8.767057443037629128e-04
2.877606902984553017e-06
3.091726601123809814e-01
2.404541737632825971e-04
1.820334887270291802e-07
5.832171154906973243e-06
1.626182645559310913e-01
4.214813560247421265e-02
8.587462616560515016e-07
5.071890074759721756e-03
3.436648473143577576e-02
4.836418156628496945e-05
2.352780575165525079e-04
6.979728937149047852e-01
2.004518592002568766e-06
5.914431167042266679e-09
5.994618870317935944e-03
1.864413619041442871e-01
9.357038948110130150e-07
1.566398033503446641e-08
4.514741249295184389e-06
2.583265304565429688e-01
2.043381682597100735e-04
1.388079544994980097e-04
8.209586667362600565e-05
2.590273693203926086e-02
3.322495403801362102e-11
4.657710790634155273e-01
1.308827677348745055e-07
2.808833232847973704e-05
5.427858559414744377e-04
3.156118509650696069e-06
2.797165943775326014e-04
2.159426547586917877e-02
4.250417617868151865e-08
6.398334503173828125e-01
2.069511992885963991e-06
1.882924698293209076e-02
2.532760053873062134e-02
2.055542776361107826e-03
4.693905066233128309e-04
4.239922191118239425e-09
1.299520477004989516e-06
5.403441900853067636e-05
1.400239067152142525e-03
5.979137960821390152e-03
9.489172697067260742e-02
1.467731053708121181e-04
1.436706050299108028e-03
4.110796680834027939e-08
2.498243411537259817e-04
1.242219060659408569e-01
2.246129042760003358e-06
4.660873673856258392e-05
9.482931107029912710e-10
5.035849881096510217e-06
4.806439101230353117e-04
5.405677256931085140e-07
1.206373330205678940e-03
5.199811458587646484e-01
1.983511447906494141e-01
7.948683489189534157e-09
2.837605425156652927e-04
6.695890426635742188e-01
3.630481160143972374e-08
1.014780991681618616e-06
2.787428498268127441e-01
8.542721019466625876e-08
1.235822774469852448e-02
4.336052108556032181e-03
2.768391966819763184e-01
7.610113173723220825e-02
1.170083522796630859e+00
7.130612730979919434e-01
5.642663836479187012e-01
1.823944330681115389e-06
6.751210457878187299e-05
3.919105893146479502e-07
8.099531405605375767e-04
3.961097390856593847e-04
8.439273187832441181e-06
3.308804007247090340e-03
3.436474798945710063e-06
1.421096385456621647e-05
7.640456557273864746e-01
1.375523628666996956e-03
6.502633914351463318e-03
9.909409293129556318e-09
9.987111203372478485e-03
7.022137538115202915e-07
3.016169667243957520e-01
5.982007714919745922e-04
2.668218910694122314e-01
2.948026267546310919e-10
1.151152446254855022e-06
1.988217001780867577e-03
9.442829650652129203e-06
2.688683453015983105e-04
2.684119060347711638e-08
6.778540611267089844e-01
4.378469660878181458e-03
8.231542888097465038e-04
6.594527363777160645e-01
5.917395353317260742e-01
6.940686247958183230e-09
9.628267434891313314e-06
3.026087069883942604e-03
3.340879047755151987e-04
1.012885689735412598e+00
1.397765008732676506e-03
3.767228520246135304e-07
1.640804470071088872e-07
1.271868999008773926e-10
2.257632691904376543e-10
1.526318271771742729e-07
8.956933637708011653e-14
4.956455654792080168e-07
9.945081202999972447e-09
8.124159649014472961e-06
9.102084004553034902e-05
6.047903931133413735e-12
1.336259022355079651e-02
2.354708965867757797e-03
7.153036422096192837e-04
7.000681812030506990e-09
7.831187087692370596e-11
3.927794089975122915e-09
8.875400573015213013e-02
3.180176122441480402e-09
1.339490562912715177e-08
9.517034271766533493e-09
1.565960000560195908e-10
4.514986358117312193e-07
3.198006481852644356e-07
4.892149352286878639e-09
1.399170335147914557e-09
3.826123029515571261e-10
8.467194945183109667e-09
5.534269575946382247e-08
3.410330684516793553e-09
4.227754812902162485e-10
8.369969606292215758e-09
5.744076929659058806e-07
1.055345273925922811e-05
6.552129860892819124e-08
2.005035275942645967e-05
1.559414286589344556e-08
4.235864992097049253e-10
5.474861558031618447e-13
1.074527550271042742e-10
1.824636974845361692e-08
2.139170334203299717e-07
2.058959225337275711e-09
4.362433969617995899e-07
3.166452415825915523e-06
1.823944330681115389e-06
1.957754562909030938e-07
8.072349592112004757e-04
1.953967512235976756e-05
3.205641987733542919e-04
8.546794383335054590e-09
2.623017081315737187e-10
1.065018004342555002e-10
1.144851466960972175e-06
2.057594095106196619e-08
3.236750781070441008e-04
1.857390816439874470e-05
4.890425911452389585e-11
6.310867917136420147e-08
7.407925295410677791e-07
1.952676939254160970e-05
8.921958851715316996e-07
1.833694440733779629e-08
1.714221866677689832e-07
8.345494850736656645e-10
1.063934362832696934e-08
1.682384009882298415e-07
2.369405933677626308e-07
8.172352039537145174e-08
2.393888642870933836e-09
2.884790010284632444e-04
4.497558620641939342e-06
9.161674938695796300e-07
6.409862637519836426e-01
2.439543038690317189e-07
3.404958988539874554e-04
3.294404748999113508e-09
3.935723304748535156e-01
1.445967399149594712e-07
3.432756195183989112e-13
9.051472261489834636e-06
1.932489057665520704e-09
8.451738864323488087e-09
1.916124119816231541e-06
1.676244437694549561e-01
2.067164439623070393e-09
1.979643293736899068e-08
2.882286631589181525e-09
1.875517045846208930e-05
2.390206645941361785e-07
5.155590042704716325e-05
5.634391709463670850e-05
1.638849624896465684e-07
1.988217001780867577e-03
4.554144652502145618e-07
5.204969397709646728e-07
2.952137734268944769e-08
2.649425567824437167e-08
2.962153722307903081e-08
9.510295662096268643e-09
6.704858002137825679e-09
2.436862089894020755e-08
2.018341760390285344e-08
6.026738353162586215e-13
1.407120020502361513e-08
9.302635817221016623e-07
3.283056197687983513e-03
1.242295184056274593e-05
2.498595044016838074e-03
2.137465315854569781e-08
6.406442043527249552e-10
6.202042754921421874e-07
1.395438984036445618e-02
4.179517842928248683e-10
4.716990131825582466e-10
7.050927308682730654e-08
6.364869186654686928e-04
1.663871216806001030e-06
5.143439238963765092e-07
3.018498682649806142e-05
2.090574162139091641e-05
1.255721713278035168e-07
8.165006637573242188e-01
2.183377318942802958e-06
2.128819869540166110e-05
3.122863461157976417e-07
1.930520966197946109e-06
3.703963216139527503e-07
4.358247096547529509e-08
1.184697066491935402e-05
8.670111739661479078e-09
8.964853361248970032e-03
1.994653075598762371e-06
2.835032262282766169e-07
1.511246239260799484e-07
2.312784985747384781e-08
1.573049246417212998e-07
3.949227220800821669e-07
5.733466679203047534e-08
2.262582299294990662e-08
5.746739043388515711e-05
9.545174179947935045e-07
9.488474461250007153e-05
3.619654453359544277e-04
2.761120151961726776e-11
1.564109697937965393e-05
3.012965876791895425e-08
1.153068515122868121e-04
4.771467132513862452e-08
8.585591793064395461e-09
3.155780063934798818e-07
2.729485277086496353e-05
1.581414719112217426e-03
1.925116066558985040e-09
1.058012344401504379e-06
3.264350123544090820e-09
9.242666237696539611e-06
4.847066747970529832e-09
4.250417617868151865e-08
5.702357839254545979e-07
6.340858504927382455e-08
1.201884837313815790e-12
3.773928947126137246e-10
1.634758664295077324e-04
1.582714190817569033e-07
9.806658818334312855e-10
2.408818399999290705e-04
3.517235711569810519e-07
8.768009865889325738e-05
2.529666005557373865e-07
1.711136064841412008e-05
6.140224286355078220e-05
9.074175068235490471e-06
1.436373509022814687e-06
7.481305175360830617e-08
4.797093833275312136e-10
7.528017675895171124e-08
3.145704613416455686e-05
3.574751019641553285e-07
7.461168024747166783e-06
3.794555368585861288e-06
8.328287367476150393e-05
1.695133832981809974e-04
6.225881143961942144e-09
3.882641408381459769e-07
5.202797082048959965e-10
9.253068146766740831e-13
2.096204069698681671e-13
2.661678516480137091e-11
1.945619032994727604e-06
4.573237674776464701e-06
1.180480376206105575e-05
1.807156202460191707e-08
3.014294520653493237e-07
2.734992653131484985e-03
1.766829867847263813e-03
4.462950397282838821e-03
4.746919330500531942e-06
4.670311426480111550e-08
1.441407107449776959e-06
2.106811791691143299e-08
4.738177085528150201e-05
3.754565492272377014e-03
1.181858920062950347e-06
7.633867653566994704e-07
3.417334286496043205e-03
1.699120011355859106e-11
3.005905246933338049e-10
4.707604972509216168e-09
3.149036274407990277e-06
5.498468169662373839e-08
1.283325001821822298e-08
4.774577915668487549e-03
3.214609622955322266e-02
2.019537987507646903e-06
2.230473086228812463e-07
2.901054685366943886e-08
1.419792351953219622e-05
2.068806992383542820e-07
3.740876081792521290e-06
9.162159031461669656e-09
6.757798255421221256e-04
2.996072834271501506e-10
3.182064043357968330e-03
3.338845317557570525e-06
7.398562593152746558e-05
3.374653533683158457e-05
1.515255405593052274e-07
6.797609350406297324e-13
1.252274586249768618e-07
4.288552801767764322e-08
3.204664755784847330e-09
5.121441404298820999e-08
3.154986416120664217e-06
1.978168256755452603e-06
6.707609827572014183e-06
2.906844542849285062e-09
2.716512570444251651e-09
1.453169318210711936e-07
3.164054305671015754e-06
1.522538184417498996e-08
1.882661138097319053e-08
3.667503278848016635e-08
4.110710142413154244e-05
6.839805877234539366e-08
1.604340105210155798e-09
2.028767994488589466e-05
1.183719220421153295e-07
6.458524694608058780e-06
2.154925596187240444e-06
3.764537541428580880e-05
1.014502704066444494e-08
2.049406333526349044e-08
1.571266911923885345e-04
1.014780991681618616e-06
7.694144151173532009e-04
4.329443981987424195e-05
3.984499414855235955e-07
5.795018687138053792e-09
4.768292274093255401e-05
2.965510681463001674e-08
4.342951625585556030e-02
2.787276969229424139e-07
4.096975608263164759e-04
6.825652690167771652e-06
1.911910213481249343e-10
5.382355539040872827e-08
1.308827677348745055e-07
1.008483394571157987e-07
7.078869157517431177e-10
1.533796421426814049e-06
9.121561561187263578e-06
5.680745118752383860e-08
2.525906983574799369e-10
8.002071893997708685e-08
3.241021673261457181e-08
1.905601857288274914e-05
2.875557036929876631e-08
7.788274913878012740e-09
1.574617810547351837e-02
-0.000000000000000000e+00
-0.000000000000000000e+00
-0.000000000000000000e+00
-0.000000000000000000e+00
-0.000000000000000000e+00
-0.000000000000000000e+00
-0.000000000000000000e+00
-0.000000000000000000e+00
-0.000000000000000000e+00
-0.000000000000000000e+00
-0.000000000000000000e+00
-0.000000000000000000e+00
-0.000000000000000000e+00
-0.000000000000000000e+00
-0.000000000000000000e+00
-0.000000000000000000e+00
-0.000000000000000000e+00
-0.000000000000000000e+00
-0.000000000000000000e+00
-0.000000000000000000e+00
-0.000000000000000000e+00
-0.000000000000000000e+00
-0.000000000000000000e+00
-0.000000000000000000e+00
-0.000000000000000000e+00
-0.000000000000000000e+00
-0.000000000000000000e+00
-0.000000000000000000e+00
-0.000000000000000000e+00
-0.000000000000000000e+00
-0.000000000000000000e+00
-0.000000000000000000e+00
-0.000000000000000000e+00
-0.000000000000000000e+00
-0.000000000000000000e+00
-0.000000000000000000e+00
-0.000000000000000000e+00
-0.000000000000000000e+00
-0.000000000000000000e+00
-0.000000000000000000e+00
