9.059421718120574951e-03
4.055947531014680862e-03
6.838710308074951172e-01
3.086864016950130463e-02
1.654297262430191040e-01
1.064134240150451660e-01
4.538100984063930809e-05
9.619766473770141602e-02
1.765799969434738159e-01
1.303723901510238647e-01
2.141648530960083008e-01
6.083776243031024933e-03
1.504927277565002441e-01
4.990285262465476990e-02
7.012512651272118092e-04
2.399644472461659461e-06
2.584405541419982910e-01
2.706920504570007324e-01
9.199072420597076416e-02
1.182657241821289062e+00
4.172450602054595947e-01
2.422033436596393585e-02
4.331339523196220398e-02
8.481938391923904419e-03
3.118730150163173676e-03
7.392236590385437012e-01
3.307266888441517949e-05
2.472597956657409668e-01
2.773525375232566148e-05
9.682307243347167969e-01
7.764507532119750977e-01
6.448243260383605957e-01
4.536526203155517578e-01
6.497783660888671875e-01
4.267099797725677490e-01
5.653702100971713662e-05
1.640284620225429535e-02
4.237171113491058350e-01
9.559077625453937799e-06
9.033689498901367188e-01
5.521293729543685913e-02
3.062937821596278809e-06
6.564230322837829590e-01
4.327856600284576416e-01
2.479876570760097820e-07
6.101221218705177307e-02
4.585230350494384766e-01
2.484846413135528564e-01
1.096858084201812744e-01
6.136363744735717773e-02
1.872550463303923607e-03
6.902901222929358482e-04
5.562818050384521484e-01
1.115293800830841064e-01
4.748187661170959473e-01
7.251775264739990234e-01
3.304134297650307417e-04
1.274942769668996334e-03
1.685966822151385713e-06
6.208619475364685059e-01
3.077434189617633820e-02
1.378474105149507523e-02
3.128315508365631104e-01
1.190454699099063873e-03
1.229776535183191299e-04
1.529550900158938020e-05
7.021220922470092773e-01
7.261636853218078613e-02
6.687808490823954344e-05
3.357273936271667480e-01
3.024672269821166992e-01
2.253240048885345459e-01
8.605661988258361816e-02
1.418676856701495126e-05
1.000853300094604492e+00
8.929245471954345703e-01
2.310297787189483643e-01
2.237515300512313843e-01
3.607656955718994141e-01
2.279821224510669708e-02
1.000841803033836186e-04
1.284252107143402100e-01
5.043922737240791321e-02
2.572555467486381531e-02
3.399554698262363672e-04
5.409335494041442871e-01
3.032198250293731689e-01
3.028188645839691162e-01
4.162673652172088623e-01
1.024508383125066757e-03
1.152416691184043884e-03
1.398663443978875875e-04
2.903145551681518555e-02
1.006958246231079102e+00
9.648095369338989258e-01
9.675974026322364807e-03
4.263318609446287155e-03
7.269542813301086426e-01
6.734105944633483887e-01
2.472570631653070450e-03
7.273976802825927734e-01
5.329396724700927734e-01
1.758404523134231567e-01
1.865952014923095703e-01
1.985157467424869537e-02
9.290443658828735352e-01
1.867689192295074463e-02
5.599011480808258057e-02
1.243464946746826172e+00
1.078474968671798706e-01
4.866893403232097626e-03
7.694396972656250000e-01
9.836079698288813233e-06
9.344839490950107574e-04
2.527824044227600098e-02
8.101996183395385742e-01
6.100795269012451172e-01
6.780382394790649414e-01
7.407402396202087402e-01
5.238571902737021446e-04
3.308876603841781616e-02
1.456303149461746216e-02
4.753885567188262939e-01
4.723477959632873535e-01
1.080771558918058872e-03
3.078952431678771973e-04
1.057131099514663219e-03
4.023445770144462585e-02
2.265660092234611511e-02
5.928306579589843750e-01
3.618765622377395630e-02
7.126639131456613541e-03
8.067183196544647217e-02
8.408335852436721325e-04
1.204087026417255402e-02
9.204817414283752441e-01
7.062724232673645020e-02
3.642610739916563034e-03
1.277534008026123047e+00
9.818680584430694580e-03
1.630078768357634544e-03
2.226814031600952148e-01
7.136866770451888442e-06
6.773335486650466919e-02
6.171881556510925293e-01
4.647320110962027684e-06
4.228918254375457764e-02
5.915280431509017944e-03
3.461373853497207165e-04
7.030447721481323242e-01
5.264889114187099040e-05
3.725940585136413574e-01
6.970523595809936523e-01
2.461000904440879822e-02
7.402716279029846191e-01
8.485234975814819336e-01
6.743567585945129395e-01
7.355502247810363770e-01
1.714836071187164634e-05
1.390202157199382782e-02
3.012555837631225586e-01
3.055904817301779985e-04
1.432355929864570498e-06
1.527947187423706055e-02
7.082317769527435303e-02
3.562425076961517334e-01
7.527152299880981445e-01
8.531227707862854004e-02
6.974911689758300781e-01
8.234608685597777367e-04
2.551724202930927277e-03
6.128037348389625549e-04
3.570781946182250977e-01
8.000476658344268799e-02
4.778080806136131287e-02
3.025758862495422363e-01
2.784461900591850281e-02
6.718437671661376953e-01
2.689006738364696503e-03
4.984236955642700195e-01
3.622001409530639648e-01
5.533218383789062500e-01
5.023088455200195312e-01
1.767875073710456491e-05
8.526177406311035156e-01
8.282274939119815826e-05
1.108514308929443359e+00
5.921945571899414062e-01
3.630595654249191284e-02
3.075436055660247803e-01
5.415667220950126648e-02
5.454745888710021973e-01
2.200295784859918058e-05
4.666239256039261818e-04
1.825842307880520821e-03
8.219834417104721069e-02
7.298072576522827148e-01
2.100657857954502106e-02
6.333572268486022949e-01
6.887913942337036133e-01
1.122881650924682617e+00
2.478114664554595947e-01
1.078897565603256226e-01
3.042922355234622955e-03
5.734311044216156006e-02
1.236907467246055603e-01
4.894526455245795660e-07
5.123473601997829974e-05
4.758815765380859375e-01
7.707948684692382812e-01
4.546334147453308105e-01
4.745473861694335938e-01
9.333224734291434288e-04
5.387881398200988770e-02
1.216064333915710449e+00
1.140073291026055813e-04
3.703433321788907051e-04
1.893211342394351959e-02
1.777098979800939560e-03
5.797612071037292480e-01
3.204415738582611084e-01
6.415406242012977600e-03
1.245426654815673828e+00
6.554827094078063965e-01
1.636393666267395020e-01
6.675391197204589844e-01
8.463634848594665527e-01
3.636489212512969971e-01
9.853680385276675224e-04
4.484803881496191025e-03
7.141071557998657227e-01
3.997670710086822510e-01
1.314751571044325829e-03
4.663743674755096436e-01
1.639013923704624176e-02
1.621074788272380829e-02
1.803663969039916992e-01
1.242153346538543701e-02
1.242438884219154716e-05
7.294971942901611328e-01
2.773144558432250051e-07
1.048072099685668945e+00
2.214614869444631040e-05
1.375591568648815155e-02
1.880597665149252862e-05
6.135876774787902832e-01
6.928152441978454590e-01
2.435431778430938721e-01
9.095104932785034180e-01
3.936392813920974731e-02
3.334713578224182129e-01
4.746588170528411865e-01
4.077004641294479370e-02
7.436705827713012695e-01
5.904558300971984863e-01
8.926063310354948044e-04
3.298173891380429268e-03
2.124111051671206951e-05
1.933206931425957009e-06
8.304893374443054199e-01
2.060249745845794678e-01
1.059622541069984436e-01
4.964247345924377441e-01
4.936079680919647217e-01
3.945316970348358154e-01
6.097952127456665039e-01
8.602635934948921204e-04
1.399117318214848638e-04
6.967824697494506836e-01
3.308040089905261993e-03
2.930876333266496658e-03
1.020759046077728271e-01
1.456475615668750834e-06
6.035541296005249023e-01
3.499662503600120544e-02
5.752654001116752625e-02
1.848552783485502005e-04
9.563685807734145783e-07
3.448355197906494141e-02
3.749889438040554523e-04
7.952634096145629883e-01
2.204363606870174408e-02
3.098878562450408936e-01
9.431632608175277710e-02
2.672846615314483643e-02
2.868146402761340141e-03
6.158435280667617917e-05
1.154422983527183533e-01
7.341474294662475586e-01
7.080210447311401367e-01
1.540951579809188843e-01
6.632467508316040039e-01
8.434347364527639002e-06
2.361732423305511475e-01
1.373487641103565693e-03
1.203935593366622925e-01
1.121834516525268555e-01
3.884490288328379393e-04
8.682700991630554199e-02
1.793050978449173272e-05
1.314145885407924652e-02
3.570618340745568275e-03
8.944503962993621826e-03
1.039130315184593201e-01
9.078245162963867188e-01
2.729105119669839041e-08
7.186821699142456055e-01
7.136037349700927734e-01
1.113540887832641602e+00
6.354047060012817383e-01
5.694281458854675293e-01
3.397623775526881218e-03
3.720882833003997803e-01
1.039581024087965488e-03
4.493586253374814987e-03
1.027055978775024414e-01
6.915242671966552734e-01
3.657068191387224942e-06
1.286385697312653065e-03
2.934125368483364582e-04
8.502465486526489258e-02
3.640915674623101950e-04
7.944717407226562500e-01
1.084105577319860458e-02
4.748187661170959473e-01
4.271791316568851471e-03
6.082517793402075768e-04
3.074847757816314697e-01
5.768553018569946289e-01
3.371250927448272705e-01
7.929826527833938599e-02
9.853680385276675224e-04
6.155595779418945312e-01
1.000841803033836186e-04
7.460171764250844717e-05
9.078539907932281494e-03
8.282274939119815826e-05
1.159637123346328735e-01
1.290847659111022949e-01
6.811255216598510742e-01
3.832245767116546631e-01
1.397993066348135471e-03
2.777373194694519043e-01
2.054387144744396210e-02
5.325994789018295705e-05
1.572244763374328613e-01
4.536306858062744141e-01
2.612341940402984619e-01
5.242983388598076999e-05
9.949081140803173184e-05
1.162858170573599637e-04
4.887801478616893291e-04
9.546254575252532959e-02
5.043922737240791321e-02
4.721480309963226318e-01
5.886478424072265625e-01
7.410402176901698112e-04
5.415123421698808670e-03
7.806967198848724365e-02
2.587062120437622070e-01
8.962769061326980591e-03
5.240074545145034790e-02
3.340382575988769531e-01
3.043707832694053650e-02
1.101315228879684582e-05
7.323219776153564453e-01
1.689627021551132202e-01
4.856156557798385620e-02
5.286069153953576460e-06
1.570502296090126038e-03
6.796177785872714594e-06
1.850656419992446899e-01
3.841534629464149475e-02
5.565283298492431641e-01
6.172972731292247772e-03
6.603719612030545250e-06
9.448450207710266113e-01
2.786475792527198792e-02
5.972621031105518341e-03
1.807838678359985352e-03
6.017031073570251465e-01
1.535090953111648560e-01
6.382783055305480957e-01
2.060852944850921631e-02
6.868433952331542969e-01
1.011924967169761658e-01
6.824730634689331055e-01
3.502526396914618090e-06
1.220456906594336033e-04
5.277635455131530762e-01
6.845898628234863281e-01
6.745522022247314453e-01
1.229776535183191299e-04
3.455721735954284668e-01
8.831217885017395020e-01
1.486071646213531494e-01
4.758815765380859375e-01
2.135470975190401077e-03
6.564813256263732910e-01
1.342401901638368145e-06
5.458042025566101074e-02
2.931573544628918171e-05
3.998702879925986053e-08
9.241059422492980957e-03
1.180575200123712420e-04
9.160818881355226040e-04
7.727132924628676847e-07
2.898779712268151343e-05
2.438497613184154034e-04
1.593481004238128662e-01
4.696623235940933228e-02
3.788299409279716201e-06
4.866893403232097626e-03
5.051324963569641113e-01
9.095104932785034180e-01
2.866802215576171875e-01
1.153750694356858730e-03
6.404417157173156738e-01
2.589641371741890907e-03
1.296462755817628931e-06
3.787467489019036293e-03
2.558744540692714509e-07
8.832431376504246145e-06
8.821848034858703613e-02
3.387235665286425501e-07
3.893817309290170670e-03
1.341497525572776794e-02
7.195947226136922836e-03
7.811717391014099121e-01
2.904140651226043701e-01
1.127599626779556274e-01
6.083776243031024933e-03
7.337081432342529297e-02
7.923277467489242554e-02
9.919852763414382935e-02
9.766643415787257254e-06
5.679833338945172727e-05
1.266747806221246719e-02
3.534543514251708984e-01
2.030554786324501038e-02
9.042179211974143982e-03
1.412785500288009644e-01
6.199130788445472717e-02
4.132082540309056640e-05
2.305796369910240173e-03
1.678917178651317954e-04
4.636168014258146286e-03
3.131212294101715088e-02
3.687932491302490234e-01
5.674034764524549246e-05
3.309499621391296387e-01
8.860868811607360840e-01
7.082317769527435303e-02
1.553891593175649177e-07
6.975251436233520508e-01
6.780384182929992676e-01
2.570413611829280853e-02
1.033173277974128723e-01
7.302129864692687988e-01
6.687808490823954344e-05
5.630662441253662109e-01
4.841991662979125977e-01
8.448344469070434570e-01
2.640961203724145889e-03
1.860030752141028643e-04
1.014822919387370348e-04
8.657065033912658691e-02
2.001799643039703369e-02
1.835035979747772217e-01
3.510412716423161328e-05
1.395516960656095762e-06
3.366371989250183105e-02
1.731405109167098999e-01
1.217211037874221802e-01
5.605788528919219971e-02
5.095478519797325134e-02
7.608968019485473633e-01
2.044935354206245393e-05
7.461515814065933228e-02
4.807319055544212461e-05
2.071666996926069260e-03
1.386200019624084234e-04
7.315792117879027501e-06
1.449485570192337036e-01
6.982157230377197266e-01
6.823347806930541992e-01
7.255708798766136169e-03
6.951074600219726562e-01
1.476912188991263974e-06
1.215051040053367615e-01
1.884563534986227751e-04
2.988728284835815430e-01
2.467320859432220459e-01
1.925889046106021851e-05
8.953411597758531570e-04
8.818153219181112945e-06
7.725187460891902447e-04
1.014114618301391602e-01
8.667778456583619118e-05
1.837916970252990723e-01
6.982086896896362305e-01
6.709890067577362061e-02
1.574581547174602747e-04
6.484830519184470177e-04
3.262262791395187378e-03
9.535837173461914062e-01
1.021606206893920898e+00
8.400129079818725586e-01
1.686790212988853455e-02
6.729049682617187500e-01
1.131258249282836914e+00
9.031044244766235352e-01
3.025387286470504478e-06
4.179749488830566406e-01
3.977817296981811523e-01
6.702827249682741240e-06
5.111858993768692017e-02
6.443721652030944824e-01
2.043985389173030853e-02
1.504226475954055786e-01
5.191421508789062500e-01
5.530008077621459961e-01
9.430648759007453918e-03
6.859891414642333984e-01
7.379879355430603027e-01
6.483749747276306152e-01
2.221047645434737206e-03
6.523558497428894043e-02
1.217367593199014664e-02
2.002436518669128418e-01
6.592134833335876465e-01
9.158329367637634277e-01
4.767059872392565012e-04
8.647883310914039612e-03
4.180303309112787247e-03
5.915089845657348633e-01
9.563685807734145783e-07
2.215450108051300049e-01
2.559150198067072779e-05
1.012609573081135750e-03
6.196700409054756165e-02
1.825842307880520821e-03
2.911926209926605225e-01
1.242438884219154716e-05
1.995289931073784828e-04
3.072135848924517632e-03
4.983290433883666992e-01
1.682769879698753357e-02
1.022577881813049316e-01
1.289777159690856934e-01
9.688059799373149872e-04
1.662435897742398083e-05
2.661126927705481648e-05
2.657907009124755859e-01
1.781320124864578247e-01
1.417867373675107956e-02
2.155016735196113586e-02
2.825716510415077209e-03
2.310003191232681274e-01
2.509188139811158180e-03
2.705740034580230713e-01
4.270104169845581055e-01
2.482890522514935583e-05
8.465753495693206787e-02
7.641224265098571777e-01
2.932428382337093353e-02
4.558462277054786682e-02
6.304157972335815430e-01
3.703433321788907051e-04
1.960301697254180908e-01
2.418801421299576759e-03
2.013824880123138428e-02
4.591631293296813965e-01
4.315248131752014160e-01
2.419974654912948608e-03
8.068442111834883690e-04
4.101335629820823669e-02
2.134358882904052734e-01
1.831231173127889633e-03
6.661630868911743164e-01
3.148719406453892589e-05
1.906976550817489624e-01
5.233442187309265137e-01
7.962516546249389648e-01
8.928895695134997368e-04
5.805215835571289062e-01
2.754354383796453476e-03
8.463634252548217773e-01
4.969243109226226807e-01
4.866939038038253784e-03
1.583578437566757202e-02
2.594306133687496185e-02
4.737818837165832520e-01
3.137562771371449344e-06
2.574765530880540609e-04
2.355747623369097710e-03
1.867601895355619490e-05
1.176387071609497070e+00
1.221106799675908405e-06
3.044882214453537017e-05
8.676552027463912964e-02
3.780496120452880859e-02
4.120444953441619873e-01
8.114249259233474731e-02
1.704983515082858503e-05
4.840170592069625854e-02
3.450972028076648712e-03
1.832809764891862869e-03
3.259798511862754822e-03
3.610383868217468262e-01
2.107642125338315964e-03
1.332261711359024048e-01
3.340099155902862549e-01
5.475219222716987133e-04
5.788065493561589392e-08
4.155123978853225708e-02
8.602635934948921204e-04
3.429111093282699585e-02
5.269523262977600098e-01
4.462013894226402044e-04
5.830104947090148926e-01
1.951187499798834324e-03
8.938418626785278320e-01
1.714836071187164634e-05
3.414768576622009277e-01
1.347500830888748169e-01
1.374007947742938995e-02
7.468712865374982357e-04
1.284467754885554314e-03
4.501946736127138138e-03
6.121128797531127930e-01
7.723144441843032837e-02
3.925466239452362061e-01
1.158341765403747559e-01
5.309180021286010742e-01
6.153851747512817383e-01
2.756434259936213493e-04
1.441740803420543671e-02
2.799670910462737083e-04
7.387225981801748276e-03
8.326259558089077473e-04
7.143388211261481047e-05
8.704831823706626892e-03
2.231383025646209717e-01
2.802879363298416138e-02
4.046939648105762899e-05
8.062403139774687588e-06
9.231583774089813232e-02
4.109732806682586670e-03
1.465965714305639267e-02
6.985745429992675781e-01
4.452646374702453613e-01
3.280243277549743652e-01
7.255524992942810059e-01
4.530284404754638672e-01
4.127197340130805969e-02
3.204415738582611084e-01
2.674890682101249695e-02
5.264303833246231079e-02
1.463972479104995728e-01
3.925818800926208496e-01
7.611458301544189453e-01
2.409809036180377007e-03
1.869395226240158081e-01
4.874482154846191406e-01
3.334713578224182129e-01
9.914814494550228119e-03
2.563451416790485382e-02
5.387881398200988770e-02
5.341837406158447266e-01
4.624069854617118835e-02
3.931570947170257568e-01
1.354769319295883179e-01
5.656129494309425354e-02
2.284762077033519745e-02
7.435517311096191406e-01
3.341650881338864565e-05
5.653702100971713662e-05
7.338874507695436478e-03
4.098968929611146450e-04
4.131300374865531921e-03
8.770627379417419434e-01
1.467254969611531124e-05
7.926751859486103058e-03
6.339559704065322876e-02
1.121377758681774139e-02
4.662232473492622375e-03
6.831317394971847534e-02
6.357775926589965820e-01
6.682183593511581421e-04
1.834856579080224037e-03
1.310711809310305398e-06
1.950470954179763794e-01
4.669966101646423340e-01
2.424794482067227364e-03
9.439991845283657312e-05
5.719333421438932419e-04
1.367692369967699051e-02
7.834553252905607224e-04
6.022364646196365356e-02
4.805008471012115479e-01
7.365468740463256836e-01
5.744631290435791016e-01
3.199685830622911453e-03
2.072030183626338840e-04
3.132772864773869514e-03
2.572555467486381531e-02
1.390333181916503236e-05
7.618607953190803528e-03
1.656932942569255829e-02
5.537810502573847771e-04
4.997107088565826416e-01
4.196333885192871094e-01
6.199788003868889064e-06
2.754934728145599365e-01
2.304912954568862915e-01
4.230353806633502245e-05
9.454943210585042834e-06
4.235924780368804932e-02
1.420481908098736312e-06
1.019726332742720842e-04
6.153468489646911621e-01
1.180282270070165396e-04
8.125582098728045821e-05
6.465278863906860352e-01
1.089817732572555542e-01
6.291536688804626465e-01
8.723738789558410645e-02
3.158462047576904297e-01
7.933273315429687500e-01
1.219328865408897400e-01
5.909232497215270996e-01
2.433445388305699453e-06
1.132874676841311157e-04
5.765408873558044434e-01
8.224795758724212646e-02
1.001545906066894531e+00
1.822034828364849091e-03
7.371013760566711426e-01
1.280727863311767578e+00
2.367033994232770056e-05
1.945587992668151855e-01
8.036737442016601562e-01
1.337170880287885666e-02
4.763098955154418945e-01
1.342645287513732910e-01
8.916196823120117188e-01
8.696898221969604492e-01
2.052731360890902579e-05
3.426799774169921875e-01
5.925934314727783203e-01
3.659668266773223877e-01
7.278085500001907349e-02
2.537068426609039307e-01
6.073652300983667374e-03
4.634882789105176926e-03
9.788613319396972656e-01
5.966928601264953613e-01
1.474451419198885560e-04
4.707821309566497803e-01
9.445075988769531250e-01
1.046299352310597897e-03
3.600456693675369024e-04
1.016526948660612106e-05
9.661857038736343384e-02
4.036244470626115799e-03
5.245599313639104366e-04
1.048747071763500571e-05
1.591230332851409912e-01
8.837514556944370270e-03
1.326724290847778320e-01
1.095593214035034180e+00
3.078398731304332614e-05
6.891980767250061035e-01
4.867682582698762417e-04
2.124680206179618835e-02
7.239139080047607422e-01
3.038278009626083076e-06
1.180575200123712420e-04
3.782238854910247028e-05
9.328069609182421118e-06
6.066612601280212402e-01
4.749721288681030273e-01
4.592844561557285488e-05
9.205510020256042480e-01
3.307805359363555908e-01
9.792265295982360840e-02
2.000512033700942993e-01
4.027487011626362801e-04
3.000671567860990763e-04
4.455532325664535165e-05
1.232881993055343628e-01
1.137110292911529541e-01
2.296388298273086548e-01
1.133918762207031250e+00
9.753713756799697876e-02
5.677730441093444824e-01
2.520225942134857178e-01
6.653685569763183594e-01
6.899787187576293945e-01
5.495254322886466980e-02
8.807353675365447998e-02
6.724035739898681641e-01
2.467320859432220459e-01
5.326962843537330627e-02
3.485116362571716309e-02
4.493173062801361084e-01
3.758318416657857597e-05
6.820888072252273560e-02
1.464303396642208099e-02
8.330112323164939880e-03
9.423816800117492676e-01
2.221077680587768555e-02
6.078694947063922882e-03
5.992728256387636065e-05
3.184334635734558105e-01
2.565718293190002441e-01
3.610611334443092346e-02
3.981815651059150696e-03
1.143392523772490676e-06
8.726145024411380291e-04
5.961376428604125977e-01
1.407438656315207481e-03
3.947144746780395508e-01
4.700520075857639313e-03
7.949199676513671875e-01
2.083885371685028076e-01
6.935914158821105957e-01
2.391153201460838318e-02
6.588020324707031250e-01
3.049606829881668091e-02
2.865205460693687201e-04
1.093461513519287109e+00
1.878818729892373085e-03
1.216397047042846680e+00
4.060295969247817993e-02
9.094157069921493530e-02
5.382663607597351074e-01
2.222371287643909454e-03
3.524436615407466888e-03
3.639618456363677979e-01
6.517102718353271484e-01
2.172933891415596008e-02
7.812892436049878597e-04
6.965184807777404785e-01
1.062541961669921875e+00
1.007910910993814468e-02
7.255524992942810059e-01
2.723729610443115234e-01
1.956219971179962158e-01
6.575882434844970703e-01
1.694856211543083191e-02
4.632778465747833252e-02
1.216378761455416679e-03
5.306554436683654785e-01
9.367796182632446289e-01
4.241021871566772461e-01
3.712014257907867432e-01
8.055412769317626953e-01
6.318927407264709473e-01
1.601085386937484145e-04
1.244517534360056743e-05
5.305412691086530685e-03
6.746823783032596111e-05
4.633876085281372070e-01
2.233114792034029961e-03
7.073014229536056519e-02
1.228924989700317383e+00
1.072664856910705566e-01
3.051741793751716614e-02
7.731524109840393066e-01
9.673657268285751343e-02
1.174695789813995361e-02
6.302397251129150391e-01
1.122617861256003380e-03
5.823115706443786621e-01
4.015793204307556152e-01
2.513728290796279907e-02
4.477040376514196396e-03
6.493190303444862366e-04
5.827247500419616699e-01
4.511562001425772905e-04
6.163537502288818359e-01
1.459067594259977341e-02
3.910907835233956575e-04
7.949022054672241211e-01
6.388034205883741379e-03
1.858999021351337433e-04
1.772321462631225586e-01
5.896867066621780396e-02
1.615566946566104889e-02
8.176251649856567383e-01
9.874172210693359375e-01
2.696153242141008377e-03
7.971659069880843163e-04
5.240074545145034790e-02
3.176344037055969238e-01
7.100200057029724121e-01
6.350855343043804169e-03
6.775821447372436523e-01
8.018568903207778931e-02
3.617534339427947998e-01
4.591742157936096191e-01
5.998264551162719727e-01
8.351274766027927399e-03
8.626992814242839813e-03
3.921571969985961914e-01
1.329133170656859875e-03
1.003909781575202942e-01
1.735727787017822266e-01
2.135470975190401077e-03
1.291865191888064146e-04
1.883607357740402222e-02
8.261510729789733887e-01
2.660153508186340332e-01
3.444491326808929443e-01
4.894627491012215614e-04
1.811114400625228882e-01
2.251573055982589722e-01
2.086395863443613052e-03
3.919547796249389648e-02
2.987613379955291748e-01
1.194545775651931763e-01
3.986287489533424377e-02
3.226023018360137939e-01
7.084890385158360004e-04
1.096199870109558105e+00
1.696330867707729340e-02
1.108895242214202881e-01
2.045125234872102737e-03
1.051582603395218030e-05
6.764855384826660156e-01
4.050851464271545410e-01
1.504274755716323853e-01
5.645400285720825195e-01
3.604339063167572021e-01
1.418105810880661011e-01
1.298136892728507519e-03
7.567468881607055664e-01
6.089520454406738281e-01
6.343985907733440399e-03
9.189357608556747437e-02
3.712294697761535645e-01
1.200812868773937225e-02
6.387261748313903809e-01
2.842224538326263428e-01
9.365659952163696289e-02
5.016253590583801270e-01
3.740270913112908602e-04
3.876869007945060730e-02
5.502842366695404053e-03
4.249625653028488159e-02
5.125031384523026645e-05
1.252871155738830566e-01
5.614462867379188538e-02
1.699018990620970726e-03
6.525012254714965820e-01
9.226798266172409058e-02
1.428031944669783115e-03
7.157603502273559570e-01
8.851440995931625366e-02
4.039871273562312126e-04
3.035861253738403320e-01
5.036093592643737793e-01
5.277635455131530762e-01
6.992519646883010864e-02
2.487523481249809265e-02
5.235863849520683289e-02
8.476520180702209473e-01
4.131308794021606445e-01
4.139251634478569031e-02
5.501228570938110352e-02
6.664527654647827148e-01
6.864118576049804688e-01
2.580521162599325180e-03
6.173296272754669189e-02
6.895427703857421875e-01
2.907227575778961182e-01
7.618607953190803528e-03
2.979675540700554848e-03
2.987396419048309326e-01
7.763164639472961426e-01
5.608799457550048828e-01
1.204762682318687439e-01
1.421962231397628784e-01
3.972750008106231689e-01
3.431612567510455847e-04
2.327510416507720947e-01
1.119886059314012527e-03
4.860836640000343323e-02
7.912654876708984375e-01
3.593183159828186035e-01
4.832229614257812500e-01
9.692850289866328239e-05
3.655529144452884793e-05
4.482704753172583878e-05
6.179562769830226898e-04
1.545417308807373047e-01
7.638929039239883423e-02
3.614671586547046900e-04
6.148183941841125488e-01
3.885204717516899109e-02
5.300542712211608887e-01
1.113964244723320007e-03
5.169629275769693777e-06
3.475857374724000692e-04
5.357301793992519379e-03
2.412719428539276123e-01
1.202176918013719842e-05
3.718362422659993172e-03
8.764629364013671875e-01
1.055657863616943359e+00
5.016362071037292480e-01
2.078135870397090912e-02
2.002436518669128418e-01
1.149349659681320190e-01
8.564525246620178223e-01
7.010204792022705078e-01
1.788811944425106049e-02
4.119350314140319824e-01
6.879748702049255371e-01
9.269751608371734619e-02
8.597075343132019043e-01
5.159384454600512981e-04
1.358975917100906372e-01
1.293186447583138943e-03
7.435517311096191406e-01
1.019726332742720842e-04
7.035103440284729004e-02
5.221744067966938019e-03
5.871029105037450790e-03
5.368395894765853882e-02
6.636677980422973633e-01
1.583090797066688538e-02
2.991761639714241028e-02
1.316077113151550293e+00
2.259415632579475641e-04
3.206617236137390137e-01
3.467185422778129578e-02
5.153189413249492645e-04
9.407920390367507935e-02
1.175149232149124146e-01
9.905654005706310272e-03
1.327948062680661678e-03
4.475993514060974121e-01
3.618547320365905762e-01
2.876819074153900146e-01
2.159496361855417490e-04
9.617671370506286621e-01
6.992441285547101870e-06
4.472743868827819824e-01
4.651734139770269394e-03
7.527810521423816681e-05
2.934125368483364582e-04
1.355542391538619995e-01
4.090057015419006348e-01
3.746772706508636475e-01
5.149484425783157349e-02
3.219226896762847900e-01
1.768090203404426575e-02
1.992314755916595459e-01
1.040726900100708008e+00
8.979518711566925049e-02
5.418635606765747070e-01
3.946887773054186255e-06
1.858292520046234131e-01
3.554478986188769341e-03
6.470484286546707153e-02
5.857847929000854492e-01
6.664217798970639706e-04
6.675695776939392090e-01
4.491508007049560547e-03
9.290867019444704056e-04
1.725728157907724380e-03
1.280168350785970688e-02
2.402216159680392593e-05
2.172334343194961548e-01
1.499220525147393346e-04
3.206902742385864258e-01
5.267127999104559422e-04
2.494853106327354908e-06
7.827290296554565430e-01
3.077087700366973877e-01
3.309499621391296387e-01
7.450962066650390625e-01
4.450614564120769501e-03
7.581140100955963135e-02
1.226590752601623535e+00
1.031767351378221065e-05
1.923377998173236847e-02
7.077029347419738770e-02
6.058873534202575684e-01
3.454541563987731934e-01
5.145551562309265137e-01
9.000855088233947754e-01
1.164117362350225449e-02
4.271271079778671265e-02
2.940738201141357422e-01
1.011924967169761658e-01
3.279706696048378944e-03
7.611458301544189453e-01
9.654796123504638672e-01
2.228206722065806389e-03
2.059448510408401489e-03
1.433982849121093750e-01
1.157554090023040771e-01
2.554591558873653412e-02
7.139934226870536804e-03
5.992747545242309570e-01
2.817891910672187805e-02
6.806617975234985352e-01
4.560597836971282959e-01
1.517839170992374420e-02
2.114216685295104980e-01
1.124437898397445679e-02
6.758476495742797852e-01
7.202171683311462402e-01
5.437154769897460938e-01
8.661888568894937634e-05
6.204765290021896362e-02
9.954524785280227661e-02
3.337911367416381836e-01
1.822630874812602997e-02
1.355156749486923218e-01
3.173272609710693359e-01
6.120064313108741771e-07
1.219373106956481934e+00
7.285089045763015747e-02
8.936383761465549469e-03
1.782272756099700928e-02
4.845528006553649902e-01
6.908165216445922852e-01
1.264779421035200357e-04
2.318699061870574951e-01
1.374689396470785141e-03
8.121186867356300354e-03
6.316983606666326523e-03
6.932573914527893066e-01
1.105681657791137695e+00
6.259896755218505859e-01
6.483141779899597168e-01
3.483392298221588135e-02
2.959863515570759773e-03
9.828898310661315918e-01
3.429111093282699585e-02
1.324474662542343140e-01
5.660064220428466797e-01
4.311328753829002380e-03
8.632128010503947735e-04
2.938293164334027097e-06
2.992772973886559384e-10
1.046138208948832471e-06
3.283954571559684517e-15
3.200341598130762577e-04
7.726877083769068122e-05
4.131442110519856215e-04
6.762861630704719573e-07
1.834996510297060013e-08
7.821240462362766266e-03
3.747578148249885999e-06
4.834746010601520538e-03
7.225661647680681199e-06
3.180249041179195046e-05
3.057392063965380657e-07
1.260624267160892487e-03
1.568523956552159149e-12
4.228686913847923279e-02
2.677176780707668513e-06
3.322340489830821753e-06
7.356388831425419994e-10
2.151933671257211245e-07
1.142073944211006165e-01
1.055305940099060535e-03
3.604261655709706247e-05
4.271269962191581726e-02
1.528498396510258317e-04
9.472456152792574358e-11
4.890878368968287759e-09
1.632600287848617882e-05
1.307882275432348251e-02
1.983609081435133703e-06
6.476499295627463626e-14
5.566865328085479625e-13
1.853216053859796375e-05
1.267301649932051077e-05
1.066539785824716091e-03
1.236905081896111369e-04
8.905741196940653026e-06
6.730408873409032822e-03
5.271270424600515980e-07
1.809593141999243926e-09
2.591762608972203452e-07
4.736405753646977246e-05
1.534856295393183245e-07
1.203735591843724251e-04
6.842169568699318916e-06
1.917396730277687311e-08
2.992856830419388103e-12
1.062932824424933642e-06
1.575605324433126952e-06
3.184609886375255883e-05
6.707703505526296794e-06
5.132532678544521332e-03
2.531320149046223378e-07
1.444306462872191332e-06
7.882503996370360255e-05
4.309821690640092129e-07
3.750486143871967215e-07
3.075721324421465397e-04
3.660161793231964111e-02
5.757912191484138020e-08
5.435048855417790037e-09
3.330634626763639972e-06
2.971260109916329384e-04
3.997670710086822510e-01
6.389018893241882324e-01
6.400659185601398349e-05
1.450435060945665100e-08
5.256966389977080212e-11
1.214322284795343876e-03
1.655929489061236382e-03
3.598314360715448856e-04
1.818385158003366087e-06
4.617579783166084195e-15
2.025487333412456792e-07
3.429375183827687579e-08
6.748448126018047333e-03
1.799215169739909470e-05
5.307812216415186413e-07
5.318285730027128011e-06
5.548724857362685725e-07
3.574313130229711533e-03
4.841730333282612264e-05
3.944190393667668104e-05
1.989426436921348795e-06
1.323286596743855625e-05
1.516320649534463882e-02
9.320176985738726216e-08
3.331050265842350200e-06
5.839712684974074364e-04
1.814332972571719438e-05
8.075789281747347559e-08
7.813039104576091631e-09
1.627862220630049706e-04
4.723723977804183960e-03
3.213959280401468277e-04
6.286097168922424316e-01
4.698236080002970994e-05
9.632316277929930948e-07
4.731914959847927094e-03
1.460761950511368923e-06
7.605113751196768135e-06
1.029685017805981317e-11
9.647133083490189165e-07
3.143210789303269026e-13
2.121222671121358871e-03
1.049222282745176926e-05
4.488123522605746984e-06
1.924359054328306229e-07
4.467567009669437539e-07
3.681843634694814682e-03
2.670961112016811967e-05
1.647398903514840640e-06
8.554179072380065918e-01
8.869637895259074867e-06
4.452266916632652283e-02
4.539816174656152725e-03
3.171999424012028612e-06
3.176786049152724445e-05
1.730370240693446249e-05
4.406043153721839190e-04
5.647237412631511688e-04
1.593836896063294262e-05
4.369840878037933862e-10
4.137983196415007114e-04
5.788065493561589392e-08
1.144679335993714631e-04
5.435551429400220513e-05
2.285376831423491240e-05
2.884713649109471589e-05
7.065727447574943199e-10
6.485460062322090380e-07
6.007443154043556888e-11
1.448029943276196718e-04
7.389688221337564755e-07
4.112070200790185481e-06
4.351495590526610613e-06
3.419292271137237549e-01
2.670579757335644899e-09
1.820453476852890162e-08
1.523154402605086943e-08
1.486832625232636929e-03
3.884462639689445496e-04
3.185100627689507746e-09
2.472570631653070450e-03
2.085825609454694529e-11
1.209422407555393875e-06
4.140926003456115723e-01
9.896390110952779651e-05
4.819055795669555664e-01
9.626972314435988665e-05
1.619692397980543319e-06
2.215879568723266857e-08
5.237219389528036118e-03
1.566034413258421409e-08
8.140214958984870464e-06
5.443016348749551980e-08
4.675688251154497266e-05
1.193318780678964686e-06
2.466012574586784467e-06
5.480291220827382404e-11
1.588131673634052277e-02
8.462972007691860199e-03
1.353176116936083417e-06
5.171279772184789181e-04
8.144600656123657245e-07
8.156812327797524631e-06
2.785464303656226548e-09
1.190541297546587884e-06
1.239394805452320725e-06
6.190418316842638546e-11
5.338856681191828102e-07
4.163311677984893322e-05
2.328205853700637817e-03
1.815390533010940999e-06
2.398191922825532174e-10
2.074319490930065513e-05
1.234470232702733483e-07
1.960678446266683750e-07
3.638803036665194668e-08
1.522274857279626303e-07
3.765216330066323280e-03
1.673845690675079823e-05
2.672471455298364162e-04
4.820911635761149228e-05
1.511206035502254963e-03
1.576054486918110342e-08
1.317634996667038649e-07
3.486107758021717018e-08
1.555926166474819183e-03
8.551394785172306001e-06
1.736641621619128273e-07
4.692456627708452288e-07
7.111111244739731774e-06
4.277019272080906376e-08
5.975357453280594200e-07
4.077415168285369873e-01
1.114963553845882416e-03
2.693082912230693182e-08
9.032158553600311279e-02
1.015798043226823211e-04
1.964949888133560307e-06
9.826248424360528588e-05
4.292893409729003906e-01
3.532375022768974304e-02
2.614750638230134427e-10
4.032728817549013911e-09
8.507309830747544765e-04
4.499358219334226305e-09
7.625497460139740724e-07
1.051526687945170124e-08
3.009001714460168841e-09
5.919545656070113182e-04
7.661547507531452084e-10
2.487234451109543443e-05
1.583380981173831969e-05
2.672846615314483643e-02
3.401703907002229244e-06
9.716841159388422966e-04
1.714173049549572170e-05
1.246248036623001099e-01
8.561306446790695190e-02
2.114127576351165771e-01
1.068726487574167550e-05
3.903146352968178689e-05
1.827393845132974093e-07
1.393004506826400757e-02
3.469487523943826091e-07
2.346390829188749194e-04
3.757002673410170246e-07
1.723563400446437299e-05
4.717699084721971303e-06
1.382775517413392663e-04
2.455491870641708374e-01
9.772587183931591426e-10
2.692303269213880412e-07
2.266716819576686248e-06
1.245063496746467990e-09
5.743602756410837173e-03
3.957938474741240498e-07
4.371945979073643684e-04
3.611903957789763808e-05
9.257643978344276547e-05
2.125228638760745525e-05
4.068070666107814759e-06
3.066357749048620462e-05
3.086662036366760731e-05
4.937201272696256638e-03
2.485846744093578309e-05
7.480270141968503594e-06
3.235461178974219365e-07
2.117649501087726094e-06
1.348112999011163993e-08
3.988326557902155400e-09
9.338218660559505224e-06
1.791066097212024033e-05
7.051045969319602591e-08
1.811168885978986509e-07
-0.000000000000000000e+00
-0.000000000000000000e+00
-0.000000000000000000e+00
-0.000000000000000000e+00
-0.000000000000000000e+00
-0.000000000000000000e+00
-0.000000000000000000e+00
-0.000000000000000000e+00
-0.000000000000000000e+00
-0.000000000000000000e+00
-0.000000000000000000e+00
-0.000000000000000000e+00
-0.000000000000000000e+00
-0.000000000000000000e+00
-0.000000000000000000e+00
-0.000000000000000000e+00
-0.000000000000000000e+00
-0.000000000000000000e+00
-0.000000000000000000e+00
-0.000000000000000000e+00
-0.000000000000000000e+00
-0.000000000000000000e+00
-0.000000000000000000e+00
-0.000000000000000000e+00
-0.000000000000000000e+00
-0.000000000000000000e+00
-0.000000000000000000e+00
-0.000000000000000000e+00
-0.000000000000000000e+00
-0.000000000000000000e+00
-0.000000000000000000e+00
-0.000000000000000000e+00
-0.000000000000000000e+00
-0.000000000000000000e+00
-0.000000000000000000e+00
-0.000000000000000000e+00
-0.000000000000000000e+00
-0.000000000000000000e+00
-0.000000000000000000e+00
-0.000000000000000000e+00
