7.553927898406982422e-01
2.499122917652130127e-01
4.740411043167114258e-01
3.205172419548034668e-01
4.303618967533111572e-01
1.110112853348255157e-02
7.335555553436279297e-01
1.250270128250122070e+00
6.126438379287719727e-01
9.856475591659545898e-01
3.992184102535247803e-01
1.250437498092651367e-01
9.325890541076660156e-01
1.662804782390594482e-01
8.272160291671752930e-01
5.086987018585205078e-01
1.010503530502319336e+00
7.717424631118774414e-01
6.383377909660339355e-01
5.568213462829589844e-01
1.401696652173995972e-01
1.211925148963928223e-01
9.490077495574951172e-01
2.339116297662258148e-02
5.071928501129150391e-01
1.456485390663146973e-01
1.272372007369995117e-01
7.332665920257568359e-01
6.884417533874511719e-01
4.361382871866226196e-02
5.448392033576965332e-01
7.147722244262695312e-01
2.046599686145782471e-01
7.478342056274414062e-01
1.038429141044616699e+00
1.527369171380996704e-01
1.903186738491058350e-02
6.950844526290893555e-01
2.059283433482050896e-03
7.350490093231201172e-01
2.439436689019203186e-02
6.019957065582275391e-01
2.920104861259460449e-01
8.609640598297119141e-02
7.351048588752746582e-01
9.796326607465744019e-02
3.781522512435913086e-01
2.375256121158599854e-01
3.989992737770080566e-01
6.382671594619750977e-01
7.702994346618652344e-01
3.710631132125854492e-01
3.921864926815032959e-01
1.203316330909729004e+00
6.615949869155883789e-01
8.717009425163269043e-01
8.464797735214233398e-01
5.019574891775846481e-04
8.000459671020507812e-01
7.793005704879760742e-01
6.419676542282104492e-01
1.700537651777267456e-01
4.126138985157012939e-01
3.425369858741760254e-01
1.432238072156906128e-01
5.391962453722953796e-02
9.012781381607055664e-01
6.739482283592224121e-01
1.131642103195190430e+00
8.443202078342437744e-02
3.659002184867858887e-01
4.892287775874137878e-03
7.547863721847534180e-01
7.664837837219238281e-01
8.685281872749328613e-01
7.295850664377212524e-02
6.511329114437103271e-02
5.338336899876594543e-02
9.264411926269531250e-01
8.023709058761596680e-01
6.488980054855346680e-01
1.975629925727844238e-01
9.004604816436767578e-01
2.902525961399078369e-01
1.374504417181015015e-01
5.581437349319458008e-01
1.043234467506408691e+00
8.621464371681213379e-01
3.146530389785766602e-01
5.011157989501953125e-01
7.108315229415893555e-01
4.594789743423461914e-01
2.311419509351253510e-02
1.049464643001556396e-01
2.121594697237014771e-01
7.735255174338817596e-03
3.607302159070968628e-02
7.369037270545959473e-01
1.908002793788909912e-01
1.172403208329342306e-04
7.579456567764282227e-01
3.829130530357360840e-01
5.939608216285705566e-01
2.257842123508453369e-01
1.999529600143432617e-01
2.789890766143798828e-01
5.792106389999389648e-01
4.715519025921821594e-04
5.098822116851806641e-01
1.108825683593750000e+00
4.248559772968292236e-01
8.767842054367065430e-01
6.048268079757690430e-01
2.722932994365692139e-01
6.025605797767639160e-01
7.846111059188842773e-01
3.072428703308105469e-01
1.012042880058288574e+00
3.923340439796447754e-01
3.927284181118011475e-01
5.762598514556884766e-01
8.325787782669067383e-01
8.550534248352050781e-01
3.919605631381273270e-03
4.120023548603057861e-01
8.590010404586791992e-01
1.058162808418273926e+00
7.191718220710754395e-01
1.987048424780368805e-02
4.682356491684913635e-02
5.182046890258789062e-01
9.954170584678649902e-01
9.381295740604400635e-02
4.202135801315307617e-01
1.490929815918207169e-02
8.541175723075866699e-02
2.599798440933227539e-01
9.268570542335510254e-01
7.428794503211975098e-01
1.101656630635261536e-02
3.307924198452383280e-04
6.939358711242675781e-01
9.459843039512634277e-01
8.741207122802734375e-01
5.509114861488342285e-01
2.165835052728652954e-01
1.010220870375633240e-01
9.501339495182037354e-02
1.005398482084274292e-01
4.253832101821899414e-01
1.001419872045516968e-01
7.080459594726562500e-01
1.439110189676284790e-01
4.131706357002258301e-01
7.306898832321166992e-01
6.668255329132080078e-01
6.847679615020751953e-01
1.852890551090240479e-01
1.451744884252548218e-01
1.148492574691772461e+00
3.377395272254943848e-01
9.080648422241210938e-02
7.350138425827026367e-01
2.279828190803527832e-01
3.099869936704635620e-02
1.420081360265612602e-03
5.332003235816955566e-01
7.789373397827148438e-01
7.804141938686370850e-02
1.025523662567138672e+00
4.367697238922119141e-01
3.887519240379333496e-01
7.337902784347534180e-01
7.223323583602905273e-01
1.581920683383941650e-01
6.785413026809692383e-01
8.899421095848083496e-01
1.009841084480285645e+00
6.453727483749389648e-01
8.256362676620483398e-01
4.707258641719818115e-01
3.247086424380540848e-03
1.035873889923095703e+00
1.246454641222953796e-01
4.558140635490417480e-01
1.025229930877685547e+00
8.120219409465789795e-02
1.073133230209350586e+00
7.841854095458984375e-01
4.938655793666839600e-01
5.975725129246711731e-02
4.437368512153625488e-01
5.894315242767333984e-01
1.588663086295127869e-02
9.953482151031494141e-01
3.960694074630737305e-01
1.213000535964965820e+00
6.397463083267211914e-01
1.012633204460144043e+00
8.170415759086608887e-01
6.829414367675781250e-01
6.046897172927856445e-01
7.510945796966552734e-01
8.356829881668090820e-01
9.770556688308715820e-01
8.951086997985839844e-01
3.093600869178771973e-01
5.158534646034240723e-01
2.486801445484161377e-01
4.751390311866998672e-03
1.364973187446594238e-02
1.906531676650047302e-02
7.081067562103271484e-02
2.141419351100921631e-01
6.871096491813659668e-01
4.505838155746459961e-01
7.980816364288330078e-01
1.715677976608276367e-01
1.939000040292739868e-01
1.385700888931751251e-02
5.925082564353942871e-01
9.630812406539916992e-01
6.968005299568176270e-01
1.011256694793701172e+00
6.048983335494995117e-01
2.594555914402008057e-02
7.250413298606872559e-03
8.531736731529235840e-01
1.621283888816833496e-01
9.795064330101013184e-01
2.057584822177886963e-01
4.872704148292541504e-01
9.720096737146377563e-02
6.859785914421081543e-01
4.190441668033599854e-01
7.591526508331298828e-01
1.931487768888473511e-01
6.719416975975036621e-01
1.103814721107482910e+00
1.093147039413452148e+00
8.639938831329345703e-01
6.528615951538085938e-01
1.618608646094799042e-02
3.406020253896713257e-02
1.537806242704391479e-01
2.442569881677627563e-01
1.279419660568237305e-01
4.791044890880584717e-01
8.252248167991638184e-02
6.228628158569335938e-01
1.032917737960815430e+00
4.775145351886749268e-01
1.070871949195861816e+00
1.037837043404579163e-01
2.123095989227294922e-01
3.778628110885620117e-01
-0.000000000000000000e+00
-0.000000000000000000e+00
-0.000000000000000000e+00
-0.000000000000000000e+00
-0.000000000000000000e+00
-0.000000000000000000e+00
-0.000000000000000000e+00
-0.000000000000000000e+00
-0.000000000000000000e+00
-0.000000000000000000e+00
-0.000000000000000000e+00
-0.000000000000000000e+00
-0.000000000000000000e+00
-0.000000000000000000e+00
-0.000000000000000000e+00
-0.000000000000000000e+00
-0.000000000000000000e+00
-0.000000000000000000e+00
-0.000000000000000000e+00
-0.000000000000000000e+00
