2.824509101628791541e-05
1.771086863300297409e-05
1.483710220782086253e-04
1.019731640815734863e+00
1.603037118911743164e-01
8.625323176383972168e-01
2.243415801785886288e-04
6.432203650474548340e-01
4.450097978115081787e-01
6.678729504346847534e-02
8.929182513384148479e-05
1.888940930366516113e-01
2.423444995656609535e-03
2.595569822005927563e-04
2.121908217668533325e-02
8.889810740947723389e-02
1.556580187752842903e-03
1.657745742704719305e-04
1.060024835169315338e-03
1.245804317295551300e-02
1.185196801088750362e-03
4.338632822036743164e-01
5.175213813781738281e-01
3.811424970626831055e-01
1.267780462512746453e-04
1.018930599093437195e-01
2.375796064734458923e-02
2.043676795437932014e-04
7.070616483688354492e-01
1.067683406290598214e-04
6.652417359873652458e-04
7.656534314155578613e-01
9.261192381381988525e-02
9.618777548894286156e-04
1.628697663545608521e-01
1.100188612937927246e+00
3.945818636566400528e-03
2.251717523904517293e-04
2.247245311737060547e-01
1.012501955032348633e+00
7.471143617294728756e-04
8.133082883432507515e-04
1.036044352531462209e-07
3.726808354258537292e-02
5.998818203806877136e-03
1.825419440865516663e-02
1.327920472249388695e-03
9.468899667263031006e-02
2.081735432147979736e-02
2.850929042324423790e-03
2.890660194680094719e-03
4.270956269465386868e-04
3.194829225540161133e-01
2.178714424371719360e-01
8.391305891564115882e-05
1.119624972343444824e-01
2.868489827960729599e-03
5.100201368331909180e-01
1.731685479171574116e-04
9.502334520220756531e-03
3.461902588605880737e-02
4.046993126394227147e-05
6.841288805007934570e-01
4.946269989013671875e-01
4.594819620251655579e-04
2.054573595523834229e-02
2.513998479116708040e-04
1.481940707890316844e-04
1.538698561489582062e-02
6.958302259445190430e-01
6.229384988546371460e-02
4.722858284367248416e-05
1.419626059941947460e-04
9.422730654478073120e-04
8.937422931194305420e-02
4.771547683048993349e-04
7.197520732879638672e-01
6.690781712532043457e-01
1.292456872761249542e-04
3.413731232285499573e-02
9.497229754924774170e-02
1.643424853682518005e-03
2.311001997441053391e-03
3.509801924228668213e-01
2.506669461727142334e-01
4.151648841798305511e-03
1.530213485239073634e-04
1.705942302942276001e-02
3.166940223309211433e-05
9.533086995361372828e-06
4.348576476331800222e-05
1.891827769577503204e-02
1.767505775205790997e-03
1.180650579044595361e-04
2.023368887603282928e-02
8.678807644173502922e-04
1.659961526456754655e-05
4.268400836735963821e-03
3.306248690932989120e-03
6.424875557422637939e-02
6.614914163947105408e-04
7.119137644767761230e-01
1.827920079231262207e-01
1.374982413835823536e-03
2.414103224873542786e-02
1.948909461498260498e-02
6.195231676101684570e-01
2.706199884414672852e-03
6.580575136467814445e-04
7.596518993377685547e-01
5.378680043577332981e-07
1.086514711380004883e+00
2.312128990888595581e-01
2.044404973275959492e-04
2.452301792800426483e-02
4.929934220854192972e-05
1.707437622826546431e-04
8.998917182907462120e-04
3.653100861811253708e-07
3.061496913433074951e-01
1.897818176075816154e-03
1.891000941395759583e-02
1.793313131202012300e-04
2.684317762032151222e-03
3.286473220214247704e-03
4.001981869805604219e-04
5.397034287452697754e-01
2.984047023346647620e-05
5.057941656559705734e-03
2.935683913528919220e-02
4.612584598362445831e-04
5.875328555703163147e-02
2.352383546531200409e-02
4.946900844515766948e-06
1.335650980472564697e-01
3.735647723078727722e-02
1.318877041339874268e-01
7.444985385518521070e-05
1.652943789958953857e-01
1.204000553116202354e-03
1.449406612664461136e-03
9.905840158462524414e-01
5.911636631935834885e-03
1.491931229829788208e-01
8.472350309602916241e-04
1.044168949127197266e+00
4.088472127914428711e-01
2.174288332462310791e-01
1.162597793154418468e-03
1.632838757359422743e-05
1.941458031069487333e-04
5.286564373818691820e-06
9.545819193590432405e-05
1.543076010420918465e-03
1.728221974417465390e-07
1.289519574493169785e-02
4.136929288506507874e-02
2.084137850033584982e-05
7.102119852788746357e-04
3.206291198730468750e-01
2.568810596130788326e-04
6.575508117675781250e-01
1.523214741609990597e-03
7.556063064839690924e-05
1.092406958341598511e-01
4.480608105659484863e-01
5.850384235382080078e-01
1.960682566277682781e-04
4.298359751701354980e-01
6.051256321370601654e-03
1.422769739292562008e-03
2.365652238950133324e-03
1.013674139976501465e-01
4.799891710281372070e-01
2.415491454303264618e-02
6.943866901565343142e-05
3.771337866783142090e-01
5.992148071527481079e-02
1.065124874003231525e-03
6.106515526771545410e-01
7.437358144670724869e-04
1.041512470692396164e-02
4.071637988090515137e-03
8.799248462310060859e-06
7.210216484963893890e-03
6.909569501876831055e-01
1.830041874200105667e-03
6.372474599629640579e-03
1.469234824180603027e-01
1.934421211481094360e-01
2.099917829036712646e-01
1.008572578430175781e+00
6.875020265579223633e-01
6.662132684141397476e-03
4.717039465904235840e-01
1.750134304165840149e-02
1.939126104116439819e-02
3.433648645877838135e-01
2.981914076372049749e-05
1.273429516004398465e-04
1.650739461183547974e-02
8.887158764991909266e-05
3.508832771331071854e-03
6.344017982482910156e-01
6.680128164589405060e-03
1.452372234780341387e-04
1.931238919496536255e-01
1.407322883605957031e-01
3.525788784027099609e-01
1.094751060009002686e-01
3.082019044086337090e-03
2.494913153350353241e-02
2.606773674488067627e-01
1.968344449996948242e-01
1.563069177791476250e-03
2.081059366464614868e-01
1.171850264072418213e-01
5.976738757453858852e-04
5.101907253265380859e-01
4.442510660737752914e-03
5.178821682929992676e-01
3.119295239448547363e-01
5.553234223043546081e-05
1.635435037314891815e-04
6.469649076461791992e-02
7.461723871529102325e-03
1.087124459445476532e-02
1.704899594187736511e-03
1.286690530832856894e-04
8.284848928451538086e-01
7.636349201202392578e-01
1.401990739395841956e-04
4.033896625041961670e-01
5.504823289811611176e-03
3.058941364288330078e-01
8.533744839951395988e-04
1.203490421175956726e-02
4.136390984058380127e-03
1.599122881889343262e-01
4.131798632442951202e-03
2.129898667335510254e-01
2.948910892009735107e-01
1.936256885528564453e-01
1.314548080699751154e-05
3.033770248293876648e-02
2.822943925857543945e-01
7.209451403468847275e-03
2.400353987468406558e-04
5.983425653539597988e-04
2.110337764024734497e-01
7.093343418091535568e-03
3.673761966638267040e-05
5.706462264060974121e-01
3.849340677261352539e-01
7.890359163284301758e-01
5.533683579415082932e-03
-0.000000000000000000e+00
-0.000000000000000000e+00
-0.000000000000000000e+00
-0.000000000000000000e+00
-0.000000000000000000e+00
-0.000000000000000000e+00
-0.000000000000000000e+00
-0.000000000000000000e+00
-0.000000000000000000e+00
-0.000000000000000000e+00
-0.000000000000000000e+00
-0.000000000000000000e+00
-0.000000000000000000e+00
-0.000000000000000000e+00
-0.000000000000000000e+00
-0.000000000000000000e+00
-0.000000000000000000e+00
-0.000000000000000000e+00
-0.000000000000000000e+00
-0.000000000000000000e+00
