2.169496566057205200e-01
3.901580392096093419e-09
2.714798748493194580e-01
3.832232323475182056e-05
1.456001866608858109e-02
9.172207117080688477e-02
2.277394197881221771e-02
3.953330516815185547e-01
7.977451086044311523e-01
1.050477076205424964e-04
5.945130586624145508e-01
9.951559150067623705e-06
1.629667622182751074e-06
2.098928780469577760e-05
3.729094942173105665e-06
3.178834319114685059e-01
3.799357637763023376e-02
4.289720952510833740e-01
5.320794414728879929e-03
4.123491942882537842e-01
1.141136976912093814e-06
3.991961013525724411e-03
4.037427306175231934e-01
7.265384495258331299e-02
1.932196691632270813e-02
3.933199215680360794e-03
1.910009384155273438e-01
1.000058650970458984e+00
2.965319752693176270e-01
5.700669251382350922e-03
2.857167564798146486e-04
2.852024181265733205e-06
3.520203608786687255e-05
3.074426949024200439e-02
1.026855388772673905e-04
2.942850291728973389e-01
6.437079719034954906e-05
2.071403861045837402e-01
4.487721025943756104e-01
2.260738074255641550e-05
1.304395409533753991e-04
2.255262108519673347e-03
1.802925951778888702e-03
1.744801998138427734e-01
1.252605870831757784e-04
1.033226251602172852e+00
2.123111917171627283e-04
1.002703429549001157e-04
5.224724411964416504e-01
2.140310425602365285e-05
4.181196093559265137e-01
1.944536197697743773e-04
1.420303131453692913e-03
5.445465445518493652e-03
8.704178333282470703e-01
2.558615058660507202e-02
1.245421590283513069e-03
3.633642336353659630e-05
9.902596473693847656e-01
8.444805862382054329e-04
5.885225255042314529e-03
5.097324028611183167e-02
1.670333207584917545e-03
4.970561861991882324e-01
3.206983208656311035e-01
2.853926420211791992e-01
1.223685368895530701e-01
7.005796432495117188e-01
3.197966814041137695e-01
6.626852750778198242e-01
3.723791539669036865e-01
1.554493904113769531e-01
8.897583931684494019e-03
1.224581064889207482e-04
1.536948531866073608e-01
1.870125124696642160e-04
1.147994175553321838e-01
3.344328547427721787e-07
1.012428328394889832e-01
3.000054508447647095e-03
1.957144960761070251e-02
9.808480739593505859e-03
5.673501491546630859e-01
1.593156307935714722e-01
1.732387318043038249e-07
6.819052100181579590e-01
1.185011569759808481e-04
1.096661890187533572e-07
2.982679754495620728e-02
1.005255689960904419e-04
2.727093100547790527e-01
8.937432539823930711e-06
1.852122601121664047e-03
6.091386312618851662e-04
8.987809717655181885e-02
7.009623050689697266e-01
6.423522718250751495e-03
2.747154794633388519e-02
5.059009790420532227e-02
4.157180711627006531e-02
6.553485244512557983e-02
2.171648433431982994e-03
5.057174246758222580e-03
1.344819366931915283e-02
2.250690199434757233e-02
1.367170214653015137e-01
9.701792895793914795e-02
4.617094248533248901e-02
9.274168312549591064e-02
3.314333735033869743e-04
2.739383489824831486e-04
2.937463810667395592e-03
1.243859333044383675e-05
4.634799808263778687e-02
1.856496632099151611e-01
1.194347292184829712e-01
3.626910224556922913e-02
3.712781239300966263e-03
2.681554257869720459e-01
8.652121573686599731e-02
1.453770721582259284e-07
8.068750321399420500e-05
3.542285703588277102e-04
6.997477263212203979e-02
8.347046971321105957e-01
6.717671419131931998e-10
2.020875215530395508e-01
4.828028008341789246e-02
1.795846910681575537e-04
1.344349766441155225e-05
1.840369403362274170e-02
3.981982171535491943e-02
5.381495782330603106e-08
4.429015330970287323e-03
6.436595320701599121e-02
9.011789411306381226e-02
3.029720783233642578e-01
5.872190371155738831e-02
5.048137623816728592e-03
2.338310480117797852e-01
4.780379822477698326e-04
9.017772227525711060e-02
1.520261575933545828e-04
2.854519188404083252e-01
5.332566797733306885e-04
1.093679340556263924e-03
4.997570158593589440e-06
5.268177986145019531e-01
1.715416274964809418e-02
1.862240169430151582e-04
2.350752241909503937e-02
5.864587426185607910e-01
1.047982089221477509e-02
4.582715034484863281e-02
9.255501208826899529e-04
7.611014007125049829e-05
9.520118236541748047e-01
1.286881923675537109e+00
4.482528311200439930e-05
3.579395524866413325e-06
2.224226295948028564e-02
1.636314392089843750e-01
3.116494795563085063e-08
3.030976047739386559e-03
6.837487220764160156e-02
5.480349436402320862e-02
3.418992273509502411e-03
5.615204200148582458e-02
3.072057366371154785e-01
1.245450735092163086e+00
7.035469412803649902e-01
4.520664513111114502e-01
2.435448113828897476e-03
1.308475285768508911e-01
1.516726762056350708e-01
5.059689283370971680e-01
1.448028953745961189e-03
6.998971803113818169e-04
2.701772900763899088e-04
7.176623214036226273e-03
1.479714661836624146e-01
7.731597179372329265e-06
6.283358931541442871e-01
2.525818068534135818e-03
2.697609364986419678e-01
4.876738786697387695e-01
3.754326025955379009e-04
2.548252344131469727e-01
1.001177728176116943e-01
1.766881672665476799e-03
1.725039035081863403e-01
2.074331417679786682e-02
2.923799455165863037e-01
5.756162405014038086e-01
2.079651437725260621e-07
3.046241402626037598e-01
1.499038044130429626e-04
1.466262340545654297e-01
4.099667668342590332e-01
6.949187517166137695e-01
2.456413349136710167e-03
1.734955608844757080e-02
6.863487511873245239e-02
3.666410148143768311e-01
1.806142677196476143e-06
1.517186872661113739e-02
2.183039784431457520e-01
7.816088199615478516e-02
6.884263753890991211e-01
1.260253936052322388e-01
1.124771218746900558e-02
5.989875793457031250e-01
1.046175835654139519e-03
9.777565002441406250e-01
7.337107658386230469e-01
1.714805955998599529e-03
1.952565610408782959e-01
6.434999522753059864e-05
9.861109852790832520e-01
4.041146312374621630e-04
3.561409115791320801e-01
1.491206139326095581e-02
5.213135480880737305e-01
1.407857598678674549e-05
6.643156055361032486e-03
2.428737352602183819e-04
1.587264239788055420e-03
1.158492977992864326e-05
6.640394330024719238e-01
8.707149390829727054e-05
7.440730463713407516e-03
1.370171434246003628e-03
7.611335813999176025e-02
7.143867611885070801e-01
6.753827333450317383e-01
5.818969011306762695e-01
3.168633282184600830e-01
6.122593879699707031e-01
1.252509187906980515e-02
4.515140354633331299e-01
3.610950443544425070e-05
1.519677971373312175e-05
1.347484588623046875e-01
4.983114558854140341e-05
5.413274168968200684e-01
2.773086307570338249e-03
4.629876613616943359e-01
7.076082511048298329e-07
5.668283700942993164e-01
1.847175066359341145e-03
1.429346070835890714e-06
9.551133960485458374e-03
2.922370433807373047e-01
5.935480585321784019e-04
7.067589163780212402e-01
6.621274352073669434e-01
5.081700533628463745e-02
2.107830047607421875e-01
2.038422680925577879e-04
8.699363679625093937e-04
1.199372127302922308e-05
1.314067339990288019e-04
4.578282590955495834e-03
6.950622890144586563e-03
1.169764902442693710e-02
3.816265463829040527e-01
3.641807008534669876e-03
2.311005024239420891e-03
1.460583135485649109e-02
4.328534007072448730e-03
3.224919782951474190e-03
3.560577929019927979e-01
7.272649407386779785e-01
1.114571280777454376e-02
2.119797170162200928e-01
6.057758582755923271e-04
3.613748252391815186e-01
2.138328971341252327e-03
9.026221930980682373e-02
6.293580372584983706e-05
6.927219033241271973e-01
7.827828526496887207e-01
1.644033752381801605e-02
1.989214797504246235e-05
5.536545533686876297e-03
7.829193025827407837e-03
3.163143992424011230e-05
6.946210861206054688e-01
8.647578768432140350e-03
5.337018519639968872e-02
2.361951172351837158e-01
2.543141134083271027e-02
1.098663080483675003e-03
5.002214606975030620e-07
6.168593168258666992e-01
1.565857673995196819e-03
3.669634679681621492e-06
2.247347496449947357e-03
9.524738043546676636e-02
2.721597775234840810e-05
1.430245935916900635e-01
8.185282349586486816e-01
1.265483796596527100e-01
3.705747723579406738e-01
4.891066849231719971e-01
1.065634414553642273e-01
1.138920633820816875e-04
6.578975915908813477e-01
1.280706328543601558e-05
1.142073143273591995e-02
7.375337481498718262e-01
1.536574587225914001e-02
1.420838013291358948e-02
4.210444167256355286e-02
2.639915328472852707e-04
1.586277270689606667e-03
4.347715526819229126e-03
6.352786906063556671e-03
6.161791679915040731e-05
2.366584241390228271e-01
1.031271182000637054e-02
3.391616337466984987e-04
2.661072649061679840e-04
1.561955958604812622e-01
5.151625373400747776e-04
1.101174473762512207e+00
5.345875769853591919e-02
8.585609495639801025e-02
7.670058403164148331e-05
2.455104142427444458e-03
6.767237093299627304e-03
4.573770183924352750e-06
1.922814844874665141e-04
5.545042157173156738e-01
1.575496420264244080e-02
6.827945709228515625e-01
3.604122996330261230e-02
6.639893651008605957e-01
7.050537467002868652e-01
1.101747393608093262e+00
2.876149210351286456e-06
1.198268029838800430e-03
4.750016960315406322e-04
4.405927956104278564e-01
5.234850198030471802e-02
5.774667859077453613e-02
2.425697632133960724e-03
5.720620974898338318e-04
4.304820206016302109e-03
1.064645475707948208e-03
4.929370880126953125e-01
3.606083989143371582e-01
2.317088842391967773e-01
3.791387379169464111e-02
4.385283216834068298e-02
1.109201788902282715e+00
9.518559090793132782e-03
8.402857184410095215e-02
8.177310824394226074e-01
7.821938991546630859e-01
8.847115168464370072e-06
1.266700476408004761e-01
1.278886702493764460e-05
9.598059114068746567e-05
4.128182240492606070e-07
1.539873331785202026e-01
1.375512219965457916e-04
2.139219269156455994e-02
6.084970831871032715e-01
2.946258056908845901e-03
1.123051941394805908e-01
2.165615796911879443e-06
2.244808375835418701e-01
5.693746358156204224e-02
3.296766802668571472e-02
4.583168629324063659e-05
4.429157997947186232e-04
6.702865357510745525e-04
1.959749264642596245e-03
7.298613786697387695e-01
6.307947842287831008e-06
5.585657954216003418e-01
6.418893113732337952e-03
1.875566784292459488e-03
3.827772568911314011e-03
3.029729127883911133e-01
5.744025111198425293e-04
4.287204742431640625e-01
1.307922840118408203e+00
7.101256400346755981e-02
5.794602259993553162e-02
1.191636547446250916e-03
4.417579621076583862e-02
5.283783748745918274e-02
5.204090476036071777e-02
5.887761712074279785e-01
2.219388727098703384e-03
5.714781284332275391e-01
5.862473975867033005e-03
9.773159027099609375e-02
1.063588634133338928e-01
3.314333735033869743e-04
5.921456031501293182e-04
3.046158235520124435e-03
1.394845894537866116e-04
7.969227340254292358e-07
6.093453976063756272e-06
2.025435969699174166e-05
2.441893704235553741e-02
1.427622884511947632e-01
6.414865492843091488e-04
8.552531003952026367e-01
1.765805780887603760e-01
1.625101640820503235e-02
1.832363568246364594e-02
8.903279155492782593e-02
1.304463221458718181e-04
3.306531161069869995e-02
2.218976244330406189e-02
7.004667168075684458e-06
1.679941564798355103e-01
6.931611895561218262e-01
5.364241003990173340e-01
7.994237355887889862e-03
1.602141112089157104e-01
8.937141895294189453e-01
3.614203035831451416e-01
4.446796476840972900e-01
1.873248368501663208e-01
6.207600701600313187e-03
2.876149210351286456e-06
4.677131946664303541e-04
5.989943742752075195e-01
2.557674427805523010e-08
6.766704320907592773e-01
6.973346471786499023e-01
3.834933295365772210e-07
2.621071971952915192e-02
1.456804871559143066e-01
7.828755676746368408e-02
5.137550033396109939e-06
3.178239762783050537e-01
5.645236372947692871e-01
8.200831711292266846e-02
4.343529939651489258e-01
3.747755661606788635e-02
6.461787852458655834e-04
2.342183780257300896e-09
8.861945243552327156e-04
1.894047409296035767e-01
5.619268417358398438e-01
2.387291491031646729e-01
2.537985444068908691e-01
1.824073478928767145e-06
1.541903475299477577e-03
7.231205105781555176e-01
2.662498056888580322e-01
1.572511903941631317e-02
6.644295528531074524e-03
2.452422166243195534e-03
6.666038632392883301e-01
5.821728846058249474e-04
3.344328547427721787e-07
2.015765545593239949e-07
6.913864612579345703e-01
5.977393593639135361e-03
2.137563973665237427e-01
1.089923143386840820e+00
6.717671419131931998e-10
7.225225120782852173e-02
1.902176626026630402e-02
1.644118428230285645e-01
1.191894174553453922e-03
5.186408758163452148e-01
5.226686596870422363e-01
1.004302382469177246e+00
2.643435895442962646e-01
1.629667622182751074e-06
4.251632094383239746e-01
1.802925951778888702e-03
1.266700476408004761e-01
6.514240503311157227e-01
6.831226944923400879e-01
6.995168980211019516e-03
3.188712522387504578e-02
6.522448658943176270e-01
5.731447799917077646e-06
4.524091764324111864e-06
9.201246500015258789e-01
3.695987462997436523e-01
5.082908272743225098e-01
2.219255417585372925e-01
2.646414935588836670e-01
2.748552560806274414e-01
4.450307786464691162e-01
1.458339765667915344e-02
4.461177438497543335e-02
2.746400609612464905e-02
1.596845090389251709e-01
7.004739642143249512e-01
3.441549779381603003e-04
4.043582677841186523e-01
4.343329742550849915e-02
6.655898094177246094e-01
5.063727498054504395e-01
1.042896695435047150e-02
3.601483404636383057e-01
6.524032950401306152e-01
2.954946160316467285e-01
8.704097941517829895e-03
9.400076866149902344e-01
2.535908818244934082e-01
2.747154794633388519e-02
7.707945108413696289e-01
2.285909905808125586e-09
1.099159941077232361e-02
5.119490996003150940e-02
1.083368062973022461e+00
1.145812439062865451e-05
1.851470768451690674e-01
8.254539966583251953e-02
1.001155376434326172e+00
7.810637471266090870e-04
2.369898371398448944e-03
2.243468537926673889e-03
7.616917043924331665e-02
1.706055104732513428e-01
1.372117480968881864e-06
6.426680088043212891e-01
5.083753913640975952e-02
1.206402555108070374e-01
1.446093519916757941e-04
3.166675195097923279e-02
6.817004084587097168e-02
1.382470130920410156e-02
9.184772148728370667e-03
1.446363021386787295e-04
2.117710886523127556e-03
1.060121893882751465e+00
2.669101377250626683e-05
5.657111294567584991e-03
7.349876761436462402e-01
6.925879120826721191e-01
5.773842334747314453e-01
7.431875565089285374e-05
2.661329635884612799e-04
2.493398487567901611e-01
1.260065118913189508e-06
4.036895185708999634e-02
1.050278544425964355e-02
1.736271977424621582e-01
1.580254538335879033e-10
7.527954578399658203e-01
1.147695467807352543e-03
7.537862984463572502e-06
6.889389157295227051e-01
7.357713184319436550e-05
2.685212297365069389e-03
6.029392480850219727e-01
4.348586779087781906e-03
4.208161234855651855e-01
3.812548220157623291e-01
4.236604571342468262e-01
7.708184719085693359e-01
3.876959681510925293e-01
6.171894669532775879e-01
6.125924587249755859e-01
5.002214606975030620e-07
4.977046628482639790e-04
7.227241396903991699e-01
7.276802534761372954e-06
2.491970629847628516e-09
7.262305007316172123e-05
7.104222662746906281e-03
7.697553373873233795e-04
6.631883978843688965e-01
3.097379505634307861e-01
1.145397424697875977e-01
2.781747374683618546e-03
6.834910511970520020e-01
6.336471065878868103e-03
6.537064909934997559e-01
2.070805430412292480e-02
2.737083435058593750e-01
4.845739006996154785e-01
1.195514388382434845e-02
2.240211814641952515e-01
1.669248342514038086e-01
5.923212766647338867e-01
2.926205098628997803e-01
1.966714859008789062e-02
7.363596558570861816e-02
3.555751144886016846e-01
1.416641225659986958e-06
8.288778662681579590e-01
1.141136976912093814e-06
2.770319879055023193e-01
7.687050104141235352e-01
1.545147895812988281e-01
1.062234342098236084e-01
8.353460580110549927e-03
2.399938106536865234e-01
1.755407452583312988e-02
6.622790694236755371e-01
8.252442348748445511e-04
3.569199179764837027e-04
2.456413349136710167e-03
3.989555989392101765e-04
3.900640606880187988e-01
1.275083608925342560e-02
3.551951944828033447e-01
3.033237044292036444e-05
9.547772407531738281e-01
1.067838966846466064e-01
1.037356138229370117e+00
3.990097902715206146e-03
6.484945863485336304e-02
1.960303634405136108e-03
8.128641173243522644e-03
4.030931591987609863e-01
1.690442301332950592e-02
2.903356850147247314e-01
1.165962930826935917e-05
3.580446718842722476e-05
3.000054508447647095e-03
1.585836112499237061e-01
4.864848852157592773e-01
1.177076157182455063e-02
2.835653722286224365e-03
3.031104505062103271e-01
1.092437386512756348e+00
3.619455310399644077e-05
5.532474443316459656e-02
1.158492977992864326e-05
2.109211683273315430e-02
5.936705507338047028e-03
5.027734674513339996e-03
5.213071126490831375e-03
3.579338954295963049e-05
5.915944576263427734e-01
2.406970411539077759e-02
8.337929248809814453e-01
2.454915782436728477e-03
1.582698523998260498e-01
5.991054773330688477e-01
6.423524618148803711e-01
4.165625870227813721e-01
3.550915718078613281e-01
6.900452717673033476e-05
9.951559150067623705e-06
3.956916928291320801e-02
9.925552876666188240e-04
5.421035885810852051e-01
1.411172002553939819e-02
7.983269691467285156e-01
1.259809080511331558e-02
1.046670440700836480e-04
7.897109026089310646e-04
8.538297843188047409e-04
5.619262903928756714e-02
7.745012044906616211e-01
3.227862715721130371e-01
1.181260962039232254e-02
1.806142677196476143e-06
2.276710569858551025e-01
2.906424999237060547e-01
2.973866685351822525e-05
1.294628828763961792e-01
8.574299812316894531e-01
6.941662430763244629e-01
4.757983982563018799e-02
4.157180711627006531e-02
6.712267398834228516e-01
1.922814844874665141e-04
1.634291559457778931e-01
6.792898178100585938e-01
2.624166011810302734e-02
7.189186871983110905e-04
8.043772936616733205e-08
6.263223290443420410e-01
8.378431946039199829e-02
6.010694503784179688e-01
7.926872000098228455e-03
6.745853424072265625e-01
4.632276892662048340e-01
3.698670843732543290e-05
9.294079244136810303e-02
5.769020915031433105e-01
6.734794378280639648e-01
6.293580372584983706e-05
6.600436288863420486e-03
9.094406366348266602e-01
5.813640356063842773e-01
2.257559895515441895e-01
1.468762457370758057e-01
2.225322276353836060e-02
9.789291652850806713e-05
1.269991137087345123e-02
1.586896483786404133e-03
1.266765957552706823e-05
2.079651437725260621e-07
1.880489476025104523e-02
1.878486126661300659e-01
8.563586510717868805e-03
7.813584670657292008e-05
6.886463165283203125e-01
4.945761561393737793e-01
6.280841827392578125e-01
2.100792480632662773e-03
7.007676003922824748e-07
7.198867201805114746e-01
1.847274899482727051e-01
5.848156809806823730e-01
6.688778400421142578e-01
2.223877572760102339e-06
5.597899556159973145e-01
2.742253988981246948e-02
3.695871055242605507e-05
6.870719790458679199e-01
6.847301870584487915e-02
1.339346766471862793e-01
3.998680412769317627e-01
4.778200984001159668e-01
3.948146695620380342e-05
5.444657802581787109e-02
1.981078181415796280e-03
9.082647562026977539e-01
3.173409495502710342e-04
1.836645242292433977e-04
2.397734485566616058e-02
1.603454947471618652e-01
5.020955801010131836e-01
2.072119116783142090e-01
9.720614552497863770e-02
8.928475975990295410e-01
5.861977338790893555e-01
1.302342265844345093e-01
5.530209541320800781e-01
6.134765967726707458e-02
4.733576253056526184e-02
2.895594661822542548e-05
5.043156072497367859e-02
3.615147471427917480e-01
2.737165614962577820e-02
3.946895787976245629e-08
2.787333528431190643e-07
3.263518214225769043e-02
5.274703726172447205e-03
1.566578401252627373e-03
2.270846441388130188e-02
1.012550070881843567e-01
2.387291491031646729e-01
5.324464440345764160e-01
1.696925144642591476e-03
7.135967016220092773e-01
3.594568988773971796e-05
3.354241698980331421e-02
5.874311923980712891e-01
6.012321710586547852e-01
4.291086196899414062e-01
1.518512964248657227e-01
2.053408026695251465e-01
5.586552023887634277e-01
2.458359580487012863e-03
3.288056552410125732e-01
6.851758807897567749e-04
8.370687253773212433e-03
7.770377676934003830e-03
6.878303885459899902e-01
8.119670748710632324e-01
4.899312853813171387e-01
4.505732059478759766e-01
8.572588740207720548e-06
1.357814880975638516e-06
3.260989114642143250e-02
2.999805286526679993e-02
3.642112424131482840e-04
2.848076405825850088e-07
6.224325299263000488e-01
8.449427696177735925e-06
3.519240617752075195e-01
6.532931138281128369e-07
7.072211503982543945e-01
5.868880152702331543e-01
7.057427167892456055e-01
3.972278237342834473e-01
9.866685104498174042e-07
1.082413291442207992e-05
1.743139475584030151e-01
1.353778690099716187e-02
1.005255689960904419e-04
3.378617111593484879e-04
4.329314082860946655e-02
5.506183020770549774e-03
1.625518798828125000e-01
5.473139286041259766e-01
5.230418320678609234e-09
8.779827621765434742e-04
1.338747050613164902e-02
8.626204639483603387e-09
2.571393037214875221e-03
3.868481712743232492e-08
1.736867474392056465e-03
7.296039257198572159e-05
7.002065181732177734e-01
8.896040730178356171e-03
2.477217763662338257e-01
4.819505289196968079e-02
3.675493001937866211e-01
1.064674034714698792e-01
3.881781548261642456e-02
1.554934084415435791e-01
1.427493393421173096e-01
6.419642567634582520e-01
7.384423632174730301e-03
1.204853333547362126e-06
2.464203350245952606e-02
5.394538864493370056e-02
1.286881923675537109e+00
3.748602867126464844e-01
5.850485563278198242e-01
4.215204389765858650e-04
4.195152781903743744e-03
4.110552370548248291e-02
1.090328246355056763e-01
3.999619930982589722e-02
8.138476610183715820e-01
4.292948637157678604e-03
6.784669309854507446e-02
3.117416054010391235e-03
1.472665189794497564e-05
1.165331527590751648e-02
1.220290202219587172e-09
2.855617431407608819e-08
1.794257783330976963e-03
2.671179970548109850e-07
4.649288654327392578e-01
8.241025730967521667e-03
1.819722950458526611e-01
3.257715608924627304e-03
3.722661858773790300e-07
5.287794768810272217e-02
2.258933782577514648e-01
3.791149007156491280e-03
7.264766693115234375e-01
6.103581399656832218e-04
7.104547023773193359e-01
1.518798953270561469e-08
4.506637342274188995e-04
1.695795760758844750e-11
2.829460576947440131e-08
1.974616898223757744e-03
5.845645666122436523e-01
1.361066009849309921e-02
2.620549821585882455e-08
8.753437577979639173e-05
3.932198160327970982e-05
2.358986586332321167e-01
4.009920060634613037e-01
3.566022729501128197e-03
7.839176760171540082e-06
1.421105698682367802e-04
3.684007227420806885e-01
1.214167401194572449e-01
4.055302440519881202e-07
1.142175824497826397e-05
5.209018010646104813e-03
4.637390971183776855e-01
3.184304386377334595e-02
4.386743239592760801e-04
5.151625373400747776e-04
5.620098672807216644e-03
3.553764997832331574e-07
2.498801040928810835e-04
4.001295110356295481e-06
3.337363295941031538e-06
2.543145418167114258e-01
2.115852087736129761e-01
1.857514320136033348e-08
1.561955958604812622e-01
6.498795151710510254e-01
1.959812194108963013e-01
7.697553373873233795e-04
2.754829697693139678e-10
8.264263719320297241e-02
7.451435327529907227e-01
2.322630898561328650e-04
5.022972226142883301e-01
4.084821343421936035e-01
7.609927654266357422e-01
3.304180502891540527e-01
1.399227231740951538e-01
4.469920098781585693e-01
1.959519535303115845e-01
1.291165202856063843e-01
8.674538776176632382e-08
2.200114307925105095e-03
1.477159676142036915e-04
5.701265931129455566e-01
1.047171244863420725e-04
4.880439373664557934e-04
6.141204266896238551e-06
3.981832037425192539e-07
8.631014497950673103e-04
2.711298167705535889e-01
2.733336985111236572e-01
1.176429633051156998e-02
6.852264404296875000e-01
3.887682259082794189e-01
1.750901527702808380e-02
1.903912343550473452e-04
7.329718755499925464e-06
2.574278823885833845e-06
3.727192421365543851e-08
3.944851458072662354e-01
6.886978149414062500e-01
4.400677280500531197e-04
1.122340783476829529e-01
1.182777414214797318e-04
3.817280055955052376e-03
7.025394710424848199e-10
8.807586878538131714e-02
1.591427922248840332e-01
5.181004758924245834e-03
5.101852416992187500e-01
9.378883078170474619e-06
3.416550457477569580e-01
5.111407041549682617e-01
1.178024485707283020e-01
2.302404344081878662e-01
1.005925660138018429e-04
1.315052986145019531e+00
2.140310425602365285e-05
5.892432928085327148e-01
3.749745519598945975e-05
4.023297876119613647e-02
7.348501682281494141e-01
3.317521191092964727e-08
7.768875360488891602e-01
1.679937966514444270e-08
9.466832876205444336e-02
4.799045920372009277e-01
1.933351755142211914e-01
2.038535603787750006e-04
5.368802158045582473e-05
2.874633111059665680e-02
2.242459729313850403e-02
4.651257395744323730e-01
3.696199059486389160e-01
7.097494290064787492e-06
4.899621605873107910e-01
9.462839365005493164e-02
1.924477890133857727e-02
9.808480739593505859e-03
3.493751501082442701e-05
2.027476206421852112e-03
4.179958195891231298e-04
1.845860630273818970e-01
5.705654075427446514e-06
5.200973153114318848e-01
5.636228322982788086e-01
8.144341707229614258e-01
1.997418701648712158e-03
3.560577929019927979e-01
4.108166396617889404e-01
4.923366755247116089e-02
1.193591924675274640e-05
1.656831987202167511e-02
1.468474511057138443e-04
5.076577067375183105e-01
1.626714617013931274e-01
3.613910079002380371e-01
2.200220706072286703e-06
6.116017699241638184e-01
1.305694039911031723e-02
6.900313892401754856e-04
4.798417985439300537e-01
8.001468181610107422e-01
1.324947661487385631e-04
4.350016024545766413e-05
1.717855408787727356e-02
3.047296404838562012e-02
1.081568188965320587e-03
6.780579686164855957e-02
7.527850568294525146e-02
6.165476224850863218e-05
1.765061765909194946e-01
1.606974110472947359e-04
4.876885414123535156e-01
8.428948206073982874e-09
2.346118344576098025e-05
3.364973887801170349e-02
6.959177087992429733e-03
1.172808334231376648e-01
6.995213627815246582e-01
1.496419757604598999e-01
1.820558905601501465e-01
8.957845717668533325e-02
1.939429342746734619e-01
3.453917743172496557e-04
9.811316616833209991e-03
8.897583931684494019e-03
8.968961238861083984e-01
6.165805971249938011e-04
6.716269850730895996e-01
1.461650878190994263e-01
4.901520013809204102e-01
6.500431299209594727e-01
3.926198114641010761e-04
1.795339025557041168e-02
1.101266313344240189e-02
9.598059114068746567e-05
3.409488417673856020e-04
2.228768169879913330e-01
8.902309089899063110e-02
1.044456958770751953e+00
6.311466544866561890e-02
1.788165122270584106e-01
2.486107405275106430e-03
6.186833232641220093e-02
9.559464640915393829e-03
2.037047594785690308e-01
1.132789577695803018e-07
1.909424215555191040e-01
3.817077279090881348e-01
5.827976465225219727e-01
8.123347163200378418e-01
1.764322769304271787e-05
2.360322698950767517e-02
6.549745798110961914e-01
8.681715466082096100e-03
2.779425978660583496e-01
6.907323002815246582e-01
1.212907372973859310e-04
4.075040295720100403e-02
7.892127840136708983e-09
3.119567111298238160e-07
4.335597986937500536e-05
2.178287417109459057e-07
8.114113658666610718e-02
6.146601438522338867e-01
1.020370232751588446e-09
9.463020251132547855e-05
1.978673935809638351e-05
8.662566542625427246e-03
1.198789626359939575e-01
5.370131693780422211e-03
5.973404645919799805e-01
1.355401400360278785e-05
1.125330626964569092e-01
3.776200860738754272e-02
3.710697889328002930e-01
4.536939784884452820e-02
4.096605628728866577e-02
5.985292792320251465e-02
5.744034051895141602e-01
2.664851248264312744e-01
3.469767868518829346e-01
1.840060502290725708e-01
1.023750043072091387e-10
1.101747393608093262e+00
6.307947842287831008e-06
8.549557067453861237e-03
1.013389136642217636e-02
6.462892889976501465e-01
6.953576803207397461e-01
8.446407318115234375e-02
2.137214067943205009e-07
3.934776032110676169e-05
5.106975138187408447e-02
1.017974466085433960e-01
2.738988958299160004e-02
1.970854401588439941e-01
9.269568254239857197e-04
2.518938481807708740e-01
2.167266309261322021e-01
1.980121123779099435e-05
6.068003773689270020e-01
9.571719419909641147e-05
1.387737342156469822e-03
5.551472306251525879e-03
8.060787916183471680e-01
3.320463700219988823e-03
1.789820194244384766e-01
3.901580392096093419e-09
2.480888952050008811e-07
1.322543539572507143e-04
6.988287168496754020e-06
3.251861780881881714e-02
1.133808493614196777e-01
1.661259867250919342e-02
1.225244626402854919e-02
4.762831926345825195e-01
1.462420374155044556e-01
6.891486644744873047e-01
2.074702933896332979e-07
3.624625205993652344e-01
4.526314442045986652e-04
1.153420953414752148e-06
6.544994115829467773e-01
1.725680776871740818e-04
1.130627715610899031e-04
7.448722608387470245e-04
7.517754565924406052e-04
3.847099374979734421e-03
5.277462005615234375e-01
2.963995939353480935e-05
1.996686756610870361e-01
6.922464370727539062e-01
2.844217419624328613e-01
2.835509479045867920e-01
4.800736904144287109e-01
8.092907955870032310e-04
5.213071126490831375e-03
1.307683298364281654e-03
5.325838923454284668e-01
8.432604372501373291e-03
2.363974999752826989e-06
4.915697574615478516e-01
1.539189219474792480e-01
5.419125081971287727e-04
2.705253427848219872e-03
6.923153996467590332e-01
6.223029494285583496e-01
2.835653722286224365e-03
3.644038140773773193e-01
2.398565644398331642e-03
1.919406503438949585e-01
2.550364588387310505e-04
8.272490813396871090e-04
8.053846657276153564e-03
1.640884761400229763e-06
3.678464054246433079e-05
6.626852750778198242e-01
3.133240714669227600e-02
6.505074561573565006e-04
1.645901548386063951e-08
1.415913357050158083e-05
2.455104142427444458e-03
3.351392690092325211e-03
5.186152830719947815e-02
1.981652167160063982e-04
5.197389721870422363e-01
8.167121734459215077e-08
2.899256651289761066e-04
5.016492286813445389e-05
8.541835995856672525e-06
1.286276528844609857e-06
3.835530579090118408e-02
2.203965792432427406e-03
7.164256572723388672e-01
1.327319443225860596e-01
6.238259077072143555e-01
1.115130409598350525e-01
3.866743554681306705e-06
5.281285484670661390e-05
2.464246451854705811e-01
4.846591949462890625e-01
6.862561106681823730e-01
1.562176644802093506e-01
4.333894252777099609e-01
6.560955047607421875e-01
5.257964019733663008e-08
3.754139244556427002e-01
1.054987832903862000e-01
2.824965715408325195e-01
4.851783439517021179e-02
7.912415862083435059e-01
3.113893626505159773e-06
2.476323590627771409e-09
1.022751450538635254e+00
5.238815676420927048e-03
3.804113715887069702e-02
1.226939335465431213e-01
7.187138795852661133e-01
2.570267376711399265e-08
5.991756916046142578e-01
5.687144584953784943e-04
4.700767621397972107e-02
3.882495036577893188e-07
9.897064501274144277e-07
4.908029222860932350e-04
8.023176342248916626e-03
6.983971595764160156e-01
1.989214797504246235e-05
4.790637831320054829e-05
3.625590920819377061e-07
6.210911607240632293e-08
6.295727871474809945e-06
8.813529333434599877e-13
3.089090809226036072e-03
1.151175529230386019e-04
3.911933890776708722e-05
5.334875822882167995e-06
2.189959769083316132e-09
2.857571467757225037e-03
6.964387466723565012e-06
5.699404049664735794e-03
2.094863339152652770e-05
4.539843648672103882e-02
4.178709461788443491e-12
3.830263316631317139e-01
2.024630248342873529e-06
1.747942224028520286e-05
4.727024549566749556e-09
7.431827242498911801e-08
2.341895177960395813e-02
6.055540870875120163e-03
7.251332135638222098e-05
7.726192474365234375e-03
5.686666249005156715e-09
7.087879172473776634e-09
2.671208676474634558e-06
7.433685027535830159e-07
2.937798962432403016e-11
1.642383798405866457e-11
6.856945219624321908e-06
8.750067763685365207e-07
1.348674413748085499e-04
4.250885685905814171e-04
2.517431043088436127e-02
2.194629900031941361e-08
3.970042516954208622e-09
6.165146260173060000e-07
1.750388619257137179e-04
5.371052225200401153e-07
3.850599114230135456e-06
3.838584689219715074e-06
3.935816152988991234e-07
1.954484559973934665e-06
4.353530675871297717e-05
7.267596629390027374e-06
2.246272191405296326e-02
1.570783979332190938e-06
5.899235929973656312e-06
4.123869814520730870e-07
2.045661240401841496e-08
2.627350659167859703e-05
1.406570803374052048e-02
5.324774292603251524e-07
2.086905787068715767e-10
8.198020395866478793e-08
1.411172002553939819e-02
5.080684672975621652e-07
7.271208080084079484e-09
3.474399101754954700e-10
3.058353960514068604e-01
3.051214814186096191e-01
3.318756353110074997e-03
1.451342086511431262e-06
7.642970085144042969e-01
2.602234644655254669e-06
2.062684814063686645e-07
5.066204075178382116e-13
3.490514927761978470e-06
5.457342577841473030e-09
6.396856377932635951e-08
2.380357528863896732e-07
5.001365934731438756e-07
4.486399702727794647e-04
1.773394053827814787e-08
2.332012982719788852e-08
3.967940574511885643e-05
3.291891061962815002e-07
2.079564609402950737e-07
8.965758979684324004e-08
2.821556790877366439e-06
1.537471107440069318e-04
2.245083052798690915e-08
3.827849577646702528e-04
6.419455260038375854e-02
7.032426074147224426e-03
9.734603576362133026e-03
6.791746898215933470e-08
3.854307346045970917e-03
2.161127667932305485e-06
1.554039101847592974e-07
5.299137517678076392e-11
6.786893180787956226e-08
2.552748810946692259e-11
1.388442935422062874e-03
8.037826773943379521e-05
2.727108541876077652e-03
6.987397682678420097e-07
9.119339287281036377e-03
1.008661492960527539e-04
3.731184551725164056e-05
3.561901394277811050e-06
9.063706398010253906e-01
2.000488787889480591e-01
2.015183999901637435e-04
1.845272379341622582e-07
1.076510082930326462e-02
2.470330218784511089e-04
4.817902521381256520e-09
1.317094080150127411e-03
5.530745966098038480e-06
1.023750043072091387e-10
4.447784449439495802e-04
7.890016422607004642e-05
5.274162049317965284e-07
2.379793784257344669e-08
5.222121671977220103e-06
5.926434898384513872e-10
1.984248519875109196e-04
2.378992803642177023e-06
7.388411660258498159e-08
2.090325324388686568e-05
3.494364818834583275e-06
6.957438588142395020e-01
9.906387932190341417e-10
5.163482228454085998e-07
5.865838037522053128e-09
1.849724867497570813e-05
4.847444756705954205e-08
3.441549779381603003e-04
2.510582852721654490e-10
1.831572937760483910e-08
5.374692752957344055e-02
6.981029855523956940e-06
1.829712914513947908e-07
1.445167697966098785e-02
1.304293739678996644e-08
4.470638970133222756e-08
8.075779192040499765e-07
1.491067523602396250e-04
1.416051986780075822e-06
1.145155914539230935e-10
7.996273227035999298e-03
1.667532138526439667e-03
2.470463016379653709e-07
6.605929229408502579e-04
2.204796820878982544e-01
2.081969938672045828e-07
2.825652807950973511e-02
5.046591144974854615e-09
5.497691381606273353e-05
3.181197371304733679e-06
8.168669074493095650e-10
2.598273567855358124e-06
1.152425511463661678e-06
4.870609018325922079e-07
5.383519692259142175e-06
2.137436531484127045e-03
2.395471483396249823e-06
6.334775548566540238e-07
8.379234941457980312e-07
4.750274129605713824e-08
6.882129237055778503e-04
3.271981313446303830e-06
9.268279536627233028e-04
7.082784914125284104e-10
4.587027291336198687e-08
1.227043924245663220e-07
3.284333273768424988e-03
2.352386218262836337e-05
4.545303227132535540e-07
1.986522022434655810e-07
6.165727484130911762e-08
8.705257641850039363e-06
3.529785871505737305e-01
4.573455371428281069e-04
1.707084749114073929e-07
4.993858055968303233e-06
7.882972359657287598e-01
1.700927852652966976e-03
8.396297693252563477e-02
1.059328980090867844e-07
1.578494993736967444e-04
1.582161845981033821e-09
9.066781103683752008e-09
1.065011634437951216e-09
8.861763545198186875e-10
3.101916081504896283e-05
1.702120444591059822e-09
2.024486020673066378e-04
6.280841827392578125e-01
9.676119816504069604e-07
3.608182072639465332e-01
2.279407596006421954e-07
5.773121956735849380e-04
9.272505121771246195e-05
1.625047922134399414e-01
7.613134300754609285e-08
2.125371338479453698e-06
6.046108007431030273e-01
2.709300339631681709e-09
1.741479316308414127e-08
2.450525062158703804e-05
5.489158017013551216e-09
5.610875177808338776e-07
7.785630878061056137e-03
7.437216620331810191e-09
2.568408308434300125e-05
7.649972388890091679e-08
2.969273282360518351e-06
9.454634891881141812e-06
1.079112648963928223e+00
1.405677467118948698e-04
9.498693048954010010e-03
1.354873802483780310e-06
5.639424547553062439e-02
7.385081698885187507e-05
1.246188639925094321e-05
1.416327055636656951e-08
1.465650427689979551e-07
1.790048997918347595e-09
1.837629076684166307e-10
-0.000000000000000000e+00
-0.000000000000000000e+00
-0.000000000000000000e+00
-0.000000000000000000e+00
-0.000000000000000000e+00
-0.000000000000000000e+00
-0.000000000000000000e+00
-0.000000000000000000e+00
-0.000000000000000000e+00
-0.000000000000000000e+00
-0.000000000000000000e+00
-0.000000000000000000e+00
-0.000000000000000000e+00
-0.000000000000000000e+00
-0.000000000000000000e+00
-0.000000000000000000e+00
-0.000000000000000000e+00
-0.000000000000000000e+00
-0.000000000000000000e+00
-0.000000000000000000e+00
-0.000000000000000000e+00
-0.000000000000000000e+00
-0.000000000000000000e+00
-0.000000000000000000e+00
-0.000000000000000000e+00
-0.000000000000000000e+00
-0.000000000000000000e+00
-0.000000000000000000e+00
-0.000000000000000000e+00
-0.000000000000000000e+00
-0.000000000000000000e+00
-0.000000000000000000e+00
-0.000000000000000000e+00
-0.000000000000000000e+00
-0.000000000000000000e+00
-0.000000000000000000e+00
-0.000000000000000000e+00
-0.000000000000000000e+00
-0.000000000000000000e+00
-0.000000000000000000e+00
