8.393829688429832458e-03
4.687248349455330754e-07
8.933927165344357491e-04
3.262483460275689140e-06
1.602510958909988403e-01
6.081829667091369629e-01
6.206526756286621094e-01
7.810693234205245972e-03
6.881136894226074219e-01
6.818991899490356445e-01
1.458303183317184448e-01
3.795437297782200403e-09
4.436110884853405878e-06
1.289930311031639576e-03
1.824891800172867562e-11
6.999711990356445312e-01
3.345417082309722900e-01
2.171347823765046314e-10
8.811412453651428223e-01
6.874375513277186656e-10
9.813968214478219210e-13
6.109708920121192932e-02
1.066815033555030823e-01
2.790860459208488464e-02
2.006671875715255737e-01
1.192520186305046082e-02
1.565947979688644409e-01
7.695636153221130371e-01
3.753268625587224960e-03
6.030535697937011719e-01
2.052943408489227295e-02
3.096278058364987373e-03
3.193465173244476318e-01
8.403295278549194336e-02
3.983128964900970459e-01
2.959279343485832214e-03
2.829848527908325195e-01
5.906898975372314453e-01
8.963339328765869141e-01
5.814959180838741304e-09
2.210920229117618874e-07
1.150624677538871765e-01
1.350530798305271674e-09
3.215503692626953125e-02
4.441977739334106445e-01
7.539326325058937073e-03
8.679379224777221680e-01
4.135712328157126194e-10
9.476996213197708130e-02
3.813709764655115464e-11
6.639006733894348145e-02
2.197387162595987320e-03
7.088657021522521973e-01
9.686032426543533802e-04
5.711339786648750305e-02
6.943321228027343750e-02
6.632770299911499023e-01
1.086771022528409958e-03
4.273370504379272461e-01
1.132240220904350281e-01
1.519166585057973862e-02
1.616585999727249146e-02
2.743952674791216850e-03
5.084536075592041016e-01
2.612937055528163910e-02
6.970553076826035976e-04
6.267619596656004433e-07
9.117003530263900757e-02
5.482334231032837124e-08
3.983622044324874878e-02
9.892117507070974369e-13
3.898845314979553223e-01
2.126413818359651486e-07
1.577311754226684570e-01
1.415588736534118652e+00
5.124982446432113647e-02
1.746432739309966564e-03
1.233054250478744507e-01
1.896686541158487671e-08
6.162497179218462406e-10
1.660097836975182872e-07
2.501389570534229279e-02
1.093918085098266602e-01
7.073348164558410645e-01
6.817546486854553223e-02
3.467712402343750000e-01
3.092872723937034607e-02
8.442740950798111044e-10
9.134499379115368356e-09
2.341471146792173386e-03
1.063295245170593262e+00
4.298601150512695312e-01
7.221696376800537109e-01
9.682412147521972656e-01
8.777841925621032715e-02
9.658117778599262238e-03
5.071303993463516235e-02
2.321631455970418756e-07
1.304095745086669922e+00
1.673511415719985962e-02
8.976039243862032890e-04
1.194156613200902939e-02
3.420450866542523727e-06
2.421206794679164886e-03
1.352208200842142105e-04
4.099613426511439229e-10
5.074145197868347168e-01
5.559432506561279297e-02
1.799058009055443108e-05
2.394434511661529541e-01
6.752919554710388184e-01
6.287621855735778809e-01
3.141924738883972168e-01
4.119572695344686508e-03
2.059799271592055447e-06
2.215738703625902417e-09
2.349833521293476224e-04
7.274914979934692383e-01
1.210029870271682739e-01
1.583072915673255920e-02
1.122573494911193848e+00
2.813506227994366782e-08
1.868288516998291016e-01
1.051219463348388672e+00
6.335272789001464844e-01
7.630924880504608154e-02
3.472878038883209229e-02
3.669180514975778351e-08
2.611599266529083252e-01
6.884492002427577972e-03
2.741036952969011509e-09
4.863056091153339366e-08
5.990596413612365723e-01
1.771394408933701925e-08
3.314950397514948577e-11
2.555332379415631294e-03
1.052745208144187927e-01
6.121934514879967537e-09
2.504338622093200684e-01
6.916081905364990234e-01
7.159261703491210938e-01
4.938840121030807495e-02
7.453986443579196930e-03
7.078363746404647827e-02
1.471916912123560905e-04
2.339221537113189697e-02
2.596651782482695126e-10
9.596820227386615443e-09
6.460983549387566693e-13
2.339064776897430420e-01
5.379719734191894531e-01
9.201351347520869695e-10
2.234077602624893188e-01
6.541026777995284647e-06
3.417808795347809792e-03
3.229339654353680089e-06
6.615875754505395889e-03
2.116030547767877579e-03
7.590938210487365723e-01
5.976880341768264771e-02
3.390604257583618164e-02
2.175095304846763611e-02
3.242818117141723633e-01
9.347297549247741699e-01
6.557862460613250732e-02
2.217145264148712158e-02
3.272757530212402344e-01
1.067459561454597861e-05
8.251771330833435059e-01
2.623367560510014851e-13
2.653636038303375244e-02
3.503238303892430849e-06
2.013409323990345001e-02
7.403537631034851074e-03
3.874588874168694019e-04
6.350060175464022905e-07
7.791268217260949314e-07
1.243907259777188301e-03
1.245363964699208736e-03
2.621308376546949148e-04
8.128751516342163086e-01
4.346876218914985657e-02
9.664762020111083984e-01
1.179835180664667860e-06
1.593834895174950361e-07
7.612108252942562103e-03
1.292787313461303711e+00
9.062567725777626038e-03
2.074583172798156738e-01
9.464892745018005371e-02
4.002901017665863037e-01
1.977687880128087272e-08
5.512076020240783691e-01
6.846677064895629883e-01
6.863518357276916504e-01
4.580141901969909668e-01
5.091145634651184082e-01
3.921376541256904602e-03
3.614330664277076721e-02
2.127396613359451294e-01
5.255261901766061783e-03
2.320494204759597778e-01
1.229478030495556595e-08
6.511577907986065838e-07
1.423429921487695538e-06
2.352500259876251221e-01
2.875569090247154236e-02
3.903332650661468506e-01
4.863306879997253418e-01
3.135306469630450010e-04
4.859877750277519226e-03
6.954755187034606934e-01
6.725625717081129551e-04
5.082215666770935059e-01
7.313842773437500000e-01
8.022409403452002152e-10
8.875161409378051758e-01
2.171620726585388184e-01
9.602769017219543457e-01
2.525036931037902832e-01
2.337063290178775787e-02
1.012458931654691696e-03
1.917270679996363469e-07
5.103603939460299443e-07
8.580832183361053467e-02
1.294063683599233627e-02
6.966497898101806641e-01
1.639090623939409852e-05
1.191608235239982605e-02
2.793524563312530518e-01
6.923624277114868164e-01
1.002686694264411926e-01
2.235571949782411139e-09
4.888979196548461914e-01
8.882146328687667847e-03
1.058320879936218262e+00
7.555990219116210938e-01
1.703571341931819916e-02
9.133099317550659180e-01
7.212925236672163010e-03
5.722573769162409008e-05
2.530118823051452637e-01
7.567569613456726074e-03
7.244108915328979492e-01
5.809248089790344238e-01
1.916813197055944329e-08
7.717898142800549977e-08
9.417782425880432129e-01
3.190523684024810791e-01
1.151629686355590820e+00
5.318824052810668945e-01
1.611459767445921898e-03
1.361898519098758698e-02
2.270863205194473267e-01
2.398344688117504120e-02
3.433920145034790039e-01
1.012097558539259978e-10
2.043988322839140892e-03
1.602969132363796234e-04
1.024153549224138260e-02
3.050526976585388184e-01
1.008952260017395020e+00
4.028537273406982422e-01
2.179919043555855751e-03
3.432877659797668457e-01
1.851654145866632462e-03
1.352327963104471564e-04
6.294278502464294434e-01
2.919062040746212006e-03
6.622596411034464836e-04
2.246007824169282685e-09
1.356215868145227432e-02
2.112167152290567174e-08
7.787339091300964355e-01
7.323255538940429688e-01
6.083824206143617630e-03
4.416263196617364883e-03
7.262607812881469727e-01
5.503118634223937988e-01
1.156510114669799805e+00
1.511045396327972412e-01
1.390933841466903687e-01
4.457389935851097107e-03
2.219446003437042236e-02
1.262883772142231464e-03
8.688517212867736816e-01
6.995230796746909618e-04
3.011384687852114439e-04
1.479107141494750977e+00
1.268495339900255203e-02
3.125098347663879395e-01
7.562882900238037109e-01
9.489069879055023193e-02
3.965459764003753662e-01
8.462943136692047119e-03
1.099286079406738281e+00
2.332259435206651688e-03
2.483841218054294586e-02
6.937410235404968262e-01
1.175737142562866211e+00
1.259619748452678323e-04
5.551329851150512695e-01
1.346667408943176270e-01
6.258679032325744629e-01
9.286463260650634766e-02
2.984264492988586426e-01
8.344966173171997070e-01
2.871493995189666748e-01
2.246849089860916138e-01
7.961419969797134399e-02
9.464228898286819458e-02
3.812670242041349411e-03
9.423699975013732910e-02
9.554912149906158447e-02
4.731784015893936157e-02
5.629110932350158691e-01
2.775266468524932861e-01
1.537276804447174072e-01
2.848498225212097168e-01
2.190906740725040436e-02
6.664394459221512079e-05
3.670778870582580566e-02
5.084536075592041016e-01
6.542256474494934082e-02
1.570431888103485107e-01
3.671783506870269775e-01
6.785190105438232422e-01
3.262808173894882202e-02
3.294895961880683899e-02
5.873488187789916992e-01
1.352912295260466635e-05
5.513095259666442871e-01
6.517638564109802246e-01
1.437613517045974731e-01
8.513907343149185181e-02
2.120909281075000763e-03
5.340331792831420898e-01
6.275830268859863281e-01
5.156601220369338989e-02
6.927289962768554688e-01
8.446437716484069824e-01
2.184045035392045975e-03
1.040740489959716797e+00
1.204444169998168945e+00
7.686272263526916504e-02
5.346173048019409180e-01
3.141924738883972168e-01
1.016212776303291321e-01
1.723370105028152466e-01
4.531088843941688538e-02
2.532250285148620605e-01
6.199058890342712402e-02
2.755604386329650879e-01
7.813209295272827148e-01
6.876641511917114258e-01
9.428503108210861683e-04
1.912504881620407104e-01
5.874196290969848633e-01
6.699820756912231445e-01
1.045208796858787537e-02
2.401757240295410156e-01
1.658413112163543701e-01
2.952248323708772659e-04
6.781238913536071777e-01
6.707944720983505249e-02
5.814789328724145889e-03
7.221616506576538086e-01
3.214099211618304253e-03
1.729469222482293844e-04
1.009737253189086914e+00
3.533884882926940918e-02
7.054205536842346191e-01
1.034216642379760742e+00
1.091546535491943359e+00
1.354017108678817749e-01
3.477850556373596191e-01
1.661743074655532837e-01
7.255822420120239258e-03
6.886085867881774902e-01
7.091738516464829445e-04
4.410327225923538208e-02
1.796845942735671997e-01
4.091998338699340820e-01
3.219953179359436035e-01
4.888979196548461914e-01
2.673617601394653320e-01
4.590120166540145874e-03
9.172675013542175293e-02
1.391864148899912834e-03
1.770798861980438232e-01
1.301520466804504395e-01
1.358267106115818024e-02
1.014309097081422806e-02
3.248851895332336426e-01
8.347531557083129883e-01
7.788501381874084473e-01
5.796083211898803711e-01
1.375340763479471207e-02
1.334467157721519470e-02
3.838133066892623901e-03
4.135623872280120850e-01
1.369152069091796875e-01
4.659851193428039551e-01
1.137398004531860352e+00
9.709596633911132812e-02
1.267149746417999268e-01
1.418545958586037159e-03
5.601819753646850586e-01
2.481026761233806610e-02
2.458634227514266968e-01
6.643825909122824669e-04
4.434186499565839767e-03
7.589103281497955322e-02
9.505932331085205078e-01
4.008935689926147461e-01
6.176564097404479980e-02
1.330753229558467865e-02
2.176775969564914703e-02
5.274332761764526367e-01
3.929438025807030499e-05
4.180892210570164025e-05
2.445642948150634766e-01
3.620506525039672852e-01
5.830718278884887695e-01
7.388628087937831879e-03
3.820208366960287094e-04
7.122618705034255981e-02
1.842094063758850098e-01
5.103006362915039062e-01
6.398792266845703125e-01
1.610574424266815186e-01
3.505236506462097168e-01
1.968545140698552132e-03
9.833291172981262207e-02
2.959279343485832214e-03
5.369495153427124023e-01
6.595387309789657593e-02
5.675564520061016083e-03
1.693768352270126343e-01
2.584527828730642796e-04
1.950755864381790161e-01
7.013444304466247559e-01
3.663617670536041260e-01
3.547975718975067139e-01
2.118313163518905640e-01
1.519166585057973862e-02
6.916573047637939453e-01
6.289826240390539169e-03
6.565998196601867676e-01
6.412680745124816895e-01
5.789966508746147156e-02
2.599093317985534668e-01
7.954962551593780518e-03
8.176323175430297852e-01
1.210395112138940021e-06
4.218285977840423584e-01
6.309756543487310410e-03
1.725157499313354492e-01
9.781685657799243927e-03
4.845609422773122787e-03
6.432646512985229492e-01
7.849718332290649414e-01
2.275861613452434540e-02
7.851134985685348511e-03
9.751869440078735352e-01
2.825544178485870361e-01
1.670868950895965099e-03
2.774875164031982422e-01
1.715934376989025623e-05
3.015878796577453613e-02
1.288525760173797607e-02
9.165291786193847656e-01
3.395829796791076660e-01
4.477364942431449890e-02
2.989868880831636488e-05
4.645723700523376465e-01
2.818592786788940430e-01
5.180818960070610046e-02
7.747658994048833847e-03
1.632865052670240402e-03
2.178287506103515625e-01
6.415327787399291992e-01
2.867313334718346596e-03
3.414556384086608887e-03
2.726260125637054443e-01
3.187079131603240967e-01
1.438665986061096191e-01
2.188844829797744751e-01
6.830232143402099609e-01
1.354241045191884041e-03
6.943321228027343750e-02
3.432770371437072754e-01
5.420386046171188354e-02
6.306756287813186646e-02
7.077795267105102539e-02
9.171885153591574635e-07
6.889937520027160645e-01
2.919062040746212006e-03
6.583539843559265137e-01
6.788368821144104004e-01
9.442819654941558838e-02
5.056129693984985352e-01
8.110082149505615234e-02
2.761143743991851807e-01
6.883034706115722656e-01
3.161075874231755733e-04
1.458826847374439240e-02
2.337621990591287613e-03
7.883541285991668701e-03
7.118036150932312012e-01
6.449938565492630005e-02
5.858867662027478218e-04
6.624307632446289062e-01
3.657151758670806885e-01
1.046952325850725174e-02
6.483652591705322266e-01
9.429109049960970879e-04
1.466198358684778214e-03
1.924999803304672241e-01
6.969992071390151978e-02
6.711183786392211914e-01
6.864758729934692383e-01
2.777022891677916050e-04
2.241870462894439697e-01
2.160601168870925903e-01
8.983783721923828125e-01
3.516204655170440674e-01
1.004234671592712402e+00
3.858742117881774902e-02
1.898510754108428955e-01
6.931063532829284668e-01
3.328457751194946468e-05
1.151629686355590820e+00
4.416263196617364883e-03
7.127107586711645126e-03
6.933598518371582031e-01
6.108196973800659180e-01
6.982878446578979492e-01
3.737743496894836426e-01
1.703945100307464600e-01
1.651685833930969238e-01
7.048250408843159676e-04
4.507172852754592896e-02
4.839715063571929932e-01
1.428147703409194946e-01
9.957143068313598633e-01
6.256426572799682617e-01
5.761235952377319336e-02
1.193028911948204041e-01
6.940242052078247070e-01
2.815893292427062988e-01
8.933927165344357491e-04
1.152148246765136719e-01
3.359291553497314453e-01
1.431526392698287964e-01
3.583617806434631348e-01
3.715338110923767090e-01
1.522178202867507935e-01
9.572330117225646973e-01
3.280884120613336563e-04
5.977265238761901855e-01
7.142360555008053780e-04
8.487117886543273926e-01
2.253290079534053802e-02
9.255278110504150391e-02
1.105996221303939819e-01
1.441721171140670776e-01
1.065773591399192810e-01
4.429728910326957703e-02
1.856478005647659302e-01
3.658227622509002686e-01
5.320748090744018555e-01
1.973508298397064209e-02
2.534041926264762878e-02
1.580455601215362549e-01
9.199579954147338867e-01
4.014572203159332275e-01
4.120987951755523682e-01
2.394412010908126831e-01
8.292981423437595367e-03
2.814360428601503372e-03
1.476963423192501068e-02
1.509775873273611069e-02
9.463157653808593750e-01
2.197387162595987320e-03
5.602653026580810547e-01
8.444931507110595703e-01
7.212925236672163010e-03
6.217949986457824707e-01
6.994611024856567383e-01
1.238426938652992249e-02
3.242990747094154358e-02
1.050079822540283203e+00
3.413868248462677002e-01
2.187063451856374741e-03
2.973807975649833679e-02
9.242904186248779297e-02
1.320524811744689941e-01
6.813264489173889160e-01
3.815481066703796387e-01
5.928865075111389160e-02
1.343015581369400024e-01
5.134141445159912109e-01
1.411957740783691406e-01
5.851331353187561035e-02
8.110134601593017578e-01
7.819074206054210663e-03
5.059491991996765137e-01
6.517189741134643555e-01
2.910555303096771240e-01
9.900412522256374359e-03
8.219208568334579468e-02
2.114192955195903778e-02
5.183555930852890015e-02
4.404359683394432068e-02
1.172328516840934753e-01
8.063613772392272949e-01
2.866398394107818604e-01
6.909533739089965820e-01
4.336496591567993164e-01
4.761861637234687805e-02
2.740398794412612915e-02
6.029597520828247070e-01
5.554682016372680664e-01
2.699570730328559875e-03
5.048045888543128967e-02
6.599870324134826660e-01
1.557078678160905838e-02
6.525735855102539062e-01
8.293818831443786621e-01
9.596371650695800781e-01
4.859877750277519226e-03
8.119936287403106689e-02
1.881773243894713232e-07
6.439307928085327148e-01
2.797764958813786507e-03
6.929257512092590332e-01
3.866199031472206116e-02
2.225796133279800415e-02
4.140390548855066299e-03
4.273370504379272461e-01
8.995426469482481480e-04
2.765406481921672821e-02
1.124104037880897522e-01
4.754993021488189697e-01
2.841605059802532196e-02
4.983781650662422180e-02
1.370832760585471988e-04
2.443630397319793701e-01
1.034317028825171292e-04
5.984912277199327946e-04
2.174909412860870361e-02
8.471842110157012939e-02
1.428191065788269043e-01
8.952516913414001465e-01
1.952539605554193258e-04
1.658342033624649048e-02
4.617955128196626902e-04
2.891618642024695873e-04
3.274118527770042419e-02
3.439108133316040039e-01
2.068824321031570435e-01
6.528798956423997879e-03
4.527789354324340820e-01
6.518096327781677246e-01
5.841671824455261230e-01
4.712643623352050781e-01
6.929574012756347656e-01
1.707304827868938446e-02
9.779211878776550293e-02
2.103304024785757065e-03
3.964790105819702148e-01
4.354170989245176315e-03
2.217974960803985596e-01
4.471636414527893066e-01
2.178841736167669296e-03
6.062154173851013184e-01
6.559298038482666016e-01
9.266669076168909669e-05
8.730585575103759766e-01
1.039718836545944214e-02
8.732202649116516113e-01
9.656851738691329956e-02
4.467926323413848877e-01
6.200026273727416992e-01
6.917807459831237793e-01
6.625939905643463135e-02
6.714488267898559570e-01
2.144093438982963562e-02
6.248261928558349609e-01
4.664870502892881632e-04
2.389888279139995575e-02
5.018525123596191406e-01
7.849165797233581543e-01
2.284796983003616333e-01
1.007607504725456238e-01
2.568058669567108154e-03
5.652190446853637695e-01
1.024463796056807041e-03
2.342354673601221293e-05
3.167512118816375732e-01
1.501346268923953176e-04
1.297876834869384766e-01
2.658817172050476074e-01
5.012558102607727051e-01
2.090946882963180542e-01
4.202145040035247803e-01
9.150483492703642696e-06
2.912175375968217850e-03
1.980361901223659515e-02
1.018167604343034327e-04
6.931447386741638184e-01
6.879810690879821777e-01
2.742629265412688255e-03
5.735970735549926758e-01
2.176184952259063721e-01
3.572990298271179199e-01
3.761345287784934044e-04
7.106533646583557129e-01
6.269003152847290039e-01
8.067548624239861965e-04
1.951833837665617466e-03
1.389963775873184204e-01
2.676155865192413330e-01
6.172292865812778473e-03
3.446216508746147156e-02
2.627125084400177002e-01
4.201042000204324722e-03
5.259007215499877930e-01
1.425211280584335327e-01
4.479052790884452406e-07
3.531703725457191467e-03
6.668162941932678223e-01
6.556632518768310547e-01
7.265386581420898438e-01
4.763101041316986084e-02
6.438262462615966797e-01
2.924018481280654669e-04
5.390864014625549316e-01
6.046972870826721191e-01
6.291446685791015625e-01
2.110061794519424438e-01
1.152328327298164368e-01
5.370568633079528809e-01
1.252976129762828350e-03
6.905628442764282227e-01
1.272313147783279419e-01
6.612819433212280273e-01
2.227485878393054008e-03
1.459243148565292358e-01
3.969118930399417877e-03
5.420377710834145546e-04
4.736317098140716553e-01
7.929840683937072754e-02
6.276964559219777584e-04
6.141011118888854980e-01
1.634301006561145186e-04
3.125294670462608337e-02
6.375696659088134766e-01
1.270138174295425415e-01
6.183776855468750000e-01
4.834739863872528076e-01
2.234077602624893188e-01
9.655165672302246094e-02
1.413143333047628403e-02
3.339574050187366083e-06
6.025828719139099121e-01
2.115054242312908173e-02
1.203187182545661926e-02
7.439825683832168579e-02
1.253824681043624878e-01
3.781917095184326172e-01
6.394269876182079315e-03
6.355737447738647461e-01
6.925128102302551270e-01
1.146073569543659687e-03
8.180746436119079590e-02
1.408230164088308811e-04
7.011078596115112305e-01
2.049579285085201263e-02
2.673855423927307129e-01
6.801417469978332520e-01
3.405130282044410706e-02
7.155590653419494629e-01
2.392508089542388916e-03
1.742395572364330292e-02
4.719902873039245605e-01
2.973904907703399658e-01
6.914597153663635254e-01
3.032902479171752930e-01
4.845372140407562256e-01
1.578465336933732033e-03
5.078524118289351463e-04
3.237911313772201538e-02
6.635163724422454834e-02
2.968023909488692880e-05
1.651126146316528320e-02
5.820493698120117188e-01
8.111018541967496276e-05
6.785476207733154297e-01
7.532258033752441406e-01
1.248625572770833969e-02
8.572380058467388153e-03
7.770870327949523926e-01
7.333551049232482910e-01
8.026105165481567383e-02
1.122835790738463402e-03
9.044397622346878052e-03
2.156012691557407379e-03
3.273497521877288818e-01
6.690719723701477051e-01
6.744638085365295410e-04
8.391451835632324219e-02
1.966383075341582298e-03
4.794909060001373291e-01
2.291329437866806984e-03
1.931549981236457825e-03
3.142673671245574951e-01
3.885885234922170639e-03
2.145744860172271729e-01
1.673292182385921478e-02
2.868423797190189362e-02
7.548760771751403809e-01
5.741685628890991211e-01
6.058148145675659180e-01
6.818481683731079102e-01
4.162347613601014018e-05
9.629454463720321655e-02
4.799176007509231567e-02
5.108632445335388184e-01
6.930615305900573730e-01
5.922191849094815552e-05
6.577123403549194336e-01
1.368781626224517822e-01
4.543381277471780777e-03
6.238593459129333496e-01
6.518096923828125000e-01
2.829461125656962395e-03
3.914285302162170410e-01
1.319915950298309326e-01
4.835075815208256245e-04
2.858065664768218994e-01
1.699990779161453247e-02
5.450736880302429199e-01
3.446876704692840576e-01
8.365287445485591888e-03
1.120876073837280273e+00
2.266323566436767578e-01
1.991748104046564549e-05
1.417326629161834717e-01
1.052868723869323730e+00
2.598111052066087723e-03
6.730558872222900391e-01
4.958731532096862793e-01
6.757838129997253418e-01
4.546220302581787109e-01
6.953994161449372768e-04
1.509536802768707275e-02
7.161427736282348633e-01
5.476816440932452679e-04
4.893532991409301758e-01
2.323092485312372446e-04
2.573958635330200195e-01
2.722164392471313477e-01
6.772816777229309082e-01
6.571500897407531738e-01
1.974031925201416016e-01
4.261439740657806396e-01
6.688405275344848633e-01
8.856685459613800049e-02
3.773592710494995117e-01
2.875349819660186768e-01
2.351398766040802002e-02
1.222385987639427185e-01
5.678432434797286987e-02
3.142107743769884109e-03
3.914582339348271489e-05
1.112970785470679402e-04
1.714024320244789124e-02
2.730082571506500244e-01
2.133257091045379639e-01
4.923848211765289307e-01
1.504903733730316162e-01
7.281386107206344604e-02
1.354670431464910507e-02
7.816708087921142578e-01
2.153308363631367683e-03
3.813201934099197388e-02
6.916942000389099121e-01
5.234600901603698730e-01
3.401844501495361328e-01
4.739691317081451416e-01
5.857693552970886230e-01
4.113779366016387939e-01
4.496722249314188957e-04
2.745443198364228010e-04
6.928884983062744141e-01
8.404992520809173584e-02
4.194975197315216064e-01
1.101448200643062592e-02
3.645436465740203857e-01
1.711581945419311523e-01
4.315165824664290994e-06
5.653520673513412476e-02
1.008434314280748367e-02
3.862765850499272346e-03
3.587865194276673719e-06
8.247355222702026367e-01
5.654199719429016113e-01
2.465110458433628082e-02
4.094484029337763786e-05
2.837283611297607422e-01
6.908191442489624023e-01
8.147757500410079956e-03
2.572003901004791260e-01
1.145548820495605469e-01
2.626565396785736084e-01
2.544453740119934082e-01
1.327706724405288696e-01
3.815259039402008057e-02
9.137599170207977295e-02
3.361147901159711182e-05
1.067415177822113037e-01
2.577196061611175537e-01
3.131303936243057251e-02
2.331160604953765869e-01
2.106714993715286255e-01
5.182721465826034546e-02
2.504338622093200684e-01
4.005585610866546631e-02
1.300601959228515625e-01
5.381729570217430592e-04
3.968996405601501465e-01
8.010957390069961548e-04
5.841479301452636719e-01
6.828546524047851562e-01
3.430216747801750898e-05
1.822653785347938538e-02
1.443824381567537785e-03
6.162283420562744141e-01
1.021986842155456543e+00
1.091765612363815308e-01
3.197244368493556976e-03
3.988661170005798340e-01
5.331136584281921387e-01
4.934479594230651855e-01
6.458336114883422852e-01
1.401091367006301880e-02
1.170334173366427422e-03
3.130623400211334229e-01
1.345135420560836792e-01
2.426142245531082153e-01
1.251714825630187988e-01
5.129430815577507019e-02
4.474821686744689941e-02
6.871437430381774902e-01
7.520328760147094727e-01
6.164560839533805847e-02
5.657512322068214417e-02
5.694748759269714355e-01
6.395785212516784668e-01
6.605590581893920898e-01
6.262519605115812737e-07
1.553216425236314535e-04
3.832413058262318373e-04
3.344848752021789551e-02
4.680300354957580566e-01
2.599771141831297427e-05
2.799917012453079224e-03
1.530643403530120850e-01
4.903534948825836182e-01
4.677900671958923340e-01
6.888902783393859863e-01
4.733283817768096924e-01
2.403431199491024017e-02
4.224104583263397217e-01
1.920784115791320801e-01
6.638964414596557617e-01
2.453603956382721663e-04
2.190760895609855652e-02
3.551630243237013929e-06
3.863344788551330566e-01
4.491961561143398285e-03
1.265451461076736450e-01
7.658400386571884155e-02
6.370010320097208023e-03
1.937677967362105846e-03
8.167774677276611328e-01
1.063295245170593262e+00
3.269015625119209290e-02
8.566420525312423706e-03
9.159767796518281102e-05
4.790277685970067978e-03
5.512076020240783691e-01
3.754201531410217285e-01
4.951966404914855957e-01
1.017826646566390991e-01
3.913978474656687467e-09
4.004876911640167236e-01
4.328331351280212402e-02
6.443903595209121704e-02
8.002134971320629120e-03
1.288185245357453823e-03
1.286227838136255741e-03
9.062567725777626038e-03
5.817105174064636230e-01
4.601483047008514404e-01
3.622244894504547119e-01
1.354883052408695221e-02
5.722984671592712402e-01
6.841737627983093262e-01
4.910477697849273682e-01
3.304990530014038086e-01
4.368841350078582764e-01
9.582191705703735352e-02
6.674210429191589355e-01
5.833436846733093262e-01
4.206885397434234619e-01
6.069795489311218262e-01
2.085766643285751343e-01
2.575294077396392822e-01
6.474032253026962280e-02
4.709378257393836975e-02
6.479920557467266917e-05
6.887297630310058594e-01
6.307460665702819824e-01
3.502368330955505371e-01
4.727409482002258301e-01
1.169691681861877441e-01
2.728972434997558594e-01
2.468933910131454468e-02
6.874823011457920074e-03
8.009573793970048428e-04
1.819468438625335693e-01
6.200706958770751953e-01
5.774045712314546108e-05
1.250334501266479492e+00
1.097697168006561697e-05
8.924462832510471344e-03
2.388262450695037842e-01
3.664231002330780029e-01
3.347783908247947693e-02
6.170839667320251465e-01
7.065727710723876953e-01
6.884903907775878906e-01
2.778300642967224121e-02
3.804359212517738342e-02
2.181218704208731651e-03
1.115427972209204199e-09
2.765052020549774170e-01
1.549671441316604614e-01
9.037148207426071167e-03
6.628916412591934204e-02
1.570634893141686916e-03
6.018711328506469727e-01
4.236817767377942801e-04
1.106373034417629242e-02
8.689428679645061493e-03
1.395668019540607929e-03
3.368650078773498535e-01
7.933817058801651001e-02
6.546809077262878418e-01
4.873006037087179720e-05
3.774906741455197334e-03
3.147106610867922427e-07
4.642673047783318907e-06
2.249957788080791943e-06
6.906623840332031250e-01
2.277421740776164327e-12
3.606201426009647548e-05
6.511577907986065838e-07
2.522591315209865570e-02
3.633642336353659630e-05
1.896686541158487671e-08
2.479786780895665288e-05
4.679075442254543304e-03
1.068479148671030998e-03
2.220814302563667297e-02
2.623367560510014851e-13
2.338344984309514984e-06
6.248457066249102354e-05
2.339112834306433797e-04
7.246378663694486022e-05
7.861356425564736128e-05
3.504737151160952635e-06
5.162594796104258421e-10
1.265887217272165799e-08
3.041533054783940315e-03
1.175821523480280462e-10
5.117575526237487793e-01
1.078029399081970041e-07
1.523838291177526116e-04
3.184541241818550361e-10
7.595574259757995605e-01
6.162497179218462406e-10
5.072405474493280053e-05
1.113640113459268832e-08
2.669456601142883301e-02
1.034082612022757530e-03
3.690345806717232335e-07
1.287638468072671571e-10
7.167031435528770089e-05
7.173529826104640961e-03
1.307924976572394371e-04
6.107657100073993206e-06
1.195116434246301651e-03
4.498548433184623718e-02
1.549641638994216919e-01
1.258508746104780585e-05
8.681282537281731493e-08
6.754669360816478729e-03
1.802979113563196734e-06
7.015899609541520476e-05
1.318189606536179781e-04
7.360059672834040612e-09
9.760863031260669231e-04
6.601071218028664589e-04
6.956619472475722432e-05
4.147517884689477796e-10
2.738678082823753357e-02
4.474976776691619307e-06
1.405752072969335131e-06
3.110128266037293088e-10
2.027187263593077660e-03
1.411520884175843094e-06
1.868225352197327993e-09
5.482334231032837124e-08
3.892046879627741873e-05
1.187269444926641881e-04
5.817106284666806459e-06
1.593834895174950361e-07
5.865941639058291912e-04
1.482825268794840667e-06
4.524494556790159550e-08
6.236420478671789169e-03
4.141932977153039985e-11
6.043452685844385996e-06
1.655804226174950600e-05
5.598497591563500464e-05
2.332990115974098444e-04
2.939160040114074945e-04
1.521753221750259399e-01
4.028833089364525222e-08
1.696512289345264435e-02
1.543922871351242065e-01
3.420450866542523727e-06
2.033770698517400888e-07
1.677051623119041324e-04
1.917270679996363469e-07
2.892375672303160172e-09
4.527582404989516363e-06
3.732186974957585335e-03
5.617518036160618067e-05
1.004234671592712402e+00
9.571705013513565063e-03
3.056763262065942399e-06
3.278934955596923828e-01
7.537202909588813782e-03
3.752403426915407181e-05
1.180184699478559196e-05
1.141674729296937585e-04
1.253327900485601276e-05
5.287349669202967561e-09
1.824891800172867562e-11
6.747048697519630878e-09
2.657379372976720333e-04
1.835755829233676195e-04
1.310515683144330978e-03
2.325344394193962216e-05
2.450634837150573730e-01
1.440617488697171211e-04
6.029802435136843997e-09
2.656335011124610901e-02
3.215325772762298584e-01
1.874045282602310181e-02
2.539490196795668453e-06
4.595877602696418762e-03
6.389436757459066030e-10
5.098259134683758020e-05
4.940358735439076554e-07
4.404610022902488708e-03
1.824815699364989996e-04
2.013731545957853086e-06
9.892117507070974369e-13
1.502726609814430958e-09
3.945442585973069072e-07
2.030223695328459144e-04
1.160318863213660734e-08
3.983835483722941717e-07
1.099516987800598145e+00
3.586280428180543822e-08
6.292732357978820801e-01
1.146328101886417983e-10
1.108545329771004617e-04
3.290186214144341648e-06
2.531221753088175319e-06
3.994739672634750605e-04
1.001076554985047551e-07
1.441426838999504412e-12
1.190513430628925562e-04
1.208846340887248516e-03
1.829949269449571148e-06
1.624867991267819889e-06
5.676908898522015079e-08
1.563559180794982240e-06
8.706026128493249416e-04
5.781983956694602966e-03
2.600628249638248235e-06
1.707606911659240723e-01
3.188506889273412526e-05
1.777228703758737538e-06
4.555751002044416964e-05
1.176501740474122926e-08
2.585506439208984375e-01
1.381983383907936513e-05
1.831974461019569844e-09
4.153913259506225586e-02
1.360255479812622070e-01
4.332768185122404248e-06
4.799910355359315872e-03
1.087952696252614260e-04
1.975298619072418660e-05
1.419550244463607669e-06
1.443824381567537785e-03
4.183284640312194824e-01
9.990430953621398658e-06
4.694538446869955806e-08
5.668388439517002553e-06
9.351333137601613998e-04
8.853744049019951490e-08
2.016738144448027015e-04
4.414007344166748226e-05
2.829565783031284809e-04
1.381040328851668164e-05
8.568311500312120188e-07
1.940437010489404202e-03
8.137086406350135803e-03
9.742184192873537540e-05
1.165057383900602872e-09
5.434613558463752270e-04
3.068414571316679940e-07
6.070024683140218258e-04
1.435029662388842553e-05
2.578845624157111160e-06
5.076502773704305582e-09
3.723079400330675526e-09
1.728358802211005241e-05
1.341816096100956202e-04
1.957904605660587549e-04
2.900340966880321503e-02
4.659851193428039551e-01
1.150267621596867684e-06
2.448716573417186737e-02
5.543461884371936321e-04
7.643142249435186386e-03
2.954730575766006950e-07
8.224730263464152813e-04
7.100367582779654185e-08
7.717898142800549977e-08
1.767454959917813540e-04
4.552251659333705902e-03
8.470853790640830994e-04
4.363150583230890334e-05
6.350060175464022905e-07
2.376963570713996887e-02
1.717622217256575823e-05
1.548714681121055037e-05
8.022409403452002152e-10
4.597926978021860123e-03
2.121792697096225311e-08
2.393339872360229492e-01
4.989065928384661674e-06
2.412765570625197142e-05
3.028379287570714951e-04
3.796082164626568556e-04
3.317869603633880615e-01
1.016886397309235690e-08
1.633013425816898234e-06
1.880432682810351253e-04
4.454923097085838890e-09
9.161732918983034324e-07
6.837128694314742461e-06
6.367664039134979248e-02
1.363422597933094949e-05
1.735943078529089689e-05
3.366390010342001915e-04
4.810463171452283859e-03
2.334642776986584067e-04
6.512176478281617165e-04
2.586336340755224228e-03
1.977687880128087272e-08
2.198433080025097297e-08
6.838788067398127168e-06
1.613545464351773262e-05
3.863659969738364452e-08
3.073649850193760358e-07
1.561315343678870704e-07
1.494044340688560624e-06
4.994631279259920120e-03
1.916273868118878454e-05
6.499512237496674061e-04
2.962767321150749922e-04
4.871377721428871155e-03
1.995541527867317200e-02
7.475999609596328810e-06
3.867826237069493800e-08
1.660027541220188141e-02
1.816722506191581488e-04
2.736916532739996910e-03
7.619375352874158125e-09
2.915404923260211945e-02
5.927082151174545288e-03
3.316546976566314697e-02
1.076812736755528022e-06
1.061660077539272606e-04
1.956321398211002816e-07
3.996851955889724195e-05
4.382028058171272278e-02
1.045066746883094311e-04
5.134456157684326172e-01
4.363990683486917987e-06
1.169787253729737131e-07
8.100019840640015900e-06
3.739533200860023499e-02
3.003419041633605957e-01
1.455810831885173684e-07
7.705264687538146973e-01
2.031058329521329142e-06
5.549848079681396484e-01
1.436773189311679744e-08
1.293084351345896721e-04
6.931212936933661695e-08
5.136142135597765446e-06
2.182207572332117707e-05
4.903980152448639274e-05
1.637208624742925167e-04
1.259236037731170654e-02
2.189438819186761975e-04
5.297109964885748923e-05
2.838778101477146265e-08
6.353706339723430574e-06
1.814252982512698509e-06
3.172634169459342957e-03
2.143046632409095764e-02
2.411396271781995893e-04
8.961823368736077100e-06
1.126264415063360502e-09
4.493186424952000380e-04
8.822911418974399567e-03
8.693406016391236335e-06
2.998404502868652344e-01
3.729791939258575439e-01
1.686274231360584963e-09
5.669683378073386848e-05
4.360850527882575989e-02
5.641366485065191227e-08
6.200171709060668945e-01
7.846112566767260432e-05
2.235571949782411139e-09
1.827344021876342595e-06
2.567647470641531982e-06
4.721834266092628241e-04
3.342668833283823915e-06
2.147453778889030218e-04
8.509851613780483603e-05
2.596651782482695126e-10
3.243047774770246860e-10
1.477936422134007444e-07
2.978766569867730141e-03
5.261367652565240860e-03
6.619914784096181393e-04
1.996161955730713089e-07
1.379295368678867817e-03
2.452597698265890358e-07
4.368485662098464672e-08
7.085679471492767334e-02
3.692865675475331955e-06
6.572655820491490886e-06
6.989550342950678896e-07
1.195917357108555734e-04
8.733135992144980264e-09
2.347916306462138891e-04
1.616412532712274697e-07
2.486800309270620346e-03
4.965824773535132408e-04
3.624051487349788658e-06
3.252713649999350309e-04
1.500516827945830300e-05
1.945509138749912381e-04
3.092590253800153732e-03
4.514392092823982239e-02
1.188400437968084589e-05
9.605935247236629948e-07
4.823549897992052138e-05
3.394634295883491859e-10
2.209033664257731289e-05
1.717640770948491991e-05
1.993144360312726349e-05
7.218169048428535461e-05
5.103603939460299443e-07
2.601011328806634992e-05
5.552423681365326047e-05
5.882013809355157719e-08
2.809093757605296560e-07
2.116081304848194122e-02
1.604359946213662624e-03
3.738269954919815063e-02
5.814959180838741304e-09
-0.000000000000000000e+00
-0.000000000000000000e+00
-0.000000000000000000e+00
-0.000000000000000000e+00
-0.000000000000000000e+00
-0.000000000000000000e+00
-0.000000000000000000e+00
-0.000000000000000000e+00
-0.000000000000000000e+00
-0.000000000000000000e+00
-0.000000000000000000e+00
-0.000000000000000000e+00
-0.000000000000000000e+00
-0.000000000000000000e+00
-0.000000000000000000e+00
-0.000000000000000000e+00
-0.000000000000000000e+00
-0.000000000000000000e+00
-0.000000000000000000e+00
-0.000000000000000000e+00
-0.000000000000000000e+00
-0.000000000000000000e+00
-0.000000000000000000e+00
-0.000000000000000000e+00
-0.000000000000000000e+00
-0.000000000000000000e+00
-0.000000000000000000e+00
-0.000000000000000000e+00
-0.000000000000000000e+00
-0.000000000000000000e+00
-0.000000000000000000e+00
-0.000000000000000000e+00
-0.000000000000000000e+00
-0.000000000000000000e+00
-0.000000000000000000e+00
-0.000000000000000000e+00
-0.000000000000000000e+00
-0.000000000000000000e+00
-0.000000000000000000e+00
-0.000000000000000000e+00
