1.861385852098464966e-01
7.535713315010070801e-01
2.144512981176376343e-01
7.402317523956298828e-01
3.290377557277679443e-03
3.620688915252685547e-01
4.311692435294389725e-03
3.124741371721029282e-03
6.582056812476366758e-05
1.533079147338867188e-02
1.591362617909908295e-02
2.397535145282745361e-01
9.305278770625591278e-03
1.055776010616682470e-05
6.198109476827085018e-04
7.147206924855709076e-04
4.983623977750539780e-03
1.210013255476951599e-01
1.794223487377166748e-02
1.059874773025512695e+00
1.981364184757694602e-04
8.462003469467163086e-01
2.157199196517467499e-03
6.357949376106262207e-01
1.754777505993843079e-03
7.925568521022796631e-02
5.807393230497837067e-03
4.073150921612977982e-03
3.089007735252380371e-01
1.228525396436452866e-02
1.616218287381343544e-05
7.040176540613174438e-02
3.882481716573238373e-03
3.663465008139610291e-02
7.934482768177986145e-03
7.037805335130542517e-05
4.674898833036422729e-02
1.330734789371490479e-02
9.546548724174499512e-01
3.136240411549806595e-04
1.257155183702707291e-02
2.861399669200181961e-03
9.001658856868743896e-02
9.577933698892593384e-03
4.662799835205078125e-01
3.765667974948883057e-02
3.764045238494873047e-01
9.358377456665039062e-01
2.879073690564837307e-06
5.071947816759347916e-05
6.329028401523828506e-04
1.098997818189673126e-04
8.313191533088684082e-01
6.507955957204103470e-03
5.464566946029663086e-01
3.913767337799072266e-01
2.653042320162057877e-04
3.018618226051330566e-01
3.318647854030132294e-03
4.652144908905029297e-01
2.718083560466766357e-04
2.933533117175102234e-02
1.326066702604293823e-01
3.430780488997697830e-03
3.719773842021822929e-03
2.012586742639541626e-01
9.049875736236572266e-01
3.739764724741689861e-05
2.676360607147216797e-01
3.896902501583099365e-01
5.420363740995526314e-04
5.070479512214660645e-01
2.399948891252279282e-03
3.136642917525023222e-04
6.735801100730895996e-01
2.191802341258153319e-04
1.134711131453514099e-02
2.171418666839599609e-01
1.077510969480499625e-04
2.530060708522796631e-02
2.187240352213848382e-05
1.202056836336851120e-02
3.510313108563423157e-04
3.982162773609161377e-01
7.356444746255874634e-02
6.608091780435643159e-07
2.166384911106433719e-05
1.397932064719498158e-03
9.059306383132934570e-01
4.917356371879577637e-02
6.328845769166946411e-02
8.108799159526824951e-02
1.570410793647170067e-03
9.909421205520629883e-03
3.822004199028015137e-01
2.330565005540847778e-01
2.656092941761016846e-01
4.456157684326171875e-01
7.150632329285144806e-03
1.367156983178574592e-06
1.898820996284484863e-01
1.742071937769651413e-03
1.499698758125305176e-01
1.223741006106138229e-02
2.718691825866699219e-01
1.537895947694778442e-01
2.145659476518630981e-01
6.633862257003784180e-01
1.636709748709108680e-05
8.180415630340576172e-02
1.950616482645273209e-03
9.635531343519687653e-03
1.547693391330540180e-04
7.029699087142944336e-01
3.963000774383544922e-01
3.110353281954303384e-05
9.546019434928894043e-01
1.389737473800778389e-03
4.893283545970916748e-01
4.889050722122192383e-01
4.037921898998320103e-04
1.284947386011481285e-03
1.898935809731483459e-02
5.357539057731628418e-01
3.725050482898950577e-04
5.900406278669834137e-03
3.030089428648352623e-04
5.427780747413635254e-01
5.908360253670252860e-05
8.410668669966980815e-06
2.124702185392379761e-01
4.885765723884105682e-03
2.968144599435618147e-06
1.405596584081649780e-01
4.254751205444335938e-01
2.271818220615386963e-01
1.104046124964952469e-03
6.160976365208625793e-03
6.160634220577776432e-04
1.760505721904337406e-03
8.648118665632864577e-08
2.589945215731859207e-03
3.294211812317371368e-03
8.074630983173847198e-03
1.772579178214073181e-02
2.138941781595349312e-03
2.765706028640124714e-07
6.695799529552459717e-02
3.821395337581634521e-02
2.907784841954708099e-02
4.371144771575927734e-01
8.641498684883117676e-01
7.145328563638031483e-04
1.048953980207443237e-01
7.090111970901489258e-01
4.190004989504814148e-02
1.120329368859529495e-03
8.738678693771362305e-01
1.198199024656787515e-04
4.160299301147460938e-01
1.052939653396606445e+00
3.548439145088195801e-01
8.302547335624694824e-01
9.780835825949907303e-04
3.684924915432929993e-02
8.823788166046142578e-02
3.151763812638819218e-04
1.209466084837913513e-01
7.813100814819335938e-01
4.916094988584518433e-02
2.111932635307312012e-02
2.323638647794723511e-02
3.871499757224228233e-06
8.194154500961303711e-01
6.469997763633728027e-01
4.793693660758435726e-04
2.156774885952472687e-02
2.140115539077669382e-04
2.358652278780937195e-02
6.754693458788096905e-05
5.630081295967102051e-01
3.002883866429328918e-02
1.982484944164752960e-02
2.070302376523613930e-03
3.250383088015951216e-05
6.494342684745788574e-01
7.351245880126953125e-01
9.817094542086124420e-03
1.704932947177439928e-05
2.108009345829486847e-02
6.883342266082763672e-01
1.212989911437034607e-01
2.123448252677917480e-01
1.391460273225675337e-06
8.449802175164222717e-03
2.940668463706970215e-01
1.063133939169347286e-03
1.913836968014948070e-06
8.148616552352905273e-02
6.811910425312817097e-04
3.215258941054344177e-02
4.183944314718246460e-02
1.576402038335800171e-02
2.215762360719963908e-04
4.170768857002258301e-01
1.382995047606527805e-03
2.055622190237045288e-01
1.136818975210189819e-01
1.010486602783203125e+00
1.500976234674453735e-01
3.108596662059426308e-03
5.940899252891540527e-02
1.241048276424407959e-01
2.236808538436889648e-01
1.391274272464215755e-04
7.137634383980184793e-05
1.179092526435852051e-01
5.440219640731811523e-01
1.954820193350315094e-02
1.840575188398361206e-01
8.019169569015502930e-01
2.118607163429260254e-01
2.533338367938995361e-01
9.277657605707645416e-03
1.340013568551512435e-05
1.031943102134391665e-04
2.357690334320068359e-01
2.653419785201549530e-02
7.250074744224548340e-01
1.480112667195498943e-03
2.387852966785430908e-02
7.823899388313293457e-01
2.004307607421651483e-04
7.688368558883666992e-01
1.038717746734619141e+00
8.635744452476501465e-03
5.974652594886720181e-04
3.906692427335656248e-07
1.636791527271270752e-01
3.354313597083091736e-02
1.713144332170486450e-01
5.882673338055610657e-02
7.985724437276076060e-07
1.663725636899471283e-02
2.299235202372074127e-03
8.181699365377426147e-02
3.429782092571258545e-01
1.621146649122238159e-01
3.340443968772888184e-01
2.714368999004364014e-01
4.907913040369749069e-03
2.370123416185379028e-01
1.711538061499595642e-02
6.901653409004211426e-01
4.365684464573860168e-03
1.076520010828971863e-01
-0.000000000000000000e+00
-0.000000000000000000e+00
-0.000000000000000000e+00
-0.000000000000000000e+00
-0.000000000000000000e+00
-0.000000000000000000e+00
-0.000000000000000000e+00
-0.000000000000000000e+00
-0.000000000000000000e+00
-0.000000000000000000e+00
-0.000000000000000000e+00
-0.000000000000000000e+00
-0.000000000000000000e+00
-0.000000000000000000e+00
-0.000000000000000000e+00
-0.000000000000000000e+00
-0.000000000000000000e+00
-0.000000000000000000e+00
-0.000000000000000000e+00
-0.000000000000000000e+00
