1.850945991463959217e-04
1.979200023924931884e-04
5.632763504981994629e-01
5.076168775558471680e-01
4.410152733325958252e-01
5.552565306425094604e-02
6.335232427545633982e-08
2.806252741720527411e-04
7.295638322830200195e-01
4.494447125580336433e-08
9.354249238967895508e-01
1.076761037111282349e-01
3.520993914207792841e-07
3.640028589870780706e-04
3.448764793574810028e-03
5.367900729179382324e-01
1.492832666372123640e-06
5.146156181581318378e-04
5.652320851368131116e-06
7.624538149684667587e-03
3.369635592775921396e-08
2.154567901868631452e-08
1.185645487566944212e-05
3.192687174305319786e-03
4.870819449424743652e-01
4.024983197450637817e-02
1.291374862194061279e-01
3.261184247094206512e-05
3.931794315576553345e-03
1.215428696013987064e-03
1.892527279778732918e-06
4.668152332305908203e-02
7.527673989534378052e-02
5.481123179197311401e-02
4.822590562980622053e-05
1.659181714057922363e-01
1.268337541660002898e-06
1.962159927870743559e-07
2.837044377201891621e-08
9.524226188659667969e-02
6.127604842185974121e-02
2.664936184883117676e-01
4.005329310894012451e-02
5.613763332366943359e-01
2.641137922182679176e-03
2.915449207648634911e-03
8.212572429329156876e-04
4.922756343148648739e-04
9.879264553092070855e-07
1.927038654685020447e-02
2.142397534043993801e-06
5.434255599975585938e-01
2.186973989009857178e-01
4.884975496679544449e-04
1.066980004310607910e+00
4.830700755119323730e-01
9.150293469429016113e-02
1.252527385950088501e-01
3.313283514216891490e-07
1.084762439131736755e-02
3.693985939025878906e-02
8.180068107321858406e-05
4.247507750988006592e-01
1.675360202789306641e-01
1.808987848406218291e-09
4.242583599989302456e-05
7.511518001556396484e-01
2.378918975591659546e-01
6.953433156013488770e-01
4.957822561264038086e-01
2.079851963126665843e-14
2.070178985595703125e-01
2.532132384658325464e-06
1.053465008735656738e+00
2.735277172178030014e-03
9.131527804129291326e-06
4.781245589256286621e-01
9.717934131622314453e-01
2.207113070085142681e-08
1.234781811945140362e-04
8.324497938156127930e-02
4.322077147662639618e-03
2.350005507469177246e-02
6.654234230518341064e-02
1.246809551957994699e-05
6.200824298474572061e-10
1.748525053262710571e-01
6.793490570089488756e-07
5.582247376441955566e-01
8.397676050662994385e-03
3.104368969798088074e-02
6.862579584121704102e-01
6.732029914855957031e-01
9.941653013229370117e-01
1.069546461105346680e+00
2.685824874788522720e-04
5.071931923339434434e-07
3.983669728040695190e-02
4.236785229295492172e-03
4.333671927452087402e-02
2.110569737851619720e-03
4.241013957653194666e-04
4.913004636764526367e-01
2.455082803720642914e-10
1.397179687501193257e-07
3.040175437927246094e-01
1.192589297716040164e-05
4.024027884006500244e-01
9.452334046363830566e-02
7.332243956625461578e-03
8.493728935718536377e-03
3.703389167785644531e-01
2.920498731739940013e-09
3.075175918638706207e-02
1.524201035499572754e-01
6.931390166282653809e-01
5.419433712959289551e-01
5.852372385561466217e-03
7.858470780774950981e-05
1.060275673866271973e+00
6.302516339928843081e-07
2.314270939677953720e-03
1.282595098018646240e-01
3.892363320545655370e-09
1.625721779419109225e-06
4.685360491275787354e-01
1.761019825935363770e-01
5.160824798622343224e-07
1.924647076521068811e-04
2.243046415969729424e-03
1.152680367231369019e-01
2.586085685873928952e-11
1.928032189607620239e-02
2.386734081483155023e-07
1.394338672980666161e-03
9.342730045318603516e-03
1.266331076622009277e-01
2.055039107799530029e-01
3.762094274861738086e-05
1.361737996339797974e-01
8.087687194347381592e-02
3.818668127059936523e-01
6.875867247581481934e-01
7.120101712644100189e-03
1.426336552867724095e-06
2.140527431038208306e-05
2.760703471382797147e-11
9.153276187134906650e-05
9.923498964781174436e-07
3.327694535255432129e-01
4.529088328126817942e-04
8.893400430679321289e-03
1.181290485874342266e-06
6.056483983993530273e-01
4.757066443562507629e-02
3.242040111217647791e-04
1.244553131982684135e-03
2.696277368041677391e-10
1.369494111713720486e-05
5.521970242261886597e-02
6.501669436693191528e-02
2.208322100341320038e-02
1.956090331077575684e-01
5.385110527276992798e-02
6.249222205951809883e-04
1.461349711462389678e-06
9.942048229277133942e-03
3.066379725933074951e-01
3.995913630205905065e-06
7.116600500012282282e-06
3.958818614482879639e-01
4.670449793338775635e-01
1.052403330802917480e+00
5.760943889617919922e-01
6.302118301391601562e-01
1.113283485174179077e-01
4.527634382247924805e-01
2.191254316130653024e-05
2.426430291961878538e-04
2.908886075019836426e-01
3.153583109378814697e-01
6.813704967498779297e-01
3.266905248165130615e-01
9.208478964865207672e-03
3.826875399681739509e-05
1.940448328241473064e-06
2.716529667377471924e-01
3.129366040229797363e-01
2.734378911554813385e-03
6.851027607917785645e-01
1.130715087056159973e-01
4.016633425862892182e-08
7.014422416687011719e-01
1.056202411651611328e+00
1.122575987722029822e-08
1.220507601829012856e-05
4.815619587898254395e-01
1.038604295899858698e-07
6.741214990615844727e-01
5.846969725098460913e-05
3.862429857254028320e-01
3.124164550172281452e-06
4.562177360057830811e-01
5.809769965708255768e-03
2.292996272444725037e-02
4.962813854217529297e-02
2.281009869875560980e-08
5.984415452076063957e-08
6.351870298385620117e-01
4.262475413270294666e-04
7.111205160617828369e-02
7.544880360364913940e-02
4.319553227105643600e-06
1.686304074155486887e-07
9.163022041320800781e-02
5.686926306225359440e-05
6.654919385910034180e-01
1.205580559826557874e-07
2.156354486942291260e-01
2.804899956743156508e-08
1.590246409177780151e-01
2.443646546453237534e-03
1.908906400203704834e-01
1.567025552503764629e-03
6.294306516647338867e-01
8.756499028095277026e-07
1.054202556610107422e+00
6.555910110473632812e-01
3.776148427277803421e-03
1.858084942796267569e-06
1.655078740725457465e-08
4.310565069317817688e-02
1.895555406808853149e-01
1.767700770869851112e-03
5.640037655830383301e-01
2.627311041578650475e-03
3.679512441158294678e-01
1.613919238252492505e-07
3.362770657986402512e-03
1.749166660010814667e-02
9.547340869903564453e-02
7.660596370697021484e-01
6.334458589553833008e-01
4.066116525791585445e-04
7.696307875448837876e-07
6.653134478256106377e-04
4.249020665884017944e-02
5.854366463609039783e-06
7.048835754394531250e-01
7.118550539016723633e-01
5.200540423393249512e-01
7.304672896862030029e-02
6.999349594116210938e-01
5.924131870269775391e-01
1.004192829132080078e-01
2.088741211991873570e-06
7.143671512603759766e-01
2.066110372543334961e-01
1.610620092833414674e-04
7.582241323689231649e-07
7.902899980545043945e-01
1.987348952070533414e-09
4.390336275100708008e-01
1.999332016566768289e-04
5.984415452076063957e-08
5.273532224236987531e-05
1.347111829090863466e-04
2.746468235272914171e-04
3.217282705008983612e-03
6.320866746678532877e-11
1.948108663782477379e-03
3.575949522200971842e-04
8.344446420669555664e-01
3.390225756447762251e-04
7.588258449686691165e-05
4.918136596679687500e-01
2.997096999024506658e-06
9.685949236154556274e-02
6.346087455749511719e-01
2.370705187786370516e-04
4.017663002014160156e-02
4.449605941772460938e-01
2.993310999954701401e-06
1.917694680741988122e-05
4.735626589535968378e-06
1.434876030543819070e-04
3.498163819313049316e-02
1.131045937654562294e-04
6.742265075445175171e-02
2.889639290515333414e-04
1.131375413388013840e-02
7.936935424804687500e-01
8.579311892390251160e-03
5.556498217629268765e-05
3.344608545303344727e-01
7.058196067810058594e-01
6.108154058456420898e-01
2.881960535887628794e-04
3.121716156601905823e-02
1.878510462120175362e-03
6.876210216432809830e-03
1.738122850656509399e-02
2.928813228209037334e-05
1.691951230168342590e-02
5.613566145257209428e-07
1.076043128967285156e+00
3.717238083481788635e-03
6.839122176170349121e-01
2.344454987905919552e-04
7.592440582811832428e-03
2.335831988602876663e-03
5.852372385561466217e-03
7.811260968446731567e-02
1.216692151501774788e-03
1.068115525413304567e-04
7.877908647060394287e-03
7.241448474815115333e-05
2.597907185554504395e-01
2.702974015846848488e-04
6.920499205589294434e-01
6.641043000854551792e-04
1.198828406631946564e-02
5.042780041694641113e-01
3.632783889770507812e-02
1.080061793327331543e-01
7.787147760391235352e-01
8.712818089406937361e-05
7.506124675273895264e-04
3.765009809285402298e-03
3.659455180168151855e-01
1.862467825412750244e-02
5.640037655830383301e-01
2.521202564239501953e-01
7.810433860868215561e-03
9.506996320851612836e-06
5.521970242261886597e-02
9.388778358697891235e-03
3.624047618359327316e-03
2.266900986433029175e-01
1.520738564431667328e-02
3.337359726428985596e-01
1.924647076521068811e-04
6.006491929292678833e-02
6.880904436111450195e-01
1.408172398805618286e-01
1.892527279778732918e-06
3.798507452011108398e-01
5.537596344947814941e-01
7.040717755444347858e-04
1.177862145596009213e-06
2.255710661411285400e-01
6.366531848907470703e-01
3.399334149435162544e-03
4.263350367546081543e-02
1.215336564928293228e-02
1.449744218007253949e-06
1.141397748142480850e-03
8.726412057876586914e-02
4.511590674519538879e-02
2.158459392376244068e-05
7.811547402525320649e-05
5.634058266878128052e-03
3.559390082955360413e-02
7.588201761245727539e-02
9.822343476116657257e-03
7.418684959411621094e-01
5.469505190849304199e-01
6.570138037204742432e-02
3.983652277383953333e-04
7.582871243357658386e-03
8.558960258960723877e-02
1.026613712310791016e+00
3.793151676654815674e-02
1.517004534434818197e-06
3.260546829551458359e-03
1.016969804368272889e-06
5.985605716705322266e-01
5.482489359565079212e-04
2.211520681157708168e-03
8.370690047740936279e-03
3.636997891589999199e-03
1.846026748353324365e-06
5.748643889091908932e-05
1.323891282081604004e-01
2.536261826753616333e-02
1.886795973405241966e-03
2.485721051925793290e-05
7.989728450775146484e-02
2.046439391278909170e-07
2.409370988607406616e-01
3.331200787215493619e-05
1.494500902481377125e-03
3.553336910044890828e-06
8.743864018470048904e-04
3.326112776994705200e-02
8.805233985185623169e-03
6.315927952527999878e-02
4.036021828651428223e-01
1.714268000796437263e-05
5.369854043237864971e-04
3.767390251159667969e-01
9.217585921287536621e-01
2.972942776978015900e-02
2.587613607829553075e-07
2.521440619602799416e-04
2.208596328273415565e-03
1.486479450250044465e-04
7.530669867992401123e-02
2.976516407215967774e-05
2.020262554287910461e-02
1.848203464760445058e-05
1.539829559624195099e-02
6.973093841224908829e-03
5.405697226524353027e-01
3.947991877794265747e-02
5.188059806823730469e-02
6.743300557136535645e-01
1.149995066225528717e-02
2.897303923964500427e-02
3.992259502410888672e-03
9.573570489883422852e-01
1.087632775306701660e-02
7.301568257389590144e-05
1.315309405326843262e-01
3.938084468245506287e-02
2.446286678314208984e-01
1.116628991439938545e-03
8.763661980628967285e-02
5.408687229646602646e-06
7.386001379927620292e-05
1.333628169959411025e-04
3.329392711748369038e-05
1.798948049545288086e-01
2.431365847587585449e-02
8.252078294754028320e-01
7.300137076526880264e-05
5.401992239058017731e-03
5.434255599975585938e-01
1.479506437362942961e-07
6.635398268699645996e-01
8.390925079584121704e-02
2.565198826687264955e-07
2.686059815459884703e-06
2.323794066905975342e-01
7.697512209415435791e-02
4.767386053572408855e-05
6.935453414916992188e-01
8.457021117210388184e-01
2.965123020112514496e-02
3.952116966247558594e-01
1.812415895983576775e-03
1.184384226799011230e+00
2.268016524612903595e-02
7.997550070285797119e-03
3.678104877471923828e-01
6.886985152959823608e-02
6.486927304649725556e-05
4.787444472312927246e-01
6.147488602437078953e-05
8.275016397237777710e-02
6.995831790845841169e-05
6.851892103441059589e-04
1.626799712539650500e-05
2.511711120605468750e-01
1.188951171934604645e-02
3.831149078905582428e-03
5.593399400822818279e-04
1.398414373397827148e-03
3.819525882136076689e-04
3.433106758166104555e-05
7.937463664120514295e-08
6.286844291025772691e-05
9.185446833726018667e-05
1.378772140014916658e-04
1.215170952491462231e-03
5.984312156215310097e-04
5.323682911694049835e-03
1.705888826109003276e-05
8.892232435755431652e-04
5.563263297080993652e-01
7.132849097251892090e-02
1.344452053308486938e-02
1.255283597856760025e-02
6.751889013685286045e-04
1.818413846194744110e-03
1.340438574552536011e-01
5.539606809616088867e-01
6.860210094600915909e-03
6.807393580675125122e-02
2.551701036281883717e-04
7.424993067979812622e-02
1.028152257204055786e-01
2.960475976578891277e-04
3.170734271407127380e-03
2.694100374355912209e-03
5.154185928404331207e-03
6.814956665039062500e-01
6.868671334814280272e-05
5.885868892073631287e-02
1.207485496997833252e-01
6.885872781276702881e-02
4.801987961400300264e-05
1.547331660985946655e-01
1.113511389121413231e-04
9.239777136826887727e-05
2.926855115219950676e-03
1.381764933466911316e-02
1.538177835755050182e-03
8.790340274572372437e-03
7.750894837954547256e-06
4.390226138184516458e-08
4.800876195076853037e-04
4.777494759764522314e-04
5.374643933464540169e-06
5.469767842441797256e-03
5.873519694432616234e-05
2.729706466197967529e-01
4.663771986961364746e-01
1.118884756579063833e-04
1.469385460950434208e-05
6.582294702529907227e-01
6.546037793159484863e-01
6.927390098571777344e-01
2.335170283913612366e-03
1.884378260001540184e-03
2.858825922012329102e-01
1.107846386730670929e-02
5.756140500307083130e-02
6.014429330825805664e-01
6.002086680382490158e-03
1.025130320340394974e-02
9.362617856822907925e-05
1.505767852067947388e-01
2.658269135281443596e-03
1.366807380691170692e-03
2.129677310585975647e-02
1.486315227339218836e-06
1.345201395452022552e-03
1.277833798667415977e-04
4.254680126905441284e-02
5.094099640846252441e-01
3.546517473296262324e-05
8.471406181342899799e-05
1.018653996288776398e-02
4.947206974029541016e-01
7.214649813249707222e-04
1.428364776074886322e-04
1.800879649817943573e-02
2.909239232540130615e-01
3.683368265628814697e-01
5.605126619338989258e-01
1.116224657744169235e-02
7.559791556559503078e-04
1.532500464236363769e-04
1.394338672980666161e-03
6.226326227188110352e-01
6.757017374038696289e-01
5.916726664167981653e-09
4.758828878402709961e-01
6.931390166282653809e-01
7.675316333770751953e-01
2.164088073186576366e-06
1.806408181437291205e-05
1.610620092833414674e-04
1.013647556304931641e+00
1.750031941583074513e-07
6.436405777931213379e-01
2.479147911071777344e-01
1.051250100135803223e-02
6.825704127550125122e-03
1.331149360339622945e-05
1.145740747451782227e-01
6.955408304929733276e-02
2.748020779108628631e-05
6.543209403753280640e-02
6.319296956062316895e-01
7.277900818735361099e-03
1.901232637465000153e-02
7.201421249192208052e-05
9.959875047206878662e-02
5.620617419481277466e-03
2.291180862812325358e-06
7.721890578977763653e-04
1.016624537442112342e-05
2.285668402910232544e-01
2.042386382818222046e-01
3.714717968250624835e-05
3.736957609653472900e-01
2.082676161080598831e-03
1.594038158655166626e-01
2.284161513671278954e-03
1.622673735255375504e-04
1.080981921404600143e-03
8.218373295676428825e-06
1.655057072639465332e-02
1.631977269425988197e-03
3.104368969798088074e-02
8.793978020548820496e-03
1.246809551957994699e-05
8.434550464153289795e-02
5.758604034781455994e-02
2.107635606080293655e-03
3.566767647862434387e-02
1.970632547454442829e-05
1.400432139635086060e-01
4.020491149276494980e-03
3.679512441158294678e-01
1.189562317449599504e-04
5.395980477333068848e-01
4.313324987888336182e-01
3.186461299264919944e-07
1.491226553916931152e-01
1.661331742070615292e-03
9.218340367078781128e-02
4.660404920578002930e-01
1.115035824477672577e-02
9.812266216613352299e-05
7.761258482933044434e-01
8.093848009593784809e-06
3.130570752546191216e-03
9.716640306578483433e-06
6.741214990615844727e-01
3.953126370906829834e-01
5.812590825371444225e-04
7.369124144315719604e-02
6.346154808998107910e-01
6.237175464630126953e-01
1.049117709044367075e-04
7.545768618583679199e-01
2.953618392348289490e-02
9.707795456051826477e-03
1.645622961223125458e-02
5.928706377744674683e-04
3.694204613566398621e-02
1.580367461428977549e-05
2.768611311912536621e-01
1.090651494450867176e-04
9.970377385616302490e-02
1.168657615780830383e-01
1.478844135999679565e-01
2.050999901257455349e-04
5.475172996520996094e-01
6.666364073753356934e-01
4.963917672284878790e-05
4.969337169313803315e-05
1.450043357908725739e-02
1.912650652229785919e-02
6.835546884076393326e-08
2.646349021233618259e-04
6.068404018878936768e-02
9.942048229277133942e-03
2.912614718297845684e-06
4.267787933349609375e-02
2.561998320743441582e-03
3.000584244728088379e-02
3.427413525059819221e-03
1.383626759052276611e-01
3.584213263820856810e-04
6.030649456079117954e-05
5.192441940307617188e-01
5.288746324367821217e-04
1.074162963777780533e-02
2.553600279497914016e-05
1.874185167253017426e-03
9.610990062355995178e-03
3.854483366012573242e-04
2.344034612178802490e-03
5.846969725098460913e-05
1.903149881400167942e-03
4.525872170925140381e-01
8.885638415813446045e-02
6.945407986640930176e-01
1.279764529317617416e-02
1.327468156814575195e-01
6.538293324410915375e-03
7.674738299101591110e-04
6.704274415969848633e-01
3.140231370925903320e-01
3.211000934243202209e-03
2.021901160478591919e-01
4.631888121366500854e-03
3.713864833116531372e-03
8.152812370099127293e-05
9.038445539772510529e-03
1.558529734611511230e-01
2.396954812411422608e-08
1.923133640957530588e-05
1.220507601829012856e-05
9.131527804129291326e-06
2.067289780825376511e-03
2.652056813240051270e-01
1.701285317540168762e-02
2.696277368041677391e-10
5.544787200051359832e-05
7.199457172646361869e-07
7.429671008139848709e-03
1.564343646168708801e-02
1.483590574935078621e-03
6.231455598026514053e-03
1.095298230648040771e-01
3.000301076099276543e-04
6.615796685218811035e-01
5.049801468849182129e-01
3.433454781770706177e-02
6.441912410082295537e-05
6.687481999397277832e-01
9.904209524393081665e-03
1.267603412270545959e-02
3.428645133972167969e-01
4.653520009014755487e-04
7.204150897450745106e-04
8.151270594680681825e-05
2.331194430589675903e-01
5.076739192008972168e-02
3.989472170360386372e-04
4.599655792117118835e-02
1.791651942767202854e-03
3.265874237712296235e-09
2.127896063029766083e-03
2.207113070085142681e-08
1.948715597391128540e-01
6.616475991904735565e-03
2.815306186676025391e-01
2.064708620309829712e-03
2.921686063928063959e-05
6.517944857478141785e-04
7.029386758804321289e-01
4.983520135283470154e-03
2.889284193515777588e-01
1.464227028191089630e-02
5.316575169563293457e-01
3.538139708325616084e-06
8.810776472091674805e-02
2.820329973474144936e-04
7.086270954459905624e-03
2.132807374000549316e-01
9.491800516843795776e-02
2.829039876814931631e-04
6.812821626663208008e-01
3.616587817668914795e-01
5.140570402145385742e-01
2.161293934932473348e-07
1.851494759321212769e-01
2.952383937326885643e-08
8.659562809043563902e-07
2.025577723979949951e-01
7.704488933086395264e-02
1.653354167938232422e-01
1.947027677973167670e-10
1.459636259824037552e-03
5.269865505397319794e-03
2.423417981844977476e-06
1.808987848406218291e-09
1.936727785505354404e-04
3.517754673957824707e-01
1.940448328241473064e-06
1.099321544170379639e-01
7.050206477288156748e-05
5.342567805200815201e-03
3.695677733048796654e-03
7.800487765052821487e-06
3.287105588242411613e-03
1.464174967259168625e-02
2.700964785162796034e-09
1.298714664699218702e-06
2.600489854812622070e-01
7.821733504533767700e-02
8.631985792817431502e-07
1.141193735065826331e-07
6.783515214920043945e-01
4.241013957653194666e-04
2.225302705483045429e-05
3.667446672916412354e-01
4.319553227105643600e-06
5.734067144658183679e-06
1.347291163256159052e-05
5.295491814613342285e-01
4.192590340971946716e-02
4.012874141335487366e-02
1.847084797918796539e-02
7.113082706928253174e-02
1.191690191626548767e-01
1.855232268571853638e-01
1.559966040076687932e-04
5.228571128100156784e-03
8.664103916089516133e-06
1.492832666372123640e-06
6.173737645149230957e-01
8.123285323381423950e-02
5.770444204244995490e-06
2.189871110022068024e-02
8.402423560619354248e-02
1.962861791253089905e-02
2.726466163949226029e-06
9.544234722852706909e-02
1.155801024287939072e-02
6.487498012575088069e-06
1.102638194083738199e-07
2.695529310869915207e-08
1.178849051939323545e-04
1.185319433716358617e-06
2.982744015753269196e-03
3.126887083053588867e-01
5.434706211090087891e-01
5.753505975008010864e-03
3.632614379966980778e-06
2.079851963126665843e-14
2.563287271186709404e-03
6.771589396521449089e-04
2.801710739731788635e-03
2.953674793243408203e-01
2.005914598703384399e-02
4.562277172226458788e-05
8.148272335529327393e-02
1.477327314205467701e-03
9.074136614799499512e-03
7.584409104310907423e-06
8.378080725669860840e-01
8.279146552085876465e-01
8.805272169411182404e-03
2.027438057439212571e-07
9.613869190216064453e-01
3.708021445447684528e-09
8.522703312337398529e-03
2.950442954897880554e-02
1.568154257256537676e-04
7.697257213294506073e-03
1.305870129726827145e-03
1.843316829763352871e-03
1.136899285825165862e-08
1.052682055160403252e-03
2.213228493928909302e-03
4.830545512959361076e-04
7.775452919304370880e-03
8.423612266778945923e-02
1.049527487140267112e-08
1.782767139957286417e-05
6.319546699523925781e-01
3.511360660195350647e-02
2.964996499940752983e-03
1.735093775323548471e-07
4.490118226385675371e-05
6.648338437080383301e-01
9.793710894882678986e-03
5.642984178848564625e-04
1.211529597640037537e-02
3.080845344811677933e-03
1.284866128116846085e-02
7.713522063568234444e-05
7.669171318411827087e-04
5.025706887245178223e-01
2.067133173113688827e-04
9.865121164409629273e-09
5.658320733346045017e-04
2.434837369946762919e-04
6.625664886087179184e-03
4.208072554320096970e-03
9.338734149932861328e-01
1.590133830904960632e-02
4.050564893987029791e-05
1.749787628650665283e-01
5.573320693841310458e-10
3.389550372958183289e-02
4.372426483314484358e-04
7.108263373374938965e-01
2.353522628545761108e-01
9.559705853462219238e-03
1.327342242002487183e-01
6.930766105651855469e-01
2.090706117451190948e-02
5.337024331092834473e-01
3.598714101826772094e-05
1.744763851165771484e-01
2.257928372273454443e-06
3.882636502385139465e-02
2.236274480819702148e-01
5.102055147290229797e-03
4.811251528735738248e-06
1.266139280050992966e-02
2.058393694460391998e-02
9.649194478988647461e-01
8.530250634066760540e-04
1.504339252278441563e-06
1.713479065301726223e-07
1.553076435811817646e-05
4.043832123279571533e-01
1.289607258513569832e-03
1.655078740725457465e-08
4.114178717136383057e-01
2.490060180425643921e-01
3.466123938560485840e-01
2.826867699623107910e-01
3.995913630205905065e-06
1.870790719985961914e-01
6.796997189521789551e-01
2.281009869875560980e-08
1.294612535275518894e-03
7.147857546806335449e-02
1.077406224794685841e-03
1.793338742572814226e-04
1.428132224828004837e-02
4.997733640266233124e-07
1.011500477790832520e+00
4.247456192970275879e-01
5.684864707291126251e-03
2.658250508829951286e-03
1.648007193580269814e-03
6.315770745277404785e-01
1.322067226283252239e-03
2.863495683413930237e-05
1.677271939115598798e-05
1.506569888442754745e-02
1.468250900506973267e-02
2.913282514782622457e-06
1.337807625532150269e-01
4.969664849340915680e-03
2.874251008033752441e-01
3.866037332045380026e-06
1.127723517129197717e-04
1.196784302592277527e-01
1.948973536491394043e-01
3.191864117980003357e-02
4.016633425862892182e-08
2.555028459028108045e-06
2.878837287425994873e-02
8.885744959115982056e-03
7.148873410187661648e-04
4.440749180503189564e-04
1.460321247577667236e-03
1.281383330933749676e-03
7.079831361770629883e-01
9.989752470573876053e-06
5.346552729606628418e-01
6.934645175933837891e-01
1.423648313902958762e-06
1.161446515470743179e-02
3.681385715026408434e-04
2.598026394844055176e-01
1.230000368224182239e-08
6.900660991668701172e-01
2.231520193163305521e-04
1.296006143093109131e-03
9.205630817632481921e-07
7.785637676715850830e-02
7.083308883011341095e-04
5.210276320576667786e-02
7.211912452476099133e-05
8.399502839893102646e-04
1.697568148374557495e-01
5.888941359444288537e-06
6.759976595640182495e-02
1.105619867303175852e-05
6.624812158406712115e-06
1.722619384527206421e-01
3.688213610075763427e-06
6.668648566119372845e-04
1.917328918352723122e-04
5.465734004974365234e-01
4.056144040077924728e-03
1.761861611157655716e-03
3.238840103149414062e-01
4.607095149822271196e-08
5.769836902618408203e-01
4.875377053394913673e-04
5.738506442867219448e-04
2.597444877028465271e-02
4.308556765317916870e-02
1.211138218641281128e-01
4.755129339173436165e-05
1.482082581105714780e-07
7.499926141463220119e-04
2.967778407037258148e-02
2.137832939624786377e-01
8.172363741323351860e-04
6.194805502891540527e-01
8.347003906965255737e-02
5.823803803650662303e-05
1.236950538441305980e-06
5.707601904869079590e-01
9.313964098691940308e-02
2.003464475274085999e-02
1.285887975245714188e-02
1.578175761096645147e-05
1.620800001546740532e-03
6.790854930877685547e-01
8.671743273735046387e-01
9.128771722316741943e-02
4.310775101184844971e-01
4.676030483096837997e-03
8.518680516544918646e-08
2.804899956743156508e-08
2.858627121895551682e-03
6.532998085021972656e-01
4.325329427956603467e-06
9.874509123619645834e-05
3.358067013323307037e-03
5.251881666481494904e-04
1.185905348393134773e-04
1.114975884556770325e-01
1.094066351652145386e-01
3.809572081081569195e-05
5.731386542320251465e-01
3.161397471558302641e-04
6.986310482025146484e-01
1.426336552867724095e-06
6.805405486375093460e-03
9.950825478881597519e-04
6.307995136012323201e-06
6.485264748334884644e-03
6.818084716796875000e-01
1.339179289061576128e-04
1.053889840841293335e-02
6.351963281631469727e-01
1.568614244461059570e-01
6.818355321884155273e-01
3.936076154786860570e-06
9.916810995491687208e-06
9.876487851142883301e-01
1.291222288273274899e-04
7.006753981113433838e-02
5.521733328350819647e-06
5.587591440416872501e-04
5.579218864440917969e-01
1.475563049316406250e-01
6.832268834114074707e-01
1.840859465301036835e-02
2.817888185381889343e-02
1.205989047884941101e-01
5.215542316436767578e-01
6.936499476432800293e-01
4.622850974556058645e-05
6.862745503894984722e-04
7.551482412964105606e-04
5.845091891387710348e-06
1.416068516846280545e-05
9.070013649761676788e-03
5.386537872254848480e-03
2.460737824440002441e-01
1.211858838796615601e-01
4.508172537498467136e-07
4.995249582862015814e-06
9.504989534616470337e-02
3.489141585305333138e-03
1.027404423803091049e-02
1.133573986589908600e-02
9.997170868913940467e-10
1.011896878480911255e-03
5.118956687510944903e-05
1.686304074155486887e-07
8.822084218263626099e-02
1.817840384319424629e-03
2.452108560646593105e-07
1.746507585048675537e-01
6.560629373097981443e-09
7.332662343978881836e-01
1.268337541660002898e-06
1.800879649817943573e-02
5.904475599527359009e-02
1.131206008722074330e-04
3.240742906928062439e-02
1.042000832967460155e-03
7.342730760574340820e-01
3.893484920263290405e-02
9.527777321636676788e-03
6.450678408145904541e-02
6.861799955368041992e-01
6.861049532890319824e-01
2.557795220070602227e-08
6.494860649108886719e-01
2.658023312687873840e-02
6.702900918753584847e-06
3.147612915199715644e-06
2.063483634628937580e-06
5.399802923202514648e-01
1.447342485189437866e-01
3.429132339078933001e-04
1.350911706686019897e-02
6.434436272684251890e-08
1.234781811945140362e-04
1.291700173169374466e-04
8.410920418100431561e-05
4.581329971551895142e-02
2.277915191370993853e-04
6.948981881141662598e-01
4.573242040351033211e-05
6.766674518585205078e-01
4.139443039894104004e-01
2.349092513322830200e-01
7.759444713592529297e-01
3.728621304035186768e-01
3.030458986759185791e-01
2.658603648342250381e-07
7.026304006576538086e-01
7.130886316299438477e-01
2.298978902399539948e-02
3.857550397515296936e-02
4.715584509540349245e-04
3.784974217414855957e-01
8.270064136013388634e-04
1.625835001468658447e-01
1.657377183437347412e-02
4.629502200259594247e-06
4.302786588668823242e-01
3.124445768776240584e-08
1.488218433223664761e-03
7.423768977332656505e-08
3.771801292896270752e-02
7.234306309555904591e-08
6.225952506065368652e-01
2.025871910154819489e-02
9.707465054020758544e-09
4.963125732615480956e-08
8.679078309796750546e-04
8.028620854020118713e-03
1.680666628089966252e-08
1.045182287384704978e-07
2.464453885409056966e-08
6.956266815905109979e-07
2.924610331689336817e-09
6.089528596930904314e-06
3.533598413874017297e-10
1.707794763206038624e-05
1.836663250287529081e-05
1.095906032588800372e-08
8.363516826648265123e-05
6.177332920742628630e-07
2.703031525015830994e-03
6.488906219601631165e-04
2.211562266651867503e-09
1.530773006379604340e-04
2.049304157480946742e-06
5.431450844639584830e-09
8.600564704863700172e-12
5.343231350707355887e-06
3.341456176713109016e-04
2.909915019699838012e-05
3.538075089454650879e-01
1.201257902039287728e-07
4.145285056438297033e-04
3.096700087189674377e-02
3.041695345018524677e-05
2.075373049592599273e-05
3.558334719855338335e-05
1.526659179944545031e-04
3.827064221084697238e-10
2.742327254168230866e-09
2.571916191129730578e-08
1.230407860930426978e-06
4.766293955071887467e-07
5.403409712016582489e-03
2.480999380350112915e-02
3.048636135645210743e-04
1.902784788399003446e-05
1.150613559985913525e-08
9.296283565163321327e-08
3.811339688297721295e-09
6.630166171817108989e-05
1.793302944861352444e-04
1.011010044749127701e-05
2.647083247042658627e-11
3.260450576192397421e-09
7.900258225390643929e-09
6.983876228332519531e-03
1.527575543150305748e-03
5.759989842772483826e-03
5.172306600798037834e-07
5.662714247591793537e-04
2.746468235272914171e-04
5.881906517402057943e-08
7.046120572340441868e-06
3.713631667778827250e-05
1.719640039254954900e-07
3.895868516679001914e-08
8.988823537947610021e-06
9.333375738940219435e-11
2.519212571883144847e-08
9.117073495872318745e-04
2.032386328210122883e-05
2.355094067752361298e-03
6.304356793407350779e-05
1.269549647986423224e-05
8.334273844957351685e-02
1.157933553486145684e-07
1.330105803276637744e-08
6.790854930877685547e-01
8.030525577851221897e-09
3.485175548121333122e-03
1.090191581454291736e-08
1.241289637982845306e-02
1.812185109884012491e-05
1.569311693310737610e-02
6.296836829733365448e-08
2.548013580963015556e-03
1.232297495007514954e-01
4.298014118830906227e-06
2.325100751932041021e-07
2.108799666166305542e-02
7.601651252908681045e-11
2.452401659525094146e-08
1.846068501472473145e-01
9.347118975711055100e-06
3.497184079606086016e-04
2.201290772063657641e-04
2.866991097107529640e-03
5.366456136107444763e-02
5.118233730172505602e-07
1.298626557399984449e-07
5.774243618361651897e-06
2.079984597003203817e-06
8.060751133598387241e-05
2.632616258324560476e-07
3.771551071451995085e-09
1.034086868166923523e-01
4.381572580314241350e-05
1.106507610529661179e-02
9.436825348529964685e-05
2.196704826928908005e-07
8.802562952041625977e-02
6.062871217727661133e-02
5.853001638911337068e-08
1.329765766859054565e-01
2.695754801607108675e-07
8.294246799778193235e-05
1.427191818947903812e-05
9.389777915203012526e-06
1.036601315718144178e-05
2.011026117543224245e-05
3.182067535817623138e-03
2.646970926889480324e-07
2.545312163420021534e-04
8.008373129086976405e-07
3.038631124496760094e-09
6.819117515988182276e-06
2.050822844879007789e-09
9.749590158462524414e-01
1.456338054595107678e-06
4.143010698953730753e-07
8.180108125088736415e-05
3.784674163398449309e-06
5.424552597105503082e-03
8.957601967267692089e-04
7.971373179316287860e-07
3.132450627163052559e-03
5.975977046546177007e-08
2.018839877564460039e-04
2.667437160042140931e-09
1.147421062341891229e-04
1.828693598326935899e-06
2.492130590781016508e-07
2.452884757531137438e-07
3.845661412924528122e-04
3.001745296771218818e-09
8.168842032318934798e-05
1.450324443874606573e-10
1.952266529769985937e-06
1.707430492388084531e-04
7.936092093586921692e-03
1.535970077384263277e-04
1.452962518669664860e-03
2.961632183939855167e-08
2.634752076119184494e-03
4.671453979199213791e-08
9.808210279516060837e-07
2.972424044855870306e-05
1.711478253128007054e-04
4.310754775360692292e-06
7.584409104310907423e-06
1.666722710069734603e-06
2.713725261855870485e-04
3.763576969504356384e-04
5.685140358480111900e-09
2.390942536294460297e-02
5.888863233849406242e-05
2.047073096036911011e-01
4.858238697052001953e-01
1.273654248734601424e-07
1.409940040275614592e-07
1.484840481680294033e-06
1.875851012300699949e-07
5.607465482171392068e-06
2.008873025260982104e-06
1.101596924790726462e-09
8.805233985185623169e-03
7.265138556249439716e-04
2.583692222833633423e-02
1.434955447621177882e-05
7.103373063728213310e-04
1.581917672410781961e-07
2.732812617978197522e-06
1.798146753571927547e-03
1.476500630378723145e-01
3.623379711825691629e-07
2.326388859330563719e-09
1.222954688273603097e-05
3.178034210577607155e-03
1.054755630320869386e-04
4.000399371761886869e-07
8.695615179021842778e-06
2.305707894265651703e-03
1.309660524129867554e-01
7.577119860798120499e-03
2.154889102712331805e-07
2.086316271743271500e-06
2.297792671015486121e-04
5.105457723253437052e-10
1.983063339139334857e-05
8.979808771982789040e-04
3.372929859324358404e-05
1.074366082320921123e-04
5.438034888356924057e-03
9.862863953458145261e-05
3.824215966119481891e-08
9.097564965486526489e-03
1.082140579819679260e-01
9.498899089521728456e-07
1.454868424843880348e-06
2.876300131902098656e-04
4.320181615184992552e-04
3.529657899292715229e-09
3.397852424313896336e-06
5.368599886423908174e-06
1.844640848958079005e-07
3.879297582898288965e-05
5.091909319162368774e-03
8.421916497525216982e-09
6.452312391047598794e-07
6.918377280235290527e-01
3.785348962992429733e-05
9.518606736147461334e-11
1.849252171814441681e-02
3.316988905766038442e-09
4.135939161642454565e-05
1.207967507070861757e-04
1.794104065311330487e-08
6.293378760346968193e-07
5.331657666829414666e-05
8.465827559120953083e-04
1.269217409571865574e-05
3.008381554536754265e-06
4.660404920578002930e-01
3.531841138992852791e-11
2.798791683744639158e-04
2.551367040723562241e-03
1.446329861209960654e-06
2.107635606080293655e-03
6.380327939987182617e-01
2.601273990876507014e-05
1.531769521534442902e-05
1.517554819583892822e-01
1.168542949017137289e-04
3.596385340642882511e-07
5.682273851448371715e-08
1.790233909559901804e-05
6.065150257200002670e-03
8.639437396595894825e-07
5.439031124114990234e-02
1.789184403605759144e-03
9.068266422218584921e-07
9.697493806015700102e-05
1.431074139190968708e-07
1.926313416333869100e-06
1.979077933356165886e-03
8.323901984352843897e-11
7.780045940819491079e-09
1.472616895625833422e-05
2.655257703736424446e-04
3.147769893985241652e-05
8.863668199410312809e-07
6.279188990592956543e-01
2.977468830067664385e-04
3.527157604694366455e-01
3.473279866739176214e-05
7.957436173455789685e-05
4.331417439971119165e-04
6.896760181181182947e-13
1.696493168168444754e-09
6.643028171993137221e-08
6.869834834333232720e-08
1.231942587764933705e-04
1.278954300687473733e-06
2.821420785039663315e-04
3.723419350620815749e-10
6.414255499839782715e-01
9.304539361210117931e-09
3.868751809932291508e-04
6.979618660807318520e-08
3.711782097816467285e-01
2.368948628372891108e-07
5.454853773117065430e-01
1.825991614856636858e-13
2.486348152160644531e-02
6.287008247340963862e-09
1.588948705943948880e-08
1.261668076040223241e-04
1.437295651385284145e-07
3.571354341147525702e-07
3.092312812805175781e-02
3.014036454260349274e-03
4.183686641567874176e-08
2.109689870849251747e-03
3.000090364366769791e-04
4.828569100112645174e-09
5.705779585696291178e-06
1.667334884405136108e-02
7.418587058782577515e-02
7.117973745141004116e-12
1.752980892888444941e-06
3.161429731335374527e-07
-0.000000000000000000e+00
-0.000000000000000000e+00
-0.000000000000000000e+00
-0.000000000000000000e+00
-0.000000000000000000e+00
-0.000000000000000000e+00
-0.000000000000000000e+00
-0.000000000000000000e+00
-0.000000000000000000e+00
-0.000000000000000000e+00
-0.000000000000000000e+00
-0.000000000000000000e+00
-0.000000000000000000e+00
-0.000000000000000000e+00
-0.000000000000000000e+00
-0.000000000000000000e+00
-0.000000000000000000e+00
-0.000000000000000000e+00
-0.000000000000000000e+00
-0.000000000000000000e+00
-0.000000000000000000e+00
-0.000000000000000000e+00
-0.000000000000000000e+00
-0.000000000000000000e+00
-0.000000000000000000e+00
-0.000000000000000000e+00
-0.000000000000000000e+00
-0.000000000000000000e+00
-0.000000000000000000e+00
-0.000000000000000000e+00
-0.000000000000000000e+00
-0.000000000000000000e+00
-0.000000000000000000e+00
-0.000000000000000000e+00
-0.000000000000000000e+00
-0.000000000000000000e+00
-0.000000000000000000e+00
-0.000000000000000000e+00
-0.000000000000000000e+00
-0.000000000000000000e+00
