7.356269359588623047e-01
8.283425501076635555e-08
6.436532567022368312e-05
5.996171967126429081e-05
1.646796736167743802e-04
2.514009977971909393e-08
9.077199548482894897e-02
2.585764229297637939e-02
1.243370845913887024e-01
2.052706182003021240e-01
6.867117248475551605e-03
6.792378144382382743e-07
1.937823742628097534e-01
9.847161891229916364e-06
7.176660299301147461e-01
1.116429557441733778e-04
3.232970584576833062e-06
5.813888311386108398e-01
3.235967596992850304e-04
6.535258293151855469e-01
1.794421114027500153e-02
1.331979930400848389e-01
2.195743843913078308e-03
5.426871776580810547e-01
3.051395062357187271e-03
4.893149714916944504e-03
1.348920315504074097e-01
3.863409801851958036e-04
4.093978106975555420e-01
8.597303628921508789e-01
4.839438572525978088e-02
1.939371031767223030e-06
5.258449539542198181e-02
8.523093909025192261e-02
3.987172842025756836e-01
4.200710728764533997e-02
6.028633564710617065e-03
1.396517036482691765e-04
3.295916616916656494e-01
2.437912044115364552e-04
4.653464537113904953e-03
1.718779327347874641e-03
7.096074521541595459e-03
3.754411041736602783e-01
2.589052928669843823e-05
8.148604538291692734e-04
4.126419126987457275e-01
3.777963519096374512e-01
2.214137613773345947e-01
2.805695310235023499e-02
6.921956539154052734e-01
6.085482239723205566e-01
2.903885766863822937e-02
5.100466012954711914e-01
1.068632482201792300e-04
1.140961516648530960e-02
6.579168140888214111e-02
2.496351301670074463e-02
1.856438219547271729e-01
7.032107561826705933e-02
8.304467883135657758e-06
1.654020452406257391e-04
6.168106943368911743e-02
2.327642217278480530e-02
6.981798833294305950e-06
6.719452738761901855e-01
1.912886044010519981e-03
5.888521298766136169e-02
1.304396539926528931e-01
1.719344174489378929e-03
8.890226599760353565e-04
5.997198224067687988e-01
5.083001255989074707e-01
4.136037081480026245e-03
1.303342287428677082e-05
8.044414222240447998e-02
2.105121761560440063e-01
3.155159354209899902e-01
5.242928637017030269e-06
4.669300746172666550e-03
9.354972839355468750e-01
1.110152370529249310e-04
2.058738097548484802e-02
4.055950557813048363e-04
5.901182889938354492e-01
1.700172871351242065e-01
1.026421859860420227e-01
5.809245258569717407e-02
6.798462237611602177e-08
5.771468859165906906e-04
3.693698048591613770e-01
5.173946544528007507e-02
1.421182751655578613e-01
1.410561935699661262e-06
1.701929818409553263e-06
2.956755831837654114e-02
6.145277991890907288e-02
1.721922541037201881e-03
3.589741289615631104e-01
6.991347670555114746e-01
7.674039602279663086e-01
2.173546236008405685e-03
3.274542689323425293e-01
1.197168239741586149e-05
6.546910405158996582e-01
2.027301350608468056e-03
1.149995326995849609e+00
1.204630881547927856e-01
2.544840249640856200e-08
1.878124385257251561e-05
5.685110954800620675e-05
3.106625983491539955e-03
5.240673422813415527e-01
5.054586529731750488e-01
9.293961524963378906e-02
1.554446527052277816e-07
3.484260741970501840e-05
5.673364996910095215e-01
6.185566782951354980e-01
4.572685342282056808e-03
4.079687187186209485e-06
3.267804277129471302e-05
1.243607257492840290e-03
6.956341862678527832e-01
1.888629980385303497e-03
1.022613359964452684e-04
6.495718116639181972e-05
6.371152400970458984e-02
4.766375641338527203e-04
2.120473436661995947e-05
8.676430583000183105e-02
3.612844645977020264e-01
7.689024209976196289e-01
3.985280372376109881e-08
9.635517001152038574e-02
6.813690531998872757e-03
6.314836582532734610e-07
1.391859001387274475e-07
1.217545289546251297e-02
1.824303908506408334e-04
3.503207564353942871e-01
7.602100260555744171e-03
6.459745764732360840e-02
4.379588663578033447e-01
7.417286932468414307e-02
1.101428006222704425e-05
9.100612951442599297e-04
1.971790516108740121e-05
1.818300634622573853e-01
6.389706134796142578e-01
2.144898101687431335e-02
1.462622452527284622e-02
6.871847435832023621e-03
1.252930669579654932e-04
1.377475473418598995e-05
4.698946140706539154e-03
1.842666417360305786e-02
2.068936155410483479e-04
1.343211333733052015e-04
2.796804904937744141e-01
4.761897187677277543e-08
1.317618489265441895e-01
2.458301335573196411e-01
1.275438698939979076e-03
4.741754233837127686e-01
2.115411007252987474e-05
1.445265114307403564e-01
3.362437710165977478e-03
9.697183966636657715e-02
2.573226083768531680e-06
1.304482866544276476e-04
2.304825757164508104e-04
7.724518775939941406e-01
2.296899631619453430e-02
4.148591324337758124e-05
6.841040849685668945e-01
5.616697671939618886e-05
1.332354843616485596e-01
4.251141101121902466e-02
5.494601130485534668e-01
3.139025866985321045e-01
1.645318698137998581e-03
3.273323923349380493e-02
1.724074390949681401e-04
1.178014674223959446e-03
9.538276121020317078e-03
2.897511585615575314e-04
1.328147045569494367e-04
8.709604735486209393e-04
8.538734982721507549e-04
1.463819444179534912e-01
1.365665320918196812e-05
2.155895926989614964e-04
2.681057900190353394e-02
1.024696696549654007e-02
8.704304121920358739e-08
2.255794703960418701e-01
6.560246944427490234e-01
1.500189900398254395e-01
1.707964539527893066e-01
1.408058851957321167e-01
6.111375056207180023e-03
2.748620808124542236e-01
2.016139924526214600e-01
2.713468575166189112e-06
7.107838988304138184e-02
1.680650562047958374e-02
5.380029324442148209e-03
1.324805896729230881e-03
1.377636333927512169e-03
8.487110733985900879e-01
6.916633574292063713e-04
2.424878627061843872e-01
4.552661478519439697e-01
1.110029071569442749e-01
1.158456507255323231e-05
6.174531881697475910e-05
2.378748357295989990e-02
4.830386751564219594e-05
1.156124472618103027e-02
4.719291755463927984e-04
1.822542108129709959e-04
7.300392026081681252e-04
4.172732830047607422e-01
1.376108545809984207e-02
9.401679039001464844e-03
9.463991736993193626e-04
5.226814001798629761e-02
3.693796321749687195e-02
6.547847986221313477e-01
1.813631802797317505e-01
4.043754935264587402e-01
2.686427433218341321e-05
7.506244815886020660e-03
7.351686954498291016e-01
2.566300332546234131e-03
7.423529773950576782e-02
4.004848375916481018e-02
1.671794801950454712e-02
2.291728160344064236e-04
5.048052480560727417e-05
1.047628393280319870e-05
5.513339042663574219e-01
1.406625360250473022e-01
3.144570589065551758e-01
2.706283412408083677e-04
2.864049974959925748e-07
2.310663603566354141e-06
3.101248741149902344e-01
2.518473565578460693e-02
6.185520291328430176e-01
4.212669409753289074e-06
4.826988279819488525e-02
6.871057748794555664e-01
7.812838554382324219e-01
7.018991163931787014e-05
4.931818321347236633e-02
2.674941439181566238e-03
2.445983118377625942e-04
5.592443421483039856e-02
6.982849836349487305e-01
1.689535379409790039e-01
7.890912145376205444e-02
3.939323127269744873e-02
3.519661840982735157e-04
6.255502104759216309e-01
7.117951661348342896e-02
9.954950213432312012e-01
4.523162245750427246e-01
2.714488506317138672e-01
8.944669961929321289e-01
5.385141819715499878e-02
1.804407656891271472e-05
4.309478700160980225e-01
1.751753687858581543e-02
1.439083740115165710e-02
1.731629832647740841e-03
6.704363226890563965e-01
1.161920081358402967e-04
4.655168056488037109e-01
9.310263395309448242e-02
5.817416906356811523e-01
1.530593726783990860e-04
2.181111369282007217e-03
2.699263313843403012e-05
9.233565023691880924e-09
1.519080996513366699e-01
4.338784143328666687e-02
4.297119081020355225e-01
3.092944680247455835e-04
4.044667817652225494e-03
8.314318838529288769e-04
6.657340012594659129e-09
3.170435503125190735e-02
7.571596652269363403e-04
2.510482045181561261e-05
3.717962652444839478e-02
1.004733324050903320e+00
8.370777322852518409e-06
3.720859065651893616e-02
7.106025218963623047e-01
3.922032415866851807e-01
4.261354624759405851e-04
9.862647857517004013e-04
2.310399577254429460e-04
2.189536907337696903e-08
4.088672721991315484e-05
2.424309253692626953e-01
1.004326236397901084e-06
5.288915053824894130e-05
5.440740585327148438e-01
1.020977855660021305e-03
9.753277301788330078e-01
4.508427809923887253e-03
7.250660099089145660e-03
6.545735597610473633e-01
1.333250105381011963e-01
3.196456655859947205e-02
1.458860933780670166e-01
3.585505113005638123e-02
8.260211075139523018e-07
6.716340184211730957e-01
6.675980091094970703e-01
5.526034161448478699e-02
4.927262291312217712e-02
3.362280130386352539e-01
5.876944065093994141e-01
3.092383965849876404e-03
3.630838990211486816e-01
1.083729293895885348e-04
1.240418404340744019e-01
1.607610285282135010e-01
1.361882090568542480e-01
2.228071093559265137e-01
6.445192098617553711e-01
7.439594268798828125e-01
3.975036144256591797e-01
1.593831693753600121e-03
1.469017118215560913e-01
7.800550460815429688e-01
8.230857201851904392e-05
5.734424591064453125e-01
3.515368734952062368e-05
1.774365603923797607e-01
4.691164493560791016e-01
1.653206795454025269e-01
6.529480963945388794e-02
1.422101557254791260e-01
6.337026134133338928e-03
1.718503087759017944e-01
6.291468707786407322e-06
1.047693610191345215e+00
7.468034327030181885e-02
6.456547998823225498e-05
1.642987877130508423e-01
4.438594728708267212e-02
6.859742403030395508e-01
6.847231984138488770e-01
1.847928069764748216e-05
7.483401149511337280e-02
4.730818867683410645e-01
7.888401299715042114e-02
1.812988966703414917e-01
1.057260762900114059e-02
3.690312504768371582e-01
2.975022494792938232e-01
8.368195034563541412e-03
9.620534181594848633e-01
1.977497711777687073e-02
1.674513769103214145e-04
1.384280505590140820e-03
3.240915481001138687e-03
3.582893610000610352e-01
9.299702644348144531e-01
3.536885196808725595e-04
7.017866300884634256e-05
3.330189792905002832e-04
1.043309867382049561e-01
2.119963243603706360e-02
3.211302310228347778e-02
3.000597655773162842e-01
1.321575155088794418e-06
6.226028203964233398e-01
3.754415363073348999e-02
9.503681794740259647e-04
5.053223371505737305e-01
1.764302623996627517e-06
3.787007331848144531e-01
4.697106033563613892e-02
2.897105813026428223e-01
7.507556676864624023e-02
6.519259810447692871e-01
1.113198067059784080e-07
3.102704882621765137e-01
5.130359786562621593e-04
4.196760419290512800e-04
2.642457783222198486e-01
6.512673280667513609e-06
1.811372232623398304e-03
3.350922488607466221e-04
5.491526797413825989e-02
5.100797861814498901e-03
2.698231185149779776e-07
1.124964983318932354e-04
2.689637616276741028e-02
2.417132491245865822e-03
1.219281405210494995e-01
2.629758417606353760e-02
1.018499210476875305e-01
4.595218896865844727e-01
2.252169506391510367e-04
4.252620041370391846e-03
9.283507615327835083e-02
7.524628937244415283e-02
5.313112633302807808e-04
5.137286498211324215e-04
6.853689439594745636e-03
6.682333350181579590e-01
3.710170509293675423e-03
9.886789135634899139e-03
2.844617993105202913e-04
4.667473137378692627e-01
7.729414850473403931e-02
7.245432352647185326e-04
3.534789383411407471e-02
5.385576150729320943e-05
1.850171538535505533e-04
3.451386392116546631e-01
3.814491629600524902e-02
1.923432201147079468e-02
4.235484451055526733e-02
4.062104504555463791e-03
6.476214621216058731e-04
4.626530781388282776e-02
2.108141034841537476e-01
8.978129480965435505e-04
6.163874058984220028e-05
1.758185029029846191e-01
2.431167813483625650e-04
5.960709452629089355e-01
1.582153490744531155e-03
5.718204975128173828e-01
1.802396262064576149e-03
4.540554073173552752e-04
3.534154891967773438e-01
1.736599515425041318e-04
2.490568294888362288e-05
8.250697851181030273e-01
3.228364745154976845e-03
3.597089380491524935e-05
1.312787771224975586e+00
5.136613253853283823e-05
8.360143983736634254e-04
1.355255953967571259e-02
6.335984915494918823e-03
1.720894360914826393e-04
2.374251633882522583e-01
4.640470763206394622e-07
7.989617437124252319e-02
3.720920300111174583e-03
7.280927151441574097e-02
1.034627202898263931e-02
6.909446716308593750e-01
1.620596594875678420e-05
5.289150476455688477e-01
3.610556200146675110e-02
1.866785138845443726e-01
3.165037836879491806e-03
5.771474242210388184e-01
6.287284493446350098e-01
7.085937261581420898e-01
6.371794641017913818e-02
3.015582822263240814e-02
1.128080114722251892e-01
3.813476562500000000e-01
3.042685799300670624e-03
1.556010283820796758e-05
6.933426856994628906e-01
3.168324232101440430e-01
6.250877976417541504e-01
9.463690519332885742e-01
8.958517760038375854e-02
1.133801197283901274e-04
4.443566922418540344e-06
2.190796976719866507e-06
6.178864464163780212e-02
7.014173269271850586e-01
9.707523509860038757e-03
8.705342188477516174e-04
2.273316532373428345e-01
1.118493080139160156e+00
3.628286533057689667e-03
3.139270097017288208e-02
2.252663307444890961e-06
7.049329578876495361e-02
4.756916686892509460e-02
8.719610632397234440e-04
4.621166270226240158e-03
6.177350878715515137e-04
7.227449864149093628e-02
3.995861392468214035e-03
1.062213414115831256e-04
6.932964324951171875e-01
7.884244620800018311e-02
7.736943662166595459e-03
2.696425914764404297e-01
6.341256499290466309e-01
9.181258501484990120e-04
5.916501395404338837e-03
9.540169499814510345e-03
6.514510459965094924e-06
1.814259402453899384e-02
5.076123476028442383e-01
4.692013189196586609e-02
1.085072581190615892e-04
4.774829149246215820e-01
1.333888620138168335e-01
5.784189701080322266e-01
2.157411277294158936e-01
3.789090551435947418e-03
8.526076376438140869e-02
8.321147412061691284e-02
1.180533617734909058e-01
6.459987957896373700e-07
5.102237686514854431e-02
2.871412225067615509e-02
6.181111931800842285e-01
1.777376607060432434e-02
5.947948247194290161e-02
1.777152760951139499e-06
2.512959297746419907e-03
7.532055377960205078e-01
1.726345974020659924e-03
7.022897625574842095e-05
6.763768941164016724e-02
9.985201060771942139e-02
2.245636880397796631e-01
5.800482034683227539e-01
1.819539666175842285e-01
7.130619883537292480e-02
8.963805623352527618e-03
2.286818809807300568e-03
2.067567035555839539e-02
5.988648533821105957e-01
6.420153658837080002e-03
1.297795474529266357e-01
2.009851777984295040e-05
4.937861859798431396e-01
2.916660196206066757e-05
1.148493140935897827e-01
4.294870793819427490e-01
2.336461795493960381e-03
6.468375325202941895e-01
8.225991390645503998e-03
2.422300279140472412e-01
1.543926149606704712e-01
5.750037729740142822e-03
1.255978271365165710e-02
1.104413183128372111e-08
6.300970315933227539e-01
6.130802910774946213e-03
4.288127115614770446e-07
5.561747401952743530e-02
1.823839247226715088e-01
2.006367314606904984e-03
7.471055388450622559e-01
3.736877441406250000e-01
1.545239705592393875e-03
6.866270899772644043e-01
1.790383458137512207e-01
6.051325798034667969e-02
1.474391009281816878e-08
8.103182190097868443e-04
1.406839955598115921e-02
1.679229026194661856e-04
1.508526355028152466e-01
1.449766904115676880e-01
3.585135564208030701e-03
1.340190172195434570e-01
1.386849489063024521e-02
3.102917671203613281e-01
4.667305853217840195e-03
2.964170649647712708e-02
6.207863092422485352e-01
3.764846780995867448e-07
2.489323014742694795e-05
2.759287059307098389e-01
4.132406711578369141e-01
7.545288652181625366e-02
1.476043287595985021e-09
1.853790879249572754e-01
4.026944283396005630e-03
2.472832985222339630e-02
3.612089902162551880e-02
1.772625148296356201e-01
1.585769350640475750e-03
1.222046441398561001e-03
3.746247664093971252e-02
3.597507020458579063e-03
1.943679340183734894e-02
5.763137713074684143e-03
7.871425896883010864e-02
9.855545125901699066e-03
1.745662093162536621e-01
2.068953108391724527e-05
2.018546760082244873e-01
2.027975022792816162e-01
7.798964361427351832e-06
1.736788824200630188e-02
8.273302316665649414e-01
1.024686079472303391e-02
4.953963070875033736e-07
8.817569166421890259e-02
4.403781145811080933e-03
1.789972744882106781e-02
3.053417518827927779e-10
5.535235255956649780e-02
1.128371921367943287e-03
8.779774606227874756e-02
2.525005936622619629e-01
3.751232326030731201e-01
4.656041564885526896e-04
4.122964469832623990e-10
5.839815735816955566e-01
2.556123733520507812e-01
1.131011056713759899e-03
4.411750473082065582e-03
1.167715822703030426e-06
6.734066009521484375e-01
5.659640883095562458e-04
4.542363240034319460e-05
3.686589002609252930e-02
2.455995172567781992e-06
3.353098034858703613e-01
1.668830364942550659e-01
2.110312730073928833e-01
8.588823402533307672e-05
4.120686725173072773e-08
1.727663948258850724e-05
9.620534181594848633e-01
3.514326810836791992e-01
3.483763933181762695e-01
1.486072414991213009e-05
3.778095560846850276e-06
6.756350994110107422e-01
7.573921680450439453e-01
2.125737816095352173e-02
5.823099054396152496e-03
1.297795474529266357e-01
6.095948163419961929e-03
5.130359786562621593e-04
2.155170250262017362e-06
1.162548810243606567e-01
3.995861392468214035e-03
1.591138243675231934e-01
1.340564489364624023e-01
1.694060847512446344e-05
4.353215396404266357e-01
1.067585777491331100e-02
6.380083560943603516e-01
1.079051103442907333e-02
2.781809121370315552e-02
3.209386169910430908e-01
3.235850036144256592e-01
4.490141570568084717e-01
2.843093574047088623e-01
7.664250675588846207e-03
6.880468726158142090e-01
4.010356068611145020e-01
5.108593702316284180e-01
6.238522529602050781e-01
4.196760419290512800e-04
2.329513989388942719e-02
1.289500040002167225e-03
2.485592663288116455e-01
2.661117352545261383e-03
1.785026348954943387e-08
6.981798833294305950e-06
1.706523299217224121e-01
2.219063490629196167e-01
2.667249180376529694e-03
1.718653552234172821e-02
4.056117832660675049e-01
6.171692162752151489e-03
3.358867168426513672e-01
1.176680848002433777e-01
9.567903354763984680e-03
2.949743345379829407e-02
7.476825267076492310e-02
1.053053056239150465e-04
2.688603490241803229e-05
5.421411991119384766e-01
3.865703547489829361e-06
4.558603093028068542e-02
3.420269582420587540e-03
1.379887461662292480e+00
1.067874431610107422e-01
5.334152956493198872e-05
1.706455601379275322e-03
2.574479281902313232e-01
5.653648171573877335e-03
4.041923239128664136e-05
6.104292869567871094e-01
7.689024209976196289e-01
1.760586310410872102e-04
4.150270223617553711e-01
7.553991079330444336e-01
3.330189792905002832e-04
7.234497666358947754e-01
1.041919691488146782e-03
3.742488473653793335e-02
6.865367293357849121e-03
2.871412225067615509e-02
5.267802476882934570e-01
2.322641313076019287e-01
1.523908823728561401e-01
4.327308535575866699e-01
4.486094694584608078e-03
7.076596957631409168e-04
5.689454264938831329e-04
2.388115972280502319e-01
5.713649898098083213e-06
1.543257269077003002e-03
1.717895567417144775e-01
4.885181188583374023e-01
1.148228645324707031e-01
7.245432352647185326e-04
1.372320801019668579e-01
2.006367314606904984e-03
6.896856427192687988e-01
3.688136860728263855e-02
1.330003215116448700e-05
5.324386954307556152e-01
6.809302568435668945e-01
3.944530487060546875e-01
5.296161174774169922e-01
9.064358164323493838e-05
3.465254232287406921e-02
1.483685709536075592e-02
1.967857480049133301e-01
8.173636794090270996e-01
4.250023886561393738e-02
4.809128493070602417e-02
4.226749390363693237e-02
8.134225010871887207e-02
1.116058230400085449e-01
3.273251652717590332e-01
5.876944065093994141e-01
5.361184477806091309e-01
9.852567687630653381e-03
9.671874577179551125e-04
2.064596861600875854e-02
1.192235620692372322e-03
5.758613720536231995e-02
9.611957520246505737e-02
1.932382397353649139e-02
9.927207231521606445e-01
1.891579627990722656e-01
4.212669409753289074e-06
5.752485990524291992e-01
2.817786931991577148e-01
6.477400064468383789e-01
6.820173859596252441e-01
3.730176103999838233e-05
7.569523453712463379e-01
3.017405569553375244e-01
8.732896094443276525e-05
6.207863092422485352e-01
4.698193669319152832e-01
3.168324232101440430e-01
7.478164974600076675e-03
2.976044639945030212e-02
5.970741435885429382e-02
3.051776438951492310e-04
1.321575155088794418e-06
3.282196521759033203e-01
1.673884689807891846e-01
1.267448663711547852e+00
6.447257399559020996e-01
1.320659759329601002e-08
5.072047933936119080e-04
3.395029604434967041e-01
2.174703627824783325e-01
1.066938228905200958e-02
1.261371886357665062e-03
4.147387668490409851e-02
6.880351901054382324e-01
1.267737243324518204e-04
6.600298285484313965e-01
9.803671836853027344e-01
9.709604200907051563e-04
1.338966749608516693e-02
6.643508076667785645e-01
6.452307850122451782e-02
1.369922608137130737e-02
5.794809460639953613e-01
1.255645509809255600e-02
2.742068090810789727e-06
2.028030604124069214e-01
5.024172067642211914e-01
4.898329451680183411e-02
2.792985737323760986e-02
7.672695070505142212e-02
6.929317712783813477e-01
2.077985783444091794e-09
6.753032207489013672e-01
7.726665735244750977e-01
1.429000985808670521e-03
2.625880837440490723e-01
5.386796593666076660e-01
4.610489010810852051e-01
1.442292341380380094e-05
1.218181196600198746e-02
2.573190033435821533e-01
8.523093909025192261e-02
4.904649257659912109e-01
3.048757910728454590e-01
2.796418368816375732e-01
2.180820098146796227e-03
6.344326734542846680e-01
1.011582353385165334e-04
1.312025934457778931e-01
5.035127997398376465e-01
3.258398473262786865e-01
2.667973563075065613e-02
4.975087940692901611e-01
1.663582026958465576e-01
4.006045460700988770e-01
3.586669266223907471e-01
9.966422617435455322e-02
6.960833910852670670e-03
7.985241245478391647e-04
5.005815625190734863e-01
1.837103366851806641e-01
8.304467883135657758e-06
2.788531674013938755e-06
1.141865551471710205e-01
6.192303448915481567e-02
7.284753769636154175e-02
2.286818809807300568e-03
4.868850111961364746e-01
2.735652728006243706e-03
8.141038008034229279e-03
1.885038800537586212e-04
6.565076112747192383e-01
1.585769350640475750e-03
3.197547630406916142e-05
8.054144680500030518e-02
6.278586387634277344e-02
1.852795630693435669e-01
1.063993930816650391e+00
6.750441789627075195e-01
1.814259402453899384e-02
5.750037729740142822e-03
1.199980080127716064e-01
6.909782886505126953e-01
9.316352196037769318e-03
4.031599462032318115e-01
1.812428381526842713e-04
6.761437058448791504e-01
5.440279841423034668e-02
1.844698190689086914e-01
9.028371423482894897e-03
1.501554902642965317e-02
3.099536299705505371e-01
4.987753629684448242e-01
8.854939043521881104e-02
6.333701778203248978e-03
3.779034841500106268e-06
1.265516877174377441e-01
7.022897625574842095e-05
6.810218328610062599e-04
6.623703837394714355e-01
1.618049480020999908e-02
7.824583008186891675e-05
3.473527729511260986e-03
1.140961516648530960e-02
6.573743820190429688e-01
1.827433705329895020e-03
5.281744990497827530e-03
3.935242420993745327e-05
9.060948342084884644e-02
2.000327658606693149e-04
8.314318838529288769e-04
1.918906928040087223e-04
5.476871728897094727e-01
3.574690315872430801e-03
8.396867513656616211e-01
2.281159395352005959e-03
6.292281614150851965e-05
1.092658471316099167e-02
2.782130241394042969e-02
5.756569407822098583e-06
2.035644650459289551e-02
9.983147978782653809e-01
2.478406240697950125e-04
4.268235564231872559e-01
4.968808889389038086e-01
1.400783360004425049e-01
5.845512350788339972e-05
5.601251870393753052e-02
3.436392262301524170e-06
2.247204247396439314e-04
1.650102785788476467e-05
1.097797602415084839e-01
7.323890924453735352e-02
9.197436156682670116e-04
3.594872541725635529e-03
4.343339204788208008e-01
8.840327262878417969e-01
1.003916710615158081e-01
6.855975389480590820e-01
5.528565049171447754e-01
4.171725362539291382e-02
4.964246451854705811e-01
3.757681250572204590e-01
7.128974795341491699e-02
5.690622702240943909e-02
3.503207564353942871e-01
3.764846780995867448e-07
6.526308879983844236e-07
8.944669961929321289e-01
2.189536907337696903e-08
1.101118803024291992e+00
3.128287792205810547e-01
1.640302361920475960e-04
1.064502447843551636e-01
3.496777708278386854e-06
5.171283483505249023e-01
1.128080114722251892e-01
3.579604905098676682e-03
2.672085072845220566e-03
3.307350724935531616e-02
4.907948314212262630e-04
7.378567475825548172e-03
2.737542847171425819e-03
3.864956498146057129e-01
7.117044297046959400e-04
3.759163618087768555e-02
2.129242569208145142e-01
8.283425501076635555e-08
1.032269559800624847e-03
6.931061744689941406e-01
2.795038046315312386e-03
1.067189574241638184e-01
3.657248243689537048e-02
4.035083055496215820e-01
9.599799523130059242e-05
1.944842189550399780e-02
9.492528624832630157e-03
1.522496994584798813e-02
2.033547312021255493e-01
8.646132946014404297e-01
6.932722926139831543e-01
1.137009705416858196e-03
4.384890780784189701e-04
5.966831445693969727e-01
1.946254269569180906e-05
8.396185080528084654e-07
5.123177170753479004e-01
1.843935064971446991e-02
6.371016800403594971e-02
5.800482034683227539e-01
5.488632917404174805e-01
2.454321132972836494e-03
1.573509536683559418e-02
8.783935918472707272e-04
6.126249209046363831e-02
4.223284486215561628e-05
1.545239705592393875e-03
2.512959297746419907e-03
6.840021908283233643e-02
3.742524859262630343e-05
3.078029956668615341e-03
1.360331429168581963e-03
5.897781229577958584e-04
6.695165634155273438e-01
2.903885766863822937e-02
1.422101557254791260e-01
8.156870171660557389e-05
8.434730581939220428e-03
6.183855533599853516e-01
6.563474889844655991e-03
6.319344788789749146e-02
5.592443421483039856e-02
1.028801560401916504e+00
1.214964129030704498e-02
5.929907560348510742e-01
1.315251458436250687e-02
6.702157258987426758e-01
7.409974932670593262e-02
6.877851672470569611e-03
1.693720072507858276e-01
9.881440928438678384e-05
6.868489384651184082e-01
1.396214589476585388e-02
5.683069229125976562e-01
5.955551266670227051e-01
6.873346567153930664e-01
7.934817404020577669e-06
2.642457783222198486e-01
4.514317214488983154e-02
8.932185664889402688e-06
7.260161510203033686e-06
4.913818836212158203e-01
5.294972797855734825e-04
2.321535795927047729e-01
1.499584504927042872e-05
2.041476033627986908e-02
6.818712353706359863e-01
1.041237831115722656e+00
1.653060666285455227e-03
7.755099534988403320e-01
7.076242472976446152e-04
2.906080335378646851e-03
6.327304290607571602e-04
2.812920510768890381e-01
2.439970225095748901e-01
1.395827066153287888e-02
4.846816882491111755e-03
1.388262957334518433e-01
6.781008839607238770e-02
2.686427433218341321e-05
4.374768650450278074e-06
2.223726809024810791e-01
6.316183316812384874e-06
1.996868522837758064e-04
1.032142565859928141e-10
1.770489088670501587e-09
1.375559222651645541e-04
1.681535799491484795e-09
4.631569794355527847e-09
1.683867765223112656e-07
2.296310776728205383e-05
3.270258457632735372e-05
7.612102788379093710e-12
3.530623970959823055e-08
7.539556756697152196e-10
6.140381097793579102e-03
4.747311166397594207e-08
1.555736671434715390e-04
1.815420631601227797e-07
1.618830137886106968e-03
1.202482526423409581e-04
2.196796558564528823e-04
8.283613715320825577e-05
6.874687969684600830e-03
2.942900891866884194e-07
8.464641869068145752e-04
1.299580105751374504e-07
3.200905025005340576e-01
7.800164958382538316e-10
9.044295438798144460e-06
5.543059523915871978e-05
1.445793895982205868e-04
2.737881032999212039e-10
4.248286611385765354e-09
4.767219934365130030e-07
3.149914741516113281e-02
3.656214976217597723e-04
1.840573968365788460e-04
6.807479541748762131e-03
6.452733032347168773e-06
1.654337029322050512e-05
6.674070358276367188e-01
5.386415719985961914e-01
4.071708803454754388e-10
5.173966055735945702e-04
1.412496640114113688e-04
5.624403343063022476e-07
5.364120472222566605e-03
1.649290425120852888e-06
6.067494950912077911e-07
3.698329403140077076e-12
8.915212750434875488e-02
3.753533819690346718e-03
1.894273509606136940e-06
3.281888666606391780e-06
5.877906605888938429e-09
2.453283798331540311e-09
4.457907343748956919e-04
2.005413364258856745e-07
7.352061402343679219e-06
2.297325618565082550e-02
3.562477068044245243e-04
5.444432608783245087e-03
4.422193742357194424e-04
3.942270763218402863e-03
1.625863610410505089e-10
1.282093009535856254e-08
5.578116315518855117e-07
8.896353538148105145e-04
9.505696652922779322e-06
7.206635928014293313e-06
6.359834969771327451e-08
4.325808333760505775e-07
3.295199064723419724e-07
2.911045448854565620e-03
4.422403872013092041e-04
1.032140692358574086e-10
1.309166219876090054e-09
2.078466059174388647e-05
1.247800263115550479e-08
9.988883137702941895e-02
6.045573391020298004e-04
8.203936158679425716e-05
6.698006181977689266e-04
1.282009431946562472e-08
9.532933472655713558e-05
1.608952970855170861e-08
1.981337049983267207e-08
4.141713816352421418e-06
7.908034021966159344e-04
1.123493630439043045e-02
6.414476665668189526e-04
3.344049036968499422e-04
1.628182530403137207e-01
9.628367479308508337e-06
2.924113650806248188e-04
2.027554302230782923e-08
5.157162874525056395e-08
5.108680625198758207e-07
1.813631802797317505e-01
7.355626166827278212e-06
3.699399530887603760e-02
2.719161784625612199e-09
3.414124017581343651e-03
2.735442876655724831e-07
3.989336546510457993e-04
5.021597025915980339e-04
1.970843328535920591e-07
6.465748811024241149e-06
3.445342415943741798e-03
1.032041785364867792e-09
2.763942175079137087e-04
7.630007985426345840e-07
7.809921953594312072e-06
6.328154666945806639e-11
7.653271779417991638e-03
1.487514145992463455e-05
6.363698048517107964e-07
4.552835889626294374e-05
2.068635149043984711e-05
2.983960456504064496e-08
2.296625751796455006e-07
5.371930077672004700e-02
3.088437381393305259e-07
3.705408062160131522e-06
3.133336008431797381e-07
6.853368983428254069e-10
9.607315405446570367e-06
8.869582961779087782e-05
6.717260839650407434e-05
9.807760216062888503e-05
2.994183003902435303e-01
4.671372100710868835e-02
2.514521838747896254e-06
2.256152811241918243e-07
9.328392334282398224e-03
5.309300613589584827e-04
1.982704997062683105e-01
7.394630463508633511e-10
4.894766334473388270e-06
3.383699004189111292e-05
2.331751289830208407e-07
6.185740828514099121e-01
3.014078538399189711e-05
1.914441781991627067e-05
5.732658223678299692e-07
3.147264360450208187e-04
6.242251715526947464e-10
7.158075277402531356e-06
5.652740497907871031e-09
2.927333815023303032e-03
6.649678585546325849e-10
4.313149303197860718e-02
9.356851293773615907e-09
1.230419911735225469e-06
5.459809826469097516e-10
6.915493599990440998e-07
6.717476248741149902e-01
2.037707890849560499e-04
9.097604197449982166e-05
4.690678790211677551e-03
1.946104748640209436e-05
6.522136004605272319e-07
1.514983829110860825e-02
2.946179592981934547e-04
3.647155688568659571e-09
1.186620102089364082e-05
5.160070770671154605e-08
4.129494968196922855e-09
6.430548429489135742e-02
1.254264789167791605e-04
2.412206434598829219e-08
1.497753032708715182e-08
2.324355154996737838e-04
4.270127362815401284e-08
8.994607014756184071e-08
1.040027655108133331e-07
1.669792532920837402e-01
1.515099219977855682e-02
1.868208199739456177e-01
2.563887546713772281e-09
1.959321647882461548e-02
4.854929074645042419e-02
1.544050860502466094e-06
1.293369336053729057e-03
7.726725925749633461e-10
3.005542339451494627e-07
3.264556080102920532e-02
3.152477445755863528e-10
2.594987303018569946e-02
4.226418386679142714e-04
2.027301350608468056e-03
1.325962699638694176e-07
9.836615622043609619e-02
8.681094186613336205e-06
1.139643572969362140e-04
1.745991408824920654e-03
1.179605646939307917e-06
4.420121967996237800e-06
1.055581597029231489e-04
1.806355430744588375e-04
3.726834307826720760e-08
6.398845471267122775e-07
1.147122704423964024e-03
1.994683407247066498e-04
1.615475525795773137e-06
1.083560885462020451e-08
3.039149305550381541e-05
3.429193284887332993e-08
6.778519491490442306e-06
1.907406840473413467e-06
2.246634434044381123e-09
1.309420667894301005e-06
6.639295723289251328e-03
6.475923955440521240e-02
4.669685949920676649e-05
3.803968429565429688e-02
3.476487790976534598e-07
1.571354550833348185e-05
3.560531331459060311e-05
5.823413375765085220e-03
6.897210329771041870e-02
5.429388920674682595e-07
1.226199697335061956e-09
1.069243262463714927e-05
3.156121965730562806e-05
9.928602958098053932e-04
3.785258741118013859e-05
9.511499365899567238e-10
1.829492930482956581e-07
2.164834711493313080e-07
1.548589934827759862e-04
1.914232106159374780e-09
8.006555418660354917e-09
3.254742186982184649e-04
3.808892506640404463e-04
1.903794509416911751e-05
4.636828805359982653e-07
4.826180156669579446e-05
3.072120016440749168e-04
9.718211949802935123e-04
1.519509442005073652e-05
3.251595626352354884e-05
6.503410787672692095e-08
5.256290435791015625e-01
2.644697190135048004e-07
7.707273471169173717e-05
4.294752434361726046e-04
1.272648653127816942e-10
4.905590415000915527e-02
3.622318617999553680e-04
8.748410209591384046e-07
3.910980705956745851e-10
2.803558572850306518e-06
3.900603624060750008e-04
6.269269761105533689e-06
4.549599718302488327e-03
2.325763581723094831e-08
3.887874307110905647e-03
5.867251928748373757e-08
2.407038550700235646e-07
6.658038009810240965e-10
2.866815193556249142e-04
4.743605852127075195e-02
1.641322455725457985e-07
5.504493713378906250e-01
7.148208425178381731e-08
2.297575036891430500e-07
1.786748725862707943e-05
7.247460871440125629e-06
3.111116029322147369e-02
2.759267536678322585e-10
2.731122076511383057e-01
9.851381764747202396e-05
1.954670250415802002e-01
7.572292088298127055e-05
2.121669417931570933e-08
4.093109509994974360e-06
6.378623843193054199e-02
3.411116194911301136e-04
5.024993515689857304e-05
1.373564591631293297e-04
4.616614313057709751e-10
6.749965564267768059e-08
5.219454760663211346e-04
4.439699296199250966e-06
9.855545125901699066e-03
6.005959585309028625e-04
1.388800228596664965e-06
1.226824792865954805e-07
2.587609924376010895e-03
9.911840379572822712e-07
3.485261695459485054e-04
9.833967778831720352e-04
3.040481487914803438e-06
4.464239200530073504e-09
8.352550119161605835e-02
6.373739242553710938e-01
7.688773280278837774e-07
2.305087400600314140e-05
3.328406350533441582e-08
5.694132763892412186e-03
1.241164864040911198e-04
1.679863544268300757e-06
2.838567159102467485e-09
1.749392822603113018e-06
1.834457208360618097e-08
4.131622612476348877e-03
9.863026934908702970e-05
3.049582253389360176e-10
3.595001529902219772e-03
3.758836353284777942e-09
1.617208181414753199e-04
1.357915152766508982e-05
3.190062216162914410e-06
2.173103839159011841e-01
6.417332315322710201e-06
1.521804078947752714e-04
1.581345219165086746e-03
5.561466605286113918e-05
8.584839633840601891e-06
9.442418813705444336e-04
6.000684499740600586e-01
3.603742457926273346e-03
2.805036913855474268e-08
7.739057764410972595e-06
8.369876146316528320e-01
5.056622285337653011e-06
7.239686092361807823e-04
1.374199055135250092e-02
5.853112088516354561e-04
3.273500137623841511e-09
5.035886075347661972e-03
1.743785787766682915e-06
2.358546968839192459e-10
2.753903345364960842e-06
7.305758913389581721e-07
2.616920135915279388e-02
2.866927616196335293e-06
7.550398095190757886e-06
5.102973664179444313e-04
5.273295133889632780e-10
1.150678217527456582e-04
1.208963338285684586e-03
1.212954744696617126e-01
4.299889405956491828e-05
1.423688278379131589e-08
2.016295939683914185e-01
7.835903204977512360e-03
8.166296538547612727e-06
9.196268556778755543e-14
2.288470976054668427e-03
4.728190135210752487e-03
8.438592047355086834e-09
3.554838940544868819e-06
2.243533714363366016e-07
1.151211290562059730e-05
4.675879154092399403e-06
8.943373472902749199e-07
1.959617037528005312e-07
3.245896100997924805e-02
1.038027676258934662e-05
2.081588590385763382e-08
1.087605483007791918e-06
8.244417404057458043e-05
5.843143924266769318e-08
1.913126428110256683e-11
5.188226350583136082e-04
6.688570586277364782e-09
3.388661070857779123e-06
1.276420516660436988e-05
6.308805211574508576e-08
9.337561124311832828e-08
3.824613070690929817e-09
6.505501005449332297e-06
9.115373359236400574e-06
2.018890055133226724e-10
3.556329374987399206e-06
2.866960130631923676e-04
2.676250599324703217e-02
9.800775302437614300e-08
5.054869689047336578e-06
9.685442596673965454e-02
7.454191654687747359e-05
3.502573445439338684e-02
-0.000000000000000000e+00
-0.000000000000000000e+00
-0.000000000000000000e+00
-0.000000000000000000e+00
-0.000000000000000000e+00
-0.000000000000000000e+00
-0.000000000000000000e+00
-0.000000000000000000e+00
-0.000000000000000000e+00
-0.000000000000000000e+00
-0.000000000000000000e+00
-0.000000000000000000e+00
-0.000000000000000000e+00
-0.000000000000000000e+00
-0.000000000000000000e+00
-0.000000000000000000e+00
-0.000000000000000000e+00
-0.000000000000000000e+00
-0.000000000000000000e+00
-0.000000000000000000e+00
-0.000000000000000000e+00
-0.000000000000000000e+00
-0.000000000000000000e+00
-0.000000000000000000e+00
-0.000000000000000000e+00
-0.000000000000000000e+00
-0.000000000000000000e+00
-0.000000000000000000e+00
-0.000000000000000000e+00
-0.000000000000000000e+00
-0.000000000000000000e+00
-0.000000000000000000e+00
-0.000000000000000000e+00
-0.000000000000000000e+00
-0.000000000000000000e+00
-0.000000000000000000e+00
-0.000000000000000000e+00
-0.000000000000000000e+00
-0.000000000000000000e+00
-0.000000000000000000e+00
