3.322092816233634949e-04
1.402088440954685211e-02
3.896224498748779297e-02
3.281536698341369629e-01
6.396543979644775391e-01
3.949929028749465942e-02
1.303250640630722046e-01
6.732791066169738770e-01
3.833249807357788086e-01
6.921001672744750977e-01
4.170539032202214003e-04
5.416467785835266113e-01
1.282263919711112976e-02
1.898344010114669800e-01
3.701764345169067383e-01
3.220791518688201904e-01
6.305753588676452637e-01
4.429192747920751572e-03
2.182755246758460999e-02
2.863451242446899414e-01
3.611491322517395020e-01
4.566078782081604004e-01
3.649396002292633057e-01
9.467748403549194336e-01
1.670900173485279083e-02
7.161287069320678711e-01
5.435879230499267578e-01
2.298581451177597046e-01
7.123849987983703613e-01
6.216718815267086029e-03
7.567543536424636841e-03
5.757679939270019531e-01
1.011499390006065369e-01
3.482601642608642578e-01
9.673453569412231445e-01
6.331544518470764160e-01
7.318373024463653564e-02
8.980993879958987236e-04
4.474939405918121338e-01
1.596864499151706696e-02
2.116559771820902824e-03
6.435445044189691544e-03
2.150827087461948395e-02
3.386967182159423828e-01
2.893528342247009277e-01
1.643247008323669434e-01
2.680667042732238770e-01
3.328061103820800781e-01
2.652030289173126221e-01
6.456824392080307007e-02
6.390128731727600098e-01
2.065072022378444672e-02
7.839035391807556152e-01
5.172041654586791992e-01
3.067413531243801117e-02
6.104823946952819824e-01
7.711116969585418701e-02
2.088119043037295341e-03
2.121461369097232819e-02
2.412299811840057373e-01
4.101788997650146484e-01
1.405606139451265335e-02
1.337544620037078857e-01
1.291731894016265869e-01
4.263391345739364624e-02
6.189054846763610840e-01
2.616222947835922241e-03
4.984033107757568359e-02
1.721849292516708374e-02
5.519864559173583984e-01
6.554632782936096191e-01
9.033024311065673828e-02
1.277946401387453079e-02
6.694740653038024902e-01
8.019450120627880096e-03
8.503407239913940430e-03
9.273890405893325806e-02
3.464673757553100586e-01
6.840250492095947266e-01
6.682853102684020996e-01
5.120547413825988770e-01
8.479395508766174316e-02
1.379879862070083618e-01
3.897657990455627441e-01
6.978718042373657227e-01
6.129667162895202637e-01
5.032770708203315735e-02
6.456906795501708984e-01
6.741311550140380859e-01
2.124309772625565529e-03
8.466093987226486206e-02
5.920502543449401855e-01
3.881213366985321045e-01
1.892620202852413058e-04
4.067338258028030396e-02
8.610768616199493408e-02
4.177459701895713806e-02
1.052305996417999268e-01
3.565099835395812988e-02
1.202472150325775146e-01
2.673817425966262817e-02
6.728280186653137207e-01
4.333494603633880615e-02
5.208021402359008789e-01
5.424318909645080566e-01
7.332255244255065918e-01
3.327950090169906616e-02
6.631337106227874756e-02
1.543216258287429810e-01
2.093683481216430664e-01
1.154211815446615219e-02
5.833154320716857910e-01
3.998790979385375977e-01
3.470544889569282532e-02
1.057578548789024353e-01
5.406869053840637207e-01
4.700729623436927795e-03
5.116093754768371582e-01
1.330998202320188284e-04
1.055904388427734375e+00
1.114803329110145569e-01
2.830280959606170654e-01
6.976865977048873901e-02
9.807601571083068848e-01
6.877560019493103027e-01
1.050596497952938080e-02
6.037104725837707520e-01
2.328166592633351684e-04
2.266804575920104980e-01
6.366459131240844727e-01
1.790111139416694641e-02
4.650644212961196899e-02
4.713832736015319824e-01
3.540020668879151344e-03
8.760254979133605957e-01
9.016209095716476440e-02
4.468750581145286560e-02
1.550977230072021484e-01
6.929772496223449707e-01
7.318770289421081543e-01
6.911998391151428223e-01
1.567440330982208252e-01
1.535511016845703125e-01
5.560252666473388672e-01
2.957943594083189964e-03
2.429177314043045044e-01
6.187559962272644043e-01
9.889891743659973145e-02
6.339012980461120605e-01
1.812023483216762543e-02
7.454821467399597168e-02
1.065343245863914490e-01
4.674994572997093201e-02
7.015619874000549316e-01
2.473413042025640607e-05
3.886376023292541504e-01
5.693598985671997070e-01
1.368919909000396729e-01
2.452658955007791519e-03
1.337016839534044266e-02
6.907400488853454590e-01
1.863184385001659393e-02
2.497554384171962738e-02
2.738929390907287598e-01
5.647264719009399414e-01
7.809416651725769043e-01
4.847728013992309570e-01
1.018071398138999939e-01
1.215555369853973389e-01
5.803302526473999023e-01
6.916067004203796387e-01
1.057034581899642944e-01
6.883281469345092773e-01
3.494800329208374023e-01
1.313156783580780029e-01
1.281652657780796289e-04
2.980145514011383057e-01
6.443096399307250977e-01
3.134896105621010065e-04
4.165889918804168701e-01
1.427094731479883194e-02
2.617581188678741455e-01
2.017951607704162598e-01
5.890748649835586548e-02
6.910555064678192139e-02
7.173794507980346680e-01
6.289771795272827148e-01
6.306777000427246094e-01
6.925413608551025391e-01
8.331822156906127930e-01
9.128381609916687012e-01
7.467217445373535156e-01
5.521300807595252991e-02
6.725695133209228516e-01
4.119874238967895508e-01
2.031580312177538872e-03
5.258880853652954102e-01
6.875261068344116211e-01
3.280831966549158096e-03
2.439919859170913696e-01
2.217096835374832153e-02
4.704305231571197510e-01
3.903335332870483398e-02
6.984976530075073242e-01
1.409893411619123071e-05
3.431772589683532715e-01
4.368876516819000244e-01
1.126198247075080872e-01
8.251996040344238281e-01
9.379142522811889648e-01
2.205039560794830322e-01
4.668014869093894958e-02
2.525290548801422119e-01
6.373062729835510254e-03
8.538284152746200562e-02
1.396217048168182373e-01
9.338434785604476929e-02
1.049355720169842243e-03
4.346905648708343506e-02
9.608438611030578613e-01
2.387175522744655609e-02
1.295136213302612305e-01
3.527764347381889820e-04
5.838819965720176697e-02
6.931995153427124023e-01
4.092899858951568604e-01
1.059637069702148438e+00
2.162983715534210205e-01
9.750898182392120361e-02
6.992870569229125977e-01
1.132688224315643311e-01
1.728639705106616020e-03
1.847768127918243408e-01
5.568286180496215820e-01
2.583302371203899384e-02
1.310093328356742859e-02
1.866520009934902191e-02
6.545687317848205566e-01
9.375759363174438477e-01
8.746298402547836304e-02
3.560765460133552551e-02
9.839086532592773438e-01
5.049369931221008301e-01
2.719706855714321136e-03
5.573315620422363281e-01
8.071873337030410767e-02
8.639580570161342621e-03
7.702354341745376587e-02
1.370791532099246979e-02
7.586836814880371094e-01
4.938938021659851074e-01
7.488649338483810425e-02
7.039044499397277832e-01
3.280977532267570496e-02
9.168686866760253906e-01
6.915485858917236328e-01
-0.000000000000000000e+00
-0.000000000000000000e+00
-0.000000000000000000e+00
-0.000000000000000000e+00
-0.000000000000000000e+00
-0.000000000000000000e+00
-0.000000000000000000e+00
-0.000000000000000000e+00
-0.000000000000000000e+00
-0.000000000000000000e+00
-0.000000000000000000e+00
-0.000000000000000000e+00
-0.000000000000000000e+00
-0.000000000000000000e+00
-0.000000000000000000e+00
-0.000000000000000000e+00
-0.000000000000000000e+00
-0.000000000000000000e+00
-0.000000000000000000e+00
-0.000000000000000000e+00
