5.399565696716308594e-01
3.437113463878631592e-01
7.645465433597564697e-02
4.327544569969177246e-02
9.506082534790039062e-02
5.027365684509277344e-01
8.939247131347656250e-01
5.305311642587184906e-03
3.836460113525390625e-01
5.317084193229675293e-01
8.331878483295440674e-02
7.016538977622985840e-01
5.853584408760070801e-01
6.594570875167846680e-01
6.301403641700744629e-01
2.554360032081604004e-02
2.305934429168701172e-01
6.026185750961303711e-01
3.326365840621292591e-04
9.096964597702026367e-01
2.186858793720602989e-03
2.114358395338058472e-01
9.512862563133239746e-02
4.366869628429412842e-01
5.555274710059165955e-02
1.717626452445983887e-01
1.826400160789489746e-01
3.301360309123992920e-01
8.989503234624862671e-02
2.077824174193665385e-04
1.765437657013535500e-03
5.093365311622619629e-01
6.686922907829284668e-01
4.749387204647064209e-01
7.345908787101507187e-03
3.638003170490264893e-01
1.368767581880092621e-02
5.396861582994461060e-02
4.398030638694763184e-01
5.348908901214599609e-01
1.103424699977040291e-03
8.362179249525070190e-02
7.608911395072937012e-02
1.062747001647949219e+00
7.485010027885437012e-01
3.823126256465911865e-01
2.312433272600173950e-01
1.105352401733398438e+00
9.530547857284545898e-01
6.902799606323242188e-01
3.136193156242370605e-01
2.478429526090621948e-01
2.361786365509033203e-01
2.952942848205566406e-01
6.183332800865173340e-01
9.363052845001220703e-01
4.278223514556884766e-01
2.425455022603273392e-03
4.876639842987060547e-01
1.092181205749511719e+00
2.449099719524383545e-01
8.177594840526580811e-02
7.345480322837829590e-01
8.139855861663818359e-01
1.160536194220185280e-03
5.995909571647644043e-01
4.618703573942184448e-02
6.055778861045837402e-01
2.005806658416986465e-03
5.464349985122680664e-01
1.950854361057281494e-01
3.896322846412658691e-01
1.348078697919845581e-01
6.543433070182800293e-01
7.893337011337280273e-01
1.525229513645172119e-01
4.898683130741119385e-01
2.694537490606307983e-02
1.727877110242843628e-01
1.355875581502914429e-01
1.993716210126876831e-01
1.114127412438392639e-01
6.396375298500061035e-01
3.009975552558898926e-01
2.265003621578216553e-01
1.051877737045288086e-01
4.427139163017272949e-01
6.875985860824584961e-01
5.142589211463928223e-01
1.694911718368530273e-02
3.015795722603797913e-03
4.745376110076904297e-01
1.252523213624954224e-01
9.910365194082260132e-02
1.913829445838928223e-01
1.597720384597778320e-01
6.866986155509948730e-01
7.355792075395584106e-02
4.517921432852745056e-02
1.042275410145521164e-02
2.781684696674346924e-01
2.210190892219543457e-01
2.820573151111602783e-01
4.918198883533477783e-01
1.374664068222045898e+00
3.130652308464050293e-01
4.623109698295593262e-01
4.607312730513513088e-04
5.929686501622200012e-02
6.213395297527313232e-02
3.355674445629119873e-01
2.413934022188186646e-01
1.392510533332824707e-01
6.815375089645385742e-01
4.993410706520080566e-01
2.021299451589584351e-01
2.629649679875001311e-05
3.809018433094024658e-01
7.170373946428298950e-02
1.613155156373977661e-01
6.176700592041015625e-01
1.168651506304740906e-01
7.864078283309936523e-01
8.981499671936035156e-01
1.529952436685562134e-01
6.905239820480346680e-01
1.747810244560241699e-01
2.954181982204318047e-04
3.540217585396021605e-04
5.628117546439170837e-02
4.478504657745361328e-01
9.646054506301879883e-01
8.367998003959655762e-01
8.975828289985656738e-01
1.027361631393432617e+00
1.927967965602874756e-01
5.726503729820251465e-01
2.190301269292831421e-01
4.966609776020050049e-01
3.300740718841552734e-01
6.130700930953025818e-02
2.043060064315795898e-01
6.920970678329467773e-01
2.746481597423553467e-01
1.819691359996795654e-01
3.205375373363494873e-02
1.606313139200210571e-01
5.445947647094726562e-01
2.633236348628997803e-01
4.977375566959381104e-01
5.865164399147033691e-01
6.353010535240173340e-01
3.990207798779010773e-03
7.100192308425903320e-01
5.868968963623046875e-01
1.226665675640106201e-01
2.539060115814208984e-01
1.306681931018829346e-01
6.950794340809807181e-05
2.128750085830688477e-01
3.611704707145690918e-01
6.393935680389404297e-01
1.950183212757110596e-01
1.594960540533065796e-01
1.001691166311502457e-02
4.738304316997528076e-01
2.470259815454483032e-01
7.685368061065673828e-01
7.446613311767578125e-01
4.554572701454162598e-01
1.065970182418823242e+00
1.246099621057510376e-01
1.763834506273269653e-01
9.275722503662109375e-01
3.123300373554229736e-01
4.086040426045656204e-04
5.230974406003952026e-02
6.635136008262634277e-01
2.131295502185821533e-01
6.540020704269409180e-01
2.893475890159606934e-01
2.045404724776744843e-02
7.655777782201766968e-02
6.955208629369735718e-02
3.106285035610198975e-01
6.688805818557739258e-01
3.689156472682952881e-01
4.431547522544860840e-01
5.309025049209594727e-01
1.200404912233352661e-01
4.082047939300537109e-01
1.478309929370880127e-01
5.439025759696960449e-01
8.866393472999334335e-04
3.454509675502777100e-01
9.356597065925598145e-01
6.411499977111816406e-01
4.327657818794250488e-01
6.611790060997009277e-01
5.040084123611450195e-01
7.255331277847290039e-01
5.684004426002502441e-01
8.288338184356689453e-01
6.607683300971984863e-01
7.213063836097717285e-01
1.912513077259063721e-01
1.982539594173431396e-01
5.416556000709533691e-01
5.944866538047790527e-01
3.267274470999836922e-03
2.423538081347942352e-02
5.309995263814926147e-03
4.687681794166564941e-01
6.291764378547668457e-01
3.211442530155181885e-01
2.217837125062942505e-01
8.485770821571350098e-01
7.570788264274597168e-01
4.864249229431152344e-01
6.925588939338922501e-03
5.299889445304870605e-01
6.441201083362102509e-03
7.301650941371917725e-02
5.578264594078063965e-01
5.855432748794555664e-01
1.574560441076755524e-02
7.218187451362609863e-01
6.788315773010253906e-01
5.797039270401000977e-01
7.375699281692504883e-01
2.249421626329421997e-01
7.279388308525085449e-01
5.162824392318725586e-01
7.152099609375000000e-01
3.549798578023910522e-02
7.908147573471069336e-02
1.065353393554687500e+00
4.121119976043701172e-01
5.239088535308837891e-01
2.518279254436492920e-01
2.323164418339729309e-02
2.513349950313568115e-01
6.857514977455139160e-01
4.718115925788879395e-01
8.218098878860473633e-01
1.456007659435272217e-01
2.645971626043319702e-02
4.465332329273223877e-01
7.321573495864868164e-01
8.431544899940490723e-01
2.377123455516993999e-04
2.677350863814353943e-02
3.552725017070770264e-01
3.769775331020355225e-01
5.520669221878051758e-01
7.923190295696258545e-02
-0.000000000000000000e+00
-0.000000000000000000e+00
-0.000000000000000000e+00
-0.000000000000000000e+00
-0.000000000000000000e+00
-0.000000000000000000e+00
-0.000000000000000000e+00
-0.000000000000000000e+00
-0.000000000000000000e+00
-0.000000000000000000e+00
-0.000000000000000000e+00
-0.000000000000000000e+00
-0.000000000000000000e+00
-0.000000000000000000e+00
-0.000000000000000000e+00
-0.000000000000000000e+00
-0.000000000000000000e+00
-0.000000000000000000e+00
-0.000000000000000000e+00
-0.000000000000000000e+00
