8.947605639696121216e-02
3.727007210254669189e-01
5.500546097755432129e-02
1.002066493034362793e+00
1.891324520111083984e-01
3.078685514628887177e-02
9.846726655960083008e-01
2.052614092826843262e-02
3.089057207107543945e-01
9.491739869117736816e-01
8.962221443653106689e-02
1.437131286365911365e-04
3.197432756423950195e-01
1.177436113357543945e+00
5.443210601806640625e-01
1.101904153823852539e+00
1.097030267119407654e-01
7.480708360671997070e-01
1.820817589759826660e-01
8.081001043319702148e-01
6.893542408943176270e-01
4.187489748001098633e-01
1.037219762802124023e+00
3.554286900907754898e-03
3.051849603652954102e-01
3.772442787885665894e-02
1.774460263550281525e-02
1.279395103454589844e+00
4.775436520576477051e-01
4.221567511558532715e-02
1.036609262228012085e-01
5.136824399232864380e-02
9.128836393356323242e-01
1.783543080091476440e-01
3.430559486150741577e-02
4.488617777824401855e-01
1.217315673828125000e+00
2.778663765639066696e-03
1.547846128232777119e-03
2.399632632732391357e-01
1.115173697471618652e+00
1.865612715482711792e-01
1.034359782934188843e-01
1.402042210102081299e-01
8.351570367813110352e-01
7.158082723617553711e-01
7.525120675563812256e-02
1.454045921564102173e-01
5.062216520309448242e-01
1.004748106002807617e+00
2.328019142150878906e-01
1.685141772031784058e-01
1.140519604086875916e-02
1.149392247200012207e+00
1.462604291737079620e-02
1.012444496154785156e+00
1.011487245559692383e-01
1.705795177258551121e-03
3.683646917343139648e-01
1.107680439949035645e+00
7.033458352088928223e-01
4.755237102508544922e-01
2.149671912193298340e-01
4.961922764778137207e-03
3.677440881729125977e-01
4.292025696486234665e-04
4.340976476669311523e-01
6.722894310951232910e-01
1.505297273397445679e-01
2.600723206996917725e-01
1.173864603042602539e+00
1.164162397384643555e+00
5.119371414184570312e-01
9.772454500198364258e-01
1.892471499741077423e-02
1.197501778602600098e+00
1.829982101917266846e-01
1.953939441591501236e-03
8.442981839179992676e-01
9.880163669586181641e-01
5.672005414962768555e-01
6.408363580703735352e-01
7.501485347747802734e-01
4.936349578201770782e-03
1.998539566993713379e-01
2.940970100462436676e-02
1.143570244312286377e-01
8.575448393821716309e-01
2.235714197158813477e-01
4.907866939902305603e-03
8.315006643533706665e-02
2.096497416496276855e-01
8.808186054229736328e-01
3.177963080815970898e-04
3.889139369130134583e-02
3.411895036697387695e-02
9.783929586410522461e-02
3.134340513497591019e-03
6.532150506973266602e-02
2.923211753368377686e-01
2.135814428329467773e-01
7.262629270553588867e-01
5.572417974472045898e-01
5.460163950920104980e-01
6.934998929500579834e-02
3.441335856914520264e-01
1.039425190538167953e-02
5.361986346542835236e-03
1.276394605636596680e+00
1.185675382614135742e+00
1.118552610278129578e-01
1.031957268714904785e+00
9.924855232238769531e-01
3.937999717891216278e-03
2.043412998318672180e-02
7.660712599754333496e-01
6.607574820518493652e-01
8.752444386482238770e-02
7.525731921195983887e-01
1.967673189938068390e-02
9.102305769920349121e-01
1.256478548049926758e+00
1.204818487167358398e+00
3.088318705558776855e-01
1.364486366510391235e-01
2.820078730583190918e-01
7.534084320068359375e-01
1.199097954668104649e-03
5.736331343650817871e-01
2.112196385860443115e-01
1.251589208841323853e-01
1.173502445220947266e+00
6.574572622776031494e-02
3.247880339622497559e-01
1.598720252513885498e-02
1.245188266038894653e-01
8.976216316223144531e-01
5.123778581619262695e-01
6.818693876266479492e-01
8.871324243955314159e-04
5.518313050270080566e-01
7.367135286331176758e-01
1.071028232574462891e+00
3.637606203556060791e-01
6.437938809394836426e-01
6.069999560713768005e-02
5.450447089970111847e-03
4.792189598083496094e-02
4.798922222107648849e-03
1.129459142684936523e+00
6.847669137641787529e-04
3.280713558197021484e-01
1.143562346696853638e-01
7.696343958377838135e-02
6.755470037460327148e-01
1.994464248418807983e-01
8.024438619613647461e-01
8.850739002227783203e-01
1.377097368240356445e-01
1.355208083987236023e-02
1.005555614829063416e-01
1.272513531148433685e-03
5.748267285525798798e-03
7.841985225677490234e-01
1.337553746998310089e-02
4.762244224548339844e-02
5.282353162765502930e-01
7.223715782165527344e-01
3.669413179159164429e-02
5.520994663238525391e-01
8.447471261024475098e-02
2.472680434584617615e-02
8.273229598999023438e-01
9.393014013767242432e-03
4.409532994031906128e-03
7.495859265327453613e-01
7.888510823249816895e-02
1.869444549083709717e-01
6.898943185806274414e-01
7.732582092285156250e-02
6.867811828851699829e-02
3.296050999779254198e-05
5.458789467811584473e-01
2.542468607425689697e-01
7.250807285308837891e-01
9.861443191766738892e-03
9.991431236267089844e-01
1.189358949661254883e+00
1.109088063240051270e+00
1.020129956305027008e-02
2.616924932226538658e-03
2.146056741476058960e-01
7.375314086675643921e-02
6.749250888824462891e-01
1.159225702285766602e+00
4.019502550363540649e-02
2.334515154361724854e-01
6.132686138153076172e-01
9.182039499282836914e-01
1.058613538742065430e+00
1.931304810568690300e-03
7.567991018295288086e-01
7.141969799995422363e-01
1.171418905258178711e+00
7.872201204299926758e-01
1.109741926193237305e+00
5.932208616286516190e-03
5.260521769523620605e-01
1.048847436904907227e+00
1.143943882198072970e-04
7.398806810379028320e-01
1.698611676692962646e-01
1.121696457266807556e-02
1.161508560180664062e+00
1.624742299318313599e-01
2.227002289146184921e-03
6.792271733283996582e-01
3.242831677198410034e-02
1.287596821784973145e+00
1.176420319825410843e-02
5.665902495384216309e-01
6.255124695599079132e-03
6.763409972190856934e-01
8.906897902488708496e-01
4.343585371971130371e-01
1.758827865123748779e-01
1.955011393874883652e-03
1.321000456809997559e-01
1.312553733587265015e-01
1.001681566238403320e+00
2.827327549457550049e-01
2.503655552864074707e-01
7.437708377838134766e-01
4.062270522117614746e-01
2.066381834447383881e-02
1.323234736919403076e-01
1.883222348988056183e-02
7.534550428390502930e-01
3.540184115990996361e-03
9.068335294723510742e-01
1.235777854919433594e+00
5.935091897845268250e-02
8.897576332092285156e-01
4.585175216197967529e-02
5.870714187622070312e-01
1.767314621247351170e-03
9.101151227951049805e-01
6.381373852491378784e-02
1.069322787225246429e-02
5.714313387870788574e-01
6.632369756698608398e-01
1.938761323690414429e-01
6.948293745517730713e-02
2.578566968441009521e-01
9.967157840728759766e-01
9.729531407356262207e-01
-0.000000000000000000e+00
-0.000000000000000000e+00
-0.000000000000000000e+00
-0.000000000000000000e+00
-0.000000000000000000e+00
-0.000000000000000000e+00
-0.000000000000000000e+00
-0.000000000000000000e+00
-0.000000000000000000e+00
-0.000000000000000000e+00
-0.000000000000000000e+00
-0.000000000000000000e+00
-0.000000000000000000e+00
-0.000000000000000000e+00
-0.000000000000000000e+00
-0.000000000000000000e+00
-0.000000000000000000e+00
-0.000000000000000000e+00
-0.000000000000000000e+00
-0.000000000000000000e+00
