7.253498210957332049e-07
5.074717104434967041e-03
9.288184642791748047e-01
1.215206069105079223e-08
3.588114341255277395e-04
1.829101092880591750e-04
1.235214695334434509e-01
3.465663194656372070e-01
8.978083729743957520e-01
8.446832895278930664e-01
6.544086933135986328e-01
7.801051735877990723e-01
1.406911015510559082e-01
1.450559590011835098e-02
3.009543418884277344e-01
1.574839843669906259e-04
6.872986555099487305e-01
4.413135945796966553e-01
8.590302616357803345e-02
2.997796400450170040e-05
5.967826247215270996e-01
3.218500933144241571e-05
1.740026026964187622e-01
1.099355936050415039e+00
3.492277860641479492e-02
4.657178223133087158e-01
9.002107617561705410e-06
4.647028744220733643e-01
8.700962066650390625e-01
8.339440077543258667e-02
1.020015597343444824e+00
4.965664744377136230e-01
4.875347614288330078e-01
5.918889772146940231e-03
2.167206443846225739e-02
4.056547582149505615e-01
6.702334331976089743e-08
3.405468760320218280e-07
6.668575806543231010e-04
7.027288675308227539e-01
1.248298212885856628e-05
9.227409027516841888e-04
6.012114463374018669e-04
7.228546589612960815e-02
7.548361085355281830e-03
2.391160428524017334e-01
5.240833759307861328e-01
2.375962685619015247e-05
4.554909537546336651e-04
1.184639586426783353e-06
1.151010806665908603e-07
5.286266561597585678e-03
1.526047999504953623e-04
1.874518990516662598e-01
5.081458091735839844e-01
1.162490367889404297e+00
1.963609270751476288e-02
3.857801202684640884e-03
4.193074128124862909e-04
3.085833741351962090e-04
1.650863140821456909e-02
8.182651996612548828e-01
8.914063125848770142e-02
2.078773677349090576e-01
9.602656215429306030e-02
6.773907691240310669e-02
4.510466754436492920e-01
6.837531924247741699e-01
7.319599390029907227e-01
7.197625935077667236e-02
6.957678124308586121e-05
2.843904076144099236e-04
3.280903797531209420e-07
2.107391655445098877e-01
3.590291089494712651e-05
7.748886477202177048e-03
4.586303234100341797e-02
2.659061465237755328e-05
1.101827274396782741e-05
2.343908697366714478e-02
5.740705728530883789e-01
2.788881957530975342e-02
1.527413427829742432e-01
4.443638026714324951e-02
2.217445522546768188e-01
2.974343718960881233e-03
4.113294184207916260e-03
4.144664481282234192e-02
1.216018290506326593e-06
2.322948712389916182e-04
6.253636092878878117e-04
3.966787771787494421e-04
2.092016786336898804e-01
1.059959049598546699e-05
7.531469464302062988e-01
1.622680425643920898e-01
2.568564923421945423e-05
2.781236171722412109e-02
4.352892935276031494e-01
1.358298398554325104e-02
1.584569254191592336e-04
3.158858419283205876e-08
7.546870708465576172e-01
5.852199196815490723e-01
1.781384348869323730e-01
1.014587667214073008e-07
8.514214307069778442e-03
1.735753407672291360e-08
4.701415896415710449e-01
5.795913338661193848e-01
4.347058013081550598e-03
1.251805542779038660e-06
3.862499594688415527e-01
2.101777344942092896e-01
1.343790499959141016e-04
4.151192307472229004e-01
1.053733285516500473e-03
7.203184366226196289e-01
2.844021916389465332e-01
3.453711627798838890e-08
2.890235744416713715e-02
6.366336345672607422e-01
1.238030642271041870e-01
4.362784791737794876e-03
1.158062586910091341e-04
6.683063507080078125e-02
6.086571247010397201e-10
5.225595235824584961e-01
1.904652118682861328e-01
1.059966683387756348e-01
1.248699277639389038e-01
2.346670776605606079e-01
8.046182483667507768e-05
1.343404501676559448e-02
5.265402048826217651e-02
3.281699027866125107e-04
1.071060225367546082e-01
1.010432019829750061e-01
4.202722012996673584e-01
9.654271416366100311e-04
4.130883216857910156e-01
3.085197508335113525e-01
9.159861132502555847e-03
5.783503651618957520e-01
4.138571023941040039e-02
2.764247823506593704e-03
3.781350255012512207e-01
7.056660950183868408e-03
5.200602412223815918e-01
4.256508052349090576e-01
5.025097168982028961e-03
6.768177263438701630e-04
4.427341991686262190e-06
3.264408690029085847e-07
3.692607628181576729e-03
5.695935487747192383e-01
3.835524239548249170e-06
2.741537615656852722e-02
2.576820254325866699e-01
1.094909071922302246e+00
2.463875338435173035e-03
2.361170663789380342e-05
3.640857175923883915e-04
2.157265043933875859e-05
5.503144264221191406e-01
4.450299311429262161e-03
1.066443175077438354e-01
2.978743053972721100e-02
8.755235671997070312e-01
6.665827445573313526e-09
3.958470642828615382e-06
3.176688849925994873e-01
6.828594933949716506e-08
1.420747255906462669e-03
8.456055074930191040e-02
4.952592030167579651e-02
1.489296276122331619e-02
5.420286059379577637e-01
8.531913626939058304e-04
1.985682398080825806e-01
6.567088365554809570e-01
5.161995068192481995e-03
4.489998100325465202e-04
3.086197519763800301e-09
5.174339413642883301e-01
3.666961798444390297e-03
1.060124933719635010e-01
4.108584020286798477e-03
5.981864929199218750e-01
1.682619750499725342e-02
3.131460834993049502e-05
3.020207285881042480e-01
1.356073511260547093e-07
2.328440919518470764e-02
4.651651252061128616e-03
3.945418596267700195e-01
4.970891028642654419e-02
3.415570557117462158e-01
2.447882434353232384e-05
6.012524012476205826e-03
5.923942103981971741e-02
5.952101349830627441e-01
2.022846274485345930e-05
1.042082067579030991e-02
1.122607737779617310e-01
1.088635181076824665e-03
1.464717439375817776e-03
2.694015204906463623e-01
3.946073120459914207e-04
1.447241404093801975e-03
6.091513569117523730e-07
6.159693598747253418e-01
2.112234942615032196e-02
6.344775465549901128e-05
7.456617057323455811e-02
1.046871580183506012e-02
4.099173529539257288e-04
1.085784912109375000e+00
7.682699561119079590e-01
6.843978911638259888e-02
1.399813918396830559e-04
2.522622235119342804e-03
3.773138672113418579e-02
4.505871329456567764e-03
1.390437930822372437e-01
2.905516186729073524e-03
5.755099058151245117e-01
4.372243303805589676e-03
7.850042311474680901e-05
1.971247911569662392e-05
2.892538905143737793e-01
1.124781440012156963e-03
2.752194181084632874e-03
2.129794331267476082e-03
7.789607625454664230e-03
1.136967512138653547e-06
6.014481652528047562e-03
1.648081699386239052e-03
2.046156302094459534e-02
8.786668069660663605e-03
2.189706545323133469e-03
2.164774760603904724e-02
5.634742556139826775e-04
2.724549474919513159e-09
1.063912212848663330e-01
7.235822677612304688e-01
6.370184421539306641e-01
6.503248641820391640e-07
5.209002494812011719e-01
9.938756193150766194e-06
1.077319302567047998e-05
3.784045875072479248e-01
1.627889275550842285e-01
2.505509555339813232e-02
4.209101572632789612e-02
3.334227358209318481e-06
1.513239549240097404e-04
1.643514679017243907e-06
8.954845753805784625e-08
1.647664420306682587e-02
4.153740406036376953e-02
3.070803126320242882e-03
4.119170308113098145e-01
6.568853557109832764e-02
8.244958519935607910e-02
4.621817171573638916e-02
1.750273630023002625e-03
8.473985642194747925e-02
6.901803612709045410e-01
1.718460321426391602e-01
4.872460267506539822e-04
1.858571469783782959e-01
1.308488547801971436e-01
5.791478157043457031e-01
6.699858903884887695e-01
5.598317384719848633e-01
6.024026788509218022e-06
6.619232892990112305e-01
1.335028931498527527e-02
9.676650911569595337e-02
1.109355036169290543e-02
1.600975519977509975e-04
2.174408733844757080e-02
2.279153268318623304e-04
9.610004425048828125e-01
5.918814539909362793e-01
8.769980669021606445e-01
7.722771167755126953e-02
1.027579545974731445e+00
9.157825261354446411e-04
2.018986606344697066e-06
1.350696637869575056e-10
7.400644244626164436e-05
2.795851032715290785e-04
1.369636040180921555e-03
2.952916920185089111e-02
1.868965327739715576e-01
6.886412501335144043e-01
3.278534568380564451e-04
7.499255537986755371e-01
7.518171668052673340e-01
1.510650804448232520e-08
1.832237030612304807e-04
3.483718931674957275e-01
7.061895914375782013e-03
1.799671917979139835e-05
2.571382310634362511e-06
4.064802229404449463e-01
2.950406167656183243e-03
1.486505717039108276e-01
5.510535836219787598e-02
1.451017800718545914e-03
2.214273445133585483e-05
1.750520605128258467e-04
4.904988780617713928e-02
3.825891326414421201e-05
1.929429487290690304e-07
6.365079898387193680e-03
1.378364115953445435e-02
3.226409608032554388e-04
7.132762675610138103e-06
8.552691724617034197e-06
1.050696820020675659e-01
1.793362200260162354e-03
2.680276036262512207e-01
1.095707155764102936e-02
3.812840953469276428e-02
5.043401196599006653e-02
1.827867142856121063e-02
1.432920694351196289e-01
7.808031048625707626e-03
7.416160404682159424e-02
4.219075199216604233e-04
1.095803678035736084e-01
2.329948842525482178e-01
6.922635436058044434e-01
2.112577203661203384e-05
1.902614533901214600e-01
4.664184153079986572e-01
9.734978666529059410e-04
4.484734032303094864e-03
1.249793022871017456e-01
3.625081080826930702e-05
1.830624938011169434e-01
1.433499855920672417e-04
1.680445671081542969e-01
5.627484321594238281e-01
1.040184974670410156e+00
3.784231096506118774e-02
7.664768781978636980e-05
1.883435547351837158e-01
5.682034492492675781e-01
2.058498794212937355e-03
6.949865818023681641e-01
9.609625339508056641e-01
9.188835974782705307e-04
1.412619720213115215e-03
6.921311616897583008e-01
1.753341639414429665e-03
2.738231793045997620e-02
2.292888760566711426e-01
4.173172928858548403e-04
4.995945394039154053e-01
5.638196132196071630e-09
1.116432467824779451e-04
4.873057264376257081e-07
1.589504303410649300e-03
9.722017466629040428e-07
5.633186447084881365e-06
6.713682087138295174e-04
3.726262599229812622e-02
5.996769666671752930e-01
6.904208660125732422e-01
1.350696637869575056e-10
7.142290996853262186e-05
8.091950439848005772e-05
9.523753076791763306e-03
9.364345669746398926e-02
2.178988652303814888e-03
8.842366933822631836e-02
7.368280738592147827e-02
1.207347288811888575e-08
3.102010786533355713e-01
3.013480454683303833e-04
4.132734320592135191e-04
2.647192915901541710e-03
2.121906800311990082e-05
4.023742405934171984e-08
4.442983026820002124e-06
7.103045390977058560e-06
3.690949976209445538e-11
2.038783431053161621e-01
4.409418255090713501e-02
2.436820941511541605e-04
5.799004156870068982e-06
1.736885402351617813e-03
6.589655876159667969e-01
2.232611412182450294e-03
1.579717900312971324e-05
6.114507913589477539e-01
2.854040212696418166e-05
5.654888153076171875e-01
3.511380553245544434e-01
2.214779108762741089e-01
1.931020431220531464e-02
2.437021117657423019e-03
1.275983601808547974e-01
2.012649783864617348e-04
2.408266936981817707e-06
6.781609356403350830e-02
9.858510748017579317e-05
3.161629140377044678e-01
8.877054473444001559e-12
1.247575073648476973e-05
5.662998184561729431e-03
1.086117401719093323e-01
4.073072075843811035e-01
5.557262301445007324e-01
2.201028764247894287e-01
1.419914327561855316e-02
4.616131263901479542e-05
2.127585503330919892e-06
2.461409196257591248e-02
3.264408690029085847e-07
2.772207604721188545e-03
7.117309337445476558e-07
6.494213938713073730e-01
5.836209747940301895e-04
4.690179824829101562e-01
3.307631006464362144e-03
5.731686949729919434e-01
2.670083660632371902e-03
7.015070319175720215e-01
1.542271208018064499e-02
4.071404109708964825e-04
6.823779344558715820e-01
7.005299925804138184e-01
3.300796015537343919e-05
4.859891720116138458e-03
7.737671956419944763e-03
1.100822687149047852e-01
5.991774201393127441e-01
1.222273893654346466e-02
1.115142703056335449e-01
7.445777207612991333e-02
1.592050772160291672e-03
2.394127286970615387e-02
4.219075199216604233e-04
3.332773596048355103e-02
2.386211563134565949e-04
3.141464840155094862e-04
5.752034581973930472e-08
3.283490368630737066e-04
4.099173529539257288e-04
1.710131300569628365e-06
3.092203542109928094e-07
2.573170786490663886e-05
2.766633592545986176e-02
2.309631774721765396e-08
8.768235026934689813e-09
8.954473137855529785e-01
5.289380252361297607e-02
1.151564568281173706e-01
3.479990363121032715e-01
3.373248773641535081e-07
3.958470642828615382e-06
5.654317792505025864e-04
8.252012776210904121e-05
6.718506217002868652e-01
6.317673251032829285e-03
4.005325585088037599e-11
5.538736935704946518e-03
3.405468760320218280e-07
5.034337639808654785e-01
3.587386163417249918e-05
1.055443212389945984e-01
2.407830761512741446e-04
8.154511451721191406e-02
3.988419100642204285e-02
3.373896777629852295e-01
9.723231196403503418e-04
2.238059096271172166e-05
2.722517322695239272e-08
3.350849263370037079e-03
1.185764209367334843e-03
1.564975529909133911e-01
5.351833110012194084e-08
6.931049823760986328e-01
2.265014685690402985e-02
4.007935640402138233e-04
1.189530268311500549e-01
1.363672595289244782e-06
1.708047966531012207e-05
2.719597432587761432e-05
1.628810353577136993e-02
1.975071150809526443e-03
6.925398111343383789e-01
4.163355100899934769e-03
5.294771790504455566e-01
1.210793698191992007e-06
1.557835638523101807e-01
2.624287903308868408e-01
8.983731269836425781e-02
9.492599405348300934e-03
5.027175880968570709e-03
8.251823484897613525e-03
4.213311644019057667e-10
5.238397121429443359e-01
1.449598819017410278e-01
2.197231650352478027e-01
1.284741870222205762e-06
2.609394192695617676e-01
6.733012944459915161e-02
3.469772040843963623e-01
2.579268068075180054e-02
1.165817454457283020e-01
2.579416614025831223e-04
3.359929658472537994e-03
3.534978488460183144e-03
4.709276258945465088e-01
1.522772663520299830e-06
4.812402185052633286e-04
5.178519487380981445e-01
8.278249907789358986e-08
1.445457473892020062e-05
3.035138718132657232e-08
3.699956089258193970e-02
5.914913415908813477e-01
5.590931687038391829e-05
6.699906587600708008e-01
6.738486289978027344e-01
5.668456554412841797e-01
5.182528402656316757e-04
5.669670104980468750e-01
5.097376704216003418e-01
1.547217648476362228e-02
2.510060952490289488e-12
2.145889587700366974e-02
1.135662023443728685e-05
1.125944618252106011e-05
6.903276516823098063e-05
5.583387246588245034e-05
3.472640131008120079e-08
1.509907539002597332e-03
4.505338147282600403e-04
6.018202006816864014e-02
6.874755024909973145e-01
1.930899918079376221e-02
1.742203347384929657e-02
1.425410346200806089e-06
6.686764955520629883e-01
2.844703383743762970e-03
5.395442247390747070e-03
4.529253061491544941e-08
6.064236367819830775e-05
7.295287400484085083e-02
6.660335063934326172e-01
5.829252004623413086e-01
6.200163960456848145e-01
5.724481493234634399e-02
8.151247501373291016e-01
3.132134443148970604e-03
2.421698445687070489e-04
6.241412386920330846e-10
6.951624155044555664e-01
2.417439222335815430e-02
1.267528277821838856e-04
1.107803327613510191e-04
1.737374113872647285e-03
3.522371351718902588e-01
5.082709249109029770e-04
3.395889699459075928e-01
5.114614032208919525e-03
6.871014833450317383e-01
2.009542845189571381e-02
8.473141193389892578e-01
5.280251498334109783e-04
9.700987339019775391e-01
2.078773677349090576e-01
3.318949136883020401e-03
1.432499008302556831e-08
2.071604887632361169e-09
2.253635786473751068e-03
1.366903306916356087e-03
1.186040599066018331e-08
4.962084889411926270e-01
1.347248911857604980e+00
2.723742509260773659e-03
8.200557786040008068e-04
1.002734497888013721e-04
6.336563080549240112e-02
4.429568798514083028e-05
6.900542974472045898e-01
5.106280696054454893e-07
6.722779273986816406e-01
7.277570664882659912e-02
7.334797084331512451e-02
1.742576435208320618e-02
1.888938099145889282e-01
1.175729632377624512e-01
1.575702056288719177e-02
1.441293279640376568e-03
2.114135175943374634e-01
4.176612198352813721e-02
6.355440616607666016e-01
1.011211145669221878e-02
3.118455968797206879e-02
5.107799960768488745e-09
9.249333292245864868e-03
8.806588311927043833e-07
6.290460377931594849e-02
1.306489855051040649e-01
6.335158348083496094e-01
6.871348619461059570e-01
5.549435317516326904e-02
1.100384724850300699e-05
7.255669683218002319e-03
3.843504964606836438e-05
5.001498460769653320e-01
6.578631401062011719e-01
6.861440837383270264e-02
9.761511348187923431e-03
8.207838982343673706e-02
8.342803339473903179e-04
4.695797711610794067e-02
6.797859072685241699e-01
6.756149977445602417e-02
2.713608928024768829e-02
7.069611456245183945e-05
9.987019002437591553e-04
2.588701342176591425e-08
4.318733215332031250e-01
3.154376149177551270e-02
1.135265338234603405e-03
9.711620807647705078e-01
3.753420114517211914e-01
2.152832150459289551e-01
3.046654455829411745e-05
1.849497266448452137e-06
1.795651314751012251e-06
2.645588281779964746e-08
2.715155482292175293e-01
4.794127562490757555e-06
5.830423106090165675e-05
9.317747317254543304e-04
3.016592927451711148e-06
3.927084617316722870e-05
1.265746355056762695e-02
1.178767234086990356e-01
1.169413104653358459e-01
5.349986553192138672e-01
2.202435280196368694e-04
7.181843102443963289e-06
4.415006842464208603e-03
6.216022372245788574e-01
1.285720765590667725e-01
2.679077624634373933e-06
9.700888185761868954e-04
2.766036777757108212e-05
2.576058804988861084e-01
1.234928704798221588e-02
1.268569678068161011e-01
3.830677815130911767e-05
6.614885926246643066e-01
9.066164493560791016e-03
1.211301423609256744e-04
2.514302877898444422e-06
2.641683977344655432e-06
4.366273432970046997e-02
3.899428065778920427e-06
1.840549401777025196e-08
1.322541534900665283e-01
3.582001924514770508e-01
1.914172992110252380e-02
2.747305929660797119e-01
1.503133121877908707e-02
5.053046625107526779e-03
2.704240905586630106e-04
4.529841826297342777e-04
4.064456745982170105e-02
2.249774336814880371e-01
8.754753366702061612e-09
1.923203152287555895e-09
5.170632526278495789e-02
1.833298883866518736e-04
6.224758108146488667e-04
3.982506394386291504e-01
1.492236947342462372e-06
4.838847598875872791e-05
1.292392407776787877e-04
2.861539125442504883e-01
1.919279992580413818e-01
2.370750531554222107e-02
7.206217269413173199e-04
7.194671525212470442e-08
3.678602515719830990e-04
6.830233587606926449e-07
4.015208184719085693e-01
3.204533131793141365e-04
2.032529437201446854e-06
8.226893842220306396e-02
1.284246891736984253e-02
1.064868494868278503e-01
6.368411779403686523e-01
2.134593232767656446e-04
3.195875979145057499e-05
1.242720987647771835e-03
2.079427689313888550e-01
5.587464570999145508e-01
1.419476582668721676e-03
3.111915476620197296e-02
3.585184094845317304e-05
7.729133940301835537e-04
1.245227576873730868e-05
5.472494649438885972e-06
1.131306053139269352e-03
4.269733835826627910e-06
5.615717768669128418e-01
2.659409120678901672e-02
3.620077297091484070e-02
4.284231457859277725e-03
4.936417826684191823e-05
1.440936466678977013e-04
4.920190258417278528e-05
8.561988806832232513e-08
5.993133527226746082e-04
4.241276085376739502e-01
4.139300901442766190e-03
7.375944256782531738e-01
7.986803893800242804e-07
8.362710475921630859e-01
1.924635469913482666e-02
3.826096872217021883e-05
5.025097168982028961e-03
5.012902431190013885e-03
2.277778694406151772e-04
1.465582045057089999e-06
9.722017466629040428e-07
6.125754117965698242e-01
3.701526299118995667e-02
5.604226316791027784e-06
1.275034388527274132e-03
9.509597718715667725e-02
9.875406324863433838e-02
1.349384177729007206e-07
3.217418491840362549e-01
2.566523291170597076e-02
1.660881042480468750e-01
2.052226773230358958e-05
2.875909954309463501e-02
5.768219828605651855e-01
6.887283689138712361e-06
1.708167791366577148e-02
6.058656144887208939e-03
2.974655479192733765e-02
6.817651987075805664e-01
8.304627408506348729e-05
7.515062093734741211e-01
6.886638998985290527e-01
1.272479444742202759e-01
1.329360202362295240e-06
4.380075260996818542e-04
3.265335908508859575e-05
1.712233945727348328e-02
6.917651295661926270e-01
1.497234217822551727e-03
1.951878308318555355e-03
6.088963896036148071e-02
3.151801526546478271e-01
6.788049936294555664e-01
4.767881929874420166e-01
3.101006598171807127e-07
7.189680673036491498e-06
1.289158128201961517e-03
4.245842717409686884e-07
9.182968642562627792e-05
2.925099106505513191e-04
6.783023127354681492e-04
4.404920618981122971e-04
2.438701471874082927e-07
4.281853139400482178e-02
1.735753407672291360e-08
1.327095866203308105e+00
4.909451007843017578e-01
1.553531438112258911e-01
5.191279649734497070e-01
5.450569005915895104e-06
3.090202212333679199e-01
5.911648869514465332e-01
2.329948842525482178e-01
4.484907258301973343e-03
5.006659626960754395e-01
8.646318150340448483e-08
4.219112452119588852e-04
4.630008731965062907e-07
5.673822015523910522e-04
2.409488707780838013e-02
7.819888736548818997e-08
3.112913370132446289e-01
2.257091691717505455e-03
7.774264365434646606e-02
2.103765436913818121e-04
7.906558039394440129e-07
1.014055490493774414e+00
6.929476261138916016e-01
3.281156386947259307e-05
1.434257328510284424e-01
9.566614776849746704e-02
5.598317384719848633e-01
2.429499775171279907e-01
8.808853522168647032e-07
2.840658708009868860e-04
2.861618895622086711e-06
6.693056225776672363e-01
4.287917166948318481e-03
1.886714249849319458e-02
6.928388476371765137e-01
5.770538336946628988e-05
5.846235752105712891e-01
3.173248551320284605e-04
3.022834062576293945e-01
6.731542816851288080e-05
1.503556407988071442e-02
1.345306664006784558e-04
5.124808549880981445e-01
2.641446772031486034e-04
1.436929851770401001e-01
3.677456561490544118e-06
1.619888353161513805e-03
1.147484630346298218e-01
1.707418821752071381e-02
6.799089722335338593e-03
1.686645112931728363e-02
2.453683465719223022e-01
2.134208898496581241e-06
3.868629783391952515e-02
6.231795549392700195e-01
4.626125097274780273e-03
2.368816174566745758e-02
6.245474970523190450e-11
5.995384454727172852e-01
1.400798442773520947e-03
4.362201252661179751e-06
7.850042311474680901e-05
3.053467895197670146e-11
1.575454734847880900e-05
3.067297484449227341e-06
1.990476101636886597e-01
4.306606133468449116e-04
4.915209137834608555e-04
2.876440994441509247e-03
1.899055321700870991e-03
3.235723823308944702e-03
2.635388076305389404e-01
6.212427616119384766e-01
1.840463280677795410e-02
1.013893052004277706e-04
7.244925945997238159e-02
3.339148685336112976e-02
4.835390150547027588e-01
8.401158993365243077e-06
6.024026788509218022e-06
6.612538695335388184e-01
4.626625217497348785e-03
4.849394317716360092e-03
6.067315936088562012e-01
8.524194359779357910e-02
7.561825832169688510e-09
7.853421848267316818e-04
5.996485124342143536e-04
3.585848025977611542e-04
8.335090875625610352e-01
7.018995005637407303e-03
3.925869532395154238e-04
6.019261491019278765e-05
8.113724179565906525e-04
7.145121300178303159e-11
2.766326814889907837e-02
9.043450432955069118e-08
3.223190724384039640e-04
5.084112286567687988e-01
5.556053110922221094e-07
1.214533671736717224e-01
1.015019975602626801e-02
1.953639730345457792e-05
1.501077662169336691e-07
1.065749153494834900e-01
2.584080505130259553e-08
4.347192827935941750e-07
3.356652855873107910e-01
4.263125592842698097e-04
3.754673991352319717e-03
2.577096223831176758e-01
2.496646903455257416e-02
1.414422839879989624e-01
1.784859001636505127e-01
3.594734880607575178e-05
1.636783235881011933e-05
5.977782234549522400e-02
8.826151490211486816e-01
1.888514608144760132e-01
3.747887603822164237e-06
1.894108550004602876e-06
1.799883679598490716e-11
6.244445443153381348e-01
4.990880787372589111e-01
2.421275898814201355e-02
6.937175989151000977e-01
7.617837582074571401e-06
4.472113214433193207e-03
4.874157160520553589e-02
6.826741099357604980e-01
9.437927044928073883e-03
1.301125506870448589e-03
3.125894352251634700e-07
9.787423908710479736e-02
6.348628812702372670e-05
1.705321948975324631e-03
7.094889134168624878e-02
1.655144878895953298e-04
2.066961079835891724e-01
4.986169934272766113e-02
2.947554551064968109e-02
7.047388660055137199e-14
7.642523944377899170e-02
4.950870946049690247e-02
9.523753076791763306e-03
4.756431579589843750e-01
1.137107392423786223e-04
1.394726242870092392e-02
2.393485009670257568e-01
8.489944747225308674e-08
1.287145726382732391e-02
7.209779141703620553e-06
6.515286804642528296e-05
9.859056262939702719e-06
3.638933971524238586e-02
1.161593445431208238e-06
9.548211097717285156e-02
9.117199078900739551e-05
5.241211131215095520e-02
1.174373179674148560e-02
1.647079735994338989e-02
7.840497493743896484e-01
2.046906854957342148e-03
3.871929943561553955e-01
8.252346515655517578e-02
5.215207934379577637e-01
3.476362617220729589e-04
1.842741519212722778e-01
3.100780013483017683e-04
9.270763397216796875e-01
5.710264295339584351e-02
1.273483270779252052e-03
5.977185368537902832e-01
6.525601202156394720e-05
1.668348268140107393e-04
2.094731926918029785e-01
9.924761252477765083e-04
7.532630519335725694e-08
7.123014889657497406e-03
5.869136075489223003e-04
2.337947080377489328e-05
1.904805004596710205e-01
6.928659677505493164e-01
4.891368448734283447e-01
9.550731629133224487e-04
7.304516202566446736e-06
3.112879745637009421e-11
8.153302967548370361e-02
1.985682398080825806e-01
4.601208865642547607e-02
3.807443082332611084e-01
3.489785268902778625e-02
7.181550562381744385e-02
9.735763342177961022e-07
7.485947571694850922e-03
3.287111520767211914e-01
2.115682931616902351e-03
2.297848695889115334e-03
6.003627777099609375e-01
7.542711841779237147e-07
8.276363611221313477e-01
7.905418897280469537e-06
3.594960435293614864e-05
3.790327696151507553e-08
3.440824292155753028e-10
3.486739397048950195e-01
9.959060698747634888e-02
4.231837920087855309e-06
2.219192310803919099e-06
1.365770585834980011e-03
1.190451383590698242e+00
9.402744360897941078e-09
8.333130739629268646e-03
9.438867709832265973e-05
9.344334602355957031e-01
5.429065786302089691e-04
3.451727330684661865e-01
2.216481603682041168e-03
1.690787523984909058e-01
1.853572211985010654e-05
7.644142955541610718e-02
5.480404752233880572e-07
5.657004937529563904e-02
1.271253800950944424e-03
5.020631849765777588e-02
5.137925501912832260e-03
1.743607281241565943e-04
4.507533049036283046e-07
7.852700352668762207e-01
7.029353582765907049e-05
5.735294520854949951e-02
3.654766380786895752e-01
1.617977090972999576e-06
8.117453008890151978e-02
5.356840847525745630e-05
3.354003129061311483e-04
5.364041157918109093e-07
1.944964083122613374e-07
4.648077767342329025e-03
1.431522036909882445e-06
6.072103587939636782e-06
1.186232790350914001e-01
1.896615685836877674e-06
3.609301447868347168e-01
9.652017615735530853e-05
2.058484777808189392e-02
4.267801046371459961e-01
4.025757312774658203e-03
8.270170656032860279e-04
2.886002675950294361e-06
5.305145978927612305e-01
6.738486289978027344e-01
8.726983517408370972e-02
5.782772302627563477e-01
2.167482972145080566e-01
1.521821923233801499e-05
7.251693606376647949e-01
6.985530257225036621e-03
3.612106740474700928e-01
1.927271019667387009e-03
7.406743551818806282e-10
7.573751499876379967e-04
5.654093110933899879e-04
3.075497224926948547e-03
6.728305015712976456e-03
3.743255278095602989e-03
1.969794929027557373e-02
4.228742793202400208e-03
5.088852503831731156e-07
3.764374196180142462e-05
9.875925630331039429e-02
6.831458732037276604e-10
5.663282820478343638e-08
7.408978343009948730e-01
6.131808739155530930e-03
1.080061541870236397e-03
1.349804460915038362e-05
7.025631666183471680e-01
1.922659293995820917e-06
3.259961009025573730e-01
2.711033076047897339e-02
7.045311178899282822e-08
4.845144450664520264e-01
1.444053232546593790e-08
7.692697048187255859e-01
7.762567832969580195e-08
4.594695326431974536e-07
5.317086819559335709e-03
9.597275257110595703e-01
2.223809133283793926e-06
3.941971063613891602e-02
4.247967526316642761e-02
2.480113646015524864e-03
2.041628351435065269e-03
4.412393650454760063e-07
8.635743856430053711e-01
2.786065451800823212e-03
3.112913370132446289e-01
4.393847120809368789e-05
6.251886588870547712e-06
1.524874915048712865e-05
1.093838000087998807e-04
1.553531438112258911e-01
3.368521332740783691e-01
4.423594176769256592e-01
5.554966046474874020e-04
1.956871449947357178e-01
2.071823473670519888e-05
3.268132209777832031e-01
7.989465375430881977e-04
4.776126006618142128e-04
7.371702194213867188e-01
1.044944394379854202e-02
6.783790886402130127e-02
3.586936369538307190e-02
6.253636092878878117e-04
2.645652554929256439e-02
3.382254476491652895e-08
4.957313670672647277e-09
1.694152729214692954e-06
5.246627144515514374e-03
8.879454107955098152e-04
2.056282033535694609e-09
3.188591822981834412e-02
4.231367707252502441e-01
2.520398411434143782e-04
8.277467489242553711e-01
6.054544448852539062e-01
6.001258734613656998e-04
1.634629734326153994e-05
4.734301473945379257e-03
7.127418518066406250e-01
3.906819969415664673e-03
5.255330353975296021e-02
3.738661471288651228e-04
7.974810898303985596e-02
9.347443665319588035e-06
1.655051708221435547e-01
4.054871096741408110e-04
2.189181832363829017e-04
5.592053532600402832e-01
1.734766738081816584e-05
2.724520303308963776e-02
2.751071860984666273e-06
2.698916359804570675e-04
4.498383030295372009e-03
6.061107851564884186e-03
8.514063954353332520e-01
6.219661831855773926e-01
9.582183556631207466e-04
2.316189743578433990e-02
1.125390267087134077e-10
3.497662646623211913e-06
9.401457011699676514e-02
1.849007904529571533e-01
2.977848816954065114e-05
4.608348943293094635e-03
1.294443104416131973e-02
5.967785120010375977e-01
2.855254921385608213e-09
5.541226863861083984e-01
5.354488408215729578e-09
1.054111271514557302e-05
4.281945526599884033e-03
1.664968840486835688e-05
4.800330847501754761e-03
2.906464785337448120e-02
4.679844677448272705e-01
4.484564997255802155e-04
2.565795481204986572e-01
1.952177262865006924e-05
4.711662530899047852e-01
3.543017737683840096e-05
2.912396901422198425e-08
1.766227069310843945e-05
7.838961482048034668e-01
9.409300982952117920e-02
6.906837224960327148e-03
4.574013352394104004e-01
1.765901222825050354e-03
1.202269196510314941e+00
5.042989272624254227e-03
6.738020107150077820e-03
2.500292100012302399e-02
1.281707955058664083e-04
5.972968938294798136e-05
1.426410861313343048e-03
7.993569374084472656e-01
3.191901853938361455e-09
3.128107550764980260e-08
1.438848907127976418e-03
3.827542604994960129e-05
6.159452392573427915e-10
6.430341936008998616e-12
5.193208973963692188e-09
7.604166601948847415e-11
1.338922884315252304e-03
2.612680738423023286e-08
6.794771616114303470e-05
2.176871988922357559e-03
3.194685488372428495e-11
2.118635922670364380e-03
4.953976713295560330e-07
4.213311644019057667e-10
6.428494234569370747e-04
9.253147226218061405e-08
6.245793883863370866e-06
7.042737593110359740e-08
2.456496395186746895e-10
1.846139639383181930e-05
3.790587843610637719e-09
2.341874933335930109e-04
2.938690840892377310e-06
3.484250044039072236e-08
1.525378934275067877e-07
2.433951294733560644e-06
7.435612587869400159e-06
3.679213875784625998e-07
4.458551359221019084e-07
8.197442366508767009e-05
4.332818207331001759e-06
9.286778549721930176e-06
2.308415787410922348e-06
9.007371772895567119e-06
4.597514816850889474e-06
2.095446305361292616e-08
4.551977283995256585e-08
1.773292837015105761e-07
3.656078888525371440e-07
3.765285015106201172e-01
8.808853522168647032e-07
3.128627213300205767e-06
1.270504726562649012e-04
7.520850340370088816e-05
1.551383206788159441e-06
2.744304481439030496e-07
4.380535187920031603e-07
2.372626747848549655e-11
2.206187730280362302e-07
4.871085548074916005e-05
9.374649263918399811e-03
1.143899226008215919e-06
4.233455911162309349e-06
1.111827259592246264e-05
1.641726896650652634e-07
2.281775232404470444e-05
1.552998401166405529e-05
8.126507395900262054e-07
7.080169767141342163e-02
5.284593498799949884e-06
8.768235026934689813e-09
2.434526140859816223e-05
2.510060952490289488e-12
1.384272181894630194e-04
3.953654186261701398e-07
1.277924411624553613e-06
7.955923138069920242e-06
6.738581061363220215e-01
4.454737734249647474e-07
5.472290922625688836e-07
2.147708300981321372e-06
2.121906800311990082e-05
1.276166472052864265e-06
1.247575073648476973e-05
1.400798442773520947e-03
5.019009768147952855e-05
1.841985977080184966e-05
1.705684553598985076e-06
2.079499239471260807e-08
2.182979187637101859e-06
2.438701471874082927e-07
1.867017687118277536e-07
1.268464888681819502e-09
1.364388491076340415e-09
1.888033921204623766e-06
2.561775545473210514e-05
2.034630415437277406e-05
1.040914980876550544e-06
8.188126230379566550e-05
1.433331053704023361e-03
2.187695099564734846e-05
1.483578118495643139e-03
1.748227759890141897e-06
2.238059096271172166e-05
1.933868601918220520e-02
4.901055117301211794e-09
8.923352652345784009e-06
9.947992111847270280e-06
1.085130861611105502e-05
1.505735708633437753e-04
1.530953142037105863e-11
9.890555404126644135e-03
2.053080834230058827e-06
5.235306161921471357e-06
5.396230129406376363e-10
2.803806564770638943e-04
1.753316496433399152e-07
2.425949605822097510e-05
2.558778078309842385e-07
2.488863840699195862e-02
1.059644000633852556e-05
2.353111922275274992e-04
1.627234041734482162e-06
4.956829684488184284e-07
3.915194213277572999e-07
4.699180863099172711e-06
9.131071419687941670e-05
8.637822901391700725e-08
2.019876992562785745e-04
4.069729242473840714e-03
4.243055684582941467e-09
3.579706244636327028e-04
1.014842625489701874e-14
3.606855614179949043e-08
5.993133527226746082e-04
7.542578714492265135e-06
2.414112259430112317e-06
1.625839831831399351e-05
5.185378249734640121e-04
1.344779320788802579e-06
5.151850501761146006e-08
1.178855200123507529e-07
1.349384177729007206e-07
3.912970498731738189e-07
4.274167508810933214e-08
2.384016595247118175e-12
2.361805172768072225e-06
7.132646140384224509e-10
2.169786966987885535e-05
4.319264553487300873e-03
5.156850306775595527e-07
1.049234742822591215e-05
4.915891258860938251e-05
1.206195738632231951e-04
3.925950750272022560e-06
8.698499732417985797e-05
2.846472625606111251e-06
7.261085510634757156e-09
3.210270660929381847e-04
2.377687223997781985e-06
9.744366980157792568e-05
1.895591412903741002e-04
5.985268508084118366e-04
3.165988800901686773e-06
5.727169405389531676e-09
2.466066639783548453e-08
3.690949976209445538e-11
1.335055276285856962e-05
1.329561655438737944e-06
2.079268917441368103e-03
9.855622425675392151e-03
1.318759191781282425e-02
3.046654455829411745e-05
4.938338094007121981e-08
4.609529423760250211e-05
1.590789338479225989e-06
2.939147641882300377e-03
7.665768265724182129e-03
1.101086724020206020e-07
1.428859093266510172e-07
1.686986070126295090e-04
1.942169802759963204e-07
1.513739249503487372e-07
3.955749505735184357e-09
1.062700524926185608e-02
2.064814269542694092e-01
1.681883873061451595e-06
3.373248773641535081e-07
5.409468144534912426e-07
3.545943400240503252e-05
6.379504338838160038e-05
2.091679925797507167e-05
4.387346166367933620e-07
3.899428065778920427e-06
2.840658708009868860e-04
9.263976608053781092e-06
4.903358830077308994e-10
4.132734320592135191e-04
3.059083208967194878e-09
4.140332748647779226e-06
5.248884204775094986e-03
2.764201714744451976e-11
8.835821063257753849e-06
3.122715497738681734e-05
1.045253750220354050e-08
3.981203917646780610e-06
1.300775875279214233e-05
1.825272222049534321e-03
1.014292138279415667e-04
3.985625767199962866e-07
5.271610007184790447e-06
1.269486574528855272e-06
2.448423504829406738e-01
1.223976084929745412e-07
1.069709876233559953e-09
2.645588281779964746e-08
3.434414684306830168e-04
5.550617061089724302e-06
5.169173236936330795e-03
1.774638747065182542e-07
2.775475162197782453e-11
5.391793092712759972e-05
4.832854756386950612e-05
1.588673654850936146e-07
8.821776873446651734e-07
7.500366336898878217e-06
1.044008897110870748e-07
1.185764209367334843e-03
4.630008731965062907e-07
1.608121092431247234e-03
1.247841492295265198e-02
7.524034799644141458e-07
4.098812059964984655e-04
1.610094955140084494e-07
5.358037352561950684e-01
6.894297257531434298e-05
6.324891782191754963e-13
2.986004110425710678e-04
2.992381951116840355e-06
7.198899538707337342e-07
1.013000201055547222e-06
1.465582045057089999e-06
2.440351527184247971e-03
4.118460594781936379e-08
2.294453906870330684e-06
7.007027180705449609e-10
-0.000000000000000000e+00
-0.000000000000000000e+00
-0.000000000000000000e+00
-0.000000000000000000e+00
-0.000000000000000000e+00
-0.000000000000000000e+00
-0.000000000000000000e+00
-0.000000000000000000e+00
-0.000000000000000000e+00
-0.000000000000000000e+00
-0.000000000000000000e+00
-0.000000000000000000e+00
-0.000000000000000000e+00
-0.000000000000000000e+00
-0.000000000000000000e+00
-0.000000000000000000e+00
-0.000000000000000000e+00
-0.000000000000000000e+00
-0.000000000000000000e+00
-0.000000000000000000e+00
-0.000000000000000000e+00
-0.000000000000000000e+00
-0.000000000000000000e+00
-0.000000000000000000e+00
-0.000000000000000000e+00
-0.000000000000000000e+00
-0.000000000000000000e+00
-0.000000000000000000e+00
-0.000000000000000000e+00
-0.000000000000000000e+00
-0.000000000000000000e+00
-0.000000000000000000e+00
-0.000000000000000000e+00
-0.000000000000000000e+00
-0.000000000000000000e+00
-0.000000000000000000e+00
-0.000000000000000000e+00
-0.000000000000000000e+00
-0.000000000000000000e+00
-0.000000000000000000e+00
