1.102133939667737650e-08
3.027227421625866555e-06
3.326302170753479004e-01
5.613951969962727162e-08
6.217366035343729891e-07
5.829825066030025482e-03
1.124258618801832199e-03
2.315632998943328857e-01
1.727595776319503784e-01
7.174260169267654419e-02
2.883024592392757768e-07
6.587175130844116211e-01
2.821975986222469146e-10
8.802595630186260678e-07
3.363453142810612917e-04
1.215868629515171051e-02
1.077749580144882202e-01
1.973157525062561035e-01
1.445915435993594400e-12
2.929199244272595593e-11
9.452227232031873427e-07
9.351122542966550100e-09
4.764740238103436221e-14
2.591999361811758718e-07
3.242661477997899055e-05
6.399002671241760254e-01
2.933173440396785736e-03
1.319371367571875453e-04
1.872784271836280823e-02
5.479625463485717773e-01
5.387841463088989258e-01
7.557576894760131836e-02
4.448755383491516113e-01
1.054902440955629572e-06
7.616013288497924805e-01
9.262676239013671875e-01
2.432217262685298920e-02
1.824578968808054924e-03
6.704925093799829483e-03
1.160242536570876837e-04
3.018468851223587990e-05
3.668997064232826233e-02
5.622161030769348145e-01
5.665396456606686115e-04
8.633469343185424805e-01
5.620930460281670094e-05
8.028726577758789062e-01
2.018593437969684601e-02
2.420237565914362676e-09
1.435585428311014766e-08
6.931385993957519531e-01
5.123072266578674316e-01
6.701400876045227051e-02
7.911638915538787842e-02
6.897941773331695003e-09
1.242324486374855042e-01
2.230004640296101570e-03
1.377459149807691574e-02
4.825142241315916181e-05
1.359483897686004639e-01
7.749573327600955963e-03
1.443872660322753632e-10
1.139145374298095703e+00
3.534290473908185959e-03
6.977388693485409021e-05
1.766261182450934442e-12
1.732789725065231323e-01
2.158433496952056885e-01
6.071734606793218608e-15
1.047380566596984863e-01
5.873067770153284073e-03
2.849459052085876465e-01
4.193715751171112061e-02
4.774047702085226774e-04
7.706942409276962280e-02
4.798758309334516525e-03
8.815528417471796274e-05
1.569362590089440346e-03
6.603788118809461594e-03
5.799380014650523663e-04
3.479049503803253174e-01
3.495633006095886230e-01
3.409725124470242008e-08
5.435126950033009052e-04
6.856725215911865234e-01
5.236685276031494141e-01
6.010203446038531183e-10
7.729952037334442139e-02
4.882919136434793472e-03
1.658158907957840711e-06
1.343584735877811909e-03
1.710966043174266815e-02
2.980292588472366333e-02
5.369928846477457079e-15
7.919441163539886475e-02
5.556010603904724121e-01
4.748055338859558105e-01
6.683705449104309082e-01
7.683127023483393714e-08
1.293393224477767944e-01
3.380850539542734623e-04
3.590412735939025879e-01
2.505661919713020325e-02
7.755865156650543213e-02
1.750692725181579590e-01
5.491915941238403320e-01
9.139148890972137451e-02
6.529379703579252237e-08
2.021927292261693765e-09
1.846290752291679382e-02
2.955889089051311203e-09
4.058032296597957611e-03
8.772534877061843872e-02
1.297471579164266586e-02
1.560755670070648193e-01
1.008797883987426758e-01
2.921977937386799340e-10
1.275406863454620066e-10
1.731540760374628007e-05
4.510309398174285889e-01
7.575044780969619751e-02
5.507236000568127565e-09
1.248247101902961731e-01
5.472868906508665532e-06
1.818751683458685875e-03
3.196780802682042122e-03
5.323449373245239258e-01
9.146735072135925293e-02
2.351666102185845375e-03
1.495233853347599506e-03
1.930606365203857422e-01
2.819547243416309357e-02
6.514359116554260254e-01
4.766887286677956581e-05
8.683372735977172852e-01
2.205996029078960419e-02
2.869962947443127632e-03
4.143321420997381210e-03
7.732012932137877215e-07
1.294466471790656215e-07
4.695447683334350586e-01
1.831986301112920046e-04
3.961170911788940430e-01
7.643420994281768799e-02
1.439330168068408966e-02
7.325598597526550293e-01
4.279546847101300955e-04
7.915364790278545115e-07
6.646495461463928223e-01
2.238791584968566895e-01
6.899315118789672852e-01
1.337312593996387022e-09
7.455248851329088211e-03
4.475904916034778580e-06
2.351210781625923119e-07
1.403302348990109749e-06
4.112781882286071777e-01
4.334273934364318848e-01
1.337353289127349854e-01
1.646010205149650574e-02
9.694767211243515703e-11
1.017255708575248718e-01
3.064065277576446533e-01
5.114983436804720895e-10
1.213744399137794971e-03
2.035015635192394257e-02
7.215335499495267868e-03
4.239130020141601562e-01
3.989812103100121021e-05
1.010994672775268555e+00
5.454533547163009644e-02
9.546974897384643555e-01
4.607129085343331099e-05
2.584479297240704909e-10
2.129922904714476317e-06
1.581192463636398315e-01
7.438127696514129639e-02
1.135228760540485382e-02
2.400153316557407379e-03
2.645452623255550861e-04
3.989912802353501320e-04
8.451300459455524106e-07
2.715075947344303131e-02
8.188105225563049316e-01
8.221047028200700879e-05
2.538812113925814629e-04
3.091426670209784788e-09
9.848387539386749268e-02
4.371645152568817139e-01
4.402564357519622718e-08
1.126251276582479477e-02
6.685539943873664015e-08
6.005929708480834961e-01
9.650689363479614258e-02
2.550526522099971771e-02
3.974951141572091728e-07
1.121646352186811413e-11
4.749924897851087735e-09
5.615407600998878479e-02
9.395537199452519417e-04
6.454607500927522779e-05
3.569427917682332918e-06
6.940586566925048828e-01
1.254711241926997900e-04
1.970792482097749598e-06
8.689429610967636108e-02
6.907366961240768433e-02
1.182746514678001404e-01
9.219462424516677856e-02
2.591631840914487839e-03
7.058607339859008789e-01
4.028257588606365402e-11
3.772918089062216040e-11
1.047117859125137329e-01
6.574136018753051758e-01
4.843666158264869903e-13
2.946948166936635971e-03
4.933177478960715234e-05
1.975646242499351501e-03
2.678924985229969025e-02
5.443312147690448910e-06
2.390393993856321231e-10
2.055077129625715315e-05
9.874455630779266357e-02
1.216213036059343722e-06
5.999094806611537933e-03
3.057459592819213867e-01
1.652019284665584564e-02
1.585963673278456554e-06
1.177776455879211426e-01
3.832247966784052551e-05
2.168504986912012100e-03
7.799647282809019089e-03
4.716327786445617676e-01
1.239540893584489822e-02
9.536739089526236057e-04
4.307430386543273926e-01
9.836580138653516769e-04
6.828917860984802246e-01
1.646124347942645727e-09
1.695230603218078613e-01
6.736004143022000790e-04
5.177066326141357422e-01
2.195638554866943815e-13
1.521480851806700230e-03
1.603054851293563843e-01
2.618931830511428416e-05
7.212428499769885093e-06
8.381204605102539062e-01
7.087817976980659296e-08
5.843665823340415955e-02
4.013863508589565754e-04
5.818508863449096680e-01
1.509666169852152962e-08
7.177649736404418945e-01
7.495003506718944664e-10
5.608865108475136196e-11
5.669701153010464623e-09
2.120642066001892090e-01
1.647582539590075612e-04
1.237153261899948120e-01
8.124502375721931458e-03
2.361659109592437744e-01
3.374698106199502945e-03
2.239660825580358505e-04
1.990194171667098999e-01
2.793614157781121321e-07
5.308665568009018898e-04
1.324690412729978561e-03
2.755911834537982941e-02
3.286223959619860580e-09
3.231467902660369873e-01
1.230706647703527779e-09
7.611223651338150376e-09
5.112078506499528885e-04
1.729877591133117676e-01
4.437253177165985107e-01
4.946009516716003418e-01
2.135675996541976929e-01
6.143587827682495117e-01
6.703745573759078979e-03
2.606556713581085205e-01
6.183803179737878963e-06
2.812814159369736444e-08
1.214375253766775131e-02
3.442715969868004322e-04
1.431903685443103313e-03
4.309040307998657227e-01
9.792217751964926720e-04
7.459698617458343506e-02
4.279534518718719482e-01
3.344473656352597857e-11
5.341583490371704102e-01
1.564072249493619893e-07
1.161100575700402260e-03
5.528086796402931213e-02
4.933954775333404541e-02
3.248704830184578896e-03
1.475528499383926828e-08
6.450271010398864746e-01
7.296770263565122150e-07
2.040241633949335665e-05
1.493239104747772217e-01
2.705236971378326416e-01
5.631764605641365051e-02
2.345869143027812243e-05
9.953330755233764648e-01
5.058762431144714355e-01
3.628295063972473145e-01
1.638395711779594421e-03
1.797705888748168945e-01
7.077910900115966797e-01
7.502452353946864605e-04
3.988491759088219624e-09
2.521745045669376850e-04
7.415214180946350098e-02
6.210379004478454590e-01
4.926521214656531811e-04
8.145543932914733887e-02
4.219360416755080223e-04
7.041617777758801822e-08
1.290640048682689667e-02
1.790319714700672193e-08
1.970117166638374329e-02
3.784660622477531433e-02
1.087942859157919884e-03
1.985412091016769409e-03
3.174830228090286255e-03
4.453023549899626232e-08
7.749755604891106486e-05
1.192432046082103625e-05
2.754151500994339585e-05
7.778275012969970703e-01
8.023342490196228027e-02
4.148164123307651607e-08
2.108008833602070808e-03
6.095308065414428711e-01
2.614141628146171570e-02
1.320423762081190944e-04
1.374333798885345459e-01
1.352356821298599243e-01
5.722451210021972656e-01
3.010447369888424873e-03
2.548248767852783203e-01
2.884896161958749872e-07
1.354639751066644138e-11
2.828455530107021332e-02
9.562704712152481079e-02
7.163496462680996046e-10
2.727913856506347656e-02
4.732590913772583008e-01
1.404141025673766308e-09
4.229977354407310486e-02
7.968079298734664917e-02
1.026845812797546387e+00
1.913715503178536892e-03
3.407355397939682007e-04
1.969063188880681992e-03
8.297739550471305847e-03
1.900724768638610840e-01
6.191866397857666016e-01
6.935959458351135254e-01
1.657965034246444702e-01
3.496560826897621155e-02
6.030174903571605682e-03
1.527262899481129921e-10
2.158417925238609314e-02
6.103854179382324219e-01
8.060414984356611967e-06
1.108548371121287346e-03
3.701062496475060470e-07
5.088166519999504089e-02
4.353554919362068176e-03
3.409110475331544876e-03
5.554554646097775716e-12
2.449151314795017242e-02
5.511129498481750488e-01
2.583370149744634858e-12
2.460801005363464355e-01
1.431649830192327499e-02
1.865658909082412720e-01
3.916733840014785528e-05
8.202822878956794739e-03
5.442963356472318992e-06
5.992313846945762634e-03
1.860999576663857624e-09
1.007519364356994629e+00
8.450075984001159668e-02
5.118242502212524414e-01
2.418015599250793457e-01
1.471067267999615069e-08
6.109592318534851074e-01
6.382372230291366577e-02
5.581480637192726135e-02
2.686878142412751913e-04
1.360976784781087190e-05
1.697252155281603336e-04
3.121186047792434692e-03
6.928954389877617359e-04
3.558265510946512222e-03
1.793297380208969116e-01
2.750241756439208984e-01
1.054261531680822372e-02
3.901803791522979736e-01
1.042508287355303764e-03
5.735621044777872157e-08
2.702773809432983398e-01
5.971106886863708496e-01
5.105527043342590332e-01
3.047270476818084717e-01
5.303235650062561035e-01
7.379504851996898651e-03
4.965182393789291382e-02
1.604317724704742432e-01
3.788783260461059399e-07
1.943047682289034128e-04
6.984053850173950195e-01
6.781706809997558594e-01
4.340794475865550339e-05
3.844108283519744873e-01
7.238080142997205257e-04
6.731863686582073569e-05
6.348549723625183105e-01
3.489363491535186768e-01
1.394009739160537720e-01
4.088292121887207031e-01
3.867733180522918701e-01
8.506963253021240234e-01
1.920860260725021362e-02
6.537330150604248047e-02
6.993315182626247406e-03
3.679556772112846375e-03
8.958088234066963196e-03
3.189188661053776741e-03
3.031500875949859619e-01
8.683372288942337036e-02
6.225836463272571564e-03
1.824911450967192650e-04
1.125005292124114931e-04
5.823080986738204956e-02
3.486689092824235559e-05
3.541961632436141372e-06
2.359245903789997101e-02
2.624551653861999512e-01
6.940261721611022949e-01
3.474450856447219849e-02
5.260544363409280777e-03
5.223581212021599640e-08
3.237049579620361328e-01
7.481298595666885376e-02
9.522023610770702362e-04
5.865811109542846680e-01
9.256029129028320312e-01
3.820202872157096863e-02
4.231801927089691162e-01
1.336471526883542538e-03
3.170757293701171875e-01
3.272251784801483154e-02
1.300019175687339157e-05
8.787548722466453910e-06
2.952465787529945374e-03
6.615955382585525513e-02
1.285020112991333008e-01
2.321039093658328056e-03
4.777794182300567627e-01
7.097092270851135254e-01
9.123655408620834351e-02
3.064073622226715088e-02
1.791115035302937031e-03
4.702204372733831406e-03
1.636187434196472168e-01
6.486881971359252930e-01
8.661904186010360718e-02
2.315632998943328857e-01
2.324506640434265137e-03
1.798149347305297852e-01
2.386877080425620079e-03
1.625567302107810974e-02
3.141341039736289531e-06
6.795899868011474609e-01
1.155361831188201904e-01
3.170296847820281982e-01
3.382647875696420670e-03
9.171714633703231812e-02
5.597550868988037109e-01
3.656986518763005733e-05
4.940797225572168827e-05
7.345173973590135574e-03
1.370912343263626099e-01
4.294337928295135498e-01
1.000353228300809860e-02
7.400011271238327026e-02
7.966731674969196320e-03
2.158937975764274597e-02
8.878211490809917450e-03
9.837622940540313721e-02
4.505009204149246216e-02
1.968834921717643738e-02
4.987944066524505615e-01
8.506801128387451172e-01
3.356944397091865540e-02
1.181909441947937012e-01
4.601671099662780762e-01
8.895028382539749146e-02
1.813425496220588684e-02
4.051795258419588208e-05
1.472197659313678741e-02
9.679451468400657177e-04
2.233110815286636353e-01
7.146476507186889648e-01
1.311261943470753977e-08
4.609293118119239807e-02
2.221050858497619629e-01
3.759466926567256451e-04
2.003725171089172363e-01
7.394022283335743850e-09
1.266043663024902344e+00
1.340947598218917847e-01
9.248257614672183990e-03
1.221127212047576904e-01
4.540541768074035645e-01
8.306055516004562378e-02
3.250383306294679642e-03
4.010981647297739983e-04
1.866042613983154297e-02
6.180594209581613541e-04
4.449355304241180420e-01
4.739031568169593811e-02
6.812039613723754883e-01
3.881822824478149414e-01
4.164232313632965088e-02
5.763184844909119420e-07
9.836793541908264160e-01
2.125605533365160227e-05
2.118073552846908569e-01
3.468577284365892410e-03
4.045647801831364632e-04
7.092840969562530518e-03
3.627639636397361755e-02
8.238616283051669598e-04
1.054439228028059006e-03
5.240663290023803711e-01
2.390971183776855469e-01
7.750705699436366558e-04
2.593990564346313477e-01
9.022843837738037109e-02
1.126763982028933242e-05
6.848770976066589355e-01
2.043649787083268166e-03
4.938088953495025635e-01
1.481440942734479904e-02
4.237702786922454834e-01
5.793505907058715820e-02
5.677401423454284668e-01
3.931121155619621277e-02
3.770127892494201660e-01
4.775237441062927246e-01
1.733763217926025391e-01
8.120869752019643784e-04
5.173359066247940063e-02
1.415326210008061025e-06
1.731104105710983276e-01
8.425732702016830444e-02
6.905848160386085510e-03
2.036881167441606522e-03
5.905100703239440918e-01
6.852957885712385178e-04
6.789488196372985840e-01
6.246675271540880203e-03
3.256291965954005718e-04
5.856738090515136719e-01
1.901815296150743961e-03
7.646607607603073120e-02
4.295728649594821036e-05
7.764065861701965332e-01
2.157708406448364258e-01
1.902792602777481079e-03
2.414261549711227417e-01
3.029849827289581299e-01
1.832755636144156597e-08
6.570553779602050781e-02
1.603357486601453274e-05
6.258247792720794678e-02
1.380855246679857373e-04
2.443453855812549591e-02
5.184494256973266602e-01
3.391897380352020264e-01
1.071241855621337891e+00
6.944226101040840149e-03
3.802600986091420054e-05
1.546966959722340107e-03
3.925639390945434570e-01
7.889580726623535156e-02
8.798488378524780273e-01
6.899465918540954590e-01
4.132694099098443985e-03
4.202833224553614855e-04
3.779539763927459717e-01
6.141206831671297550e-04
2.528690856706816703e-06
1.080586433410644531e+00
2.725586818996816874e-05
1.043457984924316406e+00
4.311037628212943673e-05
2.090595662593841553e-01
8.261277675628662109e-01
9.146735072135925293e-02
3.140254193567670882e-06
6.496920585632324219e-01
4.492632579058408737e-03
4.183696582913398743e-03
1.006447928375564516e-04
7.153753936290740967e-02
6.836593151092529297e-02
1.649600453674793243e-03
6.786559820175170898e-01
8.762881159782409668e-02
7.385574281215667725e-02
4.109273105859756470e-02
6.646029353141784668e-01
1.701348344795405865e-03
6.174749732017517090e-01
6.978682875633239746e-01
5.191524624824523926e-01
1.486063934862613678e-02
4.628221318125724792e-02
9.682150185108184814e-02
3.220489621162414551e-01
2.902227044105529785e-01
1.107158064842224121e+00
7.867254316806793213e-04
3.743884735740721226e-05
8.560629189014434814e-02
2.457168375258333981e-05
7.075996696949005127e-02
2.528243465349078178e-03
8.618236080337737803e-08
1.265949904918670654e-01
3.391373157501220703e-01
7.635667324066162109e-01
9.315422177314758301e-02
7.114995718002319336e-01
3.874868154525756836e-02
1.541040986776351929e-01
3.450595977483317256e-05
6.524501442909240723e-01
3.912073560059070587e-03
5.318703188095241785e-05
1.988912820816040039e-01
7.189164869487285614e-03
2.251764386892318726e-01
1.426624320447444916e-02
6.260793209075927734e-01
1.773590445518493652e-01
2.580577740445733070e-03
1.880768537521362305e-01
1.573276147246360779e-02
3.758810162544250488e-01
2.157930750399827957e-03
2.727913856506347656e-02
7.661759736947715282e-04
3.390991389751434326e-01
1.119488570839166641e-02
5.419559478759765625e-01
6.341955810785293579e-02
6.341491937637329102e-01
1.374333798885345459e-01
3.471469879150390625e-01
7.335595488548278809e-01
7.834983058273792267e-03
4.868766292929649353e-02
2.340302336961030960e-03
1.233314946293830872e-01
6.984353065490722656e-01
8.456842601299285889e-02
2.478949911892414093e-02
4.421326816082000732e-01
9.717906713485717773e-01
1.776774525642395020e-01
3.672147095203399658e-01
3.218307718634605408e-02
8.812363445758819580e-02
4.455407065506733488e-08
3.026270270347595215e-01
4.338926672935485840e-01
8.668772352393716574e-05
2.822648286819458008e-01
1.032024520100094378e-04
2.015212339756544679e-05
1.677352884144056588e-05
1.948521205497044662e-11
6.702792597934603691e-04
6.033766269683837891e-01
7.960050106048583984e-01
4.899507530353730544e-06
9.406410455703735352e-01
4.929953813552856445e-02
1.769876293838024139e-02
9.436562657356262207e-03
1.195998862385749817e-02
4.613691009581089020e-03
6.900885105133056641e-01
3.643943055067211390e-04
3.664978593587875366e-02
9.212908893823623657e-02
5.757127888500690460e-03
4.004792515388544416e-07
5.122457146644592285e-01
8.148351917043328285e-04
1.518942862749099731e-01
1.809372380375862122e-02
8.742563659325242043e-05
3.789066374301910400e-01
1.535543473437428474e-03
4.868593513965606689e-01
1.067729964852333069e-01
9.462528396397829056e-05
8.906347793526947498e-04
4.771415889263153076e-02
1.098222613334655762e+00
8.873641490936279297e-02
9.156284249911550432e-06
7.015385478734970093e-02
5.970461964607238770e-01
1.097302556037902832e+00
8.977174013853073120e-02
3.274798765778541565e-02
2.527573611587285995e-03
6.132653355598449707e-01
2.095453441143035889e-02
6.556314229965209961e-02
9.933985769748687744e-02
1.699755154550075531e-02
4.542226791381835938e-01
5.381887406110763550e-02
2.725265622138977051e-01
3.050552040804177523e-04
7.973264291649684310e-05
6.363669037818908691e-01
2.294421643018722534e-01
5.487680027727037668e-06
1.037203492160188034e-05
2.839276567101478577e-03
6.317704319953918457e-01
7.958466881063941400e-07
8.615600317716598511e-02
4.155329465866088867e-01
2.406269162893295288e-01
3.166869655251502991e-02
5.076750367879867554e-02
1.979843974113464355e-01
1.450070925056934357e-02
2.323991060256958008e-02
3.367802202701568604e-01
6.382625550031661987e-02
2.337218075990676880e-01
5.698778629302978516e-01
9.916744232177734375e-01
5.836178064346313477e-01
3.044515688088722527e-05
3.826821967959403992e-02
1.367879012832418084e-04
8.686424791812896729e-02
1.495743077248334885e-02
6.267865002155303955e-02
8.139224405567802023e-09
2.141728401184082031e-01
6.428544409573078156e-03
4.098720848560333252e-03
9.743510599946603179e-05
7.908169063739478588e-04
8.186166837731434498e-07
2.485589534044265747e-01
1.266346722841262817e-01
1.634432226419448853e-01
9.327968291472643614e-05
4.054980874061584473e-01
9.946857392787933350e-02
5.778405466116964817e-05
5.513486266136169434e-01
2.724788524210453033e-02
2.339291851967573166e-03
2.051128831226378679e-06
1.334372907876968384e-01
3.106176257133483887e-01
1.343598216772079468e-01
3.603328168392181396e-01
4.366200882941484451e-03
6.988925633777398616e-06
1.958781853318214417e-03
6.794178485870361328e-01
1.748110502958297729e-01
5.103181116282939911e-03
1.452617719769477844e-02
4.706264734268188477e-01
6.707468535751104355e-03
1.720738597214221954e-03
4.425894916057586670e-01
2.337874770164489746e-01
1.571210596011951566e-04
8.984988182783126831e-02
5.776119828224182129e-01
6.087321043014526367e-02
5.424759350717067719e-03
2.996446378529071808e-02
3.138827160000801086e-02
2.865486741065979004e-01
5.169192329049110413e-02
8.443649113178253174e-02
2.046054974198341370e-02
2.392615824937820435e-01
4.288033039756555809e-07
1.753348973579704762e-03
2.707854807376861572e-01
1.465635281056165695e-02
5.888502346351742744e-04
7.499791681766510010e-03
3.335456848144531250e-01
4.006709158420562744e-02
2.345431363210082054e-03
5.908955931663513184e-01
7.195298671722412109e-01
1.961147040128707886e-01
9.226795518770813942e-04
2.817060332745313644e-03
2.023980952799320221e-02
1.314858067780733109e-02
5.172955393791198730e-01
4.988152068108320236e-04
7.583805322647094727e-01
4.146952927112579346e-01
1.550324559211730957e-01
6.893062032759189606e-03
1.592649370431900024e-01
9.385453909635543823e-02
5.675305426120758057e-02
3.736050857696682215e-04
3.969330191612243652e-01
7.984111289260908961e-05
3.397605568170547485e-02
2.468520700931549072e-01
3.315660990210744785e-08
3.874452039599418640e-02
3.476437879726290703e-03
8.032474517822265625e-01
1.861529199231881648e-05
6.523353457450866699e-01
1.012182980775833130e-01
3.169983625411987305e-01
3.794018703047186136e-04
2.371748723089694977e-02
8.505658805370330811e-02
7.184904534369707108e-04
4.531901180744171143e-01
5.195007193833589554e-03
1.274347454309463501e-01
8.296604647739513894e-08
6.159577751532196999e-04
1.095711719244718552e-02
6.072228550910949707e-01
1.566835045814514160e-01
5.982494354248046875e-02
2.590417047532156403e-10
1.205410957336425781e-01
9.429308585822582245e-03
3.233855405682106721e-09
4.445860087871551514e-01
1.232265587896108627e-02
2.931070497425025678e-08
6.587953567504882812e-01
1.033964683301746845e-03
6.935217380523681641e-01
9.375917911529541016e-02
7.146184891462326050e-02
1.539053919259458780e-04
5.780469775199890137e-01
3.868227940984070301e-04
8.557284250855445862e-03
4.233963787555694580e-01
1.644427684368565679e-04
2.398314652964472771e-03
6.344201564788818359e-01
3.031804859638214111e-01
3.889377415180206299e-01
5.615407600998878479e-02
1.578460261225700378e-02
1.295298710465431213e-02
2.177183628082275391e-01
2.236714661121368408e-01
7.261836435645818710e-04
5.917668808251619339e-03
1.265130043029785156e-01
4.542519152164459229e-02
6.145349740982055664e-01
9.206975996494293213e-02
9.141596965491771698e-03
3.286343053332529962e-05
1.738068414852023125e-03
2.362858206033706665e-01
6.951064467430114746e-01
1.490087561251129955e-05
7.379586249589920044e-02
1.073629617691040039e+00
5.234824027866125107e-03
1.026292610913515091e-02
5.765008926391601562e-01
7.686820626258850098e-02
1.439245790243148804e-01
7.379818558692932129e-01
1.568641862832009792e-03
7.862700521945953369e-02
2.842290847127060260e-08
2.757140318863093853e-04
3.406577277928590775e-03
6.814686208963394165e-02
1.296858042478561401e-01
6.835892200469970703e-01
1.047790765762329102e+00
3.695729944297454495e-08
7.270967122167348862e-03
9.837467074394226074e-01
4.471057355403900146e-01
1.218478977680206299e-01
2.813129425048828125e-01
3.015704685822129250e-03
9.040826559066772461e-02
4.484611153602600098e-01
1.942568272352218628e-01
3.669953048229217529e-01
2.190753817558288574e-01
5.743511319160461426e-01
4.421552419662475586e-01
8.886896551985046244e-08
7.813039422035217285e-02
1.615803539752960205e-01
5.447698235511779785e-01
4.239794984459877014e-02
2.085792832076549530e-02
8.843769319355487823e-05
7.555659413337707520e-01
7.218759856186807156e-04
1.136766523122787476e-01
2.861953377723693848e-01
7.077822089195251465e-02
3.680327907204627991e-02
6.812840700149536133e-01
4.730237126350402832e-01
8.558880537748336792e-03
4.418598115444183350e-01
4.031647741794586182e-01
2.112266048789024353e-02
4.171033948659896851e-02
6.330435164272785187e-03
2.018893212607508758e-07
4.593322344703665294e-08
5.390996875576092862e-07
6.899463534355163574e-01
2.442404441535472870e-02
1.888693273067474365e-01
1.538393553346395493e-03
2.998818084597587585e-02
6.787034273147583008e-01
3.083028830587863922e-03
2.738617546856403351e-02
2.219495143229721634e-10
4.922070354223251343e-02
2.518851868808269501e-02
1.074291390068538021e-06
1.143224835395812988e-01
8.020830573514103889e-04
4.620414401870220900e-04
2.893776632845401764e-02
2.207282334566116333e-01
6.958464980125427246e-01
4.594489634037017822e-01
9.374438226222991943e-02
3.689385950565338135e-01
8.923356980085372925e-02
1.514044404029846191e-01
7.569384574890136719e-01
1.893345324788242579e-05
1.916077733039855957e-02
5.742552876472473145e-01
2.457761019468307495e-01
1.690375574980862439e-05
2.976371906697750092e-03
1.154507845640182495e-01
6.816590428352355957e-01
2.561951259849593043e-05
4.417260643094778061e-03
6.918868422508239746e-01
4.109238274395465851e-03
2.229563542641699314e-04
2.071847952902317047e-02
1.104556577047333121e-04
4.158206284046173096e-03
6.070204377174377441e-01
1.121483655879274011e-04
5.409343242645263672e-01
6.404696106910705566e-01
5.825297466621748299e-10
6.765058636665344238e-01
6.684666126966476440e-02
2.933881546596239787e-07
2.614625096321105957e-01
3.381538689136505127e-01
6.327821016311645508e-01
1.016965825328952633e-06
2.363466918468475342e-01
2.392472513020038605e-02
2.019372535869479179e-03
2.852628827095031738e-01
6.941920518875122070e-01
9.933985769748687744e-02
2.562400698661804199e-02
1.655580252408981323e-01
1.918923705816268921e-01
7.117474079132080078e-01
3.302075862884521484e-01
1.492995023727416992e-02
8.027163334190845490e-03
3.207857844245154411e-06
1.710966043174266815e-02
5.923343300819396973e-01
1.795879143173806369e-06
4.928422160446643829e-03
6.428684592247009277e-01
5.309468178893439472e-06
6.781066060066223145e-01
3.576558548957109451e-03
8.060988187789916992e-01
2.655647695064544678e-01
1.036361157894134521e-01
2.274876460433006287e-03
6.723900884389877319e-02
6.993474960327148438e-01
1.880353391170501709e-01
1.894340068101882935e-01
1.057868972420692444e-01
9.041857719421386719e-01
3.637328371405601501e-02
4.717665314674377441e-01
7.878576964139938354e-02
6.386901736259460449e-01
8.515891432762145996e-02
2.651921100914478302e-02
5.515591707080602646e-03
6.699022650718688965e-01
4.023258015513420105e-02
2.027023769915103912e-02
2.467431186232715845e-04
2.218064107000827789e-02
2.431110424083726684e-08
4.676192067563533783e-03
2.359610749408602715e-03
8.669906109571456909e-02
3.584391251206398010e-02
1.989081965803052299e-06
7.452864338119979948e-06
2.728727413341403008e-03
3.518717736005783081e-02
1.785607310011982918e-03
3.310290277004241943e-01
1.734569296240806580e-02
8.238877356052398682e-02
2.054718509316444397e-02
8.840898051857948303e-03
6.374963372945785522e-02
3.321406543254852295e-01
1.187443286180496216e-01
1.699116379022598267e-01
1.453391276299953461e-03
5.750575571283889076e-09
9.022560698213055730e-05
8.413706906139850616e-03
4.493280721362680197e-04
1.161563023924827576e-02
4.623657837510108948e-02
8.240267038345336914e-01
8.824392408132553101e-02
4.407630488276481628e-02
4.272280260920524597e-02
3.349374830722808838e-01
3.488782240879118035e-08
4.402381926774978638e-02
6.976913809776306152e-01
6.240682005882263184e-01
1.563003199089862960e-11
6.943638920783996582e-01
3.331640255055390298e-05
6.519723534584045410e-01
4.173241555690765381e-03
1.180319301784038544e-02
9.154412150382995605e-02
6.577869057655334473e-01
1.377071887254714966e-01
6.576776504516601562e-02
7.236003279685974121e-01
5.186203122138977051e-01
6.902424693107604980e-01
6.724105477333068848e-01
2.651512809097766876e-02
6.106334924697875977e-01
5.502019077539443970e-03
8.124253898859024048e-02
6.317213177680969238e-01
3.816637396812438965e-01
2.147761506421375088e-06
6.907867789268493652e-01
9.105970151722431183e-03
2.523959875106811523e-01
6.055865669623017311e-04
1.901554409414529800e-03
6.407205462455749512e-01
3.702725279164376104e-11
1.967777013778686523e-01
3.651184439659118652e-01
5.449395179748535156e-01
3.482856322079896927e-03
5.298739764839410782e-03
4.551346004009246826e-01
2.639558911323547363e-01
5.103311538696289062e-01
2.168065169826149940e-03
1.152980163600381136e-12
3.147962689399719238e-02
3.734897472895681858e-05
1.283709984272718430e-02
6.764651061530457810e-07
1.410116069018840790e-02
1.181290820240974426e-01
7.753035426139831543e-02
1.729758805595338345e-03
4.818121790885925293e-01
5.015493035316467285e-01
9.530032548354938626e-05
1.246310696005821228e-01
6.207531094551086426e-01
4.178484436124563217e-03
3.781745135784149170e-01
8.959959149360656738e-01
6.669650673866271973e-01
2.410266461083665490e-06
1.725320726109202951e-05
1.948521205497044662e-11
1.131638449614058572e-09
3.993806119151344092e-10
3.256214040447957814e-05
3.501773870873137184e-10
3.578139285309589468e-06
2.275517772432067432e-06
2.293386124074459076e-02
1.564072249493619893e-07
3.615230671130120754e-04
6.529379703579252237e-08
1.540131506772013381e-07
1.077432365548247617e-09
2.633970143506303430e-05
4.600841236879205098e-07
2.065069526433944702e-01
1.656861456922342768e-07
2.195638554866943815e-13
6.149485898276907392e-07
1.799236088118050247e-06
1.905983822325652000e-06
5.558427051965963983e-09
6.722036705042455651e-09
1.572861618726051347e-09
1.512858761998359114e-05
6.632556960539659485e-06
8.208630823680618249e-12
4.603624343872070312e-01
2.021927292261693765e-09
6.566833235410740599e-06
3.901002898487604398e-08
4.919410457659978420e-06
3.078942419961094856e-03
1.415326210008061025e-06
1.167422942671691999e-05
8.931438060244545341e-06
7.748289476694480982e-07
1.046504912665113807e-04
1.728134066070197150e-06
2.779498100280761719e-01
6.681941915303468704e-03
2.012660260675147583e-08
8.326377951561880764e-07
1.287826179030560070e-09
1.757081190589815378e-04
1.975892445216231863e-07
1.729374162096064538e-05
6.350857347570126876e-06
1.003861993531529606e-09
4.834608116652816534e-04
1.940800575539469719e-05
4.300262371543794870e-04
2.231714082881808281e-03
6.556314229965209961e-02
2.581983339041471481e-03
8.897972065824433230e-07
2.902227044105529785e-01
2.826759191520977765e-05
6.010203446038531183e-10
6.887334166094660759e-06
7.611223651338150376e-09
4.067657209816388786e-05
1.832755636144156597e-08
7.229580489820364164e-08
2.286459688249919964e-09
2.392785549163818359e-01
2.724000712495122656e-12
1.021914044940785971e-06
3.541961632436141372e-06
9.579822290106676519e-06
5.437502750282874331e-07
5.483962967991828918e-02
2.032253658398985863e-03
7.379969702014932409e-08
1.341652899888856609e-09
1.850866465247236192e-05
7.915364790278545115e-07
1.145150628872215748e-03
7.041617777758801822e-08
2.297260337513762352e-08
3.232208837289363146e-05
1.496816426515579224e-01
1.327326288446784019e-03
6.343417879861590336e-08
3.445886704867007211e-06
2.253878750302362732e-10
9.633402078179642558e-05
1.445915435993594400e-12
3.739257514734362076e-11
1.447866379749029875e-04
2.598158310718190478e-08
2.376602787990123034e-04
1.198870013467967510e-03
9.351946209790185094e-05
1.896613639473798685e-07
1.010377892463054650e-09
2.241575657535577193e-06
1.670918054878711700e-02
3.606922291510272771e-06
9.412663981578361927e-10
1.725123863205446639e-11
9.462528396397829056e-05
9.841452985881460336e-09
8.521814015693962574e-05
5.369928846477457079e-15
9.469829933550499845e-07
2.417500644114056740e-10
9.078750196067630895e-09
3.910553658670323784e-08
6.224208370930739420e-10
3.402671495678077918e-07
7.341863010879023932e-07
2.205128781497478485e-03
3.944430318369995803e-06
4.726343547645228682e-07
1.224267482757568359e-02
3.825408384727779776e-06
4.471132086791840266e-08
4.829026176329798137e-13
1.113071334657433908e-06
8.810125251557110460e-08
2.615674384287558496e-05
4.098084900761023164e-06
4.648145868202391284e-09
1.032684668898582458e-01
4.034905228763818741e-03
6.560399445909581573e-11
6.891222000122070312e-01
1.258000917732715607e-02
2.321039093658328056e-03
1.426511131441543512e-10
1.853668885054560178e-10
7.372167876162905031e-10
3.847154221148230135e-05
8.773462667477360810e-08
3.509185303451900495e-11
1.992289721965789795e-01
9.507883369508363103e-09
1.928345591295510530e-05
2.111673147453529964e-08
3.248704830184578896e-03
6.659758090972900391e-01
2.527179354672171030e-09
2.065749504254199564e-05
3.302297773188911378e-05
8.868948242479746114e-09
3.783821128308773041e-03
4.107118365936912596e-05
2.621698426082730293e-03
1.356034545096918009e-06
5.027516536415532755e-08
4.005257778771920130e-06
5.978542660933783282e-11
2.503624807470572478e-10
7.935775370171427312e-10
9.950493695214390755e-04
2.340302336961030960e-03
3.780730537528143032e-07
1.977123353924525873e-09
1.206432643812149763e-04
7.772964494279221981e-09
1.404141025673766308e-09
1.260915360035141930e-05
8.642341526865493506e-07
3.871390799758955836e-05
1.509666169852152962e-08
1.229639678967942018e-07
6.525039175642177725e-09
9.538889855775778415e-08
3.988491759088219624e-09
5.594023605226539075e-06
9.115598276210334916e-10
1.182028063340112567e-04
9.766406146809458733e-04
5.943039116385051557e-11
6.627323578811683547e-09
1.637506647966802120e-05
6.670932179986266419e-07
3.187178576613547420e-10
6.345990044565041899e-08
3.460344260020065121e-07
4.234464938690507552e-07
2.689789653231855482e-07
1.157584165412117727e-06
2.812814159369736444e-08
4.004117363365367055e-05
2.947021508589386940e-03
2.499685569645748728e-09
2.803859615596593358e-06
1.824129327587797889e-07
3.184038632753072307e-07
3.022634920135658376e-11
1.751045317632815568e-07
8.377117666213962366e-09
5.523313473254631845e-10
2.965495514217764139e-04
5.531107944989344105e-06
3.376423592271748930e-06
9.127511293627321720e-05
1.914685890369582921e-05
3.869909414788708091e-05
1.132205440512734640e-07
8.247264195233583450e-04
8.762085030866728630e-07
2.286448031663894653e-01
1.063562820036167977e-07
1.037808251567184925e-04
5.835405048060238187e-09
5.610210299491882324e-01
1.183028075502079446e-06
4.868195578455924988e-02
2.927190934087775531e-09
6.381861705762048587e-09
6.273579877813517669e-09
9.033485959264453413e-09
3.044117147510405630e-05
1.049446538559095643e-07
4.393761230403470108e-07
2.079030139157111989e-07
9.259884973289445043e-05
2.886768015741836280e-06
1.907280307023029309e-07
5.426304596767295152e-06
2.970489479392490750e-11
2.836487169588508550e-07
7.383180178344161959e-11
5.491885346486924391e-08
3.734605706995353103e-05
4.148164123307651607e-08
2.172216712059693577e-10
8.186166837731434498e-07
2.527916933559026802e-07
7.397951140575287354e-09
4.028257588606365402e-11
3.189966082572937012e-04
7.485532159401397934e-12
3.461654518588375140e-09
9.506660717306658626e-06
4.744104444398544729e-05
3.781379928113892674e-05
9.994760148401837796e-06
4.617804734152741730e-06
4.089256488981618531e-09
1.896264762990540476e-07
9.030747605720534921e-06
2.063643353422683901e-11
1.676485839041674808e-09
5.108577116885726355e-09
3.448174993536667898e-06
1.311261943470753977e-08
3.027892112731933594e-01
6.478858267655596137e-06
3.051260719075798988e-04
1.822936752660098136e-07
9.287361990573117509e-09
7.890543773925173809e-10
5.381887406110763550e-02
1.410116112765535945e-07
1.386851256057752835e-08
1.183116864922340028e-06
3.867240039312491717e-08
1.790319714700672193e-08
8.089331458904780447e-06
1.819553858695144299e-06
-0.000000000000000000e+00
-0.000000000000000000e+00
-0.000000000000000000e+00
-0.000000000000000000e+00
-0.000000000000000000e+00
-0.000000000000000000e+00
-0.000000000000000000e+00
-0.000000000000000000e+00
-0.000000000000000000e+00
-0.000000000000000000e+00
-0.000000000000000000e+00
-0.000000000000000000e+00
-0.000000000000000000e+00
-0.000000000000000000e+00
-0.000000000000000000e+00
-0.000000000000000000e+00
-0.000000000000000000e+00
-0.000000000000000000e+00
-0.000000000000000000e+00
-0.000000000000000000e+00
-0.000000000000000000e+00
-0.000000000000000000e+00
-0.000000000000000000e+00
-0.000000000000000000e+00
-0.000000000000000000e+00
-0.000000000000000000e+00
-0.000000000000000000e+00
-0.000000000000000000e+00
-0.000000000000000000e+00
-0.000000000000000000e+00
-0.000000000000000000e+00
-0.000000000000000000e+00
-0.000000000000000000e+00
-0.000000000000000000e+00
-0.000000000000000000e+00
-0.000000000000000000e+00
-0.000000000000000000e+00
-0.000000000000000000e+00
-0.000000000000000000e+00
-0.000000000000000000e+00
