1.063951179385185242e-01
5.733094364404678345e-02
2.543958723545074463e-01
9.400119781494140625e-01
1.219366043806076050e-01
6.732590198516845703e-01
2.951364517211914062e-01
1.076036393642425537e-01
2.007821574807167053e-03
5.161779746413230896e-02
8.898012042045593262e-01
1.983251422643661499e-02
4.577789455652236938e-02
7.229187176562845707e-04
7.667463272809982300e-02
5.273907911032438278e-03
7.526256144046783447e-03
2.435107976198196411e-01
6.143043041229248047e-01
1.518551856279373169e-01
5.005240673199295998e-04
1.249903082847595215e+00
8.205156773328781128e-03
4.075696766376495361e-01
5.892708152532577515e-02
8.603790402412414551e-01
8.580543100833892822e-02
1.568124815821647644e-02
1.335247009992599487e-01
3.322554826736450195e-01
4.441248774528503418e-01
8.090741634368896484e-01
3.026064299046993256e-02
2.532652951776981354e-02
7.432352900505065918e-01
1.069829612970352173e-02
5.702128410339355469e-01
4.865061200689524412e-04
2.416500449180603027e-02
3.455399870872497559e-01
6.922118663787841797e-01
2.151075005531311035e-01
5.456245541572570801e-01
4.496029317378997803e-01
1.435410082340240479e-01
3.629963994026184082e-01
1.074737787246704102e+00
1.112204864621162415e-01
2.300473133800551295e-04
2.438483983278274536e-01
3.442507659201510251e-05
4.725248552858829498e-03
8.187736272811889648e-01
1.445912942290306091e-02
3.126015886664390564e-02
7.746163606643676758e-01
2.552307248115539551e-01
9.220211766660213470e-03
6.241801660507917404e-03
2.817305922508239746e-01
7.753180265426635742e-01
5.196058154106140137e-01
1.794580370187759399e-01
3.187138438224792480e-01
3.609071252867579460e-03
9.960105642676353455e-03
5.956874415278434753e-02
4.099132120609283447e-02
8.719282150268554688e-01
3.422507643699645996e-01
1.043649576604366302e-02
1.420193258672952652e-02
5.704119205474853516e-01
4.452310968190431595e-03
1.156377643346786499e-01
2.618461549282073975e-01
7.650855695828795433e-04
6.804476380348205566e-01
3.651934564113616943e-01
2.656058035790920258e-02
6.575007864739745855e-05
4.095919728279113770e-01
1.097741187550127506e-03
3.435993492603302002e-01
4.879949390888214111e-01
1.090505393221974373e-03
1.047260221093893051e-02
1.836215844377875328e-03
1.234539508819580078e+00
1.021495103836059570e+00
2.956341020762920380e-03
8.380094766616821289e-01
2.618539705872535706e-02
1.457182952435687184e-04
2.307826578617095947e-01
6.317466497421264648e-01
1.207025349140167236e-02
4.302787780761718750e-01
1.689806580543518066e-01
1.630714163184165955e-02
6.907397508621215820e-01
8.389582857489585876e-03
6.217358112335205078e-01
2.430804073810577393e-01
4.003069698810577393e-01
3.769807517528533936e-01
4.841668531298637390e-03
2.723234295845031738e-01
2.927967812865972519e-03
1.056563973426818848e+00
7.326738238334655762e-01
3.345398232340812683e-02
1.524735987186431885e-02
1.220726728439331055e+00
6.351568698883056641e-01
3.066261124331504107e-04
2.170096486806869507e-01
2.470215409994125366e-02
5.993443727493286133e-01
7.466568350791931152e-01
6.647345726378262043e-04
3.460913896560668945e-02
8.554518222808837891e-02
6.677297949790954590e-01
1.883061230182647705e-02
4.595687240362167358e-02
5.813675466924905777e-03
1.328479405492544174e-02
9.355819202028214931e-04
1.415162347257137299e-03
7.222445607185363770e-01
4.579179733991622925e-02
1.959899067878723145e-02
8.559159040451049805e-01
8.388657569885253906e-01
1.776311993598937988e-01
7.283343672752380371e-01
4.313929006457328796e-03
1.254825759679079056e-02
1.123730931431055069e-02
7.764468318782746792e-05
5.295217782258987427e-02
3.988525867462158203e-01
5.176252685487270355e-03
3.096530437469482422e-01
3.973914384841918945e-01
2.098407821904402226e-05
2.485294491052627563e-01
8.339216113090515137e-01
5.044810771942138672e-01
3.774166703224182129e-01
3.336356952786445618e-02
1.741678570397198200e-03
9.568988680839538574e-01
1.944064861163496971e-03
4.216128587722778320e-02
3.546180576086044312e-02
1.195101961493492126e-01
2.202948778867721558e-01
1.358542405068874359e-02
1.739451736211776733e-01
2.313203178346157074e-03
2.902877926826477051e-01
3.244473366066813469e-03
1.552750468254089355e-01
5.442918743938207626e-03
7.663120049983263016e-03
7.132242918014526367e-01
6.470139622688293457e-01
2.938703820109367371e-02
3.324212431907653809e-01
2.004858553409576416e-01
4.483749158680438995e-03
6.711302697658538818e-02
9.736385941505432129e-01
1.075439929962158203e+00
2.421186864376068115e-01
5.836410855408757925e-05
3.843781054019927979e-01
2.699104079511016607e-04
2.171485722064971924e-01
7.178895473480224609e-01
3.890249878168106079e-02
7.519930601119995117e-03
1.491646002978086472e-02
8.884178847074508667e-02
4.260064363479614258e-01
2.272127568721771240e-02
7.308246195316314697e-02
5.840362310409545898e-01
8.475124835968017578e-02
3.875398635864257812e-01
4.395070672035217285e-02
2.076367854897398502e-05
3.965047001838684082e-02
1.213239692151546478e-02
4.916523117572069168e-03
9.353248606203123927e-05
9.071260690689086914e-01
2.102480968460440636e-03
7.087208032608032227e-01
1.937347277998924255e-02
7.702947854995727539e-01
1.631970517337322235e-02
2.297476679086685181e-02
7.133473455905914307e-02
6.186187267303466797e-01
2.930561900138854980e-01
8.766776323318481445e-01
1.203461829572916031e-02
3.531210240907967091e-04
3.371445229277014732e-03
1.158569827675819397e-01
1.203833103179931641e+00
3.660837933421134949e-02
3.444455069256946445e-05
8.672181367874145508e-01
2.784565277397632599e-02
4.683185219764709473e-01
2.883097529411315918e-01
1.216081306338310242e-01
4.099669754505157471e-01
4.839991331100463867e-01
1.583727821707725525e-02
1.559281517984345555e-04
7.368475198745727539e-03
3.427241742610931396e-01
5.316875129938125610e-02
3.703069388866424561e-01
1.686072163283824921e-02
5.805493593215942383e-01
3.012571856379508972e-02
4.836669936776161194e-02
9.378376007080078125e-01
2.637555003166198730e-01
6.488826274871826172e-01
1.871086955070495605e-01
2.848517397069372237e-06
1.013941946439445019e-03
4.680940806865692139e-01
9.597197771072387695e-01
1.081822395324707031e+00
1.323230285197496414e-02
1.738561689853668213e-02
8.307434618473052979e-03
2.652676403522491455e-01
1.195162534713745117e+00
2.446889281272888184e-01
4.349768534302711487e-02
1.037153363227844238e+00
6.042701378464698792e-02
1.016232073307037354e-01
5.360539555549621582e-01
5.001806020736694336e-01
4.813662767410278320e-01
1.152660846710205078e+00
-0.000000000000000000e+00
-0.000000000000000000e+00
-0.000000000000000000e+00
-0.000000000000000000e+00
-0.000000000000000000e+00
-0.000000000000000000e+00
-0.000000000000000000e+00
-0.000000000000000000e+00
-0.000000000000000000e+00
-0.000000000000000000e+00
-0.000000000000000000e+00
-0.000000000000000000e+00
-0.000000000000000000e+00
-0.000000000000000000e+00
-0.000000000000000000e+00
-0.000000000000000000e+00
-0.000000000000000000e+00
-0.000000000000000000e+00
-0.000000000000000000e+00
-0.000000000000000000e+00
