1.384363076795125380e-05
1.660604539210908115e-05
1.205159584060311317e-03
6.358208656311035156e-01
1.461787223815917969e-01
1.136791780591011047e-01
5.698166205547749996e-04
1.847108453512191772e-02
4.727956056594848633e-01
1.471943706274032593e-01
2.011881442740559578e-04
7.051190137863159180e-01
4.424389451742172241e-03
8.504038676619529724e-03
1.498519927263259888e-01
3.671579658985137939e-01
1.011254149489104748e-03
1.278771087527275085e-04
5.911512562306597829e-05
6.634831428527832031e-02
5.078046917915344238e-01
1.188308238983154297e+00
4.412715882062911987e-02
3.475907146930694580e-01
1.468725036829710007e-02
3.203397095203399658e-01
2.193722315132617950e-02
2.066946476697921753e-01
2.138809263706207275e-01
7.874472439289093018e-02
2.529823177610523999e-06
2.810082212090492249e-02
5.700207948684692383e-01
1.405624061590060592e-04
6.699851900339126587e-02
7.891709804534912109e-01
5.600563287734985352e-01
1.879313349490985274e-04
6.723837852478027344e-01
7.807173728942871094e-01
5.864385962486267090e-01
1.755700795911252499e-03
5.095746018923819065e-06
6.396232247352600098e-01
6.198233366012573242e-02
4.471192881464958191e-02
1.011464893817901611e-01
6.683714389801025391e-01
1.808618903160095215e-01
3.225103020668029785e-02
3.380599617958068848e-02
2.375816693529486656e-04
6.554051637649536133e-01
1.025775671005249023e+00
1.807068038033321500e-04
2.049394547939300537e-01
2.438448063912801445e-05
6.163790449500083923e-02
4.583052098751068115e-01
2.151307910680770874e-01
3.453268110752105713e-01
6.957480800338089466e-04
5.421234369277954102e-01
2.761607170104980469e-01
6.848648190498352051e-01
2.534386143088340759e-02
1.703538699075579643e-03
3.537426469847559929e-03
2.373835304751992226e-04
5.373076796531677246e-01
6.309311389923095703e-01
1.863685174612328410e-04
8.604167378507554531e-04
4.601088911294937134e-02
2.366259694099426270e-02
1.579124294221401215e-02
4.090336561203002930e-01
2.382836341857910156e-01
1.585100218653678894e-02
7.151277065277099609e-01
7.254885882139205933e-02
2.678679116070270538e-02
1.570880860090255737e-01
3.362447917461395264e-01
4.175363183021545410e-01
2.154079452157020569e-02
7.492515578633174300e-06
2.066884785890579224e-01
1.756997080519795418e-04
1.967253629118204117e-04
9.078142233192920685e-03
6.907576322555541992e-02
8.050269447267055511e-03
4.378991434350609779e-06
1.492602052167057991e-03
4.425306618213653564e-01
1.656282838666811585e-04
5.999106913805007935e-03
3.643430536612868309e-04
8.063153177499771118e-02
7.519474253058433533e-03
1.666292250156402588e-01
1.860618442296981812e-01
3.422033332753926516e-04
4.272973537445068359e-01
8.184158802032470703e-01
2.190400362014770508e-01
7.692564725875854492e-01
1.923639676533639431e-03
4.041315019130706787e-01
2.209653321187943220e-04
1.201308965682983398e-01
3.990952372550964355e-01
7.164516486227512360e-03
2.036311477422714233e-01
1.966862619156017900e-04
1.488644556957297027e-05
8.006069809198379517e-03
1.193262733067967929e-07
1.013706624507904053e-01
1.489654387114569545e-04
5.726013332605361938e-03
6.837083492428064346e-04
1.252021491527557373e-01
5.883695557713508606e-03
1.976302592083811760e-03
6.981498003005981445e-02
7.096276385709643364e-05
7.209108769893646240e-02
5.979611277580261230e-01
4.015944432467222214e-04
7.531416416168212891e-02
7.920467853546142578e-02
7.891272616689093411e-06
3.793666362762451172e-01
6.403682231903076172e-01
1.246201321482658386e-01
5.652104504406452179e-03
7.127392292022705078e-02
7.378685474395751953e-01
2.759700715541839600e-01
1.349638998508453369e-01
1.519270241260528564e-01
6.103206872940063477e-01
2.739297342486679554e-04
1.072720587253570557e-01
1.091577112674713135e-01
2.445063889026641846e-01
9.664339944720268250e-03
7.115124026313424110e-05
1.145136891864240170e-03
4.493915912462398410e-05
1.053058635443449020e-02
4.701644647866487503e-03
5.682554160557629075e-07
5.865972489118576050e-04
3.242792189121246338e-02
1.148589508375152946e-04
3.028205537702888250e-04
1.993089318275451660e-01
2.233922714367508888e-03
2.393450438976287842e-01
1.663553412072360516e-04
2.632852084934711456e-02
9.423559308052062988e-01
1.127394437789916992e+00
2.642721533775329590e-01
7.975216722115874290e-04
3.902343809604644775e-01
3.630430996417999268e-01
1.022399403154850006e-02
6.327299633994698524e-04
1.521352827548980713e-01
6.261584758758544922e-01
5.510404706001281738e-02
1.431317999958992004e-03
2.128553576767444611e-02
4.010123312473297119e-01
4.767294041812419891e-03
6.099691987037658691e-01
3.039936535060405731e-02
2.726439759135246277e-02
4.020477831363677979e-02
3.782117366790771484e-02
1.915178872877731919e-04
4.806583002209663391e-02
6.466954201459884644e-02
4.091035202145576477e-02
7.199773192405700684e-01
1.002792939543724060e-01
3.811699450016021729e-01
1.049031257629394531e+00
5.060906410217285156e-01
2.743571102619171143e-01
6.010507792234420776e-02
1.395177654922008514e-02
7.600597292184829712e-02
5.196326971054077148e-01
1.082679773389827460e-05
3.426021430641412735e-05
1.295460504479706287e-03
2.517296525184065104e-04
1.068162079900503159e-02
7.599153518676757812e-01
1.026459969580173492e-03
1.498601050116121769e-03
1.234150528907775879e-01
2.321701198816299438e-01
4.517364501953125000e-01
5.303723812103271484e-01
2.035189270973205566e-01
3.345368197187781334e-03
4.458278417587280273e-01
3.632520511746406555e-02
3.231315910816192627e-01
3.035593926906585693e-01
9.251146316528320312e-01
6.944743450731039047e-03
5.928903222084045410e-01
4.687226191163063049e-02
5.950512290000915527e-01
5.512263774871826172e-01
3.568858664948493242e-05
3.450057411100715399e-04
1.867688298225402832e-01
1.967128515243530273e-01
7.957384921610355377e-03
7.586918072775006294e-04
1.239280682057142258e-03
2.021026313304901123e-01
1.298737525939941406e-01
7.712168735451996326e-04
3.692770004272460938e-01
2.757182158529758453e-02
2.324430197477340698e-01
2.178151393309235573e-03
7.197471568360924721e-04
3.610958531498908997e-02
2.563007874414324760e-03
8.713320642709732056e-02
3.014304339885711670e-01
1.074450135231018066e+00
5.445168614387512207e-01
2.100085794154438190e-06
9.780840873718261719e-01
6.011873483657836914e-01
6.624751840718090534e-04
1.593907247297465801e-03
6.730720400810241699e-03
3.878153264522552490e-01
2.906531095504760742e-03
1.815829239785671234e-02
3.807927966117858887e-01
5.850709676742553711e-01
3.782038092613220215e-01
9.498301893472671509e-03
-0.000000000000000000e+00
-0.000000000000000000e+00
-0.000000000000000000e+00
-0.000000000000000000e+00
-0.000000000000000000e+00
-0.000000000000000000e+00
-0.000000000000000000e+00
-0.000000000000000000e+00
-0.000000000000000000e+00
-0.000000000000000000e+00
-0.000000000000000000e+00
-0.000000000000000000e+00
-0.000000000000000000e+00
-0.000000000000000000e+00
-0.000000000000000000e+00
-0.000000000000000000e+00
-0.000000000000000000e+00
-0.000000000000000000e+00
-0.000000000000000000e+00
-0.000000000000000000e+00
