6.556745938723906875e-05
1.654354855418205261e-05
5.799852609634399414e-01
6.818076968193054199e-01
3.903953433036804199e-01
2.194391981902299449e-06
2.798082306981086731e-03
1.176683753728866577e-01
1.227587223052978516e+00
1.165324077010154724e-01
7.255022646859288216e-04
1.310871988534927368e-01
4.103238135576248169e-02
2.796106738969683647e-03
1.095360517501831055e+00
3.809730696957558393e-04
3.361061681061983109e-03
5.646606087684631348e-01
1.078670262359082699e-03
3.312120711029820086e-08
1.846515078796073794e-04
3.753413856029510498e-01
7.596806287765502930e-01
5.580828189849853516e-01
5.860814824700355530e-03
3.535803779959678650e-02
9.326937794685363770e-02
1.537159619147132616e-06
5.520781851373612881e-04
4.782289862632751465e-01
4.683494567871093750e-02
7.069332003593444824e-01
7.511291642003925517e-07
5.046659862273372710e-05
5.191800878101560102e-10
1.190824434161186218e-03
7.645367644727230072e-03
1.366989919915795326e-03
9.205054491758346558e-03
1.378106232732534409e-02
1.879201531410217285e-01
9.888330101966857910e-01
3.973951679654419422e-04
2.002550569812910908e-09
7.680548727512359619e-02
1.394234132021665573e-03
4.508608071773778647e-06
5.000186339020729065e-02
1.812827214598655701e-02
8.653848781250417233e-04
3.973259124904870987e-03
1.030946016311645508e+00
2.535923719406127930e-01
3.096032440662384033e-01
7.348313374677672982e-05
1.710393726825714111e-01
4.494816437363624573e-02
5.608913488686084747e-04
6.310711055994033813e-02
7.957241088263344864e-09
7.080760598182678223e-02
1.997005194425582886e-01
2.143230176443466917e-06
1.692288741469383240e-02
8.180623990483582020e-04
1.385661333938581485e-12
5.473217242979444563e-05
6.749487947672605515e-04
4.658861756324768066e-01
5.669886246323585510e-03
3.779279359150677919e-05
3.775079449042095803e-08
4.048729687929153442e-02
1.743937787068716716e-06
4.984018206596374512e-02
4.472360888030380011e-04
1.455110460519790649e-01
5.694278478622436523e-01
3.505832981318235397e-03
4.894595662108258693e-08
2.023675051532336511e-06
9.291074238717556000e-03
9.659511306381318718e-06
1.560461678309366107e-04
3.785360604524612427e-05
6.928649963811039925e-04
1.198710128664970398e-02
4.043623507022857666e-01
2.392003126442432404e-02
2.000304460525512695e-01
4.718679562211036682e-02
5.843030810356140137e-01
9.409026461071334779e-06
2.260338887572288513e-02
2.212342992424964905e-02
1.112943608313798904e-02
3.972222208976745605e-01
2.678729780018329620e-02
2.099936595186591148e-03
6.100872411429758557e-12
7.045359816402196884e-03
5.497968941926956177e-02
2.240628702566027641e-03
3.784737288951873779e-01
2.737418690230697393e-04
1.808282434940338135e-01
3.748788535594940186e-01
5.592316028923960403e-06
3.933577835559844971e-01
1.489520668983459473e-01
8.765463462623301893e-06
3.429711759090423584e-01
1.536119878292083740e-01
3.496758290566504002e-04
1.696582138538360596e-02
1.070160150527954102e+00
1.253808079582086066e-07
4.832101762294769287e-01
9.530196338891983032e-02
1.363163505629927386e-06
1.876465827226638794e-01
5.183589564694557339e-06
5.621716380119323730e-02
6.622653745580464602e-05
1.816821622924180701e-06
8.616245395387522876e-06
4.670350608648732305e-05
1.013142839074134827e-01
1.149465331945487279e-11
1.197876453399658203e+00
3.440752323058404727e-07
5.998352076858282089e-03
3.640257567167282104e-02
4.368967784103006124e-04
3.524083294905722141e-04
1.940256624948233366e-04
6.966855525970458984e-01
7.888793945312500000e-01
6.862952709197998047e-01
6.877602338790893555e-01
8.220083691412582994e-05
6.697227945551276207e-04
4.288855780032463372e-05
2.852746844291687012e-02
3.619541732308162452e-13
1.350105181336402893e-02
4.022633220301941037e-05
1.052870764397084713e-03
2.932849747594445944e-04
4.396477306727319956e-04
3.651618026196956635e-03
9.176714811474084854e-04
7.924372330307960510e-04
8.756735175848007202e-02
3.828155575320124626e-03
8.331216871738433838e-03
4.421083722263574600e-03
1.003655076026916504e+00
1.095027357678191038e-08
1.076286509633064270e-01
2.013594657182693481e-01
6.909488001838326454e-04
6.960351467132568359e-01
3.487979993224143982e-02
3.266703424742445350e-05
2.230385462098638527e-06
3.834049566648900509e-04
2.688915410544723272e-04
1.434921869076788425e-04
7.354370504617691040e-02
7.533366791903972626e-03
3.867846727371215820e-01
2.113728551194071770e-03
9.686319157481193542e-03
6.648162379860877991e-04
1.054566586390137672e-03
1.900981366634368896e-01
1.056563050951808691e-04
7.141308858990669250e-03
5.829786881804466248e-02
4.016082733869552612e-02
4.814249873161315918e-01
2.387637458741664886e-02
3.262363607063889503e-03
7.803758489899337292e-05
2.766171528492122889e-04
1.624744152650237083e-03
5.084533040644600987e-05
7.630519685335457325e-04
9.187682867050170898e-01
9.354726557830872480e-07
3.056385321542620659e-04
2.255399823188781738e-01
7.900526725279632956e-06
2.782561932690441608e-05
7.177616357803344727e-01
6.937052011489868164e-01
1.023891672957688570e-05
1.045436382293701172e+00
6.110568717122077942e-02
6.617130041122436523e-01
1.259142812341451645e-02
5.230053327977657318e-03
4.348660295363515615e-04
6.463450193405151367e-02
3.129742243146438341e-09
8.893182856795078806e-10
1.529710087925195694e-02
6.721702963113784790e-02
4.084453731775283813e-02
2.409270405769348145e-02
8.078374667093157768e-04
4.139057273278012872e-05
1.766471541486680508e-04
7.185227237641811371e-03
4.056666114138351986e-08
1.020390167832374573e-01
1.608146131038665771e-01
1.921903081125719837e-09
6.014277227222919464e-03
5.272515118122100830e-03
2.909838513005524874e-04
1.457159123674500734e-05
1.623189821839332581e-02
5.395523458719253540e-02
1.322053431067615747e-04
1.156290139192606148e-07
6.922366537764901295e-07
1.662365139054600149e-05
2.709212303161621094e-01
1.420406533725326881e-06
9.252126514911651611e-02
8.266924123745411634e-05
1.132473349571228027e-02
1.975964114535599947e-04
1.401344779878854752e-03
2.344915084540843964e-02
3.587503627500154835e-08
7.012384384870529175e-02
6.345230340957641602e-01
5.703427791595458984e-01
3.128867596387863159e-02
3.303364291787147522e-02
2.240969054400920868e-02
6.070863604545593262e-01
4.028313469461863860e-06
5.892210310776135884e-07
2.886633155867457390e-04
4.956861812388524413e-05
3.036581911146640778e-03
1.460771076381206512e-02
5.098571181297302246e-01
2.197378547862172127e-03
7.015256583690643311e-02
1.314920186996459961e+00
1.573895278852432966e-04
8.768691914156079292e-04
9.238539496436715126e-05
4.558646678924560547e-02
7.922985787445213646e-06
4.026830941438674927e-02
6.174196600914001465e-01
6.406849026679992676e-01
8.893182856795078806e-10
3.813666477799415588e-02
6.633078306913375854e-02
5.116485431790351868e-02
1.229970017448067665e-03
9.159202687442302704e-03
3.374307198100723326e-05
5.427957326173782349e-02
2.782561932690441608e-05
3.775079449042095803e-08
1.277881533923164170e-08
1.066715412889607251e-04
4.309861687943339348e-04
1.095027357678191038e-08
6.617808830924332142e-04
5.786645412445068359e-01
1.209828108549118042e-01
1.359137422696221620e-05
2.162393927574157715e-01
8.340208441950380802e-04
3.105684816837310791e-01
1.876115857157856226e-05
2.193229272961616516e-02
1.590875163674354553e-02
1.115440368652343750e+00
8.266753554344177246e-01
3.486134707927703857e-01
1.411368139088153839e-02
2.754188972176052630e-05
4.380234479904174805e-01
8.276330772787332535e-04
2.259020111523568630e-04
3.893311273373001313e-08
1.743937787068716716e-06
4.276172071695327759e-02
3.764719963073730469e-01
6.024587750434875488e-01
1.331423060037195683e-03
6.472730543464422226e-03
2.657507658004760742e-01
3.496758290566504002e-04
1.853370480239391327e-02
1.457515405490994453e-03
5.336987599730491638e-02
6.259572226554155350e-03
5.449137464165687561e-02
6.518424749374389648e-01
1.224012672901153564e-01
2.056216895580291748e-01
9.813090562820434570e-01
9.809050243347883224e-04
5.963721275329589844e-01
4.814832936972379684e-04
8.205913305282592773e-01
8.617486953735351562e-01
8.545463085174560547e-01
5.818061828613281250e-01
3.693685584948980249e-06
4.393604993820190430e-01
1.975964114535599947e-04
1.895714849233627319e-01
3.754837089218199253e-04
3.975075742346234620e-06
1.014532614499330521e-02
5.040267948061227798e-03
1.076286509633064270e-01
1.074514657375402749e-04
5.539884325116872787e-03
9.286209242418408394e-04
2.713779807090759277e-01
5.402234364737523720e-06
7.957241088263344864e-09
6.911393404006958008e-01
1.538581127533689141e-04
6.865773200988769531e-01
7.803758489899337292e-05
3.796644136855320539e-07
8.616245395387522876e-06
2.342951251193881035e-03
3.563854098320007324e-01
3.376033564563840628e-04
1.526006758213043213e-01
1.789135524177254410e-07
2.313524950295686722e-03
1.537159619147132616e-06
5.764045636169612408e-04
4.424968551575148012e-07
2.680017650127410889e-01
1.395219471305608749e-03
6.853768825531005859e-01
2.678729780018329620e-02
1.372746482957154512e-04
1.400270164012908936e-01
2.409270405769348145e-02
7.028528489172458649e-05
3.457740240264683962e-05
6.154150366783142090e-01
4.305822402238845825e-02
2.779901325702667236e-01
3.563248366117477417e-02
3.243086859583854675e-02
3.643641620874404907e-02
8.484642207622528076e-02
6.623323133680969477e-05
1.103245377540588379e+00
3.361061681061983109e-03
3.620471656322479248e-01
6.918466091156005859e-01
4.248458481015404686e-06
6.874325275421142578e-01
6.615594625473022461e-01
3.959076702594757080e-01
6.988317181821912527e-06
1.862365007400512695e-01
3.062256276607513428e-01
2.017579078674316406e-01
6.045630289008840919e-05
1.522959675639867783e-03
1.705845701508224010e-03
6.110142294346587732e-07
1.615537144061818253e-07
4.600398242473602295e-03
9.423270225524902344e-01
6.193128973245620728e-02
3.440209031105041504e-01
1.385661333938581485e-12
1.301141828298568726e-01
5.576553521677851677e-04
1.399428583681583405e-05
7.306491606868803501e-04
1.126735098659992218e-02
5.395820608100621030e-06
1.437205821275711060e-01
5.082528293132781982e-02
4.125564098358154297e-01
4.454580484889447689e-04
6.229698657989501953e-01
2.183774719014763832e-03
4.426801577210426331e-02
5.119518391438759863e-05
1.901620649732649326e-03
7.159052044153213501e-02
1.026789173483848572e-01
5.875850468873977661e-02
3.841316699981689453e-02
4.198495298624038696e-04
9.839945414569228888e-05
8.079701219685375690e-04
2.937939882485807175e-07
1.035177963785827160e-03
2.251510620117187500e-01
3.654424566775560379e-03
3.124882578849792480e-01
7.454830408096313477e-02
2.224499732255935669e-02
3.343433141708374023e-03
6.700737029314041138e-02
5.009713172912597656e-01
8.289574645459651947e-03
6.525036878883838654e-03
4.985876083374023438e-01
3.579134941101074219e-01
5.000186339020729065e-02
6.015900522470474243e-02
1.395601034164428711e-02
2.381965735764879355e-10
2.117791771888732910e-02
4.669142299462691881e-07
8.453087806701660156e-01
4.400486359372735023e-04
7.200731895864009857e-03
2.729926491156220436e-03
1.579014770686626434e-02
2.698119357228279114e-02
5.120166540145874023e-01
4.443366546183824539e-03
5.790148973464965820e-01
1.075640082359313965e+00
2.005700021982192993e-03
3.860278725624084473e-01
2.028886592597700655e-05
6.066133501008152962e-04
6.451756358146667480e-01
2.183194965255097486e-06
8.362463712692260742e-01
7.784769695717841387e-05
7.170970439910888672e-01
2.102499008178710938e-01
1.740359701216220856e-02
7.233029603958129883e-01
4.013483878225088120e-03
6.375889643095433712e-05
5.910767242312431335e-02
2.427199482917785645e-01
2.728391904383897781e-03
7.210047624539583921e-05
2.497464977204799652e-02
6.193836405873298645e-02
5.577403679490089417e-02
3.128044307231903076e-01
2.256757393479347229e-02
8.300095200538635254e-01
5.695799831300973892e-03
1.420406533725326881e-06
1.756866276264190674e-01
5.434974655508995056e-02
3.158945217728614807e-02
3.834049566648900509e-04
1.477834393881494179e-05
3.370006680488586426e-01
3.129742243146438341e-09
2.992269583046436310e-03
5.430405735969543457e-01
3.476432757452130318e-04
1.711130328476428986e-02
1.424877941608428955e-01
2.405760642432142049e-05
1.661036163568496704e-02
7.598276138305664062e-01
1.027150844379320915e-07
7.677788287401199341e-02
1.130276620388031006e-01
4.841087758541107178e-02
2.473424226045608521e-01
6.875709295272827148e-01
6.219082977622747421e-03
1.991543173789978027e-02
3.258599713444709778e-02
1.079272031784057617e+00
2.727671898901462555e-02
1.728513743728399277e-03
4.996365606784820557e-01
5.571781075559556484e-04
6.524569392204284668e-01
3.032903745770454407e-02
3.939265757799148560e-02
6.092584133148193359e-01
9.354726557830872480e-07
1.816393080389389070e-07
9.223875589668750763e-03
1.582889963174238801e-04
1.389208831824362278e-03
5.126188993453979492e-01
6.929099559783935547e-01
1.471281284466385841e-04
1.039469838142395020e-01
5.594758022198220715e-06
5.590244654740672559e-06
2.373395301401615143e-02
1.055633649230003357e-02
6.510980129241943359e-01
2.079874090850353241e-02
5.889248859602957964e-05
4.196778871119022369e-03
1.270165015012025833e-02
2.394551038742065430e-02
3.174094017595052719e-04
1.414893311448395252e-03
2.667295921128243208e-04
2.542135119438171387e-01
1.642936607822775841e-03
1.079839095473289490e-02
7.345505356788635254e-01
5.382274985313415527e-01
1.005976577289402485e-03
4.112434387207031250e-01
7.909644395112991333e-02
4.630038738250732422e-01
8.493373170495033264e-04
1.339847949566319585e-04
5.375201813876628876e-03
2.620789920911192894e-03
5.802890658378601074e-01
7.045251095405546948e-06
4.428070783615112305e-02
2.800913993269205093e-03
4.872170686721801758e-01
7.047877181321382523e-03
1.796079054474830627e-02
4.722878657048568130e-05
1.507514825789257884e-04
1.934805914061143994e-05
1.103462558239698410e-02
1.693157255649566650e-01
6.618918776512145996e-01
1.198822632431983948e-01
1.101493611931800842e-01
5.030949614592827857e-05
7.763941539451479912e-06
3.332826793193817139e-01
1.697859913110733032e-01
1.212571039795875549e-01
1.837131567299365997e-03
1.683235019445419312e-01
7.852647686377167702e-04
1.921903081125719837e-09
7.922985787445213646e-06
1.014127046801149845e-03
2.163439691066741943e-01
7.886351644992828369e-02
6.929560899734497070e-01
4.288855780032463372e-05
9.498443250777199864e-05
9.068428771570324898e-04
1.138234376907348633e+00
4.867711570113897324e-03
4.907827377319335938e-01
9.466962814331054688e-01
2.955928212031722069e-04
1.366984564810991287e-03
3.619682788848876953e-02
4.231780171394348145e-01
1.507591106928884983e-03
7.916137576103210449e-02
9.677119553089141846e-02
6.583522073924541473e-03
2.960035800933837891e-01
8.066279813647270203e-03
1.581287011504173279e-02
1.265336875803768635e-03
7.106598350219428539e-04
1.819139346480369568e-02
6.365473268488130998e-07
1.764169195666909218e-03
1.241225516423583031e-03
6.284571290016174316e-01
4.760480485856533051e-03
4.004317522048950195e-01
4.973747134208679199e-01
4.894595662108258693e-08
6.171594141051173210e-04
7.215286046266555786e-02
7.037855386734008789e-01
1.364660565741360188e-04
1.047179400920867920e-01
4.985622763633728027e-01
2.344915084540843964e-02
4.234809603076428175e-04
9.047286584973335266e-03
8.078374667093157768e-04
4.381753504276275635e-03
1.070640282705426216e-03
1.148525509051978588e-03
5.026772618293762207e-01
2.133814617991447449e-03
7.414749860763549805e-01
1.176034472882747650e-02
1.498125493526458740e-01
6.937052011489868164e-01
6.386342048645019531e-01
7.511291642003925517e-07
1.814574468880891800e-03
8.632104595562850591e-07
1.563257654197514057e-03
1.474577933549880981e-03
1.137011796236038208e-01
1.380167435854673386e-03
1.288266648771241307e-04
3.391582369804382324e-01
1.380835237796418369e-05
3.623269498348236084e-01
6.902877688407897949e-01
6.929860115051269531e-01
4.030936956405639648e-01
9.205168113112449646e-03
2.594827037682989612e-06
3.165426105260848999e-02
7.578910142183303833e-02
5.221551635514742884e-09
4.435632005333900452e-02
1.395137608051300049e-02
6.055979430675506592e-02
1.011760607361793518e-01
6.408348083496093750e-01
4.984018206596374512e-02
8.159666322171688080e-04
3.266703424742445350e-05
1.113693359755529855e-09
2.796190674416720867e-04
1.780304737621918321e-04
1.361331902444362640e-02
1.078764557838439941e+00
7.049474120140075684e-01
4.490028619766235352e-01
5.961890816688537598e-01
7.826559594832360744e-04
2.422187710180878639e-03
1.010927408933639526e-01
1.934179514646530151e-01
1.023891672957688570e-05
8.805331162875518203e-05
8.992819289233011659e-08
8.007489144802093506e-02
1.982481917366385460e-03
5.350092351363855414e-07
1.262234926223754883e+00
5.678346157073974609e-01
3.471105713970246143e-08
1.579320281744003296e-01
3.349786857143044472e-05
1.274021342396736145e-02
2.177476421394430872e-09
1.062838127836585045e-03
1.451158337295055389e-02
5.055797373643144965e-06
5.166029930114746094e-01
3.682995140552520752e-01
6.316691637039184570e-02
1.434103026986122131e-02
2.350119611946865916e-04
3.384695202112197876e-02
2.631517052650451660e-01
4.932524170726537704e-03
6.034993566572666168e-03
9.016867280006408691e-01
2.769238349742408900e-08
2.242075061076320708e-05
6.940158009529113770e-01
4.976265504956245422e-02
6.716681122779846191e-01
3.516679108142852783e-01
1.357824802398681641e-01
5.495230481028556824e-02
6.861709356307983398e-01
9.856834076344966888e-03
2.186162397265434265e-03
4.928565397858619690e-02
4.234977532178163528e-04
1.536954492330551147e-01
1.174644306302070618e-01
4.088039702310197754e-07
8.606687188148498535e-03
2.927352325059473515e-04
2.493215767174206121e-08
3.600522503256797791e-02
2.188681997358798981e-02
3.551481775332376856e-09
1.304148929193615913e-03
6.584591418504714966e-02
1.604968458414077759e-01
8.790076710283756256e-03
2.419124841690063477e-01
1.163373589515686035e-01
1.058040797943249345e-04
5.211801635596202686e-06
6.752716898918151855e-01
2.193350791931152344e-01
1.025725432555191219e-04
3.857497125864028931e-03
4.669472691603004932e-04
2.287039011716842651e-01
3.476930260658264160e-01
7.696912158280611038e-03
1.132094711065292358e-01
2.228588709840551019e-05
5.571224093437194824e-01
1.211657933890819550e-02
1.122714020311832428e-02
3.912255124305374920e-05
6.811719504185020924e-04
1.469943890697322786e-05
4.983645379543304443e-01
7.281567832251312211e-06
4.411109089851379395e-01
2.810029778629541397e-03
1.418347842991352081e-02
9.618606418371200562e-02
1.750113142406917177e-06
1.166606664657592773e+00
6.056052446365356445e-01
6.136077642440795898e-01
4.688520133495330811e-01
1.210376918315887451e-01
9.310161317443998996e-07
4.680797755718231201e-01
4.562164843082427979e-02
6.838141083717346191e-01
5.084018111228942871e-01
2.993322908878326416e-01
2.138570380338933319e-06
2.215580252595827915e-08
1.575847342610359192e-02
4.253211372997611761e-04
2.223496835540572647e-07
1.996404989768052474e-06
4.387108219816582277e-06
4.097186923027038574e-01
1.024213433265686035e-02
2.424114500172436237e-04
7.036659517325460911e-04
2.155225165188312531e-02
6.765588477719575167e-05
9.946409612894058228e-02
6.387899070978164673e-02
7.623765617609024048e-03
2.824506461620330811e-01
5.165482759475708008e-01
9.354686625329122762e-08
6.436170078814029694e-04
6.097923964262008667e-02
1.322266063652932644e-03
2.118391239491757005e-05
1.609989885764662176e-05
2.455441863276064396e-04
3.110679052770137787e-02
4.365895409137010574e-03
1.177695035934448242e+00
5.303747951984405518e-02
6.375110388034954667e-05
9.473632276058197021e-02
7.215745747089385986e-02
3.362540446687489748e-04
5.755327874794602394e-04
5.923999473452568054e-02
2.419314748536294246e-09
1.145621990872314200e-05
2.533909399062395096e-03
4.306113987695425749e-05
6.885756850242614746e-01
3.616749017965048552e-04
1.589439343661069870e-03
2.110440470278263092e-02
4.088143818080425262e-03
6.476460397243499756e-02
2.932070195674896240e-02
2.080490412481594831e-05
6.585231423377990723e-01
3.257510570620070212e-06
7.477934956550598145e-01
6.324854439299087971e-06
1.084386408329010010e-01
2.836370142176747322e-03
1.242525322595611215e-04
5.791655712528154254e-05
1.317247748374938965e-01
1.901558786630630493e-02
1.488194912672042847e-01
7.638364098966121674e-03
8.905240893363952637e-02
1.296145928790792823e-04
2.555518448352813721e-01
6.283130645751953125e-01
1.050975915859453380e-04
2.627369947731494904e-03
1.363749615848064423e-04
4.424225608090637252e-07
2.863229513168334961e-01
1.604700926691293716e-03
1.176359429955482483e-01
4.282624274492263794e-02
1.194810494780540466e-03
4.951483905315399170e-01
1.913201808929443359e-02
3.475031699053943157e-04
1.372423022985458374e-03
2.932960093021392822e-01
1.444009132683277130e-02
1.535103283822536469e-02
1.323738397331908345e-04
2.749608755111694336e-01
1.297879777848720551e-02
1.079505775123834610e-03
2.554208971560001373e-03
9.372237741445132997e-08
6.990091605985071510e-06
5.623478293418884277e-01
4.280206188559532166e-02
2.001212211325764656e-03
1.321830302476882935e-01
2.377542841713875532e-04
2.829171419143676758e-01
4.206975176930427551e-02
1.644629446673206985e-05
3.506270935758948326e-03
6.277074135141447186e-06
4.255398362874984741e-02
2.822338501573540270e-05
3.783432841300964355e-01
2.499188529327511787e-03
1.065631477104034275e-05
1.126905009150505066e-01
3.103384189307689667e-02
4.433851700014201924e-06
1.146217546192929149e-04
4.840947198658795969e-08
9.418452827958390117e-05
9.235428273677825928e-02
1.327228099107742310e-01
9.787037561181932688e-05
4.716348052024841309e-01
3.689879477024078369e-01
9.399113059043884277e-02
2.318852813914418221e-03
5.709497054340317845e-05
1.110354787670075893e-03
2.720590494573116302e-02
1.735115647315979004e-01
4.368145763874053955e-01
3.320102114230394363e-04
1.534743607044219971e-01
1.471652694817748852e-06
6.299167871475219727e-03
1.002043485641479492e-03
1.678403816185891628e-03
1.727128587663173676e-02
5.145243449078407139e-07
2.375575155019760132e-01
2.763025835156440735e-02
1.627421681860141689e-07
2.356535755097866058e-02
2.182278409600257874e-02
1.491587981581687927e-02
4.665029048919677734e-01
4.261403955752030015e-05
9.260706974600907415e-06
1.228786446154117584e-02
5.998352076858282089e-03
5.463163852691650391e-01
3.314489504191442393e-06
1.068604961037635803e-01
3.178082406520843506e-01
2.714312577154487371e-04
6.011529876559507102e-06
1.884383894503116608e-02
2.533292025327682495e-02
5.231899395585060120e-02
2.795608527958393097e-02
4.924870654940605164e-02
6.863602399826049805e-01
3.464247584342956543e-01
1.371533562632976100e-05
5.649039303534664214e-05
3.266060054302215576e-01
5.592699628323316574e-03
1.664864718914031982e-01
1.073876023292541504e-02
5.512536503374576569e-03
3.975885733962059021e-02
7.593179470859467983e-04
1.462359279394149780e-01
2.153225864276464563e-08
1.484812498092651367e-01
1.968347933143377304e-04
1.432898081839084625e-02
2.736632304731756449e-04
2.584155481599736959e-06
3.481745719909667969e-01
2.517753653228282928e-02
8.899561315774917603e-02
2.689953334629535675e-02
2.809714972972869873e-01
6.099224090576171875e-01
5.886788014322519302e-03
1.262044310569763184e-01
5.898386240005493164e-01
6.378022432327270508e-01
1.032852053642272949e+00
1.434474370398675092e-06
1.892977952957153320e-02
9.628611803054809570e-02
1.129338052123785019e-02
1.076948419213294983e-01
4.619519226253032684e-03
6.928649963811039925e-04
5.205207571634673513e-07
6.884363293647766113e-01
1.138990223407745361e-01
1.432040467111428406e-12
2.347956225275993347e-02
7.218440296128392220e-04
2.831888385117053986e-02
6.301258690655231476e-04
5.680634453892707825e-02
5.151915922760963440e-02
6.111130118370056152e-01
2.045677319983951747e-05
4.896241426467895508e-02
1.248524785041809082e-01
4.192328080534934998e-03
2.337473034858703613e-01
1.919229887425899506e-02
1.992431862163357437e-05
4.622354172170162201e-03
4.186312556266784668e-01
2.871309518814086914e-01
1.284863465622620993e-10
8.993776515126228333e-03
4.283178714103996754e-05
6.244454067200422287e-03
6.194559335708618164e-01
4.476953744888305664e-01
6.652542948722839355e-02
6.086389112169854343e-05
6.631922125816345215e-01
3.551458985836392079e-13
1.107139905798248947e-04
5.642676949501037598e-01
3.442128002643585205e-01
1.048594931489787996e-04
1.582659482955932617e-01
8.625658228993415833e-03
2.003879658877849579e-02
2.048068272415548563e-04
4.845349118113517761e-03
3.231811523437500000e-01
4.464597702026367188e-01
1.428629159927368164e-01
1.177502516657114029e-02
1.017018075799569488e-04
5.848660657647997141e-05
4.492939710617065430e-01
1.512610018253326416e-01
5.939669426879845560e-05
2.453447086736559868e-05
1.728792449284810573e-05
5.581952333450317383e-01
7.156072388170287013e-05
6.735751156838887255e-08
7.381792954674892826e-09
1.305789055550121702e-06
9.459559890956370509e-08
5.590918661368959874e-08
1.538581127533689141e-04
4.423197424330282956e-06
2.942141727544367313e-04
9.747622243594378233e-06
5.523973959498107433e-05
1.312600472758163050e-09
7.560337280665407889e-07
2.262141446385257382e-10
1.513932978980392363e-08
1.878346811281517148e-04
4.436763902049278840e-06
4.107449058210477233e-06
4.176656366325914860e-04
8.914899826049804688e-02
5.097156856209039688e-03
1.304453762713819742e-04
4.785055125466897152e-07
3.969017416238784790e-05
5.111587889072843893e-11
6.616434984607622027e-05
7.996036671102046967e-03
4.979888672096421942e-06
1.216228562306298500e-09
1.000479414869914763e-06
2.033476448559667915e-06
3.561935727702802978e-06
5.244484054856002331e-05
2.284573929500766098e-05
3.126151000287791248e-07
7.202291744761168957e-04
2.198725938796997070e-03
8.608414248101325938e-08
9.999646572396159172e-04
5.482542292156722397e-06
3.295489877928048372e-04
2.390562485743430443e-06
6.534580141305923462e-03
6.461603334173560143e-05
6.161203032206685748e-07
9.700268144285928429e-09
6.210494902916252613e-04
1.143394401879049838e-04
2.101093521389429952e-09
5.961490795016288757e-03
1.332073861703975126e-05
1.002896227873861790e-03
8.208023150046983574e-10
1.336368541160481982e-06
2.585208676464390010e-06
3.296604336355812848e-05
1.197903766296803951e-03
7.563318860093204421e-08
3.189417184330523014e-04
9.412516374140977859e-04
3.065500277443788946e-05
1.673760125413537025e-04
2.315353136509656906e-03
6.357905454933643341e-03
7.499146886402741075e-05
3.204559391178918304e-07
1.832415463809411449e-08
1.574333509779535234e-06
1.423662342858733609e-05
4.343547672033309937e-02
1.527616768726147711e-05
1.129923475673422217e-04
9.782666893443092704e-06
7.429601624608039856e-03
1.045588078341097571e-06
1.230224313530925428e-07
4.287728505580901128e-11
1.915102106709925742e-15
5.958457194310540217e-08
2.822884707711637020e-04
1.150132855400443077e-03
4.843355272896587849e-04
2.955043498786835698e-07
1.508351764641702175e-03
3.306490136310458183e-03
2.093323928420431912e-06
1.275293186608905671e-07
2.464676275849342346e-03
1.830080236686626449e-06
1.015110413504771714e-07
8.618919673608615994e-05
5.315106827765703201e-04
1.805573823787653964e-08
3.186349198222160339e-02
4.228696343488991261e-05
1.592532172799110413e-02
4.899441301822662354e-01
8.835423273012565915e-07
4.925462917526601814e-07
2.954754563688766211e-05
9.351552989755873568e-07
2.137172430138889467e-07
1.046066255838695724e-08
2.937096496680169366e-06
2.081288563715588680e-08
1.697859913110733032e-01
4.999851286411285400e-01
1.567040612826531287e-07
5.364949174690991640e-05
6.549590034410357475e-04
5.999083452223885615e-10
2.529920893721282482e-04
1.622072704776655883e-05
2.012841287069022655e-04
1.061336835846304893e-03
1.565494603710249066e-04
4.569846279167677494e-09
1.219614932779222727e-04
5.854304596653037152e-09
7.999483386811334640e-07
1.883754066511755809e-06
9.582838629285106435e-07
2.908652240876108408e-04
5.827653512824326754e-05
1.102570968214422464e-05
5.131376907229423523e-03
4.490430364967323840e-05
8.657250145915895700e-05
6.070443305361550301e-06
7.563928505760486587e-08
6.085283122956752777e-03
4.482275016925996169e-06
7.493811426684260368e-05
8.022828623666100611e-09
1.929451173054985702e-05
4.620389938354492188e-01
2.632590258144773543e-05
4.745714704768033698e-06
5.597507168886295403e-08
1.416172290191752836e-05
2.498824687791056931e-05
2.405760642432142049e-05
2.529174253140809014e-06
1.754115219227969646e-03
8.810536004602909088e-03
3.581813246000820072e-07
3.297831199233769439e-07
5.394431354943662882e-07
1.456026620871853083e-05
2.465587911615330086e-08
1.941118171089328825e-05
1.994400285184383392e-03
1.276134753425139934e-06
3.234024916309863329e-05
3.053947921216604300e-07
6.847186284630879527e-08
6.967563967918977141e-05
4.026076197624206543e-02
7.909604348242282867e-03
1.316296402364969254e-04
6.274282932281494141e-04
2.337577044963836670e-01
9.681017445473116823e-07
5.299221447785384953e-05
1.479045895393937826e-04
6.233502745089936070e-07
7.374862616416066885e-05
3.144218499073758721e-05
3.068959631491452456e-05
1.641440577805042267e-02
2.786248160191462375e-06
2.359312816224701237e-07
5.241588052484758009e-09
3.905226913047954440e-05
1.387654435802687658e-09
2.597045920538221253e-07
1.998037305384059437e-06
4.345003962516784668e-01
2.754325047135353088e-02
1.719534452604420949e-07
4.374756390479461743e-10
3.484257831587456167e-06
4.161584656685590744e-03
1.684359594946727157e-04
2.164583839476108551e-02
3.048615762963891029e-03
5.271229019854217768e-05
2.122999168932437897e-02
1.774060539901256561e-03
1.160108467956888489e-06
9.540137648582458496e-02
7.430179975926876068e-03
5.373409017920494080e-02
3.777776062488555908e-01
3.693742911536901374e-08
3.473752294667065144e-04
1.772237192199099809e-05
1.172694610431790352e-04
1.276138839045870554e-08
2.074952681141439825e-05
4.619684204953955486e-06
3.815510717686265707e-05
5.295822802509064786e-07
1.282728021578805055e-07
6.769440830112216645e-08
6.307815056061372161e-05
1.129879251493548509e-06
1.975940394913777709e-04
2.717344250413589180e-05
5.872859105693351012e-07
1.019265528157120571e-05
6.114829704165458679e-02
3.447383505772450007e-06
2.005351162903679096e-10
1.915919128805398941e-03
1.353470338472106960e-06
3.015034133568406105e-03
1.245442149411246646e-07
2.837276191769433353e-09
2.221246120370778954e-08
8.611034729710809188e-08
7.557663934676384088e-07
6.853778877768945677e-09
2.519653923809528351e-02
3.879689378663897514e-03
5.082528293132781982e-02
1.019767381649216986e-08
1.132157407823797257e-07
9.313302143709734082e-06
7.465524598956108093e-03
1.782579062137301662e-07
1.059865317074581981e-04
1.275691465707495809e-04
1.695104856480611488e-06
2.610258797303144362e-12
1.047797195496968925e-04
3.286440187366679311e-05
7.260260172188282013e-04
3.880837766701006331e-07
2.570990318417898379e-06
5.976364761590957642e-02
1.217651224578730762e-04
2.455695539538282901e-05
1.269008498638868332e-04
5.139301065355539322e-04
1.071049666734325001e-07
1.511814007315592789e-09
4.312063101679086685e-03
2.427051222184672952e-04
1.485560915170935914e-05
4.653781070373952389e-05
9.937162985806935467e-07
1.365618373938559671e-07
2.332551957806572318e-05
9.797076216955247219e-08
7.770143383822869509e-06
6.496294518001377583e-04
3.685392584884539247e-06
4.410875408211722970e-05
4.495716711971908808e-05
1.099909968615975231e-05
7.861222957317171023e-12
1.011907625070307404e-05
9.105662002184544690e-07
1.761848466230730992e-06
4.289047979000315536e-07
2.934099575213622302e-05
1.707584888208657503e-04
2.753556032075721305e-07
2.096678945235908031e-04
9.714223779155872762e-06
3.894690235028974712e-05
3.368238594703143463e-06
3.259669465478509665e-04
3.303374978713691235e-04
4.738315474241971970e-04
5.610296582858609327e-08
8.370250463485717773e-01
7.992121973074972630e-04
2.883383538573980331e-03
7.490486098049586872e-08
7.379562593996524811e-03
1.281979930354282260e-04
1.858987845480442047e-03
2.216543180111330003e-06
8.203628332204004892e-10
1.826547304517589509e-06
1.432461291551589966e-02
1.080152145505053340e-08
8.699116879142820835e-04
1.374587463942589238e-05
9.231148396793287247e-07
1.365640267536605279e-09
1.934190094470977783e-01
9.908925741910934448e-03
1.471968134865164757e-04
7.146370410919189453e-01
3.513798105814203154e-07
5.706458083842846918e-10
3.553612987161614001e-05
1.352421240881085396e-04
7.192755118012428284e-03
3.741938314760773210e-07
2.624158223625272512e-04
1.750100345816463232e-04
1.587801223834617304e-09
1.550942106405273080e-04
2.841109925100226974e-08
2.237914458191880840e-07
2.019088424276560545e-05
4.534757681540213525e-05
8.883032933226786554e-06
1.322912979162538250e-08
3.025664045708253980e-05
3.559448232408612967e-04
1.105262929790296056e-11
4.642451822292059660e-04
2.842137473635375500e-05
1.601503603160381317e-02
1.052193783834809437e-05
1.814574468880891800e-03
1.089529786258935928e-02
9.101057657971978188e-04
7.984661351656541228e-06
1.279917250940343365e-05
2.689545681278104894e-06
6.567207492480520159e-06
8.193059824407100677e-03
9.506744332611560822e-03
2.949258259832276963e-07
1.364372792522772215e-06
1.527891754449228756e-06
7.018512487411499023e-02
1.905801892280578613e-02
2.745310666796285659e-06
7.913091621958301403e-07
2.517301822081208229e-03
2.914700889959931374e-03
2.793081104755401611e-03
1.001155578705947846e-05
8.765463462623301893e-06
1.568725593870112789e-07
2.869953448225714965e-07
2.263694332214072347e-04
5.447780537792823452e-08
6.889759873729417450e-09
4.545289300494914642e-07
1.103171598515473306e-07
1.817117845348548144e-05
6.462038028985261917e-03
6.585924694491041009e-09
4.374646778160240501e-06
2.765651152003556490e-05
4.198008173261769116e-05
5.685194628313183784e-04
3.248744760639965534e-04
5.911075859330594540e-04
3.669836132758064196e-06
6.827850639820098877e-02
6.383832078427076340e-05
7.346613710978999734e-05
6.318841769825667143e-05
4.888185571871872526e-07
1.386275016557192430e-06
5.436232459032908082e-05
3.738757004612125456e-05
1.838469877839088440e-03
1.128424919443204999e-04
1.210962619069277935e-08
7.964986892261549656e-09
2.863981717382557690e-05
2.048608985205646604e-05
1.262852892978116870e-04
2.586451009847223759e-04
4.739714398738215095e-09
1.033142762025818229e-04
2.900284528732299805e-01
2.751466809058911167e-06
9.089339982892852277e-07
3.682790293169091456e-06
5.685230007657082751e-06
4.905647983832750469e-06
2.276283646979442715e-14
2.709211059936933452e-07
7.911517968750558794e-06
1.532128521830600221e-06
2.049997237918432802e-05
1.614834218344185501e-06
4.646111904094141209e-07
1.537323147058486938e-01
1.034490981766111872e-08
5.465645808726549149e-04
2.205531018262263387e-06
4.319291474530473351e-05
2.172699169022962451e-05
7.045251095405546948e-06
1.137288927566260099e-04
7.563319522887468338e-04
1.808494125725701451e-04
3.328782440803479403e-06
2.215278436779044569e-05
1.124260493728934662e-11
1.512369513511657715e-01
2.195883325839531608e-06
5.572142617893405259e-05
2.689959001145325601e-05
3.009615738847060129e-07
4.227748373608619659e-09
7.909644395112991333e-02
4.433500233602671869e-09
1.357986911898478866e-04
1.356566940557968337e-06
1.703969202935695648e-03
3.388850382179953158e-05
1.118430859037289338e-07
6.264961438517957504e-09
4.122202597045543371e-07
1.927845005411654711e-05
2.044136344920843840e-04
9.669998689787462354e-05
3.467253861799690640e-07
7.016437128186225891e-03
2.442230470478534698e-04
1.840958066168241203e-05
7.261848168127471581e-06
1.162126318376976997e-05
1.701919548213481903e-02
3.264399711042642593e-04
1.233843704540049657e-06
-0.000000000000000000e+00
-0.000000000000000000e+00
-0.000000000000000000e+00
-0.000000000000000000e+00
-0.000000000000000000e+00
-0.000000000000000000e+00
-0.000000000000000000e+00
-0.000000000000000000e+00
-0.000000000000000000e+00
-0.000000000000000000e+00
-0.000000000000000000e+00
-0.000000000000000000e+00
-0.000000000000000000e+00
-0.000000000000000000e+00
-0.000000000000000000e+00
-0.000000000000000000e+00
-0.000000000000000000e+00
-0.000000000000000000e+00
-0.000000000000000000e+00
-0.000000000000000000e+00
-0.000000000000000000e+00
-0.000000000000000000e+00
-0.000000000000000000e+00
-0.000000000000000000e+00
-0.000000000000000000e+00
-0.000000000000000000e+00
-0.000000000000000000e+00
-0.000000000000000000e+00
-0.000000000000000000e+00
-0.000000000000000000e+00
-0.000000000000000000e+00
-0.000000000000000000e+00
-0.000000000000000000e+00
-0.000000000000000000e+00
-0.000000000000000000e+00
-0.000000000000000000e+00
-0.000000000000000000e+00
-0.000000000000000000e+00
-0.000000000000000000e+00
-0.000000000000000000e+00
