1.489950373070314527e-04
1.232481212355196476e-03
5.477954400703310966e-04
3.471349477767944336e-01
1.864280104637145996e-01
5.017133057117462158e-02
1.315396577119827271e-01
3.632817650213837624e-03
8.096108436584472656e-01
3.535865247249603271e-02
1.594216882949694991e-04
2.553184144198894501e-02
3.092873655259609222e-02
1.328132464550435543e-03
6.242996826767921448e-02
2.270394563674926758e-01
4.635475948452949524e-02
1.554888207465410233e-02
8.649679832160472870e-03
6.563891172409057617e-01
2.377671375870704651e-02
3.678481280803680420e-02
2.000198662281036377e-01
3.784444183111190796e-02
3.531948849558830261e-02
1.701797842979431152e-01
5.763155817985534668e-01
4.755941778421401978e-02
1.012566220015287399e-02
1.436485648155212402e-01
1.011318992823362350e-03
8.999222517013549805e-02
4.412006586790084839e-02
4.972511436790227890e-03
5.157818794250488281e-01
3.902308940887451172e-01
1.122635453939437866e-01
6.518762093037366867e-03
3.877742856275290251e-04
9.305825456976890564e-03
5.330729484558105469e-01
4.561570473015308380e-03
9.510207921266555786e-03
3.830275535583496094e-01
1.575039029121398926e-01
5.972737446427345276e-02
5.369976162910461426e-01
1.204101562500000000e+00
1.382749676704406738e-01
2.020942270755767822e-01
1.679214090108871460e-02
3.149100765585899353e-02
4.456873238086700439e-02
1.291652679443359375e+00
7.376001030206680298e-02
1.306407153606414795e-01
2.997055707965046167e-04
6.227734088897705078e-01
3.559247031807899475e-02
4.809447228908538818e-01
1.332895755767822266e-01
3.462786087766289711e-03
7.628570497035980225e-02
1.334086507558822632e-01
1.664908230304718018e-01
1.199560090899467468e-01
4.600340966135263443e-03
4.084845539182424545e-03
6.242159605026245117e-01
8.223748803138732910e-01
1.670974493026733398e-01
3.814471065998077393e-01
1.600583898834884167e-03
1.543303020298480988e-02
3.209489583969116211e-01
8.729630149900913239e-03
5.966910123825073242e-01
3.277281522750854492e-01
1.192532014101743698e-03
1.594052314758300781e-01
5.879470705986022949e-01
1.636682003736495972e-01
1.658512838184833527e-02
3.729938268661499023e-01
4.264299869537353516e-01
4.449689004104584455e-04
3.264777478761970997e-04
2.761672437191009521e-01
4.838879108428955078e-01
3.763915970921516418e-03
4.225338995456695557e-02
9.804066419601440430e-01
7.517727464437484741e-02
3.525611828081309795e-04
8.999685943126678467e-02
1.189163029193878174e-01
2.873529912903904915e-03
3.832770287990570068e-01
2.603667043149471283e-02
2.583626508712768555e-01
7.375305984169244766e-03
3.950244933366775513e-02
1.098609715700149536e-01
4.446775186806917191e-03
1.922629773616790771e-01
2.339906990528106689e-01
2.503385841846466064e-01
6.696495413780212402e-02
2.162008313462138176e-03
7.102184295654296875e-01
1.786634325981140137e-02
4.316550493240356445e-01
4.488456845283508301e-01
3.298889398574829102e-01
1.174070239067077637e-01
4.209868784528225660e-04
1.188926994800567627e-01
5.563630536198616028e-02
1.574865746079012752e-05
6.569811105728149414e-01
2.741165691986680031e-03
1.991691766306757927e-03
6.645960267633199692e-03
4.255010485649108887e-01
2.065178565680980682e-02
1.836480386555194855e-02
3.011966645717620850e-01
3.193188458681106567e-03
1.004331856966018677e-01
7.297251373529434204e-02
1.547881984151899815e-03
1.200184784829616547e-02
9.919971227645874023e-03
1.660484704189002514e-03
1.633134186267852783e-01
3.878262937068939209e-01
8.138521909713745117e-01
3.419035114347934723e-03
3.603445291519165039e-01
9.886710345745086670e-02
5.815040469169616699e-01
3.938605487346649170e-01
9.396506100893020630e-02
2.336504682898521423e-02
3.465202450752258301e-02
1.052471160888671875e+00
2.834224514663219452e-02
1.412861943244934082e-01
2.287244498729705811e-01
4.151897504925727844e-03
4.042401313781738281e-01
8.917077211663126945e-04
4.522121697664260864e-02
1.086546406149864197e-01
5.999405402690172195e-06
1.473084930330514908e-02
9.103418141603469849e-02
3.019295108970254660e-04
2.036108868196606636e-03
1.872819662094116211e-01
2.424978017807006836e-01
7.364387512207031250e-01
2.166505157947540283e-02
3.636877611279487610e-02
8.031848073005676270e-02
1.442696005105972290e-01
1.543025858700275421e-02
7.127807289361953735e-02
5.549069046974182129e-01
8.043712377548217773e-02
1.389494985342025757e-01
2.483949996531009674e-02
9.069466032087802887e-04
9.333548136055469513e-03
6.175107955932617188e-01
2.136241673724725842e-04
7.416878938674926758e-01
2.303745970129966736e-02
9.949060622602701187e-04
1.053229197859764099e-01
8.945145644247531891e-03
9.885770082473754883e-02
8.433697372674942017e-02
5.224212631583213806e-02
3.235257463529706001e-03
2.477633242961019278e-04
6.427215337753295898e-01
5.359963327646255493e-02
2.151459306478500366e-01
1.558883208781480789e-02
1.674197055399417877e-02
7.753154635429382324e-01
6.252368092536926270e-01
2.322374284267425537e-01
9.972292780876159668e-01
1.821223646402359009e-03
6.086769979447126389e-03
3.490913286805152893e-02
8.656143909320235252e-04
3.028872422873973846e-03
5.326655507087707520e-02
1.702881301753222942e-03
3.558489028364419937e-03
3.312800228595733643e-01
1.317423768341541290e-02
7.671421859413385391e-03
7.368098497390747070e-01
3.190014660358428955e-01
9.306107759475708008e-01
3.275246490375138819e-05
4.367295801639556885e-01
6.792809814214706421e-02
7.041788101196289062e-01
2.385083213448524475e-02
1.697323657572269440e-02
1.405512839555740356e-01
8.885033428668975830e-03
7.135353051126003265e-03
1.198976393789052963e-02
3.081249892711639404e-01
1.727919131517410278e-01
5.612214803695678711e-01
1.921083458000794053e-04
2.849341137334704399e-03
6.540288776159286499e-02
4.921976923942565918e-01
1.305001601576805115e-02
5.254988744854927063e-02
1.304707303643226624e-02
5.023396015167236328e-01
4.161511063575744629e-01
1.551850000396370888e-03
1.871428266167640686e-02
7.820435613393783569e-02
1.883727908134460449e-01
1.252078101970255375e-03
2.544622123241424561e-02
3.363987489137798548e-04
5.275043440633453429e-05
8.717418462038040161e-02
1.691250503063201904e-01
4.797089099884033203e-01
4.656769335269927979e-02
2.670949834282509983e-05
7.440520524978637695e-01
3.774836957454681396e-01
2.272162400186061859e-02
3.690632432699203491e-02
3.864519298076629639e-03
7.416609525680541992e-01
7.363336626440286636e-04
1.174250058829784393e-02
7.490121126174926758e-01
2.658791542053222656e-01
7.868019342422485352e-01
1.156593322753906250e+00
-0.000000000000000000e+00
-0.000000000000000000e+00
-0.000000000000000000e+00
-0.000000000000000000e+00
-0.000000000000000000e+00
-0.000000000000000000e+00
-0.000000000000000000e+00
-0.000000000000000000e+00
-0.000000000000000000e+00
-0.000000000000000000e+00
-0.000000000000000000e+00
-0.000000000000000000e+00
-0.000000000000000000e+00
-0.000000000000000000e+00
-0.000000000000000000e+00
-0.000000000000000000e+00
-0.000000000000000000e+00
-0.000000000000000000e+00
-0.000000000000000000e+00
-0.000000000000000000e+00
