6.035877959220670164e-05
5.088816124043660238e-06
8.268366218544542789e-05
7.534713149070739746e-01
1.089776866137981415e-03
8.656738698482513428e-02
7.635159417986869812e-04
1.858804898802191019e-04
1.169310286641120911e-01
4.379422962665557861e-02
8.649842347949743271e-04
2.915563527494668961e-03
5.864243488758802414e-03
8.957962854765355587e-04
1.215623226016759872e-02
3.953404426574707031e-01
1.211454764415975660e-05
5.994382445351220667e-05
8.658591468702070415e-06
4.471444338560104370e-02
2.973277121782302856e-02
8.938181400299072266e-02
6.003867983818054199e-01
5.039995163679122925e-02
1.882505719549953938e-03
2.995113730430603027e-01
3.835274255834519863e-04
8.935246616601943970e-03
8.479257114231586456e-03
9.686071425676345825e-02
1.909337588585913181e-04
1.071578264236450195e+00
4.332672655582427979e-01
6.623134249821305275e-04
9.507907181978225708e-02
7.043637633323669434e-01
7.045590132474899292e-02
6.372497081756591797e-01
2.025457657873630524e-02
2.957034483551979065e-02
6.818395853042602539e-01
1.679835258983075619e-03
6.837886303401319310e-06
1.924995481967926025e-01
2.700154110789299011e-02
8.656748570501804352e-03
1.648672274313867092e-03
6.620082855224609375e-01
7.141611576080322266e-01
7.574750925414264202e-04
2.225738950073719025e-03
2.279799518873915076e-04
1.328706741333007812e-01
4.039646983146667480e-01
1.791225513443350792e-04
3.791072173044085503e-03
2.299024890817236155e-05
1.766428537666797638e-02
6.978822872042655945e-03
2.272840440273284912e-01
6.792907416820526123e-02
6.344839930534362793e-04
6.866674870252609253e-02
7.351477742195129395e-01
2.595258057117462158e-01
1.191606402397155762e+00
4.297287960071116686e-04
5.758227780461311340e-05
5.465627182275056839e-04
1.141157001256942749e-01
5.065420642495155334e-02
4.661271348595619202e-02
3.031419328181073070e-05
5.905477330088615417e-03
1.552832778543233871e-03
3.135058283805847168e-02
6.554111242294311523e-01
1.441283524036407471e-01
1.605340978130698204e-03
6.088130548596382141e-02
4.137027263641357422e-01
1.092862710356712341e-02
9.377325884997844696e-03
2.123592048883438110e-02
7.187425494194030762e-01
4.382666200399398804e-03
7.770202500978484750e-06
8.887340128421783447e-02
1.014677945931907743e-05
1.416551640431862324e-06
2.077501267194747925e-04
3.362890565767884254e-04
4.724899190478026867e-04
1.053306818008422852e+00
1.578648807480931282e-04
4.301578179001808167e-02
4.322682798374444246e-06
1.861720904707908630e-02
1.314180462941294536e-05
4.471682906150817871e-01
2.411692636087536812e-03
1.444751918315887451e-01
3.430603072047233582e-02
2.165943624277133495e-05
1.727558090351521969e-03
8.223787546157836914e-01
7.902001962065696716e-03
3.017734289169311523e-01
1.758315338520333171e-04
1.018613576889038086e+00
7.325129263335838914e-05
5.331792235374450684e-01
9.640606641769409180e-01
3.177157486788928509e-04
3.556660958565771580e-04
2.192606416429043747e-06
2.110972855007275939e-05
6.149421824375167489e-05
6.053705874364823103e-07
1.018774695694446564e-02
1.963349786819890141e-04
5.369702194002456963e-05
2.606965063023380935e-05
1.094845905900001526e-01
6.937955186003819108e-05
6.609284901060163975e-05
9.004507958889007568e-02
2.635663243211183726e-08
7.386997342109680176e-02
6.115378141403198242e-01
6.395242962753400207e-06
1.425224691629409790e-01
6.988184992223978043e-03
5.292066816764418036e-06
1.125130057334899902e-01
3.276367671787738800e-03
1.722592860460281372e-02
3.400323475943878293e-05
5.153706669807434082e-01
6.792297586798667908e-03
2.576046586036682129e-01
8.727256059646606445e-01
8.504043333232402802e-03
4.016454517841339111e-01
1.438966020941734314e-03
1.749534755945205688e-01
6.817131042480468750e-01
3.026824891567230225e-01
9.475704282522201538e-04
2.457761547702830285e-05
5.088639682071516290e-06
1.079875886489389814e-07
1.411494100466370583e-03
1.362651237286627293e-04
3.684586999952443875e-07
8.448214828968048096e-02
1.326140202581882477e-02
8.384223910979926586e-04
8.685266948305070400e-04
3.877429058775305748e-03
5.699010944226756692e-05
1.874071732163429260e-02
1.835887997003737837e-05
4.615490615833550692e-04
6.599272489547729492e-01
2.049602866172790527e-01
7.062875628471374512e-01
6.595753075089305639e-05
2.935258485376834869e-02
6.898147985339164734e-03
4.608708841260522604e-04
5.220091406954452395e-05
4.728756844997406006e-02
2.908653020858764648e-01
1.442727370886132121e-04
6.489753723144531250e-04
4.705277737230062485e-03
1.809103600680828094e-02
7.557575590908527374e-03
2.347286045551300049e-01
4.384636878967285156e-03
3.217518969904631376e-04
6.951525807380676270e-02
1.102747581899166107e-02
1.324184820987284184e-03
9.885330498218536377e-02
6.425841897726058960e-02
2.183067408623173833e-04
2.464886158704757690e-01
2.931100316345691681e-02
4.701276496052742004e-02
8.361332416534423828e-01
4.347036592662334442e-03
6.787813305854797363e-01
1.145865023136138916e-02
1.172270029783248901e-01
7.914957241155207157e-04
6.643645167350769043e-01
2.907894668169319630e-05
6.910130196047248319e-06
8.034859638428315520e-05
8.652875180814589839e-07
1.464274362660944462e-03
7.002698779106140137e-01
1.461817510426044464e-02
1.748731301631778479e-04
2.690481196623295546e-04
1.676882952451705933e-01
2.184446156024932861e-01
3.532389700412750244e-01
9.368709474802017212e-02
5.944730946794152260e-04
1.184028340503573418e-03
5.289151333272457123e-03
5.581502318382263184e-01
6.644641757011413574e-01
7.734839916229248047e-01
2.862580877263098955e-04
1.813627332448959351e-01
4.705394208431243896e-01
3.653186559677124023e-01
2.071266993880271912e-03
1.472650183131918311e-04
2.901786047004861757e-06
4.013498499989509583e-02
1.416482627391815186e-01
3.086988627910614014e-02
1.465057488530874252e-03
1.612816595297772437e-05
4.399287998676300049e-01
5.563654899597167969e-01
5.080584087409079075e-04
6.511508226394653320e-01
2.276746236020699143e-04
5.501476698555052280e-04
5.143573507666587830e-03
2.054712676908820868e-04
5.308846011757850647e-03
7.398489862680435181e-03
2.835637656971812248e-03
7.412960380315780640e-02
3.000032305717468262e-01
5.981479287147521973e-01
5.019892341806553304e-07
4.279044643044471741e-02
1.403264794498682022e-02
1.231399510288611054e-04
6.306889699772000313e-04
1.492357579991221428e-03
2.989402413368225098e-02
4.016196908196434379e-05
5.531130591407418251e-04
2.768308389931917191e-03
4.628685712814331055e-01
5.200405046343803406e-02
1.138563584390794858e-05
-0.000000000000000000e+00
-0.000000000000000000e+00
-0.000000000000000000e+00
-0.000000000000000000e+00
-0.000000000000000000e+00
-0.000000000000000000e+00
-0.000000000000000000e+00
-0.000000000000000000e+00
-0.000000000000000000e+00
-0.000000000000000000e+00
-0.000000000000000000e+00
-0.000000000000000000e+00
-0.000000000000000000e+00
-0.000000000000000000e+00
-0.000000000000000000e+00
-0.000000000000000000e+00
-0.000000000000000000e+00
-0.000000000000000000e+00
-0.000000000000000000e+00
-0.000000000000000000e+00
