6.137326955795288086e-01
9.569178655510768294e-05
6.315710925264284015e-05
1.441652653738856316e-03
2.785949707031250000e-01
2.433841489255428314e-02
1.461369407707024948e-07
3.228164132451638579e-06
9.130047146754804999e-06
1.327540427446365356e-01
4.082125669810920954e-04
3.342247009277343750e-01
1.936291228048503399e-03
4.205602705478668213e-01
7.676539959255990198e-10
5.379636647262486804e-08
2.376113086938858032e-03
1.006258535198867321e-04
2.889940701425075531e-02
6.842831969261169434e-01
1.515049487352371216e-01
4.005941748619079590e-01
2.284141955897212029e-03
6.207637786865234375e-01
1.365368813276290894e-01
6.336112022399902344e-01
1.380492813041200861e-05
9.299289338571270491e-09
6.358194351196289062e-01
7.298039197921752930e-01
3.240874793846160173e-04
1.125426590442657471e-01
8.669798844493925571e-04
4.044118151068687439e-02
7.597044855356216431e-02
1.053388509899377823e-02
5.183785222470760345e-03
1.204439532011747360e-02
6.934647560119628906e-01
4.522459208965301514e-01
7.109991312026977539e-01
7.283985032700002193e-04
1.099744928069412708e-03
5.694173574447631836e-01
1.299472478422103450e-05
2.238465845584869385e-01
3.377317786216735840e-01
1.990504679270088673e-04
3.845895640552043915e-03
5.934444743616040796e-06
1.318137510679662228e-03
8.612358570098876953e-02
8.637636267317620048e-15
1.116942837834358215e-01
6.757265329360961914e-01
7.105169296264648438e-01
1.128006842918694019e-03
1.316619962453842163e-01
6.360360234975814819e-02
2.375501644564792514e-04
4.680369727338984376e-07
1.249169558286666870e-01
2.600661292672157288e-02
7.493392229080200195e-01
3.665120154619216919e-02
2.243148483103141189e-04
2.931493222713470459e-01
9.141478687524795532e-03
2.764784148894250393e-04
3.044179975986480713e-01
7.174005531851435080e-06
6.729913949966430664e-01
6.951494812965393066e-01
4.525258392095565796e-02
8.749990956857800484e-04
4.133469425141811371e-03
6.820586323738098145e-02
7.379941940307617188e-01
4.032483696937561035e-01
1.384403149131685495e-04
8.048231601715087891e-01
9.047633409500122070e-02
1.127078794525004923e-04
1.088623830582946539e-04
3.543950879247859120e-05
4.967281129211187363e-03
1.731046708300709724e-03
4.270640909671783447e-01
2.017732011154294014e-03
9.557905793190002441e-02
7.958886999404057860e-05
9.903836995363235474e-02
5.374807265923209343e-10
6.877464652061462402e-01
4.788140058517456055e-01
5.445007644766519661e-08
3.298104857094585896e-04
2.672629780136048794e-04
1.859343796968460083e-02
1.925297528505325317e-01
4.516710042953491211e-01
7.724747061729431152e-01
3.064204379916191101e-02
1.176899445454182569e-06
4.125834442675113678e-03
1.080682687461376190e-02
1.405756641179323196e-02
5.972759026917628944e-05
2.597659593448042870e-03
3.758749738335609436e-02
3.763166205317247659e-06
1.790516078472137451e-03
1.219868750013120007e-06
1.589170182114685304e-07
4.620417654514312744e-01
3.086862564086914062e-01
5.651550740003585815e-02
1.805732250213623047e-01
4.247592985630035400e-01
5.643587708473205566e-01
4.253838211297988892e-03
4.793565273284912109e-01
2.920649200677871704e-02
9.675018191046547145e-07
3.096359432674944401e-04
7.466303110122680664e-01
4.635409277398139238e-05
1.588682876899838448e-03
7.836973736630170606e-09
9.993105195462703705e-04
1.622897237539291382e-01
5.901476833969354630e-04
3.760660949314598156e-10
2.300736308097839355e-01
4.606970772147178650e-02
4.159850999712944031e-02
7.261278480291366577e-02
7.075596451759338379e-01
4.636734956875443459e-05
8.594477549195289612e-04
9.654559940099716187e-02
5.750692935180268250e-07
7.371885658358223736e-06
5.779723505838774145e-05
7.088500261306762695e-02
4.570167511701583862e-03
3.841960705130986753e-08
1.224497565999627113e-03
2.135852082574274391e-05
3.401388181373476982e-03
1.365505740977823734e-04
2.618910372257232666e-01
6.259006857872009277e-01
6.973399221897125244e-02
1.351602119115113965e-08
9.460449800826609135e-04
1.311430241912603378e-04
2.144015394151210785e-02
7.640694081783294678e-02
3.426143433898687363e-03
6.907451897859573364e-03
3.125149814877659082e-04
4.774974968313472345e-06
1.054050571269726788e-07
7.060872018337249756e-02
7.630175948143005371e-01
1.151418779045343399e-03
1.705969043541699648e-05
1.145423412322998047e+00
6.122753620147705078e-01
7.931397760785330320e-09
2.188464520713750971e-07
9.862411022186279297e-01
1.397749781608581543e-01
1.709161885082721710e-02
3.423339426517486572e-01
2.228523790836334229e-02
3.719550967216491699e-01
7.265362143516540527e-01
3.385919262655079365e-04
3.721443455045186921e-13
2.359585464000701904e-02
8.939259052276611328e-01
1.046831952407956123e-03
6.683332920074462891e-01
6.088994741439819336e-01
7.002361144259339198e-07
2.318809144696842850e-08
6.063678301870822906e-03
2.545932233333587646e-01
1.767541165463626385e-03
5.761138163506984711e-04
4.146326333284378052e-03
8.549094673071522266e-06
1.729839132167398930e-04
1.145652588456869125e-02
3.447087854146957397e-02
4.750685251003056164e-14
2.145648747682571411e-01
2.476370781660079956e-01
1.103858742862939835e-02
1.184137724339962006e-02
1.213170886039733887e-01
2.115868846885859966e-05
1.160609258477052208e-06
6.729618180543184280e-03
1.831659392337314785e-05
9.844129905104637146e-03
2.548256702721118927e-02
1.581788621842861176e-02
3.237131237983703613e-01
1.875811219215393066e-01
1.195050105452537537e-01
2.286183178532019689e-12
1.249645650386810303e-01
1.235755742527544498e-03
8.310326375067234039e-04
1.542034149169921875e-01
8.756569254420032422e-12
2.156242579221725464e-01
9.408628940582275391e-02
6.435927934944629669e-03
6.365559063851833344e-03
1.003754324102601458e-08
1.717708446085453033e-02
5.253305435180664062e-01
1.570258945093883085e-07
1.063820600509643555e+00
2.932589948177337646e-01
7.921421900391578674e-03
2.379311851707921477e-11
6.450283341109752655e-03
1.225731223821640015e-01
6.588174728676676750e-04
6.334831123240292072e-04
4.642401263117790222e-02
2.243750896013807505e-05
4.706914070993661880e-03
2.859064638614654541e-01
5.860524106537923217e-05
7.443339563906192780e-03
2.942816913127899170e-01
6.631646343180364056e-09
1.279192019865149632e-06
1.172253414988517761e-01
3.796662390232086182e-01
8.509626388549804688e-01
2.328439876464472036e-07
2.443980483803898096e-04
2.440605610609054565e-01
5.141734072822146118e-05
6.831281185150146484e-01
4.437655806541442871e-01
6.813942193984985352e-01
7.653672184915194521e-08
1.218026161193847656e+00
7.652628397636362934e-08
4.567389522147635716e-10
1.065251620246954189e-08
1.712152908339703572e-07
9.589880704879760742e-02
2.528146505355834961e-01
1.367833174299448729e-04
5.537479519844055176e-01
2.091160416603088379e-02
3.316662623547017574e-04
1.065010666847229004e+00
1.486630458384752274e-02
3.974324464797973633e-01
8.453357815742492676e-01
9.722074121236801147e-02
3.417799174785614014e-01
3.777514444664120674e-03
1.552601315779611468e-04
9.484932525083422661e-04
4.628056287765502930e-01
5.176443955861032009e-04
1.201887700474912890e-09
1.621496826410293579e-01
3.803571679839024000e-09
5.127234636859157035e-09
3.990768891526386142e-05
6.034433841705322266e-01
6.714359521865844727e-01
4.328484646975994110e-03
1.590813335496932268e-04
9.426826238632202148e-01
1.068819239735603333e-01
2.697751994940131987e-14
7.412865757942199707e-02
4.943351726979017258e-03
1.280581671744585037e-02
4.030873477458953857e-01
9.134293068200349808e-04
4.116111397743225098e-01
2.900914637393725570e-07
6.312514543533325195e-01
2.397832088172435760e-02
6.498593091964721680e-01
6.023618578910827637e-01
2.022316721195238642e-06
9.469677805900573730e-01
4.909635707736015320e-02
5.113788247108459473e-01
7.439848043189201121e-11
8.846938610076904297e-02
2.782984606652938453e-11
3.355156183242797852e-01
4.500756745073886123e-07
2.821098864078521729e-01
5.791070023519750976e-08
4.755407106131315231e-03
3.843235671520233154e-01
7.942976057529449463e-02
2.560333907604217529e-01
6.801309585571289062e-01
4.130866229534149170e-01
4.278955459594726562e-01
1.843309551477432251e-01
9.625168750062584877e-04
4.370824992656707764e-01
7.539130002260208130e-02
8.979362249374389648e-01
6.350196199491620064e-04
4.417304098606109619e-01
3.707363829016685486e-02
6.420991849154233932e-03
1.671392121352255344e-03
2.990328371524810791e-01
3.220313828933285549e-06
3.338544070720672607e-02
3.450129426596504345e-08
7.908726693131029606e-04
4.539240151643753052e-02
1.050502993166446686e-03
3.741418595382128842e-06
3.736424446105957031e-02
5.523098516277968884e-04
4.118902981281280518e-01
5.659945309162139893e-03
1.691760731503677562e-09
7.925745248794555664e-01
3.986224234104156494e-01
5.081670284271240234e-01
1.663110032677650452e-02
3.556275507435202599e-03
5.503246575244702399e-05
2.823013253509998322e-02
5.444884300231933594e-02
8.569878991693258286e-04
8.324095606803894043e-01
9.625506936572492123e-05
9.000331163406372070e-01
1.825547224143519998e-04
1.764389500021934509e-02
6.457180716097354889e-04
2.692135922188754193e-06
3.812862038612365723e-01
1.902869790792465210e-01
1.372602954506874084e-02
9.458395242691040039e-01
6.910713315010070801e-01
1.976206840481609106e-04
1.265366561710834503e-03
1.603251993656158447e-01
7.085546385496854782e-04
1.057708263397216797e+00
6.924933791160583496e-01
1.798113516997545958e-04
1.014891992667799059e-08
9.077756658371072263e-06
1.906813494861125946e-02
3.202718446004837460e-08
6.811766028404235840e-01
5.396187901496887207e-01
3.964279778301715851e-03
3.910458181053400040e-03
2.389379888772964478e-01
1.079849425877910107e-05
7.963296025991439819e-03
6.886287927627563477e-01
2.939962996606482193e-06
4.072220064699649811e-03
5.525176525115966797e-01
1.197152669192291796e-04
1.414958969689905643e-04
6.741746328771114349e-03
1.198480022139847279e-03
1.021732807159423828e+00
5.147280717210378498e-06
7.076346278190612793e-01
9.003119468688964844e-01
1.569814685353776440e-06
1.413640677928924561e-01
7.027859687805175781e-01
1.848192699253559113e-02
3.434410318732261658e-03
2.515458315610885620e-02
1.539355367422103882e-01
3.340593650591472397e-07
1.447132602334022522e-02
8.725502411834895611e-04
3.681893531393143348e-06
1.703760214149951935e-02
3.497629741389118863e-09
2.360995267736143433e-06
4.843426548717388869e-09
6.746977567672729492e-01
1.396462414413690567e-02
4.890611469745635986e-01
6.184299127198755741e-05
3.814197778701782227e-01
2.927341163158416748e-01
7.248098850250244141e-01
6.974061727523803711e-01
9.129793761530891061e-05
2.262220004922710359e-05
8.841838240623474121e-01
2.554971142672002316e-04
2.707139253616333008e-01
7.670133840292692184e-03
4.294373560696840286e-03
6.265451759099960327e-02
5.906412750482559204e-02
4.100289441311133487e-09
1.395282470184611157e-05
2.913303032983094454e-04
2.304820512222249818e-08
1.558517965349892620e-06
2.468202076852321625e-02
4.384026397019624710e-05
1.109907403588294983e-02
1.298104234592756256e-05
7.121247053146362305e-01
4.780293405055999756e-01
8.352676033973693848e-02
1.198642700910568237e-02
7.302109003067016602e-01
1.785204623017122572e-10
2.267416832069102384e-08
9.680567018222063780e-06
2.064000815153121948e-01
6.753173656761646271e-04
1.536423496872885153e-06
1.161060854792594910e-02
1.013030484318733215e-01
1.650529727339744568e-02
2.909497618675231934e-01
4.056693613529205322e-02
1.192157855257391930e-03
7.413158164126798511e-05
2.685563522391021252e-04
7.643686980009078979e-02
1.183699804840898651e-10
1.040141005069017410e-02
1.651654602028429508e-04
7.123253941535949707e-01
3.676782071124762297e-04
1.222085859626531601e-02
6.803635624237358570e-04
2.483978867530822754e-02
5.494788056239485741e-04
1.724062167340889573e-05
3.674184903502464294e-03
9.775165468454360962e-02
2.389304488897323608e-01
1.537288335384801030e-05
9.259692457241897046e-10
7.159521686617154046e-08
4.441009659785777330e-04
8.744544259704778444e-13
5.645180181090836413e-07
2.887833490967750549e-02
7.238690159283578396e-05
8.487552404403686523e-01
3.202016429781906481e-08
9.961364557966589928e-04
7.724038362503051758e-01
5.711528658866882324e-01
2.391439080238342285e-01
5.182457566261291504e-01
1.761966450430918485e-05
1.948479621205478907e-06
4.786089062690734863e-02
4.824680800084024668e-04
1.621055789291858673e-02
3.201094805262982845e-04
1.572119685988582205e-06
8.638879808131605387e-05
4.476435482501983643e-02
1.844899356365203857e-01
2.324702848000015365e-07
4.840697646141052246e-01
7.430366426706314087e-02
7.094618398696184158e-03
9.780833870172500610e-02
9.132090955972671509e-02
1.357970660365026561e-07
5.816207528114318848e-01
2.538836896419525146e-01
4.249974787235260010e-01
2.684031380340456963e-03
7.522870600223541260e-02
2.321908823432750069e-06
3.207118061254732311e-05
6.184809899423271418e-05
2.100937999784946442e-03
2.346928864717483521e-01
2.577681470938841812e-06
2.902414649724960327e-03
3.507406711578369141e-01
9.690326987765729427e-04
1.051667711249315573e-10
6.393390940502285957e-04
3.347170422784984112e-04
1.704540045466274023e-04
7.597828243888216093e-06
1.232971064746379852e-02
5.007232175557874143e-05
7.318975925445556641e-01
2.338326722383499146e-01
5.288651213049888611e-03
1.090627789497375488e+00
2.971764653921127319e-03
8.516644447809085250e-05
9.465963230468332767e-04
8.085179328918457031e-02
2.474182993173599243e-01
2.936398088932037354e-01
3.543748334050178528e-02
2.448079976602457464e-05
1.005656421184539795e-01
7.655131220817565918e-01
2.397832088172435760e-02
1.294749140739440918e+00
6.885348260402679443e-02
1.032695639878511429e-02
1.732415892183780670e-02
1.368420726066688076e-06
2.744741970673203468e-03
4.894853411485655670e-09
1.447073766030371189e-03
7.766064405441284180e-01
3.101934635196812451e-05
6.909621357917785645e-01
4.740326257888227701e-04
3.809771595419952916e-11
3.778479248285293579e-02
3.160548862554679594e-12
1.302420510910451412e-03
6.488962769508361816e-01
2.896824777126312256e-01
1.119686385209206492e-05
2.535079605877399445e-03
7.825138936823350377e-07
3.415663377381861210e-04
1.655139377334038930e-13
3.716514329425990582e-04
1.092663470814159155e-08
2.678921646293019876e-06
1.253874301910400391e-01
1.355479955673217773e-01
1.279489994049072266e-01
1.329132373939501122e-05
2.118294592946767807e-03
1.560491073178127408e-04
5.022950936108827591e-04
6.583216786384582520e-01
2.502527786418795586e-04
6.775995492935180664e-01
3.644583657091970963e-08
2.652425609994679689e-05
1.092860326170921326e-01
3.980723917484283447e-01
2.590764760971069336e-01
7.337434589862823486e-02
8.656933232487062924e-07
5.490526556968688965e-01
9.477395797148346901e-04
4.967710375785827637e-02
5.835122466087341309e-01
3.259389195591211319e-04
4.101939055090042530e-08
9.549628430249867961e-07
5.430878372862935066e-04
2.972987022076267749e-05
3.526568179950118065e-04
1.286454126238822937e-02
3.976158797740936279e-01
7.612699270248413086e-02
2.055238837783690542e-05
6.587613373994827271e-02
3.146223723888397217e-02
3.526346087455749512e-01
2.695899456739425659e-05
6.569761037826538086e-02
3.996809944510459900e-02
4.289915412664413452e-02
4.200962777645145252e-08
4.781922791153192520e-03
3.654170036315917969e-02
3.495273168119261697e-11
3.035469166934490204e-02
1.271999627351760864e-02
1.319194305688142776e-02
4.105543717741966248e-03
3.798319259658455849e-03
4.423078149557113647e-02
2.724373945966362953e-03
2.867687866091728210e-02
1.128575652837753296e-01
8.211353269871324301e-05
6.415541975002270192e-06
5.477774137063740056e-11
3.960010417358716950e-06
3.453297495070728473e-06
9.871445894241333008e-01
5.830053106947730157e-10
6.262267827987670898e-01
5.044610500335693359e-01
6.299435347318649292e-02
9.844013256952166557e-04
2.936775088310241699e-01
3.042126663424515876e-12
7.027859687805175781e-01
8.457229705527424812e-04
9.127131828101653355e-10
1.064792945981025696e-01
4.303128520177779137e-08
1.895948126912117004e-02
2.744741970673203468e-03
1.080139889381825924e-03
7.305489387363195419e-03
9.129793761530891061e-05
6.979279518127441406e-01
5.406315722211729735e-06
1.281010336242616177e-03
3.207118061254732311e-05
8.514577522873878479e-03
7.236221805214881897e-03
4.903266381006687880e-05
2.734911143779754639e-01
5.478457212448120117e-01
3.681534901261329651e-03
6.932659745216369629e-01
2.513529267162084579e-03
3.890557587146759033e-02
2.207900211215019226e-02
1.035110205411911011e-01
1.636176928877830505e-02
5.613752603530883789e-01
2.210220508277416229e-02
1.194040197879076004e-02
2.554971142672002316e-04
1.772162139257460467e-10
4.189218878746032715e-01
1.254584291018545628e-03
7.709936797618865967e-02
2.616792698972858489e-05
8.672229014337062836e-03
2.520766706481936126e-09
8.363347053527832031e-01
3.869811594486236572e-01
5.608215555548667908e-02
5.065487584943184629e-06
3.562611294910311699e-03
1.047824740409851074e+00
7.252897322177886963e-02
1.000460609793663025e-02
1.164799928665161133e-01
1.955852843821048737e-02
3.300470709800720215e-01
3.436041623353958130e-02
3.288897860329598188e-04
6.683571934700012207e-01
2.219644375145435333e-05
5.382227152585983276e-02
3.268141199441743083e-06
2.256917105114553124e-05
4.061198532581329346e-01
9.206763934344053268e-04
2.006377279758453369e-02
2.346310793654993176e-04
3.532551527023315430e-01
2.051451802253723145e-01
1.219774186611175537e-01
3.681893531393143348e-06
1.662618219852447510e-01
2.397147938609123230e-02
5.222281217575073242e-01
3.092725276947021484e-01
9.465963230468332767e-04
1.111898422241210938e-01
4.117352422326803207e-03
2.515889704227447510e-01
1.602210068085696548e-05
3.794162921622046269e-06
3.827178776264190674e-01
6.924613118171691895e-01
6.518452614545822144e-02
8.332763457019609632e-08
6.706719845533370972e-02
4.687990294769406319e-04
4.351736424723640084e-05
1.312022656202316284e-01
5.884515643119812012e-01
7.732550613582134247e-03
2.351138740777969360e-02
6.753173656761646271e-04
5.780234336853027344e-01
1.560491073178127408e-04
4.541180729866027832e-01
4.798322916030883789e-03
5.943544209003448486e-02
3.101934635196812451e-05
6.931461095809936523e-01
6.521427631378173828e-02
1.814139424823224545e-03
4.472722299396991730e-03
4.339340627193450928e-01
6.933280825614929199e-01
2.670235588198011101e-09
5.864237435162067413e-03
2.092827670276165009e-02
6.165852770209312439e-02
1.210451409860979766e-05
5.258924365043640137e-01
5.303230881690979004e-02
8.569878991693258286e-04
1.266207098960876465e-01
7.519544102251529694e-03
7.352815591730177402e-04
3.317060418339679018e-06
1.394102056018198255e-10
4.044619575142860413e-02
3.800026699900627136e-02
3.065205514430999756e-01
5.740209349514024950e-11
2.491980418562889099e-02
4.460863471031188965e-01
7.855366915464401245e-02
1.061986409922610619e-08
8.543460816144943237e-02
3.558494523167610168e-02
1.283242702484130859e-01
1.317745447158813477e-01
1.047985553741455078e+00
2.055020740954205394e-04
1.324872137047350407e-04
2.852197289466857910e-01
1.844899356365203857e-01
2.407911233603954315e-04
9.320136904716491699e-02
3.823731094598770142e-02
4.843426548717388869e-09
6.717312932014465332e-01
5.103924274444580078e-01
1.199003207830173778e-08
9.431253420189023018e-04
2.001113891601562500e-01
2.506792917847633362e-02
1.672562360763549805e-01
6.270382404327392578e-01
1.635068207979202271e-01
1.012320990412263200e-05
3.708257377147674561e-01
3.753050696104764938e-03
1.619185321033000946e-02
1.344154477119445801e-01
6.335515645332634449e-04
6.945388913154602051e-01
6.573056429624557495e-02
1.682965550571680069e-03
2.093482276421809729e-09
1.524302214384078979e-01
2.732713937803055160e-06
5.208815778701136878e-08
5.256450735032558441e-03
2.482996555045247078e-03
3.870575921609997749e-03
6.778544783592224121e-01
6.815161705017089844e-01
1.808907487429678440e-03
6.635059714317321777e-01
1.321251783519983292e-02
2.398982644081115723e-01
1.214240714907646179e-01
3.567802777979522943e-04
2.511054649949073792e-02
6.139539182186126709e-02
2.717310786247253418e-01
7.073897868394851685e-03
3.541653044521808624e-03
2.179056102225018776e-10
5.032536387443542480e-01
3.239181935787200928e-01
6.067272424697875977e-01
2.097749337553977966e-02
6.088904142379760742e-01
7.001774793025106192e-05
4.379841312766075134e-02
3.710142150521278381e-02
1.669141352176666260e-01
5.802599191665649414e-01
3.698763996362686157e-02
1.982543990015983582e-02
2.939394116401672363e-01
7.157237082719802856e-02
9.703173302114009857e-03
4.667090252041816711e-02
1.561222817691998443e-10
1.195836812257766724e-02
5.096790380775928497e-03
1.081654727458953857e-01
4.017969667911529541e-01
9.047880303114652634e-05
2.245009876787662506e-02
1.396215334534645081e-02
7.121247053146362305e-01
1.117781773209571838e-01
4.914076998829841614e-03
1.626805867999792099e-03
4.131591122131794691e-04
9.932596981525421143e-02
2.972987022076267749e-05
1.004176374408416450e-05
1.482455432415008545e-02
8.862065076828002930e-01
2.437963783740997314e-01
6.393390940502285957e-04
1.012666970491409302e-01
3.415663377381861210e-04
6.284422427415847778e-02
1.579342782497406006e-02
6.581231355667114258e-01
2.288023680448532104e-01
3.946409225463867188e-01
4.432081550476141274e-05
2.399437874555587769e-02
6.310871243476867676e-01
6.523793339729309082e-01
6.363504780892981216e-07
8.932160788788223726e-09
5.048255994915962219e-02
1.379099953919649124e-02
1.427420626143316440e-09
4.999756067991256714e-02
5.116647109389305115e-02
1.134547665715217590e-01
1.118842419236898422e-02
3.621130728603816351e-09
7.188912630081176758e-01
3.096177242696285248e-04
7.294478064114040539e-13
2.448079976602457464e-05
1.546353305457159877e-04
1.820571571588516235e-01
1.500695105960403453e-07
3.907046616077423096e-01
1.607360318303108215e-02
7.350370978542741796e-09
8.222249150276184082e-02
2.183123677968978882e-01
1.674533938057720661e-03
2.256827661767601967e-03
6.940528005361557007e-02
2.988010919580119662e-06
2.195896059274673462e-01
7.386953711829846725e-06
7.490398711524903774e-04
5.670135021209716797e-01
2.009572286354455173e-09
1.626273500733077526e-03
5.632548928260803223e-01
3.259105980396270752e-02
7.336235791444778442e-02
1.214886964362449362e-07
1.051156286848708987e-04
7.942628264427185059e-01
8.574906969442963600e-04
2.975577340080803879e-09
2.753272354602813721e-01
1.388881951570510864e-01
6.979644894599914551e-01
1.151396078057587147e-03
2.068903893232345581e-01
1.852820423664525151e-05
3.215796023141592741e-04
1.181662781164050102e-03
2.753740176558494568e-02
1.250480181624880061e-07
8.296067826449871063e-04
9.433168917894363403e-03
4.251182079315185547e-02
4.882765933871269226e-02
2.869556844234466553e-02
6.850629448890686035e-01
5.158923566341400146e-02
1.298543959856033325e-01
7.229975890368223190e-03
1.063722133636474609e+00
2.093869744257403909e-09
1.873011887073516846e-02
1.423451900482177734e-01
7.088500261306762695e-02
8.656933232487062924e-07
7.190802397971651772e-10
1.137161403894424438e-01
1.365680098533630371e-01
2.515737898647785187e-03
4.236947596073150635e-01
4.588063688970578369e-07
2.727135717868804932e-01
4.824680800084024668e-04
2.382765337824821472e-02
2.438557567074894905e-04
1.308332663029432297e-03
1.394432038068771362e-02
2.236178666353225708e-01
4.381462335586547852e-01
3.383406624197959900e-02
3.116615302860736847e-02
8.128160238265991211e-02
4.700911231338977814e-03
2.460500299930572510e-01
1.084413155913352966e-01
1.824199211825083822e-12
4.514204263687133789e-01
3.281040335423313081e-06
6.293102039478526422e-09
9.005172178149223328e-04
1.310586812905967236e-03
6.925137639045715332e-01
4.172625541687011719e-01
1.612349301576614380e-01
6.947573856450617313e-04
2.450006315484642982e-03
2.135732583701610565e-02
1.106658746721222997e-04
3.492439670793601181e-11
2.856341749429702759e-02
9.741240739822387695e-02
1.737737357616424561e-01
3.948481719362462172e-08
8.089031325653195381e-04
7.475056499242782593e-02
9.438293427228927612e-02
1.005656421184539795e-01
4.715692698955535889e-01
6.376368999481201172e-01
2.129110880196094513e-02
3.541296013484691863e-14
4.384181811474263668e-04
2.685546576976776123e-01
7.651158422231674194e-02
5.022950936108827591e-04
2.474182993173599243e-01
8.043207228183746338e-02
8.038267842493951321e-04
7.693823426961898804e-02
1.988401822745800018e-02
7.391055822372436523e-01
2.358418132644146681e-04
4.161681979894638062e-02
3.964279778301715851e-03
1.493197083473205566e-01
2.692630700767040253e-02
3.532603755593299866e-02
5.356490146368741989e-03
1.020449027419090271e-02
3.542659282684326172e-01
8.038929849863052368e-02
7.632391899824142456e-02
6.951408386230468750e-01
1.331652998924255371e-01
7.041282057762145996e-01
3.468563258647918701e-01
3.123967209830880165e-03
5.333179235458374023e-01
2.118298725690692663e-04
2.130697853863239288e-02
1.595425233244895935e-02
1.356816881070699310e-08
5.303916335105895996e-02
2.906087956944247708e-06
2.707139253616333008e-01
5.744596943259239197e-02
1.841870772112223775e-14
4.030151785627822392e-07
8.617069572210311890e-03
3.266151249408721924e-01
1.166036745416931808e-04
5.781386494636535645e-01
4.500183862707340943e-13
1.356038544327020645e-02
6.420650333166122437e-02
8.327885048231564724e-09
9.803094901144504547e-03
1.031601786962710321e-04
5.599801614880561829e-02
4.862404312007129192e-04
7.542928457260131836e-01
2.597457729279994965e-02
1.310904137790203094e-02
2.487548291683197021e-01
3.693967312574386597e-02
6.823707821013158537e-09
1.695380778983235359e-03
1.919951309048428811e-09
3.785336315631866455e-01
1.655139377334038930e-13
1.991847057070117444e-05
7.620648716510913800e-07
3.641602233983576298e-05
6.947506335563957691e-06
1.433373029158246936e-07
4.324620931583922356e-06
1.508595421910285950e-03
3.205917077139019966e-03
2.693682035896927118e-04
9.784080612007528543e-05
2.982667268724981113e-08
7.198717503342777491e-05
1.409903802596090827e-07
2.403822436463087797e-04
2.029097639024257660e-03
1.122875619330443442e-05
5.252797855064272881e-04
1.160081069428997580e-06
4.294848365837822257e-10
1.437885748600820079e-05
9.283198210141563322e-08
2.807664998272230150e-07
8.241207251558080316e-05
4.524796605110168457e-01
1.356624352411017753e-06
3.246904525440186262e-04
2.065635344479233027e-04
5.565273575314222398e-09
2.164460884829244591e-12
1.720183354336768389e-05
2.217636296819591735e-09
8.305749855935573578e-03
1.735687692416831851e-04
1.319515577051788568e-04
1.219482161104679108e-03
1.159792304861184675e-06
1.569377636769786477e-04
3.844672392006032169e-05
1.283879508264362812e-03
6.870446205139160156e-01
8.428893983364105225e-02
3.812642171396873891e-05
8.100167178781703115e-06
2.995175542309880257e-03
2.450373023748397827e-03
5.656134453602135181e-04
1.002881163003621623e-06
4.104871302843093872e-03
1.965601404663175344e-05
1.455467099731322378e-05
5.058684851974248886e-03
1.183699804840898651e-10
3.670726778093325038e-10
3.841674333671107888e-05
7.851652661372554576e-09
4.647870664484798908e-04
6.859118491411209106e-02
2.701803576201200485e-03
2.733671499299816787e-05
2.795512273223721422e-06
3.000726224854588509e-03
1.102503421890332902e-09
7.541400464106118307e-07
3.435262897255597636e-06
4.863098013174749212e-08
6.810900568962097168e-01
1.556727875140495598e-05
9.762829542160034180e-02
3.426820039749145508e-04
8.269013051176443696e-06
2.055238837783690542e-05
5.460012175717565697e-07
1.003874245952829369e-07
5.093093204777687788e-05
2.475663859513588250e-05
6.184809899423271418e-05
1.623073406517505646e-02
8.908251038519665599e-05
3.999967593699693680e-03
8.335325105690571945e-07
2.570480683061759919e-05
5.320888703863602132e-06
5.360312759876251221e-02
9.259692457241897046e-10
9.296562893723603338e-06
2.450330555438995361e-01
2.536941319704055786e-04
2.519489150643039466e-08
1.014891992667799059e-08
8.955491939559578896e-04
2.769691718640387990e-06
8.928974466471117921e-07
3.637086832895874977e-03
1.579800434410572052e-02
9.998580935643985868e-05
2.553814090788364410e-03
1.608910970389842987e-04
2.150409854948520660e-03
1.287584018427878618e-05
9.876302101474720985e-06
7.171455217758193612e-05
3.135020233457908034e-05
8.722590649767880677e-08
5.592236411757767200e-04
8.993121809908188879e-06
1.449690444133011624e-06
1.235588279087096453e-04
7.039051297397236340e-07
1.373727968712046277e-06
1.722626439004670829e-05
3.153702709823846817e-05
1.550061642774380744e-05
6.823134608566761017e-03
3.896500129485502839e-05
1.794969102775212377e-05
4.661166749428957701e-04
2.562591134847025387e-06
2.431148793391457730e-08
9.912694167724112049e-07
5.060184630565345287e-04
1.311938318399041847e-11
1.043529016897082329e-03
1.300836629525292665e-07
6.089071556925773621e-02
3.172095830450416543e-06
9.479526430368423462e-02
1.232128852279856801e-04
5.541060090763494372e-07
2.744554028488721542e-10
2.407456918263051193e-07
9.400719776749610901e-03
1.441351651010336354e-05
1.043270003719953820e-05
3.076638677157461643e-05
4.340058585954043036e-13
1.380273606628179550e-03
5.487774014472961426e-01
8.361533284187316895e-02
1.860908087110146880e-04
4.019983462058007717e-04
1.177520141936838627e-03
3.159820567816495895e-03
2.140825849927807667e-10
6.786988748785915959e-09
5.600088925916679727e-08
5.148650407791137695e-01
2.405318127784994431e-06
9.850688365986570716e-05
1.705768081592395902e-04
8.035528509253708762e-08
4.700920328559732297e-07
5.004714420664413410e-10
3.431264162063598633e-01
6.180154741741716862e-05
4.428984262672130967e-11
1.739379018545150757e-03
5.485519594117249653e-08
1.491215243731858209e-06
3.741873428225517273e-03
1.817534030124079436e-05
3.739613890647888184e-01
6.368747912347316742e-03
7.706779986619949341e-02
4.648567992262542248e-04
5.147280717210378498e-06
6.471699329321962957e-15
6.833316683769226074e-01
1.040906208800151944e-04
1.613462835559076325e-10
9.737045504152774811e-03
3.398073837161064148e-02
2.164995066777919419e-06
6.437555421143770218e-04
8.259604510385543108e-05
6.898958417878020555e-06
8.009198307991027832e-01
1.426506936550140381e-01
5.136769032105803490e-04
1.396555104292929173e-03
1.738362334435805678e-05
1.903479424072429538e-04
9.818188118515536189e-06
3.633831813931465149e-02
1.245868429541587830e-01
5.787718892097473145e-01
1.313661783933639526e-01
4.203253774903714657e-05
6.117457473919785116e-07
9.496960788965225220e-03
3.665727376937866211e-02
3.978805762017145753e-05
2.910205163061618805e-03
1.520334899396402761e-05
6.367074325680732727e-03
4.318915307521820068e-02
7.206480368040502071e-04
2.025975612923502922e-03
1.059341011568903923e-04
2.594608972117384837e-09
1.868160516023635864e-01
6.910720467567443848e-02
6.680757905996870250e-06
6.927263125101890129e-13
1.600823849439620972e-01
7.704410336373257451e-07
2.326235517102759331e-05
4.369499906897544861e-02
1.750648807501420379e-04
6.430995654227444902e-06
8.630595402792096138e-07
1.642398908734321594e-02
1.596255606273189187e-05
4.214322224527222716e-10
8.048745598898676690e-07
9.634166053729131818e-05
4.583290865411981940e-05
2.467595913913100958e-05
2.866502427423256449e-06
1.209321567330334801e-07
2.204516107440213091e-07
2.294916612299857661e-07
7.022915582410860225e-08
4.671962559223175049e-02
7.781537249684333801e-03
1.406528781444649212e-06
2.038247475866228342e-04
7.141146063804626465e-02
1.116483048235750175e-07
4.384285603009629995e-06
1.912092557176947594e-03
1.941575465025380254e-04
7.197943050414323807e-04
6.637432426214218140e-02
1.407609414309263229e-02
6.444850555453740526e-07
1.217459910549223423e-03
5.945039902144344524e-06
1.479371558588127300e-08
4.064200311404420063e-06
2.900917606893926859e-04
3.199404773113201372e-06
1.314036261800075739e-14
1.123000765801407397e-04
4.722217854578047991e-04
8.548315614461898804e-03
4.090149104740703478e-06
7.530856877565383911e-02
8.191771485144272447e-05
7.167430594563484192e-04
7.426030351780354977e-04
1.231636852025985718e-04
1.055219854606548324e-05
4.836809635162353516e-01
2.025744877755641937e-03
5.233374834060668945e-01
1.989418763059802586e-08
4.450555425137281418e-03
9.076966400733965656e-10
6.511898391181603074e-05
1.148418050433974713e-06
1.208030953421257436e-04
2.831756509840488434e-02
2.918133577622938901e-05
1.885810634121298790e-03
1.097963104257360101e-04
6.002419814467430115e-02
5.559856799663975835e-05
4.303924161508376756e-10
1.889300037873908877e-04
5.698466338799335063e-07
1.239334960700944066e-04
5.187193892197683454e-06
2.052044263109564781e-03
4.949227331962902099e-06
3.519057599987718277e-06
3.467759788036346436e-01
3.256666047946055187e-09
2.605540885269874707e-07
3.582933686629985459e-06
3.258714079856872559e-01
5.452621728181838989e-03
2.319543063640594482e-02
1.011959975585341454e-03
2.455561771057546139e-04
6.924038380384445190e-02
4.034924786537885666e-03
1.821943698132599820e-07
8.384680683093392872e-08
8.440162055194377899e-03
1.685866591287776828e-04
2.139617194529819244e-08
1.782633480615913868e-04
1.003997567750047892e-05
6.362850513141893316e-07
6.519078055156057871e-10
2.617544727399945259e-03
1.698829271701285393e-11
1.151418779045343399e-03
1.597338268766179681e-04
4.599827150286728283e-07
6.688210181891918182e-03
6.932191252708435059e-01
1.064423267962411046e-04
8.646047790534794331e-04
5.246492946753278375e-05
5.985992856949451379e-08
1.045977387548191473e-05
1.558829331770539284e-03
4.923318629153072834e-04
5.113746225833892822e-02
2.589388517662882805e-03
7.479972737201023847e-06
8.206444181269034743e-05
5.830053106947730157e-10
7.341345190070569515e-04
3.973710238933563232e-01
5.984258314128965139e-05
7.412717241095378995e-05
3.624112112447619438e-03
2.008770126849412918e-03
5.837452135892817751e-06
5.484994035214185715e-03
1.820816099643707275e-01
1.264491002075374126e-03
5.366280078887939453e-01
1.706833700154675171e-06
3.658380956039763987e-05
8.961972343968227506e-05
2.391775524301920086e-05
4.782990086823701859e-03
5.535907149314880371e-01
6.278606451814994216e-05
1.612992228672283090e-08
2.603268711709461058e-09
5.668064113706350327e-03
8.091625204542651772e-05
8.447317668469622731e-05
1.827312447130680084e-02
2.512448932975530624e-03
7.814202399458736181e-05
5.274031877888774034e-07
4.860266199102625251e-05
8.923518180381506681e-06
2.595429308712482452e-02
1.552853640168905258e-02
1.814883289625868201e-04
8.726736268727108836e-06
2.339397966861724854e-01
6.925840345672895637e-09
6.626725662499666214e-04
3.872803189253204437e-10
4.695952515731960375e-09
4.226249075145460665e-05
8.052294288063421845e-05
6.501549505628645420e-04
1.649890606358894729e-07
5.159882083535194397e-02
4.214066080749034882e-03
2.767238038359209895e-05
3.921246025129221380e-05
8.945714235305786133e-01
3.298104857094585896e-04
4.100289441311133487e-09
1.382849495712434873e-05
1.088054478168487549e-01
6.142125585029134527e-06
2.324321940250229090e-05
3.575235810529542313e-12
3.146223723888397217e-02
3.137135354336351156e-05
2.025819095807790404e-11
2.112541988026350737e-04
2.427725121378898621e-05
2.620020532049238682e-04
3.481506837488268502e-06
3.012907200172776356e-06
5.630537543765967712e-06
1.206871704198420048e-03
4.320390988141298294e-03
1.134053524583578110e-02
4.277069820091128349e-05
4.041990032419562340e-04
5.782292282674461603e-05
3.778479248285293579e-02
3.519258495732202618e-10
3.140404078294523060e-05
8.659285958856344223e-05
2.654336458363104612e-05
2.644286025315523148e-03
1.613042499570838118e-08
2.483513753759325482e-06
1.203180407173931599e-03
3.302694531157612801e-04
4.985070787370204926e-03
2.494273334741592407e-02
5.322404950857162476e-02
2.373190727666951716e-05
-0.000000000000000000e+00
-0.000000000000000000e+00
-0.000000000000000000e+00
-0.000000000000000000e+00
-0.000000000000000000e+00
-0.000000000000000000e+00
-0.000000000000000000e+00
-0.000000000000000000e+00
-0.000000000000000000e+00
-0.000000000000000000e+00
-0.000000000000000000e+00
-0.000000000000000000e+00
-0.000000000000000000e+00
-0.000000000000000000e+00
-0.000000000000000000e+00
-0.000000000000000000e+00
-0.000000000000000000e+00
-0.000000000000000000e+00
-0.000000000000000000e+00
-0.000000000000000000e+00
-0.000000000000000000e+00
-0.000000000000000000e+00
-0.000000000000000000e+00
-0.000000000000000000e+00
-0.000000000000000000e+00
-0.000000000000000000e+00
-0.000000000000000000e+00
-0.000000000000000000e+00
-0.000000000000000000e+00
-0.000000000000000000e+00
-0.000000000000000000e+00
-0.000000000000000000e+00
-0.000000000000000000e+00
-0.000000000000000000e+00
-0.000000000000000000e+00
-0.000000000000000000e+00
-0.000000000000000000e+00
-0.000000000000000000e+00
-0.000000000000000000e+00
-0.000000000000000000e+00
