4.306760132312774658e-01
2.322093816474080086e-03
1.996678378191063530e-09
3.293298417702317238e-03
1.629810685699339956e-05
7.503874599933624268e-03
1.743229627609252930e-01
5.116419633850455284e-04
9.210289863403886557e-05
3.898801207542419434e-01
1.555235940031707287e-05
8.181166322174249217e-07
1.283583515032660216e-06
3.508671522140502930e-01
2.446708094794303179e-06
1.476178690791130066e-02
1.380355940661104341e-09
3.451498225331306458e-03
8.450329303741455078e-01
2.344343783988733776e-06
1.072163431672379375e-04
4.695802053902298212e-04
1.805855936254374683e-05
2.931263446807861328e-01
7.762066525174304843e-05
6.100146521248461795e-08
6.826817244291305542e-02
5.266154857963556424e-06
3.039742878172546625e-04
1.885663159191608429e-02
1.507865817984566092e-05
8.662929534912109375e-01
2.105922251939773560e-01
1.730938325636088848e-03
1.964050233364105225e-01
4.487901605898514390e-05
7.736869156360626221e-05
2.032458484172821045e-01
1.066631284629693255e-06
1.295764232054352760e-03
5.587515374827489723e-07
3.366987511981278658e-04
5.860952138900756836e-01
1.366187643725425005e-05
1.148058287799358368e-02
4.284750320948660374e-04
6.873236298561096191e-01
8.943832516670227051e-01
2.973907627165317535e-03
5.552920512855052948e-03
3.218156099319458008e-02
9.122917801141738892e-02
1.201734989881515503e-01
2.553350105881690979e-02
1.396619918523356318e-04
8.048281073570251465e-03
2.494825981557369232e-02
1.627035904675722122e-03
8.919602259993553162e-04
7.095395204714805004e-08
2.510390989482402802e-02
1.555793824081774801e-05
1.488156802952289581e-02
2.442218828946352005e-03
2.391457819612696767e-04
4.287312549422495067e-06
7.336600538110360503e-05
2.417331612658557560e-10
3.841769695281982422e-02
4.806993274542037398e-07
5.848620276083238423e-06
1.583623088663443923e-05
1.912248848157105385e-07
3.265886101871728897e-03
7.359943352639675140e-03
4.162718076258897781e-03
5.574038950726389885e-04
4.358381556812673807e-05
1.722503917278572771e-09
9.494783625996205956e-06
3.084372496232390404e-03
4.971427188138477504e-06
3.023252429557032883e-05
8.090690784001708380e-09
6.419949204428121448e-05
1.871492713689804077e-01
6.103992462158203125e-02
1.685552124399691820e-04
1.714393943548202515e-01
4.020249022573807451e-09
1.260513471379454131e-08
1.154766504640747371e-09
9.230172634124755859e-02
7.342331111431121826e-02
1.370459870031481842e-07
2.629609753057593480e-06
2.389439396210946143e-05
1.767118088901042938e-02
2.030454203486442566e-02
8.111126720905303955e-03
1.012532084132544696e-05
3.933608994088899635e-09
9.570600978392462821e-10
2.285227924585342407e-01
7.290690555237233639e-04
2.498871833086013794e-01
1.013706566604932746e-11
7.961299419403076172e-01
6.590503289771731943e-07
7.561534687283710809e-08
3.599092066287994385e-01
8.087998867267742753e-05
1.918685654800356133e-07
5.702387075871229172e-03
5.947483777999877930e-01
1.135065161861348315e-07
1.800983846187591553e-01
7.520360350608825684e-01
1.158492565155029297e-01
2.043778896331787109e-01
2.757820300757884979e-03
1.127753239416051656e-05
4.450449453408111822e-10
5.818978324532508850e-02
1.157687147497199476e-04
5.929511826252564788e-05
2.190248109400272369e-03
1.348642632365226746e-02
5.304170846939086914e-01
1.355760759906843305e-04
1.243255101144313812e-02
5.865790843963623047e-01
5.313184857368469238e-01
1.454738995931847967e-08
2.475957749936696928e-08
4.849987453781068325e-04
6.779396440833806992e-03
1.258118516034301138e-07
4.376983940601348877e-01
1.755125822455738671e-06
1.196936864289455116e-05
3.592453279299689939e-10
7.326808758080005646e-03
1.772322320903185755e-05
1.456784320907900110e-05
9.265222549438476562e-01
3.749972581863403320e-01
5.690301060676574707e-01
3.732638359069824219e-01
3.407835960388183594e-03
8.317320793867111206e-02
9.250097209587693214e-04
5.800154758617281914e-04
7.809894159436225891e-03
8.991361409425735474e-02
1.092154383659362793e-01
7.132482267562662015e-14
1.484693493694067001e-04
1.357162826565172509e-09
4.291811957955360413e-03
1.471563875675201416e-01
5.062159616500139236e-03
6.100739240646362305e-01
2.756698131561279297e-01
5.349415368982590735e-05
3.049474273097985133e-08
8.848286233842372894e-03
2.398623328190296888e-04
5.667183700097666588e-08
3.892190009355545044e-02
2.477355673909187317e-02
6.832463741302490234e-01
3.129678134428104386e-07
6.337557733058929443e-02
1.416122540831565857e-03
7.599693162774201483e-06
2.567040358059102800e-09
1.790135684132110327e-05
4.864342372457031161e-06
4.868755354436871130e-08
1.353361312794731930e-06
1.681377179920673370e-03
4.709617421030998230e-02
3.396511237951926887e-05
2.426451464998535812e-05
5.493169883266091347e-04
6.873747770441696048e-05
1.573250745423138142e-03
3.087100708398793358e-08
2.304957433807430789e-06
3.483120235614478588e-04
2.307321131229400635e-01
2.945501124486327171e-03
9.028537169797345996e-05
7.647531107068061829e-03
1.028268743539229035e-04
1.271980628371238708e-02
3.556505362212192267e-06
6.338841922115534544e-05
1.705078029772266746e-04
1.705376746485853801e-07
2.097465312544954941e-07
3.914388798875734210e-06
1.931179165840148926e-01
3.393245860934257507e-02
2.969580888748168945e-01
1.788154122550622560e-07
8.517258009987926926e-10
1.730475923977792263e-05
5.713214363822771702e-07
3.610559360822662711e-05
4.608153540175408125e-04
5.364982058608802618e-08
1.377692933601792902e-05
3.923306940123438835e-05
8.167881751433014870e-04
1.248170974577078596e-05
5.314065814018249512e-01
8.102411404252052307e-03
1.206539764098124579e-06
3.188299888279289007e-05
1.196026444435119629e+00
5.091988896310795099e-06
2.452098131179809570e-01
1.028480124659836292e-03
4.002700001001358032e-02
2.202940959250554442e-05
1.093381196260452271e-01
1.188846798783060876e-08
2.053936259471811354e-05
6.493847592992096907e-08
1.848976943774616188e-10
2.469906769692897797e-02
2.508751640561968088e-05
6.111311904533067718e-06
9.280891390517354012e-04
3.342522075399756432e-03
1.682416186667978764e-04
4.651034250855445862e-04
2.437573130009695888e-07
8.347883704118430614e-05
6.589809656143188477e-01
4.182830252830171958e-06
3.653110525192460045e-07
6.242381408810615540e-03
1.634558720979839563e-04
1.026484733301913366e-05
1.548148975416552275e-05
3.547817641447181813e-06
6.131893396377563477e-01
1.042934018187224865e-03
2.049014291571893409e-09
7.047356665134429932e-02
1.385155046591535211e-04
4.830388888876768760e-07
8.520150780677795410e-01
7.533454336225986481e-03
1.058245106833055615e-04
7.957483758218586445e-04
4.878521940554492176e-05
2.611712079669814557e-05
1.318763941526412964e-03
1.034276930766964142e-08
4.694844903951889137e-07
8.486715960316359997e-04
2.132088411599397659e-03
1.605776742508169264e-05
1.939696222543716431e-01
2.883659899234771729e-01
1.264436244964599609e-01
1.450156084104037291e-08
1.021678805351257324e+00
1.009485686154221185e-07
1.027064281515777111e-03
2.244166797026991844e-03
4.200732917070126859e-07
2.366489759708656493e-08
1.205324195325374603e-03
1.480516511946916580e-03
8.817049490517092636e-08
4.419195911986584235e-12
1.351475808769464493e-02
1.199819507746724412e-06
3.489801287651062012e-02
5.518413614481687546e-03
1.083358097821474075e-02
2.694725990295410156e-01
7.329371571540832520e-01
6.640816573053598404e-04
2.476689815521240234e-01
1.024753928184509277e+00
3.641481453087180853e-05
1.929785753418400418e-07
1.731501697577186860e-06
9.608436084818094969e-05
8.340890635736286640e-04
9.317783406004309654e-04
1.864843303337693214e-03
1.369229175907094032e-05
3.275711834430694580e-02
2.852606485248543322e-06
2.625945769250392914e-02
4.153443151153624058e-04
1.366853830404579639e-03
3.010760992765426636e-02
2.604649580462137237e-06
3.912593529094010592e-04
7.043999433517456055e-01
1.097155883908271790e-01
2.911542775109410286e-03
3.211373666989203457e-10
2.509686055418569595e-05
1.795885822275522514e-07
2.875518403016030788e-04
9.478007427787815686e-07
9.260039405489806086e-06
5.711434059776365757e-04
8.364403992891311646e-02
7.130842804908752441e-01
6.044603586196899414e-01
1.125026483350666240e-05
9.723606109619140625e-01
1.280903961742296815e-05
6.411965403074759706e-11
2.094502002000808716e-02
2.459726762026548386e-03
3.029725514352321625e-03
1.177850484848022461e+00
2.577899140305817127e-04
1.650828681886196136e-02
2.501130290329456329e-02
3.334252207665144851e-09
5.530974345191452812e-09
3.891454252880066633e-05
2.739638148341327906e-04
8.572240476496517658e-04
7.662017643451690674e-02
1.232146263122558594e+00
1.028861179947853088e-01
8.097187560451857280e-07
1.553245965624228120e-04
3.818793920800089836e-03
3.425076976418495178e-02
1.158152818679809570e-01
1.387724652886390686e-03
3.949111700057983398e-01
2.377596274527604692e-06
5.369360744953155518e-02
5.045781843364238739e-03
6.875991821289062500e-01
6.441781520843505859e-01
3.158489926136098802e-05
1.876611635088920593e-02
3.097211383283138275e-02
1.474087039241567254e-04
3.893547654151916504e-01
3.112205862998962402e-02
3.190629780292510986e-01
3.117148205637931824e-02
1.249650642275810242e-01
1.810268295230343938e-04
9.538409858942031860e-02
3.725737997228861786e-06
8.874604827724397182e-05
2.171018131775781512e-04
1.656121923588216305e-03
8.196009397506713867e-01
3.028804203495383263e-04
3.718482184922322631e-05
8.711811005923664197e-07
1.673023551702499390e-01
1.369160890579223633e+00
1.117598563432693481e-01
3.795915544033050537e-01
2.037672384176403284e-04
8.364515379071235657e-04
7.492111530154943466e-03
2.204835027441731654e-06
8.242890459086993360e-08
4.992763279005885124e-04
4.684899747371673584e-02
3.717538447745027952e-06
4.806993274542037398e-07
1.522391634978248476e-08
1.724763278616592288e-04
1.643738942220807076e-04
8.222465339713380672e-07
7.475968003273010254e-01
2.994382521137595177e-05
1.210756977343407925e-06
9.200608730316162109e-01
5.953194340690970421e-04
3.814870258793234825e-03
2.648978829383850098e-01
3.652586936950683594e-01
3.697178885340690613e-02
1.931713777594268322e-03
2.979610487818717957e-02
6.442733280209722579e-08
3.156478051096200943e-03
4.503120668232440948e-03
4.974461626261472702e-03
8.643363714218139648e-01
2.092379629611968994e-01
8.448742300970479846e-05
4.714768230915069580e-01
2.830865378200542182e-05
1.819237950257956982e-04
5.606192132745491108e-08
2.056934870779514313e-03
1.150732338428497314e-01
1.491534931119531393e-04
1.874359250068664551e-01
5.313184857368469238e-01
9.952064283424988389e-05
9.320689059677533805e-06
5.986239910125732422e-01
3.816574439406394958e-02
1.078708351087698247e-06
3.577060488169081509e-05
3.660112246870994568e-02
6.627404689788818359e-01
1.569160758663201705e-06
1.677988655865192413e-02
1.105887293815612793e-01
1.001953933155164123e-06
3.160288906656205654e-05
1.958500361070036888e-03
9.340472928442977718e-08
2.671616584848379716e-06
4.114105105400085449e-01
2.030590772628784180e-01
4.655028134584426880e-02
3.010169267654418945e-01
1.406968105584383011e-03
1.453592181205749512e-01
7.287894189357757568e-02
7.727886550128459930e-04
4.718262553215026855e-01
8.466601371765136719e-01
1.196434595840401016e-06
1.132881790399551392e-01
3.619368076324462891e-01
1.582086497364798561e-06
4.316356207709759474e-04
4.167720180703327060e-05
2.376591600477695465e-02
7.868659496307373047e-01
8.858752995729446411e-02
3.018954339495394379e-05
2.494024345651268959e-03
3.071366227231919765e-04
2.298534382134675980e-03
4.095092881470918655e-03
5.372491614252794534e-06
2.311811447143554688e-01
1.055843968060798943e-04
7.030420899391174316e-01
1.736667854856932536e-06
3.819235644186846912e-06
6.626990158110857010e-03
7.217414379119873047e-01
4.381581675261259079e-05
2.584414482116699219e-01
2.136857619916554540e-05
2.174905836582183838e-01
1.251958077773451805e-03
1.450156084104037291e-08
1.099970104405656457e-04
1.615048269741237164e-03
1.049851198331452906e-05
3.422000445425510406e-03
1.930313557386398315e-02
3.869159263558685780e-05
2.220499845861922950e-05
1.082457602024078369e-01
3.076159954071044922e-01
6.597194354981184006e-03
5.167271941900253296e-02
4.393137060105800629e-03
2.448347686367924325e-06
2.436281740665435791e-01
1.232470594914047979e-06
2.071158029139041901e-03
2.374710282310843468e-03
3.274083137512207031e-04
3.229428231716156006e-01
1.066616641764994711e-05
1.194178014993667603e-01
1.972735626623034477e-03
5.016800761222839355e-02
5.652253050357103348e-03
1.762094370860722847e-06
2.772724255919456482e-02
1.076039808367568185e-07
1.694813072681427002e-01
8.026959300041198730e-01
3.771677240729331970e-02
5.180443525314331055e-01
1.375587162328884006e-04
8.142573642544448376e-04
5.767035484313964844e-01
1.807902706786990166e-03
6.537933222716674209e-05
3.651378154754638672e-01
2.194460648752283305e-05
2.017636084929108620e-03
1.652901293709874153e-03
6.433439557440578938e-05
1.119295950047671795e-03
6.516612172126770020e-01
1.373421400785446167e-01
2.126835053786635399e-03
2.873119413852691650e-01
2.067012898623943329e-02
6.441819667816162109e-01
4.975701699549972545e-07
7.210608455352485180e-04
1.867161927293636836e-06
9.361684788018465042e-04
3.128214506432414055e-03
4.057272970676422119e-01
6.588767282664775848e-04
4.446392878890037537e-02
1.152679324150085449e+00
2.020101237576454878e-05
1.730938325636088848e-03
8.427787543041631579e-05
6.844574213027954102e-01
4.466603398323059082e-01
4.346920832176692784e-05
1.629090160131454468e-01
3.433148860931396484e-01
1.517584605608135462e-04
6.333394050598144531e-01
1.258392166346311569e-02
7.385508524748729542e-06
1.376033615088090301e-04
4.639471769332885742e-01
2.967129475450747123e-08
2.423823028802871704e-01
1.591423460922669619e-05
4.892091732472181320e-03
3.783785700798034668e-01
4.061703383922576904e-02
7.394724525511264801e-05
3.718733489513397217e-01
8.347744369530119002e-06
7.550806999206542969e-01
2.442218828946352005e-03
3.188765185768716037e-05
6.515880227088928223e-01
1.094340262852711021e-07
1.169714797288179398e-02
5.396131873130798340e-01
1.440486230421811342e-04
1.057288795709609985e-01
1.767470734193921089e-03
1.044965028762817383e+00
3.467217385768890381e-01
7.171432571340119466e-06
1.736312955617904663e-01
4.348658919334411621e-01
1.418110623490065336e-04
1.050769761204719543e-01
4.802385592483915389e-05
2.559058368206024170e-02
6.946843350306153297e-04
6.509218811988830566e-01
1.153897377662360668e-03
5.406065497481904458e-07
5.242148637771606445e-01
8.146255612373352051e-01
1.346301436424255371e-01
9.209950803779065609e-05
4.079303741455078125e-01
1.394773647189140320e-02
1.648461420700186864e-06
1.482751486037159339e-06
3.384828567504882812e-02
4.790456387127051130e-06
1.480630338191986084e-01
1.937775611877441406e-01
7.432912389049306512e-05
1.039866209030151367e+00
1.635179432923905551e-05
3.127457499504089355e-01
5.763870663940906525e-03
3.276109397411346436e-01
6.817905604839324951e-02
1.137022860348224640e-03
5.853429436683654785e-01
9.595837909728288651e-04
1.082423515617847443e-02
1.110060838982462883e-04
9.616698662284761667e-05
1.592731475830078125e-02
2.085289452224969864e-03
1.748035848140716553e-02
6.895774602890014648e-01
5.895126145333051682e-03
3.530352842062711716e-03
1.687633630353957415e-04
1.529158907942473888e-05
1.115628328989259899e-04
7.301957521121948957e-05
2.195840701460838318e-02
3.885703859850764275e-03
1.421674937773786951e-07
8.048281073570251465e-03
5.716708898544311523e-01
7.044218946248292923e-03
2.624328732490539551e-01
4.737426934298127890e-05
6.358291720971465111e-04
6.340812542475759983e-04
1.166822552680969238e+00
2.631538372952491045e-04
6.921043395996093750e-01
2.552863443270325661e-03
6.515967100858688354e-02
3.744893521070480347e-02
1.898059621453285217e-02
2.875518403016030788e-04
1.574482470750808716e-01
1.362075656652450562e-02
1.347958232145174406e-06
7.604716718196868896e-02
1.916878856718540192e-03
2.270877063274383545e-01
1.119266867637634277e+00
5.919926479691639543e-05
2.437518835067749023e-01
5.759057402610778809e-01
1.496480125933885574e-02
3.853224370686803013e-06
2.085832357406616211e-01
4.492422565817832947e-02
1.789834797382354736e-01
1.832145499065518379e-03
6.435578688979148865e-04
2.959366515278816223e-02
1.626315759494900703e-03
1.994546209971304052e-06
4.081867933273315430e-01
9.223258530255407095e-06
1.025633215904235840e-01
1.660177222220227122e-04
1.896613161079585552e-03
4.951301662003970705e-07
7.774172700010240078e-04
1.456396712455898523e-04
1.046065017580986023e-01
6.224743127822875977e-01
2.153040441044140607e-06
5.173590779304504395e-02
5.488753595273010433e-05
1.987115410884143785e-06
2.604485489428043365e-04
1.715929657220840454e-01
1.820105593651533127e-03
2.583194077014923096e-01
7.909324631327763200e-05
6.035163532942533493e-04
1.236690150108188391e-04
3.754945064429193735e-04
4.236149042844772339e-02
6.581683158874511719e-01
1.056874264031648636e-02
3.055404126644134521e-01
2.133036614395678043e-04
1.706952154636383057e-01
1.718843579292297363e-01
6.695310473442077637e-01
1.047616708092391491e-03
5.115137901157140732e-05
6.764802965335547924e-04
1.677653635852038860e-03
6.022451817989349365e-02
5.139256268739700317e-02
2.866601943969726562e-01
7.577406764030456543e-01
1.649672165513038635e-02
3.088678931817412376e-03
1.024753928184509277e+00
1.280903961742296815e-05
2.084207348525524139e-02
9.986838698387145996e-02
7.545758038759231567e-02
2.580343334557255730e-06
6.504886746406555176e-01
3.367499215528368950e-03
2.396217605564743280e-04
1.684935064986348152e-03
7.435325533151626587e-04
2.190994620323181152e-01
3.050001105293631554e-04
1.576095819473266602e-02
1.191023475257679820e-04
7.482604123651981354e-03
1.199403195641934872e-03
1.328803191427141428e-04
2.276167739182710648e-03
7.245719432830810547e-01
1.455576057196594775e-05
1.362350881099700928e-01
9.204215700719942106e-08
3.342672437429428101e-02
7.459696007572347298e-06
3.793872383539564908e-05
1.996678378191063530e-09
3.735524296644143760e-05
4.205713921692222357e-04
6.471934728324413300e-03
6.132425274699926376e-03
3.592617809772491455e-01
4.468457773327827454e-03
5.313168093562126160e-02
9.774397127330303192e-03
6.927663087844848633e-02
4.728139901999384165e-05
1.710193604230880737e-01
1.394251012243330479e-04
2.768629603087902069e-02
1.411311677657067776e-04
3.583131160667107906e-07
4.846224784851074219e-01
5.995258688926696777e-03
3.369778627529740334e-03
1.938480181706836447e-06
2.650998532772064209e-01
3.055361739825457335e-04
3.354425416546291672e-06
2.972098882310092449e-04
1.007741229841485620e-04
5.996063555357977748e-05
5.405825097113847733e-03
7.698445551795884967e-05
3.247669339179992676e-02
2.258186952985852258e-07
1.866810521278239321e-06
5.471393838524818420e-02
1.248674941223271162e-09
1.971825212240219116e-02
2.185650519095361233e-04
1.494859694503247738e-03
9.466010624237242155e-07
2.774902433156967163e-02
1.385250798193737864e-04
3.752692282432690263e-05
6.844145059585571289e-01
2.564675298799556913e-07
5.405677802627906203e-05
1.134730337071232498e-05
5.087314639240503311e-04
2.767901122570037842e-01
9.918606374412775040e-04
4.798665270209312439e-02
1.328097004443407059e-02
2.763055078685283661e-02
9.722908143885433674e-04
3.081710019614547491e-05
1.678021944826468825e-04
1.347760558128356934e-01
4.694656934589147568e-03
1.201734989881515503e-01
2.521678805351257324e-03
2.998525798320770264e-01
2.444917627144604921e-04
1.205324195325374603e-03
3.504108637571334839e-02
5.996595136821269989e-03
2.615611592773348093e-04
3.039403557777404785e-01
5.551077425479888916e-03
1.218129647895693779e-03
1.831880808822461404e-06
3.485499182716012001e-03
2.614369150251150131e-03
7.318664789199829102e-01
2.100128767779096961e-06
1.160327694378793240e-03
3.169983101543039083e-04
1.596435308456420898e-01
4.227799945510923862e-05
6.589036784134805202e-04
4.287179399398155510e-05
1.300142109394073486e-01
4.555280804634094238e-01
8.274849653244018555e-01
1.008678664220497012e-04
6.509299419121816754e-05
5.009376406669616699e-01
9.371147491037845612e-03
1.791372150182723999e-02
1.777767579369537998e-06
4.349652305245399475e-02
5.262241959571838379e-01
2.627058513462543488e-02
1.720240397844463587e-04
1.049482525559142232e-04
2.012088894844055176e-01
1.289063016884028912e-03
3.053343389183282852e-04
3.750306132133118808e-05
2.700210188777418807e-06
1.445461958646774292e-01
1.119928318075835705e-03
3.327555759824463166e-07
1.611563190817832947e-02
5.937789683230221272e-05
3.299427926540374756e-01
3.510038659442216158e-04
4.923969805240631104e-01
2.236527204513549805e-02
2.534725762615153144e-09
2.478867070749402046e-03
2.615404082462191582e-04
2.640533784870058298e-05
4.528089014854685956e-10
3.742413520812988281e-01
1.548148975416552275e-05
9.745244824443943799e-06
7.226066663861274719e-04
3.098548972957360093e-08
1.166800111532211304e-01
3.585993181332014501e-05
7.719356290181167424e-06
1.816364529076963663e-04
7.220868347701525636e-10
1.552137881517410278e-01
1.781530016842225450e-07
1.641736844248953275e-06
7.450846433639526367e-01
6.092031981097534299e-06
6.527285557240247726e-03
2.897247952660109149e-07
1.047566890716552734e+00
4.718022950100930757e-08
3.791860763158183545e-06
6.740774512290954590e-01
1.883425466076005250e-05
2.152888555428944528e-06
6.502174735069274902e-01
1.737413741648197174e-02
3.450447618961334229e-01
4.480145499110221863e-02
5.541247664950788021e-04
2.014079836953897029e-05
1.036825594269430439e-07
1.781404989742441103e-06
1.711966660877806135e-06
7.964948963490314782e-06
3.858513064614044197e-09
1.343331634998321533e-01
6.271672900766134262e-03
3.876405209302902222e-02
5.143215530551970005e-04
1.834037303924560547e-01
5.322102308273315430e-01
2.089518238790333271e-04
2.877940190955996513e-03
3.455453907008632086e-06
1.065588891506195068e-01
4.179642928647808731e-06
2.069316542474552989e-05
3.148717582225799561e-01
1.880363523960113525e-01
7.662754796911031008e-06
5.248108664090977982e-06
7.949372529983520508e-01
2.671271562576293945e-02
8.995792995847295970e-06
3.384132298833719688e-07
9.276617201976478100e-04
2.816043343045748770e-05
2.930301614105701447e-02
1.675524572419817559e-06
5.444508587970631197e-06
2.517790017009247094e-05
1.656413894934871678e-11
3.210973441600799561e-01
6.643762162639177404e-07
2.507362663745880127e-01
1.740577220916748047e-01
7.205985784530639648e-01
5.731555223464965820e-01
3.219128757336875424e-06
1.355567201972007751e-02
7.257188558578491211e-01
3.653931617736816406e-01
6.854191451566293836e-05
1.908457837998867035e-03
5.202469424148148391e-07
5.033252295106649399e-03
1.101586385630071163e-03
5.365242941479664296e-06
7.332986593246459961e-01
4.023869769298471510e-05
9.744665585458278656e-03
4.628584974852856249e-06
9.143360330199357122e-06
7.507467671530321240e-05
2.179026381554649561e-08
9.313345886766910553e-03
6.824576854705810547e-01
7.691778242588043213e-02
1.739874854683876038e-02
6.682720780372619629e-01
1.368664484471082687e-02
1.333084895804859116e-07
8.930721879005432129e-01
1.736312955617904663e-01
9.279078221879899502e-05
3.082121610641479492e-01
1.193236261606216431e-01
5.407756361819338053e-06
1.803400482458528131e-05
2.356105994749668753e-07
3.884120815200731158e-05
2.485352754592895508e-02
5.999476313591003418e-01
6.575985025847330689e-06
8.459724187850952148e-01
2.894169301725924015e-05
1.167193427681922913e-02
4.387623775414795091e-08
4.354248162030671665e-08
3.526566922664642334e-01
2.106237531052101986e-07
1.014111284166574478e-02
1.129233532992657274e-05
3.974198989453725517e-05
1.134783864021301270e+00
3.186014509992673993e-06
7.422866474371403456e-05
5.084929466247558594e-01
5.258409976959228516e-01
6.776589751243591309e-01
4.786897599697113037e-01
6.190433632582426071e-04
1.775945634108211379e-06
5.742015673604328185e-06
1.160268858075141907e-02
2.670940198004245758e-02
1.784954406321048737e-02
3.528842218436523126e-10
1.938914920174283907e-06
4.425678849220275879e-01
4.525778422248549759e-06
3.963199257850646973e-01
6.318363547325134277e-01
8.527672290802001953e-01
1.920161756376395634e-13
2.551690704422071576e-05
4.342552983871428296e-07
2.351507599751556654e-10
1.210508123040199280e-02
3.522623330354690552e-02
1.305671844420430716e-06
3.218818455934524536e-04
6.969586610794067383e-01
3.018783591687679291e-02
9.885851613944396377e-05
2.884989371523261070e-04
4.706456884741783142e-02
1.920722638715233188e-07
2.095117233693599701e-02
1.608887687325477600e-03
5.776786338174133562e-07
8.230767707573249936e-05
1.186458319425582886e-01
5.298919081687927246e-01
1.524014770984649658e-02
4.788606613874435425e-02
2.015306614339351654e-03
1.507731042238447117e-07
1.117674051783978939e-03
3.642953379312530160e-05
7.398516572720836848e-06
9.405473733181679563e-09
3.166460897773504257e-03
1.048951889970339835e-05
8.685088687343522906e-06
6.555981599376536906e-06
5.618587136268615723e-01
1.718610498357975302e-08
1.328748567175352946e-06
1.797632197849452496e-03
4.375958724267547950e-06
1.143420740845613182e-04
8.260610945276525285e-11
5.073900818824768066e-01
3.361870646476745605e-01
1.781421087798662484e-05
6.256285905838012695e-01
5.247525870800018311e-02
2.065108759552458650e-07
2.801040182021097280e-07
1.907305209897458553e-03
4.265588941052556038e-04
5.700050592422485352e-01
2.045708313858085603e-08
4.486928810365498066e-05
1.080802202224731445e+00
9.383836732013151050e-05
3.154404112137854099e-06
4.716843360341727021e-09
2.362340273975860327e-05
7.799367374161647604e-09
1.632436053000674292e-08
6.925436258316040039e-01
2.075854536087717861e-05
5.964982882142066956e-02
1.557082578074187040e-04
6.952055692672729492e-01
1.959729706868529320e-04
1.330914441496133804e-03
8.858752995729446411e-02
1.671216305112466216e-04
5.448648199291028504e-09
1.687164186137124489e-08
3.280622331658378243e-05
2.544568644680111902e-07
4.662728402763605118e-03
8.535197412129491568e-05
1.235836073756217957e-01
1.884712673927424476e-06
2.754242159426212311e-02
3.560929298400878906e-01
5.170803660803358071e-07
2.317159232916310430e-04
2.564211536082439125e-05
2.537851408123970032e-02
4.604394021612279175e-08
6.636995673179626465e-01
2.475186556694097817e-05
1.026682376861572266e+00
5.601256702902901452e-07
8.054358602294087177e-08
5.086812749505043030e-02
6.087432211643317714e-07
8.489447645843029022e-05
7.399162132060155272e-05
7.661065459251403809e-01
1.764101540402407409e-07
1.237788586877286434e-03
3.223354724468663335e-05
9.412185288965702057e-03
1.120973527431488037e-01
8.865311741828918457e-02
3.165229572914540768e-04
5.803892089151219125e-12
2.251983247697353363e-02
2.722493372857570648e-03
6.954928976483643055e-04
8.688932657241821289e-02
6.696762033797654112e-10
5.294386064633727074e-04
7.003834098577499390e-02
1.714417521725408733e-06
1.346653698419686407e-05
4.128694854443892837e-06
6.497503519058227539e-01
6.795340776443481445e-01
8.132455348968505859e-01
2.325970828533172607e-01
1.772261038422584534e-02
9.413003921508789062e-01
3.751377164462610381e-08
8.496654118061996996e-06
1.755004404913051985e-06
3.659568756120279431e-05
9.797992110252380371e-01
2.521804922002435223e-13
8.600835204124450684e-01
5.936155915260314941e-01
2.250618358345946035e-09
2.910748298745602369e-05
7.016591429710388184e-01
2.281741499900817871e-01
2.250778675079345703e-02
3.325162827968597412e-01
9.470835721003822982e-06
3.322758013382554054e-03
4.708544015884399414e-01
1.909105094455298968e-06
2.837454928794613807e-07
1.738668186590075493e-03
2.208254912261509162e-08
4.528298309242062558e-12
1.058690735078471334e-08
5.925967911935003940e-07
1.543947291793301702e-06
8.995792995847295970e-06
1.876006252132356167e-03
6.017965574756090064e-07
4.935591935151251164e-09
3.178157610818743706e-03
5.621163534641482329e-10
1.472429782152175903e-01
3.814538331425865181e-06
1.340903776902990785e-11
4.020249022573807451e-09
9.027083870023488998e-04
1.229835106641985476e-06
1.556963543407618999e-04
5.660477420121878822e-09
1.644733793604302718e-10
7.320854638237506151e-05
2.170454820316081168e-07
1.110978046199306846e-04
4.230164218910203999e-09
1.455281599191948771e-04
1.455146004445850849e-03
1.748181830407702364e-06
8.529589479167043464e-09
2.647166373208165169e-03
7.698126803980936961e-14
8.581291695008985698e-06
2.909016329795122147e-04
1.563390554792931653e-07
3.556533483788371086e-04
6.629786071243870538e-07
3.985627106128930564e-10
1.050546524772322243e-10
3.341734100104076788e-06
2.226584590971469879e-02
2.513351660127227660e-07
1.979901207960210741e-05
4.097054362439678243e-10
5.325177426129812375e-06
1.922064647078514099e-02
1.781489402055740356e-01
1.929785753418400418e-07
2.642189429025165737e-05
1.008628250365184442e-10
1.956633059307932854e-05
7.856440061004832387e-05
5.415738542069448158e-07
6.102347072101110825e-09
3.809351792338766529e-11
1.627599522180389613e-05
8.270772582363861147e-07
7.060932517051696777e-01
4.640489521534618689e-07
2.583216751617101181e-09
1.669974699325393885e-05
3.868376552418339998e-08
2.572212733607803781e-13
3.897554939612746239e-03
9.757163003087043762e-03
1.585623067512642592e-06
2.224862109869718552e-03
2.007773816585540771e-01
1.107398478472632064e-10
1.057265978306531906e-02
3.188435584888793528e-06
2.214765211031315302e-15
1.999283995246514678e-06
1.383092512696748599e-05
1.565894081068108790e-08
7.095395204714805004e-08
1.417258665981080412e-08
5.727110163888937677e-08
1.497450139140710235e-04
1.776953473253684024e-09
1.911283284425735474e-01
1.013706566604932746e-11
6.660093365695729517e-09
3.431579971220344305e-04
5.894038512463395385e-13
1.214490481515895226e-07
3.871277673169970512e-03
6.103670013857254162e-09
9.082399415882846938e-11
4.349672053649555892e-06
2.992879672092385590e-05
8.016594676973909372e-08
1.782554355858612105e-12
8.294433889721730679e-11
1.555235940031707287e-05
5.266154857963556424e-06
2.509686055418569595e-05
1.989724405575543642e-04
2.810529364793978857e-09
6.130791007308289409e-05
1.072836574167013168e-03
5.663190361104852855e-09
9.205925266542180907e-08
1.300702034967571308e-08
5.537038668990135193e-03
4.352496141279971198e-10
7.695739157043135492e-08
2.536982606216042768e-07
4.095419825489443610e-08
4.727141559123992920e-02
2.751400825218297541e-05
2.757393646746209015e-09
1.264436244964599609e-01
5.237317850514955353e-07
1.920722638715233188e-07
6.680379166512651068e-11
1.716994047164916992e-01
9.327743947505950928e-02
5.079344167491228745e-10
7.426559477607952431e-06
3.805958840530365705e-05
1.235788147369021317e-07
3.958261496350701236e-11
8.393560710828751326e-05
7.795080847472490859e-08
1.352451363345608115e-04
1.551692002976778895e-05
9.802774526178836823e-03
4.786651516042184085e-06
6.900685889377200510e-07
7.723075395915657282e-05
5.780320148915052414e-03
4.199014256300870329e-06
4.162718076258897781e-03
3.585269858774609020e-09
4.236129313994752010e-08
8.437525678139934371e-10
3.300143269768796017e-09
2.225601747340988368e-06
3.353128477101563476e-07
1.438491563021671027e-05
9.085150409759989998e-10
3.789392757913567777e-11
3.936663735657930374e-03
2.036670565530585009e-08
7.780746713592634478e-09
3.255235014876234345e-06
1.001329906284809113e-02
2.642905456013977528e-04
6.187354983921977691e-07
6.830082274973392487e-03
1.332850274593511131e-07
1.979741682589519769e-06
5.046179285272955894e-04
5.486111640930175781e-01
2.067812893074005842e-04
8.843205705488799140e-07
7.681412839133372472e-09
4.703022204921580851e-05
1.636941647120693233e-06
2.638779150743175705e-08
1.040508923466632041e-08
1.732955001720881683e-09
1.328274956904351711e-04
4.507419770760634492e-09
6.150710396468639374e-04
3.909989629846677417e-07
8.829646347408015572e-09
6.273247663557413034e-07
1.867025718092918396e-02
1.493248902306731907e-07
4.651000973243668568e-10
4.180033749690004186e-11
3.057063580058638763e-08
7.731747245998121798e-06
8.835584347499647606e-11
3.464029627378573117e-12
8.471415640087798238e-07
8.347883704118430614e-05
1.750668776612229749e-10
1.364132668823003769e-02
2.345358396382835053e-08
3.297403236501850188e-05
5.740568667533807456e-05
3.732690601054855506e-09
1.142287626862525940e-02
2.487570327502908185e-08
2.049014291571893409e-09
4.121205347473733127e-05
2.452459966661990620e-06
3.327705333511232766e-10
1.731159382512004186e-10
1.433329188671450538e-08
1.836592446124996059e-06
6.971649781917221844e-07
6.257502294104710927e-10
1.490154222238970760e-09
8.155919495038688183e-04
5.856297211721539497e-04
2.457969685565331019e-07
1.058577223545398988e-14
1.027499747578985989e-04
7.493525231438979972e-07
4.363606649349094369e-07
4.079301434103399515e-04
1.064382027834653854e-03
5.167309427633881569e-04
7.359620183706283569e-03
1.296490736990563164e-08
1.442685723304748535e-02
6.725009171759666060e-08
2.786612940397503735e-09
1.380355940661104341e-09
4.355068802833557129e-01
1.272699279297739849e-07
3.699443861842155457e-02
7.452024146914482117e-04
2.183480683015659451e-04
3.633492588996887207e-01
5.852599279023706913e-04
1.416122540831565857e-03
3.336627967655658722e-03
1.280647575185867026e-05
1.436153418410412996e-08
3.193926204403396696e-06
6.164198040892188146e-10
2.836353182792663574e-01
2.661913072188326623e-07
4.005368426442146301e-02
1.868652930170355830e-06
2.397872321307659149e-02
2.143825440725777298e-06
1.842798548750579357e-03
1.661039874534253613e-07
1.718817293294705451e-05
1.077720246378532920e-09
1.555793824081774801e-05
4.685420051941946440e-09
6.716606437695560317e-12
9.171766124360658523e-11
3.390490019228309393e-05
7.896717875155445654e-07
1.617329398868605494e-04
8.036198829053809584e-15
1.138142033596523106e-05
4.677398010244360194e-06
1.818866053326928522e-07
8.784681267570704222e-05
2.097465312544954941e-07
2.521678805351257324e-03
5.608201026916503906e-04
9.384966688230633736e-04
8.601060130786208902e-07
3.477040536381537095e-06
2.861382439732551575e-03
1.357509900117293000e-04
2.025480654310740647e-07
4.770874802488833666e-04
9.210289863403886557e-05
9.247300170045491541e-08
3.752514749066904187e-05
1.340550807071849704e-04
3.592453279299689939e-10
8.728117784073674557e-09
3.199042794221895747e-06
9.446147487324196845e-06
8.531718049198389053e-04
6.038997322320938110e-03
2.581485199215638460e-11
1.249460201968588535e-09
1.781630562618374825e-04
8.117148536257445812e-05
6.914743835295666941e-07
1.070919185876846313e-01
1.701934934317250736e-06
8.615499609732069075e-06
2.195870081322937040e-07
4.868755354436871130e-08
2.628426365447467106e-09
2.100334489663069348e-10
1.671259686197856809e-09
1.423454284667968750e-02
7.957449952300521545e-07
3.246478919027850907e-10
4.640970274749633973e-08
4.239712723119737348e-07
4.358381556812673807e-05
3.857461461365119249e-09
1.199819507746724412e-06
1.923393458127975464e-03
5.106585021508180944e-08
1.733431076900160406e-06
2.756248007607098316e-10
7.783502269376185723e-07
3.257109938203939237e-06
5.978654371574521065e-06
7.473571458831429482e-04
1.973099308088421822e-03
2.780290786176919937e-03
1.026484733301913366e-05
3.402223228476941586e-04
5.263742082206590567e-07
1.632436053000674292e-08
3.552574298737454228e-06
1.063603267539292574e-04
3.482057536530192010e-06
3.727967379241192702e-10
3.637327097294473788e-07
2.529809695062112951e-09
8.407580107450485229e-02
9.770305950951296836e-06
2.539884178531792713e-07
4.716843360341727021e-09
5.667183700097666588e-08
1.544691940580378287e-06
1.618943293578922749e-03
1.026249293878400692e-10
3.561881021596491337e-05
4.721826314926147461e-02
2.102249450908200146e-11
1.668037293711677194e-05
-0.000000000000000000e+00
-0.000000000000000000e+00
-0.000000000000000000e+00
-0.000000000000000000e+00
-0.000000000000000000e+00
-0.000000000000000000e+00
-0.000000000000000000e+00
-0.000000000000000000e+00
-0.000000000000000000e+00
-0.000000000000000000e+00
-0.000000000000000000e+00
-0.000000000000000000e+00
-0.000000000000000000e+00
-0.000000000000000000e+00
-0.000000000000000000e+00
-0.000000000000000000e+00
-0.000000000000000000e+00
-0.000000000000000000e+00
-0.000000000000000000e+00
-0.000000000000000000e+00
-0.000000000000000000e+00
-0.000000000000000000e+00
-0.000000000000000000e+00
-0.000000000000000000e+00
-0.000000000000000000e+00
-0.000000000000000000e+00
-0.000000000000000000e+00
-0.000000000000000000e+00
-0.000000000000000000e+00
-0.000000000000000000e+00
-0.000000000000000000e+00
-0.000000000000000000e+00
-0.000000000000000000e+00
-0.000000000000000000e+00
-0.000000000000000000e+00
-0.000000000000000000e+00
-0.000000000000000000e+00
-0.000000000000000000e+00
-0.000000000000000000e+00
-0.000000000000000000e+00
