7.621846348047256470e-02
9.664107561111450195e-01
9.374321699142456055e-01
1.013452768325805664e+00
1.820725053548812866e-01
7.250035405158996582e-01
7.083499431610107422e-02
8.546233922243118286e-02
8.790343999862670898e-04
1.537471637129783630e-02
4.417824000120162964e-02
1.618901938199996948e-01
7.253520190715789795e-02
4.159399832133203745e-04
4.089415073394775391e-03
8.525596000254154205e-03
2.360066920518875122e-01
4.527866840362548828e-01
2.274479866027832031e-01
9.146133065223693848e-01
5.651427898555994034e-03
5.947483777999877930e-01
1.285235304385423660e-02
8.224889039993286133e-01
1.991779357194900513e-02
4.618279263377189636e-02
1.868662834167480469e-01
5.620066821575164795e-02
2.352567203342914581e-02
2.537714540958404541e-01
2.182344207540154457e-03
4.963965713977813721e-02
9.278962388634681702e-03
6.569533348083496094e-01
1.949921483173966408e-03
3.607154067140072584e-04
6.963962689042091370e-03
1.007860541343688965e+00
6.580384373664855957e-01
8.276926726102828979e-02
6.529824435710906982e-02
3.635634854435920715e-02
2.354643344879150391e-01
5.764574557542800903e-02
8.708379864692687988e-01
1.910939514636993408e-01
1.487927734851837158e-01
3.801248669624328613e-01
8.473398338537663221e-06
2.932246215641498566e-02
2.687805565074086189e-03
1.378280459903180599e-03
3.717090189456939697e-01
3.609845647588372231e-03
7.109136581420898438e-01
9.244371056556701660e-01
1.373254358768463135e-01
6.513007879257202148e-01
3.331126272678375244e-02
2.158885300159454346e-01
1.384247243404388428e-01
5.643125772476196289e-01
8.482152223587036133e-01
1.603976706974208355e-04
6.468299776315689087e-02
1.825270205736160278e-01
6.804605722427368164e-01
5.052008200436830521e-04
5.108218789100646973e-01
9.250231981277465820e-01
1.310868747532367706e-02
6.392045021057128906e-01
5.666471645236015320e-02
2.850323682650923729e-03
5.139243006706237793e-01
1.550163608044385910e-02
4.289519041776657104e-03
7.801697254180908203e-01
1.014668866991996765e-02
3.947883099317550659e-02
9.445134492125362158e-05
4.150115698575973511e-02
3.939318936318159103e-03
4.638684913516044617e-02
4.485248923301696777e-01
1.006334568955935538e-04
7.029933476587757468e-05
3.315834095701575279e-03
7.140609622001647949e-01
9.809200465679168701e-02
3.764529898762702942e-02
2.021796107292175293e-01
5.878051742911338806e-02
4.888168573379516602e-01
3.802153468132019043e-01
7.456611394882202148e-01
5.032112002372741699e-01
8.897102475166320801e-01
1.417362093925476074e-01
1.409826018061721697e-05
7.003607749938964844e-01
8.294980041682720184e-03
4.424794614315032959e-01
7.054246664047241211e-01
5.971258878707885742e-01
1.580633968114852905e-01
1.325042486190795898e+00
3.419023156166076660e-01
8.619396016001701355e-03
1.375519484281539917e-01
6.910571828484535217e-03
4.301042109727859497e-02
5.040592048317193985e-03
7.094167470932006836e-01
6.889116764068603516e-01
1.176491007208824158e-02
7.201476097106933594e-01
4.851221293210983276e-02
4.360319375991821289e-01
6.757852435111999512e-01
5.838082171976566315e-03
3.148662298917770386e-02
4.023827612400054932e-01
2.737122774124145508e-01
1.446884498000144958e-02
9.555197507143020630e-02
3.713297192007303238e-03
4.651587009429931641e-01
3.286341205239295959e-03
3.991929115727543831e-04
2.009882032871246338e-01
6.481981370598077774e-03
6.113636773079633713e-04
8.738909363746643066e-01
7.836099863052368164e-01
6.292312741279602051e-01
8.464204147458076477e-03
3.292180597782135010e-02
1.899618096649646759e-02
1.092144846916198730e-01
3.005875623784959316e-04
5.512596108019351959e-03
9.778773412108421326e-03
4.689151346683502197e-01
3.182803839445114136e-02
3.841672878479585052e-05
1.044142190949060023e-04
6.674662977457046509e-02
3.150658905506134033e-01
6.837458014488220215e-01
4.565064013004302979e-01
6.559220552444458008e-01
8.744921535253524780e-03
5.294572710990905762e-01
1.060568213462829590e+00
1.094213485717773438e+00
4.756918177008628845e-02
6.229253411293029785e-01
9.955503977835178375e-03
5.511007905006408691e-01
8.118615150451660156e-01
6.957040429115295410e-01
1.029292702674865723e+00
1.589008793234825134e-02
3.321615755558013916e-01
1.498191058635711670e-01
2.976002171635627747e-03
5.901718139648437500e-01
3.808671832084655762e-01
9.733802080154418945e-02
7.170037180185317993e-02
2.334264107048511505e-02
1.090272344299592078e-04
7.759709954261779785e-01
5.916023254394531250e-01
3.434837982058525085e-02
1.228783577680587769e-01
8.121360093355178833e-03
4.488354325294494629e-01
2.760459319688379765e-04
8.014858365058898926e-01
7.220299541950225830e-02
5.600989237427711487e-02
3.193223103880882263e-02
7.888632244430482388e-04
1.033773645758628845e-03
7.244848012924194336e-01
4.930507764220237732e-02
1.747163827531039715e-03
4.551321640610694885e-02
1.282263278961181641e+00
1.799980998039245605e-01
5.553372204303741455e-02
1.710290089249610901e-04
5.720506608486175537e-02
4.198943376541137695e-01
1.163918673992156982e-01
8.449504093732684851e-05
4.913078844547271729e-01
8.675659075379371643e-03
2.733067050576210022e-02
7.815109491348266602e-01
1.320796310901641846e-01
3.422246954869478941e-04
4.738277494907379150e-01
1.132860593497753143e-02
6.568098068237304688e-01
4.563195258378982544e-02
8.090624809265136719e-01
4.155499339103698730e-01
6.086473818868398666e-03
6.827108860015869141e-01
3.621865808963775635e-01
1.411546021699905396e-01
3.163351910188794136e-03
4.950617905706167221e-03
7.769721150398254395e-01
7.602700963616371155e-03
9.392757713794708252e-02
1.570787727832794189e-01
9.919270277023315430e-01
3.512296080589294434e-02
7.445320487022399902e-01
7.508163154125213623e-02
7.598248776048421860e-04
1.412891666404902935e-03
5.613558888435363770e-01
7.125279903411865234e-01
7.782088518142700195e-01
1.266239956021308899e-02
7.740325480699539185e-02
9.916232228279113770e-01
9.025486186146736145e-03
1.051419615745544434e+00
2.734432220458984375e-01
1.651577092707157135e-02
9.756676852703094482e-03
6.017496925778687000e-04
7.988619618117809296e-04
1.164093092083930969e-01
1.450531333684921265e-01
6.445509195327758789e-01
1.319938928645569831e-05
5.887067317962646484e-01
1.178747508674860001e-02
1.656978130340576172e-01
9.385012984275817871e-01
4.061079025268554688e-01
4.944285154342651367e-01
7.149714827537536621e-01
3.680361434817314148e-02
6.712791919708251953e-01
2.482757344841957092e-02
7.569047212600708008e-01
6.837642285972833633e-04
8.115329742431640625e-01
-0.000000000000000000e+00
-0.000000000000000000e+00
-0.000000000000000000e+00
-0.000000000000000000e+00
-0.000000000000000000e+00
-0.000000000000000000e+00
-0.000000000000000000e+00
-0.000000000000000000e+00
-0.000000000000000000e+00
-0.000000000000000000e+00
-0.000000000000000000e+00
-0.000000000000000000e+00
-0.000000000000000000e+00
-0.000000000000000000e+00
-0.000000000000000000e+00
-0.000000000000000000e+00
-0.000000000000000000e+00
-0.000000000000000000e+00
-0.000000000000000000e+00
-0.000000000000000000e+00
