3.226071130484342575e-03
3.174852603038402776e-10
1.036887168884277344e+00
7.844237759346839312e-11
3.728524316102266312e-04
1.550744741507514846e-06
2.381902595516294241e-05
3.263635188341140747e-02
3.929684404283761978e-03
3.391035646200180054e-02
6.070872768759727478e-05
1.208889603614807129e+00
1.313107986788963899e-07
3.508825227618217468e-02
4.800330102443695068e-02
1.421109487864669063e-07
1.222511194646358490e-02
2.527381639083614573e-06
5.288217067718505859e-01
3.534743331368161989e-10
1.119287917390465736e-03
6.933756470680236816e-01
1.147754318253646488e-07
6.602603942155838013e-03
6.518878936767578125e-01
3.319595691664289916e-07
2.429586174912401475e-06
7.109558168849616777e-07
3.221505176043137908e-05
1.533405884401872754e-05
3.631296567618846893e-05
9.069089591503143311e-02
1.671440154314041138e-02
2.323186025023460388e-02
6.199699640274047852e-01
1.472769677639007568e-01
3.529639169573783875e-02
1.523423008620738983e-03
1.022651195526123047e+00
2.636433862335252343e-07
3.577148169279098511e-02
3.267672127549303696e-06
6.791817396879196167e-02
3.443788898493949091e-08
6.723354095683475862e-10
4.674256537384735566e-09
4.308115541934967041e-01
5.372499581426382065e-03
1.587279463421964465e-08
3.184375120326876640e-03
3.301001783029278158e-08
1.122283083532238379e-05
4.610029864124953747e-04
1.199211546918377280e-04
5.449827312986599281e-06
1.274546491913497448e-03
1.957694301381707191e-03
3.787618279457092285e-01
8.793794363737106323e-02
2.201973833143711090e-02
9.082838078029453754e-04
3.299427032470703125e-02
4.795182029226907616e-09
1.908634294522926211e-05
3.111197147518396378e-03
2.604009350761771202e-03
2.051106989383697510e-01
1.870685489848256111e-03
1.634621469293051632e-07
1.197120400320272893e-05
2.626275718212127686e-01
6.957130134105682373e-02
3.860456843085557921e-07
6.540944450534880161e-04
6.342584490776062012e-01
3.423846792429685593e-04
2.157557941973209381e-02
7.095700502395629883e-02
1.297771312636086805e-08
1.530981971882283688e-03
1.721119531339354580e-07
6.145211273178574629e-08
9.921996593475341797e-01
1.934604142661555670e-06
3.306864073238102719e-06
4.072645306587219238e-02
1.970034020359889837e-07
7.368202321231365204e-03
9.130116668529808521e-04
8.804359463709943157e-10
2.680807131838491841e-09
6.013857200741767883e-04
1.313634800936824831e-08
1.228992368851322681e-05
1.089220400899648666e-03
5.739193037152290344e-02
7.183856496340013109e-07
6.729998858645558357e-05
2.522752285003662109e-01
1.005284022539854050e-02
1.125444123317720369e-05
3.633714281022548676e-03
2.843050879164366052e-06
7.379930466413497925e-02
2.595759741961956024e-02
1.930930011440068483e-05
3.071165084838867188e-01
5.441927351057529449e-05
3.836462274193763733e-04
2.624858325361856259e-06
5.303714275360107422e-01
9.775465770189839532e-09
2.742966711521148682e-01
4.156717099249362946e-03
2.505649376871588174e-08
4.004724614787846804e-04
3.812432396443909965e-07
2.350273571209982038e-04
4.267048936412720650e-08
4.105773405171930790e-05
8.908233791589736938e-02
1.376336600245053887e-09
1.203621757817074922e-09
1.642410061322152615e-04
1.387349516153335571e-01
4.279385006078495479e-13
2.779939211905002594e-03
2.445052668917924166e-04
5.990279383638608124e-09
9.683252574177458882e-05
5.206613540649414062e-01
9.216611087322235107e-02
3.018511961272452027e-06
7.430814186193401838e-09
4.827518165111541748e-01
5.450007319450378418e-01
3.030051710084080696e-03
6.587010622024536133e-01
3.233384713530540466e-02
1.953094750642776489e-01
6.603561814699787647e-06
7.768749594688415527e-01
3.029464744031429291e-03
1.089449974678302624e-09
3.019969351589679718e-02
2.568526724644470960e-06
6.767179729649797082e-05
8.966192603111267090e-03
5.677038431167602539e-02
5.119691602885723114e-03
2.002373039722442627e-01
1.140232942998409271e-02
2.161265729228034616e-04
3.901050090789794922e-01
9.706128878406161675e-08
6.893037557601928711e-01
5.431820154190063477e-01
3.383633373488237339e-09
6.762573140361993751e-12
9.264488220214843750e-01
1.002587564289569855e-02
5.093363142805173993e-06
5.316400830679413048e-08
6.143818795680999756e-02
1.207610964775085449e+00
8.424343104707077146e-05
9.380501978739630431e-06
6.345931440591812134e-03
2.849107477231882513e-05
5.963819101452827454e-02
1.849494282168961945e-07
1.399495376972481608e-04
6.705860141664743423e-04
7.109923958778381348e-01
1.761035264280508272e-06
7.447136640548706055e-01
5.872789770364761353e-04
1.408116333186626434e-02
1.829962403832041673e-09
2.255669642181601375e-07
4.306143708276977122e-08
9.501865506172180176e-02
5.596833229064941406e-01
6.881419569253921509e-02
4.909445997327566147e-04
5.003682151436805725e-02
2.154705375432968140e-01
2.708072774112224579e-02
5.569600770166660553e-15
4.219502806663513184e-01
6.874463451822521165e-06
7.020711564109660685e-06
1.952250599861145020e-01
2.850972814485430717e-04
3.562408685684204102e-02
1.013076901435852051e+00
6.508781909942626953e-01
1.643585733290819917e-06
5.661247826083126711e-08
3.768777009099721909e-03
4.191558957099914551e-01
8.298108696180861443e-06
5.882846380700357258e-06
2.980780042707920074e-02
7.266292814165353775e-03
1.996110299273823330e-08
1.057130470871925354e-01
1.184321081382222474e-05
2.557824773248285055e-04
9.304311126470565796e-03
1.576463575474917889e-03
3.004616200923919678e-01
8.808958540384992375e-08
1.762035884894430637e-03
7.609976455569267273e-03
8.639168143272399902e-01
1.165767665952444077e-03
3.280884470768796746e-07
2.006285125389695168e-03
2.235275132989045233e-06
2.305577709194039926e-06
3.823625149834697368e-08
4.629184841178357601e-04
1.204668655991554260e-01
4.740061461925506592e-01
6.170309782028198242e-01
5.683597342764912241e-11
7.288397848606109619e-02
3.597961040213704109e-06
8.785015344619750977e-02
4.198523697596101556e-07
8.738037347793579102e-01
5.479972173816349823e-07
4.637829493731260300e-03
2.749397509660411743e-08
4.035927148038354062e-09
3.103051276411861181e-04
8.423045073868706822e-06
2.241213172674179077e-01
6.523728370666503906e-05
3.064711927436292171e-05
5.283766984939575195e-01
2.338942699134349823e-02
4.245627849286393030e-07
4.134797491133213043e-03
6.314793154160724953e-06
5.802610539831221104e-04
6.653995513916015625e-01
6.348051556415157393e-06
1.678338885540142655e-04
2.942727005574852228e-04
1.007982250303030014e-02
1.401482440996915102e-04
5.702512240191026649e-08
7.640823014298803173e-07
1.074954401701688766e-02
1.779374899342656136e-03
3.019803216375294141e-06
2.378824055194854736e-01
6.683636684101657011e-07
1.749813556671142578e-01
6.009878590703010559e-03
4.165758728049695492e-04
5.218590497970581055e-01
2.922261899129807716e-07
6.901245069457218051e-05
1.235016497957985848e-05
1.044136661221273243e-05
1.431188285350799561e-01
3.243262472096830606e-05
1.230607358593260869e-05
4.203037619590759277e-01
9.492354365647770464e-06
5.651370926784693438e-08
2.551597426645457745e-04
1.027244579745456576e-04
3.570388784623901302e-08
3.630948666732969343e-11
6.034920811653137207e-01
5.843080543854739517e-07
7.990377396345138550e-02
1.575746224261820316e-03
2.280623606631948519e-13
4.895729362033307552e-04
9.219882635136400495e-09
2.430024147033691406e-01
2.172549515962600708e-01
4.411571845412254333e-02
3.455178557487670332e-06
1.871918502729386091e-04
4.332808554172515869e-01
2.765717804431915283e-01
6.841994524002075195e-01
3.816772699356079102e-01
4.125261306762695312e-01
6.263173818588256836e-01
2.144196464826109150e-08
2.234728541225194931e-03
9.641325473785400391e-01
8.223007171181961894e-05
4.089527649853152980e-08
2.835773527622222900e-01
1.405889242887496948e-01
8.125006570480763912e-05
5.123183200339553878e-06
1.221751244884217158e-05
2.639507556523312815e-06
8.974879980087280273e-03
3.596262843075237470e-09
7.493730462548864324e-12
2.324390411376953125e-01
6.491257531493488386e-10
8.361662912648171186e-05
6.815760135650634766e-01
2.624536573421210051e-04
6.458231655415147543e-05
7.033110260963439941e-01
2.458600699901580811e-01
1.239025499671697617e-02
5.230234563350677490e-02
2.834910899400711060e-02
1.717188865768548567e-06
1.254953240277245641e-04
5.396974529503495432e-07
6.237016916275024414e-01
7.552834091484328383e-08
3.637839555740356445e-01
4.604428831953555346e-04
2.194792032241821289e-04
1.405016014643933886e-08
2.836081199347972870e-03
4.352636651105967758e-08
5.057948641479015350e-03
1.002852627607353497e-07
2.824585826601833105e-04
1.132532837800681591e-03
8.490174963071694947e-08
3.477904573082923889e-02
6.754994075208742288e-08
1.327290087938308716e-01
5.443516420200467110e-05
7.216718047857284546e-02
1.183416321873664856e-02
4.303215444087982178e-01
3.404853146093955729e-07
1.291557122021913528e-02
1.386094572808360681e-05
6.017432212829589844e-01
2.507234057702589780e-06
1.237553311511874199e-03
1.215028532897122204e-05
2.112711593508720398e-02
1.611895568203181028e-04
3.518532903399318457e-04
1.133368001319468021e-03
3.920376896858215332e-01
8.685448169708251953e-01
2.647994756698608398e-01
3.387873992323875427e-02
9.946786612272262573e-02
3.428444499149918556e-03
2.952139766421169043e-04
5.770536759541755600e-08
7.427194155752658844e-03
1.505559869110584259e-02
3.054279940073456601e-09
1.583053403919620905e-06
1.840130153141217306e-06
3.520515747368335724e-05
1.242547176261155073e-10
1.088742837309837341e-01
3.045920431613922119e-01
7.037461549043655396e-02
1.340517550706863403e-01
7.136275991797447205e-03
1.582084223628044128e-02
3.473892211914062500e-01
8.392172455787658691e-01
4.134583377890521660e-06
2.766421763226389885e-03
6.147048249840736389e-02
2.026839256286621094e-01
1.006022453308105469e+00
6.497378349304199219e-01
6.205042035745123030e-10
9.139187540085913497e-08
5.488560721278190613e-02
4.261757712811231613e-03
9.865371976047754288e-05
3.419351279735565186e-01
2.406884732408798300e-06
4.170102179050445557e-01
1.445403089746832848e-03
3.606151640415191650e-01
1.641947378061558993e-08
7.756267786026000977e-01
1.552318099129479378e-05
5.717387500936421674e-12
7.141324281692504883e-01
1.267874264158308506e-03
1.208812172990292311e-04
1.065972050212637967e-11
9.356101751327514648e-01
4.188907332718372345e-04
1.566962338984012604e-02
4.074163734912872314e-02
3.703444381244480610e-04
1.562703189073033627e-09
5.454981923103332520e-01
3.015106914139309424e-11
5.569676773120590951e-07
2.697103917598724365e-01
5.943074938841164112e-07
1.894677126301758108e-07
2.829266488552093506e-01
4.836832880973815918e-01
1.103843795135617256e-03
5.484589338302612305e-01
4.071533679962158203e-02
4.628038823284441605e-07
2.682508528232574463e-01
3.365820475664804690e-07
6.989242962163189077e-09
3.221720689907670021e-04
5.454069640364878069e-09
1.313634800936824831e-08
2.213441729545593262e-01
3.043196201324462891e-01
6.293557882308959961e-01
3.634700842667371035e-04
7.305397987365722656e-01
5.333346962288487703e-06
2.756181061158713419e-09
3.977689743041992188e-01
4.353644549846649170e-01
1.504867832409217954e-04
9.514048997516511008e-07
9.735398292541503906e-01
1.385237425565719604e-01
3.091848910230510228e-08
6.374674439430236816e-01
2.382717357249930501e-04
7.641582489013671875e-01
2.106451972849754384e-07
1.861015043687075377e-04
1.388948643580079079e-03
5.431820154190063477e-01
1.587519645690917969e-01
3.329748213291168213e-01
7.184280548244714737e-08
3.746268805116415024e-03
8.296633958816528320e-01
2.684462815523147583e-02
1.419656276702880859e-01
2.252918493468314409e-04
1.341632804852110894e-09
6.457203626632690430e-01
6.584547463717171922e-06
6.830306649208068848e-01
6.057471781969070435e-02
2.844454487785696983e-03
2.450654756103176624e-05
2.630817238241434097e-03
5.783856031484901905e-04
3.750304924324154854e-03
1.297725830227136612e-04
7.026113569736480713e-03
2.905731089413166046e-03
4.871129393577575684e-01
7.132538128644227982e-03
3.470051102340221405e-03
6.047781705856323242e-01
3.110877871513366699e-01
2.648106077685952187e-03
1.327822059392929077e-01
1.370578538626432419e-02
2.148539351765066385e-06
2.056094672298058867e-04
2.139879167079925537e-01
1.230871275765821338e-04
3.223885432817041874e-04
2.030170410871505737e-01
4.459993913769721985e-03
7.552834091484328383e-08
5.433052778244018555e-02
3.268484771251678467e-02
8.327730465680360794e-04
5.292716014082543552e-05
2.395645529031753540e-01
2.905998553615063429e-05
1.338842511177062988e-01
6.386110726452898234e-06
7.051582336425781250e-01
4.289104044437408447e-01
1.653563976287841797e-02
1.003236770629882812e+00
1.492862030863761902e-02
1.925169579308771972e-09
2.253317087888717651e-01
2.115120887756347656e-01
1.047354180627735332e-05
1.432384578947676346e-05
6.775075793266296387e-01
9.417776891496032476e-05
6.901439428329467773e-01
9.118099696934223175e-03
8.416883647441864014e-02
1.570107269799336791e-05
7.028415203094482422e-01
1.029156208038330078e+00
4.057222686242312193e-04
3.875483525916934013e-04
4.306624390437718830e-08
1.602408852309500364e-12
1.620032638311386108e-02
6.776444911956787109e-01
7.063558697700500488e-01
3.219645441276952624e-05
7.931005209684371948e-02
1.467682537622749805e-03
1.253393441438674927e-01
8.032595366239547729e-02
4.937646985054016113e-01
1.454553455114364624e-01
1.450235024094581604e-02
8.995930105447769165e-02
8.947101305238902569e-04
1.122283083532238379e-05
6.374729871749877930e-01
4.686065018177032471e-01
1.724185381135612261e-06
2.081781327724456787e-01
4.156035720370709896e-04
3.174895644187927246e-01
7.031905651092529297e-01
1.505830441601574421e-04
2.100877027260139585e-04
8.041675982894957997e-07
1.934604142661555670e-06
3.556714951992034912e-01
6.390913040377199650e-05
5.358810424804687500e-01
8.393961936235427856e-03
3.085635975003242493e-02
3.863569814711809158e-03
6.201846554176881909e-05
8.948110917117446661e-05
6.467003375291824341e-02
4.981081485748291016e-01
2.975395929638580128e-09
1.355910580605268478e-02
3.801550483331084251e-04
3.691215813159942627e-02
2.270822296850383282e-04
3.506928980350494385e-01
2.734617888927459717e-02
4.809883981943130493e-02
6.928988695144653320e-01
2.278730093507874699e-08
6.505139172077178955e-03
3.189206123352050781e-01
6.435852050781250000e-01
6.609059637412428856e-04
6.738395094871520996e-01
5.683821160346269608e-03
3.135706298053264618e-03
5.633606910705566406e-01
3.727097355294972658e-04
2.553975260444207862e-11
1.528153289109468460e-02
4.472517321119084954e-05
8.586163176005356945e-07
8.203011006116867065e-02
3.854635224342928268e-07
2.657676637172698975e-01
6.129052820824654191e-11
1.692458391189575195e-01
6.342584490776062012e-01
2.160787284374237061e-01
1.137739764089928940e-05
2.784970274660736322e-04
1.055662147700786591e-02
1.566674187779426575e-02
7.431336102037278124e-11
3.520515747368335724e-05
1.455978751182556152e-01
6.874917745590209961e-01
1.808758080005645752e-01
6.862928271293640137e-01
6.590168476104736328e-01
3.160583321005105972e-03
3.282361328601837158e-01
2.756174504756927490e-01
6.231131264939904213e-04
6.338227987289428711e-01
1.613866188563406467e-03
8.466713552479632199e-09
5.941047098723117870e-10
3.297882387414574623e-03
9.708201105240732431e-07
1.616925932466983795e-02
1.764895319938659668e-01
7.587504386901855469e-01
1.604273620614549145e-06
7.314354879781603813e-04
1.641426235437393188e-02
1.413156860508024693e-04
8.571788668632507324e-02
1.229339613928459585e-05
4.902718137600459158e-05
2.870275784516707063e-05
6.810275912284851074e-01
1.947476901113986969e-02
5.032748049416113645e-07
3.166859745979309082e-01
3.386859595775604248e-01
6.456866394728422165e-04
6.436583037394694173e-15
4.303215444087982178e-01
9.139187540085913497e-08
6.901547312736511230e-01
5.430183591670356691e-07
1.183003781740632476e-11
1.320836246013641357e-01
1.745007551789967692e-07
6.158785545267164707e-04
3.174852603038402776e-10
9.146659374237060547e-01
4.669007658958435059e-01
1.143744587898254395e-02
4.110844433307647705e-02
3.759978994821722154e-08
8.073047734797000885e-03
3.855748102068901062e-03
5.564717054367065430e-01
1.860176325862994418e-06
4.605216474828921491e-08
1.098578536584682297e-06
4.454695812228237628e-08
5.968037992715835571e-02
2.611214518547058105e-01
4.444345585996600789e-11
6.059759296476840973e-03
3.739559948444366455e-01
7.465938324457965791e-06
5.129590863361954689e-05
9.834674000740051270e-01
1.840055882930755615e-01
7.157649379223585129e-03
3.027420118451118469e-02
7.511372132285032421e-06
5.881126970052719116e-03
2.792029590636957437e-05
6.955903768539428711e-01
3.782417178153991699e-01
2.626275718212127686e-01
5.363096669316291809e-02
5.057948641479015350e-03
3.457466959953308105e-01
5.029414594173431396e-02
3.870200941946677631e-07
1.963014015927910805e-03
7.106266821210738271e-06
1.351441896986216307e-04
4.514782631304115057e-05
4.237991292029619217e-03
5.200903397053480148e-03
7.372982224751467584e-10
7.702601142227649689e-03
9.081745147705078125e-01
2.671238144102972001e-05
9.292807953897863626e-05
7.146750688552856445e-01
1.041907593607902527e-01
7.618613243103027344e-01
4.231681227684020996e-01
2.899293303489685059e-01
4.604235291481018066e-01
1.484785601496696472e-02
3.526461124420166016e-01
1.764869125508994330e-06
5.345435142517089844e-01
3.842075238935649395e-05
2.574227941920526064e-09
1.945583499036729336e-04
4.927210211753845215e-01
5.649180384352803230e-04
3.455178557487670332e-06
6.661038298716448480e-08
3.143068552017211914e-01
4.028240008268138550e-14
5.784559249877929688e-01
3.749439940747834044e-07
1.466260982851963490e-05
8.761873573348566424e-07
1.036357367411255836e-03
1.723124150885269046e-04
1.859775802586227655e-04
1.339904516935348511e-01
1.124790869653224945e-04
5.267898668535053730e-04
1.002053171396255493e-02
4.173527285456657410e-02
2.010350872296839952e-04
6.388978799805045128e-04
2.012958827402044903e-10
4.722504876554012299e-03
3.087783157825469971e-01
1.249370484401879366e-06
1.569004598422907293e-05
4.500859063227835577e-07
4.825437827093992382e-10
5.773136422249081079e-07
1.304190233349800110e-02
5.970042820990784094e-06
6.032898090779781342e-03
1.417511725776421372e-06
3.280284628272056580e-02
1.400018576532602310e-03
6.715906262397766113e-01
9.745809620653744787e-06
6.635288596153259277e-01
1.131676807999610901e-01
2.060207771137356758e-03
2.501685544848442078e-02
5.428329131973441690e-06
1.369349658489227295e-01
1.626504285923147108e-06
6.872308944139149389e-08
2.516444510547444224e-06
1.615408062934875488e-02
4.199356480967253447e-04
1.416774239260121249e-06
4.250228641256015294e-13
9.107213020324707031e-01
1.215585871250368655e-04
3.037881688214838505e-04
8.224356133723631501e-05
3.822456579655408859e-03
6.990780234336853027e-01
3.031884087249636650e-03
7.089102268218994141e-01
7.253606781887356192e-07
6.981819751672446728e-05
1.066472101956605911e-02
7.498665581806562841e-06
2.252849377691745758e-02
7.372920513153076172e-01
1.803652383387088776e-02
7.248594425618648529e-03
5.185902118682861328e-01
2.124877646565437317e-04
4.296940137038518515e-09
1.016102582216262817e-01
2.005808055400848389e-04
2.009311914443969727e-01
1.107737328857183456e-02
5.077238311059772968e-04
3.220418691635131836e-01
3.675508196465671062e-05
4.190917313098907471e-01
1.302327063967823051e-06
4.449381828308105469e-01
1.894334852695465088e-01
6.867611315101385117e-03
2.839514763763872907e-06
8.413304574787616730e-03
6.039728522300720215e-01
7.727045392424969350e-11
5.457787892737542279e-07
3.838025349978124723e-06
1.042736101908303681e-07
3.141908337056520395e-06
8.087542578184576253e-16
1.547449268400669098e-03
2.105570047206128947e-07
1.863104254007339478e-01
1.976390961999641149e-08
1.280130632221698761e-02
4.458074644207954407e-02
6.163697689771652222e-02
7.109060007337575371e-09
5.116670727729797363e-01
7.813567644916474819e-04
4.737095878226682544e-05
1.215481199324131012e-03
1.258367348100364325e-07
3.215799097233684734e-06
3.053474724292755127e-01
6.329754000944376457e-07
1.343060843646526337e-02
1.443759799003601074e-01
9.274200350046157837e-02
1.823315506044309586e-05
8.829907471863407409e-08
1.101073902100324631e-02
3.821505932137370110e-03
5.761456210166215897e-03
6.894206308061257005e-07
1.516231447458267212e-01
1.096398103982210159e-03
3.873522952198982239e-02
1.117098413772055210e-08
5.568862979998812079e-05
4.180353879928588867e-01
1.729164272546768188e-03
2.830343146342784166e-04
5.535595417022705078e-01
5.398721098899841309e-01
3.133670247734698933e-07
3.232000017305836082e-05
2.578602731227874756e-01
1.400933251716196537e-03
3.973445200244896114e-05
4.629226168617606163e-05
4.747559130191802979e-02
1.651568561792373657e-01
4.596964936354197562e-05
1.867526397109031677e-02
7.005744873112007554e-09
1.461703795939683914e-03
1.256756298243999481e-02
1.182209234684705734e-02
5.403151953942142427e-05
1.889559673145413399e-03
1.130044236779212952e-01
2.886766754090785980e-02
1.225576922297477722e-01
2.963074147701263428e-01
2.022698899963870645e-04
7.342084310948848724e-03
1.030150568112730980e-03
7.469587726518511772e-04
1.824164204299449921e-02
5.128977420554292621e-08
1.533258675578963448e-08
8.240684983320534229e-04
5.902044940739870071e-04
4.162707924842834473e-01
3.673190349218202755e-06
4.405429121106863022e-03
1.858010563182688202e-07
9.305003331974148750e-04
1.439428069716086611e-05
2.444294805172830820e-04
9.602682664990425110e-03
3.579587340354919434e-01
6.465556472539901733e-02
6.575912982225418091e-02
3.498498912790637405e-08
4.414526629261672497e-04
8.914715010632789927e-08
5.817231794935651124e-05
4.541407397482544184e-04
5.584754325660412633e-10
2.413176218851731392e-07
1.456590602174401283e-03
1.736558824777603149e-01
4.219502806663513184e-01
8.819881081581115723e-02
1.587043888866901398e-02
2.320252545177936554e-02
3.996367740910500288e-05
1.506844460964202881e-01
5.264107603579759598e-03
2.160597033798694611e-02
6.406430602073669434e-01
6.103249156064194381e-11
3.972918093204498291e-01
2.877354025840759277e-01
1.821335591375827789e-02
3.330980491433876978e-10
1.119059324264526367e-01
2.296591119375079870e-04
9.262077808380126953e-01
1.069973222911357880e-02
1.752281934022903442e-01
5.090215206146240234e-01
5.936521887779235840e-01
1.802391670935321599e-05
2.995806862600147724e-04
7.538835052400827408e-04
2.943751215934753418e-02
1.168213114142417908e-01
5.400270456448197365e-04
2.100365236401557922e-06
6.660075655418040697e-07
3.473015486310515598e-10
2.116790528816636652e-05
3.259381458065035986e-07
7.958645001053810120e-04
1.343669742345809937e-02
3.664543032646179199e-01
1.361907809041440487e-03
7.533477314192182916e-12
2.180391224101185799e-03
8.575146198272705078e-01
4.344309563748538494e-04
4.529445469379425049e-01
3.286290680989623070e-03
6.725211739540100098e-01
6.072425842285156250e-02
2.560238863225094974e-05
3.518434762954711914e-01
1.492663386670756154e-06
6.743063330650329590e-01
5.509102344512939453e-01
1.361160771921277046e-03
1.082188672008044250e-09
3.393236082047224045e-03
8.764503149905067403e-07
8.244349807500839233e-02
2.194009907543659210e-02
1.377937495708465576e-01
5.098406691104173660e-03
1.146179874922381714e-05
3.076710179448127747e-02
1.038854243233799934e-04
1.232079921464901417e-05
1.182297477498650551e-03
1.204296108335256577e-02
5.814472709732287914e-13
9.779375046491622925e-03
6.352465931058759452e-08
6.932426095008850098e-01
1.111736744642257690e-01
9.991928236559033394e-04
6.708320579491555691e-04
2.454255474731326103e-03
4.544011744656017981e-07
1.092054545879364014e-01
1.266485429368913174e-03
4.775721430778503418e-01
6.074523661858677315e-10
2.250642137369140983e-05
4.874511796515434980e-04
6.927413633093237877e-04
5.332876443862915039e-01
1.156278273128918954e-08
8.400077000260353088e-03
3.766814768314361572e-01
3.060857579112052917e-02
2.060402557253837585e-02
3.343006595969200134e-02
2.590049552964046597e-05
5.714809522032737732e-02
1.539180375402793288e-04
2.345372607237550255e-08
3.428298711583011027e-08
6.602449715137481689e-02
2.028052229434251785e-03
4.983115196228027344e-01
2.816495299339294434e-02
9.024293103720992804e-05
9.439138812012970448e-04
1.627372205257415771e-02
2.209056947322096676e-05
6.662902235984802246e-01
3.487377941979730167e-09
5.461705103516578674e-02
3.366225659847259521e-01
4.718520641326904297e-01
1.114444923587143421e-03
5.064628086984157562e-03
6.183540821075439453e-01
2.929523589045857079e-06
9.768649033503606915e-05
3.864225447177886963e-01
9.780790423974394798e-04
4.266902338713407516e-03
3.312562406063079834e-02
4.482227033975050290e-09
6.051009404473006725e-04
1.753503602230921388e-04
1.509936410002410412e-04
2.753012347966432571e-03
3.672390812425874174e-05
1.384768486022949219e-01
9.224332869052886963e-03
4.490988430916331708e-06
2.816134656313806772e-05
6.886767745018005371e-01
3.114355802536010742e-01
5.885351095358259954e-10
1.880791242001578212e-04
1.512614289822522551e-06
1.780199236236512661e-04
9.583446383476257324e-02
3.940619990316918120e-07
6.131281703710556030e-02
4.258976578712463379e-01
9.767207302502356470e-06
9.958717972040176392e-03
8.356950432062149048e-02
2.545349161664489657e-06
1.055879153000205406e-07
2.073406428098678589e-02
2.207507640123367310e-01
8.290048241615295410e-01
1.051001891028136015e-04
3.442679764702916145e-03
2.625903859734535217e-02
7.257449626922607422e-02
2.253520747785842104e-08
3.385915756225585938e-01
4.058228805661201477e-02
3.682937240228056908e-03
5.061442584497477526e-12
3.408551681786775589e-03
3.284108638763427734e-01
5.237757228314876556e-03
2.375845298274725792e-09
7.387419464066624641e-05
9.162331843981519341e-05
7.550325393676757812e-01
4.153719146415824071e-06
2.705790102481842041e-01
4.822385031729936600e-03
3.502527475357055664e-01
3.303821438649379161e-09
3.314566356493742205e-06
1.720070576993748546e-04
8.194303518394008279e-06
2.577354734967229888e-06
1.115500926971435547e-03
1.760837949404958636e-05
6.410854458808898926e-01
7.857643999159336090e-03
7.330534979701042175e-03
6.879515051841735840e-01
1.247706105100832019e-11
3.969924058765172958e-03
1.811369205825030804e-03
9.639241761760786176e-05
8.909985353966476396e-07
8.849900914356112480e-04
5.306469798088073730e-01
1.126480400562286377e-01
2.729919180274009705e-02
1.813404082895431202e-06
2.722179633565247059e-04
3.169646234368883597e-08
5.655074346577748656e-05
2.042507082223892212e-01
6.177156564035612973e-08
6.755515336990356445e-01
1.626545377075672150e-02
2.482911804690957069e-05
1.689349574007792398e-06
1.570133608765900135e-03
7.792708873748779297e-01
2.677191514521837234e-04
7.209647492345538922e-07
6.840644478797912598e-01
8.806366240605711937e-04
6.764070130884647369e-03
9.146613138000248000e-07
3.260306417942047119e-01
4.215385764837265015e-03
4.601976834237575531e-03
1.322488933801651001e-01
4.183476418256759644e-02
1.364339550491422415e-05
6.202577352523803711e-01
3.836554884910583496e-01
1.731859629217069596e-05
9.041112661361694336e-01
7.379930466413497925e-02
7.603003084659576416e-02
3.223091480322182178e-04
3.758927807211875916e-02
8.995930105447769165e-02
1.569686602920228324e-10
3.218656778335571289e-01
2.597686543595045805e-04
9.896821211441420019e-06
4.315195312187825039e-09
2.868528383714874508e-07
5.536471009254455566e-01
2.025281901296693832e-06
1.688754558563232422e-02
2.771848130578291602e-06
1.895758396130986512e-05
5.263752862811088562e-02
1.395678729750216007e-03
3.483518660068511963e-01
2.079564612358808517e-03
1.410869602113962173e-02
5.358114140108227730e-04
6.509423255920410156e-01
1.876839250326156616e-01
3.617723414208739996e-04
1.332396148967518457e-08
6.545024371007457376e-05
9.806339221540838480e-06
5.943440832197666168e-03
7.243918371386826038e-04
9.645852260291576385e-04
3.850134015083312988e-01
5.478124618530273438e-01
5.179126281291246414e-03
2.401225440706866721e-09
4.287408330583275529e-07
6.859645843505859375e-01
7.264441137522226200e-07
3.875713082379661500e-05
7.810858637094497681e-02
3.115425109863281250e-01
7.064999341964721680e-01
4.962364910170435905e-04
7.444403320550918579e-02
9.531084448099136353e-02
9.413729458174202591e-07
1.497259072493761778e-04
4.567403266264591366e-06
2.705045517359394580e-06
7.423335337080061436e-04
2.185949483646254521e-07
1.899976609820441809e-06
1.286387742993611027e-07
4.214596934616565704e-03
1.071168780326843262e+00
3.653885796666145325e-03
7.069851335472776555e-07
4.127833562961313874e-06
3.724276393768377602e-05
9.442341513931751251e-03
4.002071619033813477e-01
7.128607481718063354e-02
2.594114084786269814e-05
2.337499260902404785e-01
8.151971851475536823e-04
2.984313108026981354e-02
2.109134802594780922e-03
1.042653918266296387e+00
1.417282074689865112e-01
1.929593418026342988e-04
1.907752752304077148e-01
8.729244574629067138e-15
1.873062849044799805e-01
4.210795760154724121e-01
7.593045302201062441e-05
4.568454809486865997e-03
2.616962092361063696e-06
6.466944341809721664e-06
3.539082536008208990e-04
1.682787797108176164e-06
5.776411890983581543e-01
3.343173204939375864e-08
2.351160859689116478e-03
1.257094055517882225e-07
4.986210167407989502e-01
4.283474991098046303e-04
2.685091203602496535e-06
9.422695438843220472e-05
3.251702757552266121e-03
1.044136661221273243e-05
4.894896745681762695e-01
2.985794246196746826e-01
3.554439404979348183e-03
3.917842730879783630e-02
2.704188786447048187e-02
9.416341781616210938e-03
3.579483234261715552e-07
2.509151236154139042e-04
6.658387929201126099e-02
1.790756732225418091e-02
3.296396462246775627e-04
1.127129197120666504e-01
1.727214833831258733e-13
1.761658058967441320e-04
4.966952110407873988e-05
1.115131191909313202e-02
7.605608087033033371e-03
4.279298540955239760e-13
9.189788252115249634e-03
1.313298125751316547e-03
3.500528293898241827e-07
1.425677037332206964e-04
1.147139118984341621e-04
4.282744157535489649e-06
4.352359894710389199e-07
2.591008524177595973e-06
2.991675166413187981e-03
1.265800392502569593e-06
3.018456697463989258e-01
2.650610213095205836e-06
3.488304791972041130e-03
6.993892043283267412e-07
5.242837071418762207e-01
5.844792723655700684e-01
1.820474863052368164e-02
1.308280944824218750e+00
8.115498530969489366e-06
3.691011806949973106e-05
2.917810678482055664e-01
1.519857905805110931e-04
1.849419204518198967e-03
1.886462718248367310e-01
6.604944169521331787e-02
5.578121999860741198e-06
4.050320130772888660e-04
3.625695171649567783e-06
3.097540698945522308e-03
4.335030913352966309e-03
4.209367334842681885e-01
3.980179317295551300e-04
7.329672371270135045e-05
9.140124893747270107e-05
1.084529458239558153e-06
3.728964030742645264e-01
8.322761859744787216e-04
7.035024651713683852e-08
2.510331571102142334e-02
9.453374332224484533e-07
7.569500710815191269e-03
1.744166061579122129e-10
2.738836919888854027e-04
3.559921868145465851e-03
2.853770274668931961e-04
2.567013446252985887e-08
3.533682513268132652e-10
4.848147000302560627e-06
1.467653346480801702e-04
7.266535463623657876e-12
2.013570976622247599e-10
6.352762226015329361e-03
6.572812960570217911e-09
1.031565375342324842e-07
8.376544458066348398e-10
9.319602395407855511e-05
9.775465770189839532e-09
4.183961177517403485e-09
6.255651214814861305e-07
5.024410398846157477e-08
5.479329767688057018e-10
5.720901754102669656e-05
7.424476677897473564e-08
7.022494673728942871e-01
8.849362347973510623e-05
4.678423010773258284e-06
3.325519628560869023e-06
5.845233772561186925e-07
1.452228520065546036e-02
5.790454149246215820e-01
3.404853146093955729e-07
2.875585778383538127e-06
2.078798133879899979e-03
7.892845701462647412e-07
3.813514126704831142e-07
9.719407501052046428e-09
3.900870737538753019e-10
1.934727862362706219e-07
4.459572210180340335e-06
4.908806694459144637e-09
3.386454409337602556e-05
1.047897694661514834e-05
1.848543979576788843e-05
4.578463267534971237e-03
1.723124150885269046e-04
6.730729364790022373e-05
2.075390739264548756e-06
1.198725658468902111e-03
1.276767875424411613e-06
5.427631549537181854e-05
1.297771312636086805e-08
3.389897528904839419e-06
4.279385006078495479e-13
7.250843736983370036e-06
3.327525919303297997e-04
4.439645095999367186e-09
1.114973574876785278e-01
5.890383292239675939e-09
2.469882136210799217e-03
3.253162049077218398e-06
2.579790353775024414e-02
1.124396842300257049e-08
6.393006769940257072e-04
1.313107986788963899e-07
3.443788898493949091e-08
1.583053403919620905e-06
8.681682928113332309e-09
4.757621511816978455e-02
9.403332796864560805e-07
3.177582402713596821e-05
3.057640278711915016e-04
1.027944094289523491e-07
8.438920673370375880e-09
1.955840822631671472e-09
4.444345585996600789e-11
7.895299859228543937e-06
1.500391477726736866e-10
2.492887713015079498e-02
4.712819281849078834e-05
2.589981158962473273e-05
9.522186883259564638e-05
6.266189739108085632e-04
1.483964513770974492e-11
4.836098756641149521e-03
1.125444123317720369e-05
3.412749527420544382e-10
1.026626705424860120e-05
1.640775371924974024e-05
1.143514509749365970e-06
1.359189951699590893e-07
2.204904012614861131e-04
9.239930136573093478e-07
6.655668854591012540e-13
1.102067859193311961e-08
9.559455310670372796e-11
4.121639562981727067e-08
8.855764463078230619e-05
1.218292964040301740e-04
4.183071268926141784e-06
1.184322718472685665e-05
1.660511543377651833e-06
1.023594196885824203e-02
1.414312222891567217e-08
4.182033919164496183e-08
1.416198824877312745e-09
1.447021259082248434e-05
1.047118018959736219e-07
1.246010215254500508e-04
6.153560150323755806e-08
2.478209026879341081e-10
1.118847722803018030e-11
1.174779882262555475e-07
5.032748049416113645e-07
6.728336757078068331e-06
8.918220828491030261e-09
8.761367062106728554e-04
5.000741574306966086e-13
1.409825589507818222e-02
5.558735225349664688e-03
1.306501799263060093e-03
2.144196464826109150e-08
1.446684109396301210e-05
5.915711670523293719e-11
7.259309264817659368e-10
2.444294805172830820e-04
4.601406981237232685e-04
3.176054160576313734e-04
7.850088579175462655e-09
1.443860924155160319e-07
2.291915734531357884e-04
8.537501798855373636e-07
1.792305920389480889e-05
8.885540303538164153e-09
3.019604082510340959e-05
1.224802690558135509e-04
1.893896239835157758e-07
1.945298038208420621e-07
5.649862799828042625e-10
3.147444616047323507e-08
1.173657178878784180e-01
7.629584288224577904e-04
4.906631875201128423e-05
2.685035392642021179e-02
3.534743331368161989e-10
3.167053364450111985e-05
2.932148709078319371e-05
7.274941890500485897e-05
8.768141768200621300e-09
1.690668868832290173e-03
8.298108696180861443e-06
8.540311000615474768e-07
2.576921588115510531e-06
8.145295282702136319e-08
2.196112847130393675e-09
7.858746051788330078e-01
7.927793194539844990e-05
2.436071326883393340e-07
1.511096598960648407e-07
4.351228355403691239e-08
6.145211273178574629e-08
5.744718873756937683e-05
3.305635232209169772e-08
1.452332639928499702e-06
3.539082536008208990e-04
1.811793453043719637e-07
4.198523697596101556e-07
8.151971851475536823e-04
3.539452329277992249e-02
3.891208325512707233e-04
3.005823418789077550e-05
1.795144033422957364e-09
6.070872768759727478e-05
2.956090611405670643e-04
1.585832214914262295e-04
3.206435849278932437e-06
2.026883905159593269e-08
4.963139144820161164e-05
2.144669934978082892e-07
5.001893639564514160e-01
2.094883471727371216e-03
8.913402780308388174e-07
2.886857419781563294e-10
1.996110299273823330e-08
3.279735150130136390e-09
6.558990861549318652e-08
3.100100398611971286e-09
2.843050879164366052e-06
8.490174963071694947e-08
4.520125687122344971e-03
4.936192681270767935e-07
4.227684868851611100e-11
1.085923165082931519e-01
1.001400851130540559e-09
-0.000000000000000000e+00
-0.000000000000000000e+00
-0.000000000000000000e+00
-0.000000000000000000e+00
-0.000000000000000000e+00
-0.000000000000000000e+00
-0.000000000000000000e+00
-0.000000000000000000e+00
-0.000000000000000000e+00
-0.000000000000000000e+00
-0.000000000000000000e+00
-0.000000000000000000e+00
-0.000000000000000000e+00
-0.000000000000000000e+00
-0.000000000000000000e+00
-0.000000000000000000e+00
-0.000000000000000000e+00
-0.000000000000000000e+00
-0.000000000000000000e+00
-0.000000000000000000e+00
-0.000000000000000000e+00
-0.000000000000000000e+00
-0.000000000000000000e+00
-0.000000000000000000e+00
-0.000000000000000000e+00
-0.000000000000000000e+00
-0.000000000000000000e+00
-0.000000000000000000e+00
-0.000000000000000000e+00
-0.000000000000000000e+00
-0.000000000000000000e+00
-0.000000000000000000e+00
-0.000000000000000000e+00
-0.000000000000000000e+00
-0.000000000000000000e+00
-0.000000000000000000e+00
-0.000000000000000000e+00
-0.000000000000000000e+00
-0.000000000000000000e+00
-0.000000000000000000e+00
