3.647385835647583008e-01
7.248594760894775391e-01
6.416589766740798950e-02
9.321948885917663574e-01
3.804877698421478271e-01
1.840364038944244385e-01
7.525382041931152344e-01
5.314403399825096130e-02
7.010343670845031738e-02
8.085428476333618164e-01
3.366095246747136116e-03
4.021450295113027096e-04
8.679000735282897949e-01
5.907328724861145020e-01
7.777712941169738770e-01
7.382522821426391602e-01
2.441235631704330444e-02
7.495448589324951172e-01
6.837275810539722443e-03
6.995898485183715820e-01
1.489042490720748901e-01
7.240389585494995117e-01
6.982724666595458984e-01
1.157726254314184189e-02
2.937456071376800537e-01
6.664293259382247925e-02
2.004375867545604706e-02
1.111910343170166016e+00
2.441758522763848305e-03
1.337736472487449646e-02
8.525703451596200466e-04
6.975718773901462555e-03
6.404626369476318359e-01
6.546515971422195435e-02
1.131798997521400452e-01
8.687838315963745117e-01
8.078327775001525879e-01
1.530734705738723278e-03
1.425944617949426174e-03
9.168811440467834473e-01
1.399995326995849609e+00
3.302601575851440430e-01
7.906329818069934845e-03
1.684010624885559082e-01
4.303204715251922607e-01
7.061748504638671875e-01
6.874888539314270020e-01
2.291203737258911133e-01
6.482880711555480957e-01
6.306886672973632812e-01
6.020203828811645508e-01
2.025603875517845154e-02
1.947390846908092499e-03
1.132192254066467285e+00
1.886491924524307251e-01
1.359961867332458496e+00
6.874757818877696991e-03
8.108956535579636693e-05
1.139376997947692871e+00
1.277593612670898438e+00
1.256887316703796387e-01
7.468109726905822754e-01
8.613875508308410645e-01
1.831772923469543457e-01
3.496694266796112061e-01
6.242388859391212463e-03
1.116509921848773956e-02
5.780831575393676758e-01
5.200971290469169617e-02
2.802372574806213379e-01
6.945345401763916016e-01
8.707590103149414062e-01
3.844732940196990967e-01
5.359278321266174316e-01
3.331041429191827774e-03
6.123186647891998291e-02
7.092572450637817383e-01
1.473022438585758209e-02
6.838115453720092773e-01
8.053263425827026367e-01
7.933967113494873047e-01
8.945075869560241699e-01
5.296410322189331055e-01
1.109667494893074036e-02
1.322812318801879883e+00
5.089232921600341797e-01
3.237420916557312012e-01
1.007842063903808594e+00
9.468309879302978516e-01
9.166642092168331146e-03
2.980483137071132660e-02
7.990390658378601074e-01
6.436591148376464844e-01
4.794374399352818727e-05
2.811541035771369934e-02
7.097749970853328705e-03
6.189212799072265625e-01
1.396805979311466217e-03
3.577403957024216652e-03
4.564665853977203369e-01
8.823949843645095825e-02
5.616740584373474121e-01
6.844025850296020508e-01
2.230306155979633331e-02
5.594352483749389648e-01
1.683650016784667969e-01
9.194434096571058035e-05
5.478912498801946640e-04
8.572052717208862305e-01
3.946256339550018311e-01
1.577089428901672363e-01
8.563461303710937500e-01
7.075895071029663086e-01
1.146923154592514038e-01
2.900834381580352783e-01
2.394144982099533081e-02
5.972564220428466797e-01
7.180833816528320312e-01
9.838402271270751953e-01
4.346869513392448425e-02
1.273681074380874634e-01
6.106697320938110352e-01
1.102800369262695312e+00
5.946454405784606934e-01
4.585916548967361450e-02
2.490188330411911011e-01
1.162329792976379395e+00
5.978115950711071491e-04
6.918636560440063477e-01
9.610422700643539429e-02
8.456264436244964600e-02
1.367381572723388672e+00
4.448432028293609619e-01
9.629544019699096680e-01
6.172315683215856552e-03
3.628142178058624268e-02
2.224501073360443115e-01
9.327803850173950195e-01
6.562116146087646484e-01
2.450942248106002808e-02
1.114177227020263672e+00
4.907020330429077148e-01
2.439155876636505127e-01
7.354679703712463379e-01
7.515355944633483887e-02
1.146530732512474060e-01
3.167529939673841000e-04
9.481445699930191040e-02
5.340266972780227661e-02
1.084042310714721680e+00
5.484536290168762207e-02
8.613191545009613037e-02
2.358585298061370850e-01
2.897306680679321289e-01
7.981359362602233887e-01
6.689237488899379969e-05
1.070981845259666443e-01
1.019478321075439453e+00
6.852830648422241211e-01
7.355462876148521900e-04
9.116911888122558594e-01
1.529012661194428802e-04
5.376103520393371582e-02
6.396093964576721191e-01
5.232250094413757324e-01
9.030072093009948730e-01
9.007668122649192810e-03
6.001296043395996094e-01
2.943401224911212921e-03
2.456350177526473999e-01
1.920606493949890137e-01
1.624054461717605591e-02
6.779697537422180176e-01
2.179342118324711919e-04
8.989220485091209412e-03
5.889091491699218750e-01
1.579422503709793091e-02
9.539724588394165039e-01
3.114091753959655762e-01
4.510040283203125000e-01
3.408995568752288818e-01
3.107939846813678741e-04
1.132230401039123535e+00
3.244183361530303955e-01
7.929612994194030762e-01
4.027725383639335632e-02
8.125928640365600586e-01
7.402085065841674805e-01
1.014917254447937012e+00
3.482477273792028427e-03
4.372240044176578522e-03
1.014565825462341309e+00
1.182634267024695873e-03
3.320788145065307617e-01
7.341339439153671265e-02
4.736947640776634216e-02
6.714947223663330078e-01
2.353399246931076050e-01
5.515571236610412598e-01
7.267394661903381348e-01
1.829831162467598915e-04
1.019237995147705078e+00
9.622192978858947754e-01
8.752689361572265625e-01
6.555151939392089844e-02
6.948994398117065430e-01
1.343617867678403854e-02
1.048506140708923340e+00
4.981667697429656982e-01
1.203288231045007706e-02
6.770005226135253906e-01
3.196064829826354980e-01
3.938368987292051315e-03
1.124378442764282227e+00
2.825928032398223877e-01
1.674350537359714508e-02
2.017596364021301270e-01
9.979107379913330078e-01
9.961042404174804688e-01
4.344215989112854004e-02
7.715163519605994225e-04
2.256040228530764580e-03
5.390556454658508301e-01
7.313985228538513184e-01
1.871274113655090332e-01
7.248053550720214844e-01
8.014637976884841919e-02
5.443907976150512695e-01
1.049666643142700195e+00
5.478914976119995117e-01
8.819569349288940430e-01
3.423459082841873169e-02
3.366644978523254395e-01
1.238514423370361328e+00
1.912381965667009354e-03
7.701298594474792480e-02
1.343186013400554657e-03
8.927019834518432617e-01
2.987885090988129377e-04
7.775843143463134766e-01
9.455798864364624023e-01
5.170248914510011673e-03
6.650882959365844727e-01
1.207337230443954468e-01
1.104177474975585938e+00
2.395263407379388809e-03
6.211646199226379395e-01
2.423414885997772217e-01
8.826019167900085449e-01
1.297725558280944824e+00
3.064840137958526611e-01
2.538312785327434540e-02
2.040501087903976440e-01
6.950939297676086426e-01
2.844052910804748535e-01
5.159917101263999939e-02
-0.000000000000000000e+00
-0.000000000000000000e+00
-0.000000000000000000e+00
-0.000000000000000000e+00
-0.000000000000000000e+00
-0.000000000000000000e+00
-0.000000000000000000e+00
-0.000000000000000000e+00
-0.000000000000000000e+00
-0.000000000000000000e+00
-0.000000000000000000e+00
-0.000000000000000000e+00
-0.000000000000000000e+00
-0.000000000000000000e+00
-0.000000000000000000e+00
-0.000000000000000000e+00
-0.000000000000000000e+00
-0.000000000000000000e+00
-0.000000000000000000e+00
-0.000000000000000000e+00
