5.815026760101318359e-01
2.793668583035469055e-02
9.747382136993110180e-06
9.191051125526428223e-03
5.960528738796710968e-03
1.514260566182201728e-05
2.614594995975494385e-04
7.501779794692993164e-01
4.802583158016204834e-01
1.120083013006478723e-07
2.279949374496936798e-03
2.476775459945201874e-02
6.664470674877520651e-06
3.112432978014112450e-06
2.125323982909321785e-03
6.533802300691604614e-02
9.228785634040832520e-01
2.191863656044006348e-01
1.203948557376861572e-01
6.845022289780899882e-05
4.231061041355133057e-02
1.175986453890800476e-01
1.684768591076135635e-03
2.371393020439427346e-05
1.253250171430408955e-03
1.327986121177673340e-01
5.335791110992431641e-01
5.969670414924621582e-01
1.420804648660123348e-03
6.777189373970031738e-01
1.717297095638059545e-06
1.404840244134675231e-09
4.174718558788299561e-01
3.517730236053466797e-01
4.489238563110120595e-06
6.133441925048828125e-01
4.251483678817749023e-01
4.785673227161169052e-04
4.591663309838622808e-04
1.344018615782260895e-02
4.672783613204956055e-01
8.977403044700622559e-01
3.221875056624412537e-02
7.115061162039637566e-04
4.511841237545013428e-01
4.358992576599121094e-01
3.851738525554537773e-03
4.322195053100585938e-02
3.151114284992218018e-01
4.964956045150756836e-01
4.726114273071289062e-01
1.370034112824214390e-07
3.489656592137180269e-05
4.717751871794462204e-03
2.452216343954205513e-03
1.223954654960834887e-06
9.949938650777312432e-10
9.453140955884009600e-05
2.716642618179321289e-02
1.432536009815521538e-06
3.525692591210827231e-05
2.853306796168908477e-05
3.758698085221112706e-06
3.520065546035766602e-01
3.952001929283142090e-01
1.340559108164995905e-09
1.068777218461036682e-02
3.334945440292358398e-02
6.851222366094589233e-02
1.595227513462305069e-04
2.435388043522834778e-03
1.950157135725021362e-01
8.339958190917968750e-01
1.869373954832553864e-05
1.017879912978969514e-04
1.481175571680068970e-01
2.230943437098176219e-06
5.124713182449340820e-01
4.833434224128723145e-01
4.224742222724842122e-10
1.430608972441405058e-04
4.975256323814392090e-01
1.007493138313293457e-01
2.790180221199989319e-02
1.005832455120980740e-03
3.044748678803443909e-03
1.035446394234895706e-02
7.502664346247911453e-03
2.261342480778694153e-02
5.792487645521759987e-04
2.224017120897769928e-02
5.374231338500976562e-01
1.884175231680274010e-03
8.538913726806640625e-02
1.287155970931053162e-02
4.140112996101379395e-01
4.130134582519531250e-01
1.694848388433456421e-01
8.172507932613370940e-07
3.142811823636293411e-03
8.896290091797709465e-04
2.185126245021820068e-01
6.748621463775634766e-01
3.068507430725730956e-05
2.045326121151447296e-02
2.299166321754455566e-01
2.764921784400939941e-01
2.669984496606048197e-06
2.129678055644035339e-02
1.311357319355010986e-01
1.009111404418945312e+00
1.956673860549926758e-01
3.035700647160410881e-03
3.852358076983364299e-07
1.086625829339027405e-01
1.902560179587453604e-04
6.657190851910854690e-07
6.122994422912597656e-01
6.951701641082763672e-01
4.029738647659542039e-06
2.743994720333375881e-08
7.138158082962036133e-01
5.164120375411584973e-05
8.774776460995781235e-09
7.485614717006683350e-02
7.455604150891304016e-03
3.201734125614166260e-01
9.270261041820049286e-03
3.137062885798513889e-04
4.678030684590339661e-02
1.207999065518379211e-01
1.954048871994018555e-03
1.354299602098762989e-04
1.713450183160603046e-04
1.486284963903017342e-05
2.333831973373889923e-02
6.407535634934902191e-03
6.456778198480606079e-02
1.533438800834119320e-03
2.278614147144253366e-06
2.437340766191482544e-01
2.909637242555618286e-02
4.057315818499773741e-04
1.894794106483459473e-01
2.676080465316772461e-01
3.593988716602325439e-01
1.544668991118669510e-02
2.485683374106884003e-02
1.037610694766044617e-03
3.021942079067230225e-01
5.912352725863456726e-02
1.830647736787796021e-01
2.367921297263819724e-06
4.162720441818237305e-01
6.101004546508193016e-04
4.028945404570549726e-04
1.103401388036218123e-07
4.950790852308273315e-02
8.168357610702514648e-01
1.036762353032827377e-02
3.030453399333055131e-07
1.984493732452392578e-01
1.075569500130768574e-07
5.526775717735290527e-01
2.403166217845864594e-05
6.741530895233154297e-01
5.006404535379260778e-07
1.565456528851427720e-07
7.000094279646873474e-03
6.268683500820770860e-05
3.151876330375671387e-01
3.817143291234970093e-02
2.611409627206739970e-06
1.085491618141531944e-03
5.987802986055612564e-03
1.880242023617029190e-03
4.218331923766527325e-06
2.838493697345256805e-02
3.861471312120556831e-03
6.906956434249877930e-01
4.822170734405517578e-02
3.090643556788563728e-03
3.068060777877690271e-06
6.859581470489501953e-01
4.265968129038810730e-02
5.639347434043884277e-01
4.565292969346046448e-03
2.818704349920153618e-03
4.716523108072578907e-06
4.206064641475677490e-01
4.262763075530529022e-03
1.273514353670179844e-04
1.618626299659808865e-07
4.479915201663970947e-01
2.286011576652526855e-01
3.902598321437835693e-01
6.624903678894042969e-01
7.704481016844511032e-03
1.866158097982406616e-01
1.981333643198013306e-01
6.773156672716140747e-02
3.992318175733089447e-03
1.066892073140479624e-04
1.700170687399804592e-04
2.655774551385547966e-06
6.413779407739639282e-02
1.188493520021438599e-02
1.282814145088195801e-01
4.176392758381552994e-05
7.275737076997756958e-02
6.411297363229095936e-05
8.767602848820388317e-04
2.504044459783472121e-06
1.305817067623138428e-01
4.626498520374298096e-01
2.208012193441390991e-01
5.960259586572647095e-04
2.960566282272338867e-01
8.698642253875732422e-02
3.816637396812438965e-01
2.726280654314905405e-04
7.440815534209832549e-05
8.473929762840270996e-02
2.128727920353412628e-02
5.110329084345721640e-07
4.389887303113937378e-02
6.327301263809204102e-02
3.525156974792480469e-01
1.792804687283933163e-04
1.745370100252330303e-03
2.214881330728530884e-01
1.654205471277236938e-02
5.316528081893920898e-01
6.756447553634643555e-01
1.824219543777871877e-05
1.751882880926132202e-01
6.245387196540832520e-01
1.560818491270765662e-04
2.323101311922073364e-01
3.292520530521869659e-03
1.568183361086994410e-04
3.441909551620483398e-01
6.816691020503640175e-04
3.322654083603993058e-05
2.524356823414564133e-03
3.067861200634069974e-07
2.407469749450683594e-01
2.822163999080657959e-01
3.595467603645374766e-07
6.698700189590454102e-01
4.332454409450292587e-06
4.239682457409799099e-04
3.979233093559741974e-03
1.471119901452766499e-07
5.132970909471623600e-05
8.636727929115295410e-03
3.393517136573791504e-01
7.677260637283325195e-01
9.839380254561547190e-06
1.544402092695236206e-01
2.657716870307922363e-01
5.822528898715972900e-02
3.503786865621805191e-03
2.246035076677799225e-02
3.135722577571868896e-01
1.263285726308822632e-01
2.274036407470703125e-02
1.185037835966795683e-04
3.350028395652770996e-02
5.963040590286254883e-01
6.906419457664014772e-06
6.933748722076416016e-01
4.251406353432685137e-04
1.626023352146148682e-01
2.283796435222029686e-03
8.495378278894349933e-05
3.943703137338161469e-03
8.548096957383677363e-05
1.154949516057968140e-02
3.223767280578613281e-01
1.907710358500480652e-02
6.389964371919631958e-03
2.218997776508331299e-01
3.139744699001312256e-01
1.093228547688340768e-05
4.202346026431769133e-04
4.418177604675292969e-01
5.564750722442113329e-07
1.280556316487491131e-04
6.815689802169799805e-01
1.903863085317425430e-05
1.750859767198562622e-01
6.897396445274353027e-01
4.858167449128814042e-05
5.015968440602591727e-07
8.864185474521946162e-06
6.222774391062557697e-05
4.312752280384302139e-03
7.464057300239801407e-03
6.356361154757905751e-06
1.151965744793415070e-02
1.427986845374107361e-02
2.505797194316983223e-03
1.926535624079406261e-03
1.658463031053543091e-01
5.107063334435224533e-03
6.917485594749450684e-01
1.681661842667381279e-06
4.566575586795806885e-02
1.732844412326812744e-01
9.312521666288375854e-02
3.617680922616273165e-04
3.108950477326288819e-05
1.045822538435459137e-02
1.973634772002696991e-02
1.730716088786721230e-03
9.700077043817145750e-07
3.753407625481486320e-03
1.146236732602119446e-01
2.574712503701448441e-03
5.157599691301584244e-03
2.870318666100502014e-02
5.473060999065637589e-03
4.413747944909118814e-07
1.532693568151444197e-04
1.338128000497817993e-01
3.409138321876525879e-01
3.666680753231048584e-01
1.475973520427942276e-03
1.797975710360333323e-04
2.287868037819862366e-02
4.901437122839524818e-08
6.144716739654541016e-01
1.963914139196276665e-03
6.842879652976989746e-01
1.466170360799878836e-04
2.206578850746154785e-02
2.348693087697029114e-02
7.293737493455410004e-03
1.949288547039031982e-01
3.312440812587738037e-01
2.357465564273297787e-05
8.853273902786895633e-05
2.795772626996040344e-03
7.321334123844280839e-05
1.535469442605972290e-01
1.551579535007476807e-01
8.930841088294982910e-02
6.230081319808959961e-01
3.329530227347277105e-05
1.802509132176055573e-06
6.428687572479248047e-01
1.713224947452545166e-01
7.149949669837951660e-03
1.332381543761584908e-06
1.306447549723088741e-03
2.562492787837982178e-01
4.730119835585355759e-04
6.655699014663696289e-01
1.389187644917910802e-07
5.950896739959716797e-01
6.499618291854858398e-02
3.869725763797760010e-02
2.200798392295837402e-01
6.909689903259277344e-01
9.393837302923202515e-02
1.464099274016916752e-03
4.428491592989303172e-05
5.374231338500976562e-01
7.084835942805511877e-06
2.638044243212789297e-04
5.696538090705871582e-02
5.483898520469665527e-01
3.071443643420934677e-04
1.010933658108115196e-03
2.530596591532230377e-02
1.183871972898487002e-06
2.579868026077747345e-02
1.202208077302202582e-04
2.541657686233520508e-01
7.421664427965879440e-03
1.213387493044137955e-02
5.592132452875375748e-03
1.169655224657617509e-04
6.978378951316699386e-05
3.619941999204456806e-04
1.728556156158447266e-01
2.266105866510770284e-06
5.864789485931396484e-01
4.018518957309424877e-04
4.064803123474121094e-01
2.420125994831323624e-03
3.080223202705383301e-01
7.727504968643188477e-01
2.410827073617838323e-05
5.157599691301584244e-03
1.055566966533660889e-02
1.203554984385846183e-05
1.092643131528348022e-08
1.545813432812792598e-07
6.115121245384216309e-01
3.246538341045379639e-01
2.732385136187076569e-02
4.271215948392637074e-05
9.771718643605709076e-03
6.751079559326171875e-01
5.588260246440768242e-04
1.074674539268016815e-03
5.835123062133789062e-01
2.356662042438983917e-02
6.617965698242187500e-01
4.569175653159618378e-03
1.816737651824951172e-01
1.536488707643002272e-05
3.838091157376766205e-03
1.118929777294397354e-02
1.823197862904635258e-06
4.427321627736091614e-02
8.693556301295757294e-04
6.158202886581420898e-02
2.888054586946964264e-05
4.037906415760517120e-03
4.333910346031188965e-01
3.196002040795065113e-08
5.218018218874931335e-02
3.525692591210827231e-05
1.017954609494609031e-08
2.431981738482136279e-05
4.055070235153834801e-08
3.852358076983364299e-07
1.296796341421213583e-07
1.874002367258071899e-01
9.055340290069580078e-01
6.664470674877520651e-06
1.641841372475028038e-03
3.517730236053466797e-01
7.293737493455410004e-03
2.961069256457449228e-08
1.789027750492095947e-01
4.994420707225799561e-02
1.101503312384011224e-05
2.020110376179218292e-02
1.234475895762443542e-02
4.770382947754114866e-04
1.078265559044666588e-04
1.247609406709671021e-01
5.886775397812016308e-05
8.782478744251420721e-07
4.077921435236930847e-02
3.875747695565223694e-02
4.841926097869873047e-01
1.021807179313327651e-06
2.784350654110312462e-04
5.006218270864337683e-05
1.261262744665145874e-01
2.036303281784057617e-01
1.105494145303964615e-02
1.803436428308486938e-01
8.865267038345336914e-03
5.309343338012695312e-01
1.481175571680068970e-01
6.905855536460876465e-01
9.597441554069519043e-02
2.314761653542518616e-02
4.876415005128365010e-07
5.020841956138610840e-03
4.999363422393798828e-02
3.735376056283712387e-03
1.755671016871929169e-02
1.672621220350265503e-01
8.350702524185180664e-01
5.801029205322265625e-01
3.638026118278503418e-02
6.949353218078613281e-02
3.094642888754606247e-04
1.475461870431900024e-01
8.280577138066291809e-03
5.208518359722802415e-06
3.865053653717041016e-01
3.478677477687597275e-03
1.305575817823410034e-01
2.431784218437371692e-10
5.194429832044988871e-05
3.061522031202912331e-03
6.450722217559814453e-01
1.640280243009328842e-04
4.630655646324157715e-01
6.176138762384653091e-03
4.090026915073394775e-01
1.422120034694671631e-01
3.490754403173923492e-03
7.060231175273656845e-03
7.441836036292670542e-09
4.385666670714272186e-06
5.768632505009918532e-08
2.128671212631161325e-06
4.724799873656593263e-05
5.999315381050109863e-01
1.315089703801675114e-09
5.679502501152455807e-04
1.814517378807067871e-01
3.624215196396107785e-06
1.576857455074787140e-02
9.597003459930419922e-02
4.793539847014471889e-05
7.839566469192504883e-02
1.404910676683357451e-06
2.111111953854560852e-02
9.463062509894371033e-03
6.389964371919631958e-03
2.681983460206538439e-05
1.476551406085491180e-02
2.117043768521398306e-04
3.509737849235534668e-01
6.395748853683471680e-01
5.218106135725975037e-02
1.026031211949884892e-03
2.204000717028975487e-03
2.171010151505470276e-02
1.885274514279444702e-07
6.889881491661071777e-01
1.561779156327247620e-02
2.406115410849452019e-03
2.002203017473220825e-01
3.021753400389570743e-06
6.189340492710471153e-04
5.155782855581492186e-05
2.652700641192495823e-04
4.472004366107285023e-05
1.423272897227434441e-05
6.533802300691604614e-02
9.034700924530625343e-04
6.839146371930837631e-03
9.028337899508187547e-08
1.990654127439484000e-04
2.818704349920153618e-03
7.849423214793205261e-03
2.012232880321818129e-10
3.110636770725250244e-01
4.709590971469879150e-01
1.735683781589614227e-06
9.192053403239697218e-05
4.439867567270994186e-03
6.834300756454467773e-01
7.832895219326019287e-02
5.733966827392578125e-04
3.365124575793743134e-05
8.912697434425354004e-02
1.263223239220678806e-03
6.069735288619995117e-01
6.512172520160675049e-02
8.889664604794234037e-05
3.952001929283142090e-01
6.735112401656806469e-05
2.079783007502555847e-04
5.087018507765606046e-06
1.293408136149309939e-08
7.171281613409519196e-04
9.753702906891703606e-04
8.767602848820388317e-04
2.654404044151306152e-01
2.870318666100502014e-02
5.070121493190526962e-03
1.611921191215515137e-01
1.804061047732830048e-02
2.651612740010023117e-03
1.424134010449051857e-03
6.818480491638183594e-01
4.290256276726722717e-02
2.476775459945201874e-02
9.167775982810155710e-10
2.170851267874240875e-02
1.325334236025810242e-02
1.766544244219403481e-09
5.848939326824620366e-05
4.491722676903009415e-03
4.716523108072578907e-06
9.906563162803649902e-02
4.772378131747245789e-02
8.397732017328962684e-06
3.651424718142948223e-10
7.141202222555875778e-03
1.064747929573059082e+00
1.390269608236849308e-04
2.701493501663208008e-01
4.833434224128723145e-01
1.045822538435459137e-02
7.773882746696472168e-01
1.052259577249969880e-07
3.711917670443654060e-03
5.697341402992606163e-04
3.347572172060608864e-03
1.626023352146148682e-01
8.598343119956552982e-04
6.921283006668090820e-01
9.623168040207019658e-08
2.706676059460733086e-05
9.240406798198819160e-04
9.152749407803639770e-05
8.064525723457336426e-01
1.954282779479399323e-04
8.943281718529760838e-04
6.122965812683105469e-01
6.973400712013244629e-02
1.027739053824916482e-04
3.075099582524470909e-13
9.985563345253467560e-03
3.707439899444580078e-01
7.198079838417470455e-04
9.845970869064331055e-01
2.680719444470014423e-05
3.068060777877690271e-06
6.845476627349853516e-01
2.636782880927057704e-07
4.883314669132232666e-01
2.665489017963409424e-01
1.661455144130741246e-06
1.216831267811357975e-03
7.679387331008911133e-01
2.381763979792594910e-02
7.637244183570146561e-03
3.334261942654848099e-03
3.949636518955230713e-01
3.585783392190933228e-02
6.281188875436782837e-02
1.524368533864617348e-03
3.102105855941772461e-01
5.548120737075805664e-01
9.357710368931293488e-04
4.688133671879768372e-02
2.550257195252925158e-04
2.365344166755676270e-01
9.266465157270431519e-02
2.590123622212558985e-04
5.010108929127454758e-03
7.220471161417663097e-04
6.523330739582888782e-06
1.478241290897130966e-02
5.398119091987609863e-01
4.949321150779724121e-01
3.893789276480674744e-02
5.908564329147338867e-01
2.512638275220524520e-07
5.112833241582848132e-05
2.112777474394533783e-05
1.694323436822742224e-04
3.818869125097990036e-03
2.547526955604553223e-01
1.601504860445857048e-03
1.106963753700256348e+00
2.853021025657653809e-02
2.220073901116847992e-02
1.846592873334884644e-02
5.676304499502293766e-05
4.608914707660005661e-07
1.074513886123895645e-03
1.838444951829387719e-09
1.018005758523941040e-01
3.995731472969055176e-02
1.760297417640686035e-01
1.227838453132790164e-07
1.009989023208618164e+00
3.842765931040048599e-03
3.791298270225524902e-01
4.026676341891288757e-02
6.414641141891479492e-01
7.109324634075164795e-02
1.809002310037612915e-01
3.670571446418762207e-01
7.641296833753585815e-02
1.714098304510116577e-01
4.788384139537811279e-01
4.622058042969001690e-07
3.017981100583710941e-07
7.876592129468917847e-02
8.480710675939917564e-04
4.057094082236289978e-02
3.095327992923557758e-04
1.463520713150501251e-02
8.163679391145706177e-02
3.929167687892913818e-01
1.339272595942020416e-03
3.255172669887542725e-01
1.587140001356601715e-02
5.152853727340698242e-01
1.403141709488409106e-07
1.721764206886291504e-01
7.028644438832998276e-03
3.144687414169311523e-02
1.081291120499372482e-02
1.169122551800683141e-04
4.207795427646487951e-06
8.487578481435775757e-02
2.043465822935104370e-01
9.798978567123413086e-01
9.234724566340446472e-04
3.401973247528076172e-01
6.375502721311931964e-07
6.134900104370899498e-06
2.774207387119531631e-03
4.089513936378352810e-07
7.297329602806712501e-07
6.158202886581420898e-02
6.698617653455585241e-05
1.319861439696978778e-06
7.902869023382663727e-03
1.100255831261165440e-04
5.131451871420722455e-06
9.065967798233032227e-02
4.115197956562042236e-01
4.795335233211517334e-01
3.825100660324096680e-01
6.105070497142150998e-06
1.337874084711074829e-01
2.193997651338577271e-01
7.874662987887859344e-04
4.008906253147870302e-04
3.631110594142228365e-04
3.163490444421768188e-02
1.395986415445804596e-02
5.810127258300781250e-01
3.181160427629947662e-04
8.046108484268188477e-01
1.529135089367628098e-02
3.224338870495557785e-04
7.363916933536529541e-02
6.958504207432270050e-03
4.700915887951850891e-03
1.847178488969802856e-01
1.131579652428627014e-02
6.949353218078613281e-02
5.079136788845062256e-02
1.601681113243103027e-01
5.496566891670227051e-01
3.722157316587981768e-06
6.868337392807006836e-01
1.897099912166595459e-01
4.421291649341583252e-01
7.286902400664985180e-04
1.071308106184005737e-01
4.494032691582106054e-05
5.721266916225431487e-06
1.547381398268043995e-04
7.818482699804008007e-04
1.907526887953281403e-02
4.101327154785394669e-03
2.910983860492706299e-01
1.701297236422760761e-08
2.861013170331716537e-03
1.918211579322814941e-03
6.096093654632568359e-01
6.054733239579945803e-05
2.947282791137695312e-01
8.326220512390136719e-01
6.417934894561767578e-01
4.534985423088073730e-01
1.876936256885528564e-01
1.515326201915740967e-01
5.614923238754272461e-01
5.396040081977844238e-01
2.170851267874240875e-02
8.745894592721015215e-05
3.946689516305923462e-02
1.999879896175116301e-05
4.519984424114227295e-01
2.525932621210813522e-03
3.749364912509918213e-01
4.340636294841715426e-08
7.308814019779674709e-06
2.814980447292327881e-01
8.082131147384643555e-01
1.873198198154568672e-04
5.647175130434334278e-04
3.672369197010993958e-02
1.286568958312273026e-02
3.278422951698303223e-01
1.391486357897520065e-02
8.598343119956552982e-04
1.853479258716106415e-02
3.549930080771446228e-02
1.122841058531776071e-05
6.145335435867309570e-01
2.810694923027767800e-06
2.043345123529434204e-01
4.460409581661224365e-01
1.464618593454360962e-01
9.861355274915695190e-02
8.013236522674560547e-01
3.970488251070491970e-06
3.931308583560166880e-06
7.650808584003243595e-06
1.701968285487964749e-04
6.192132830619812012e-01
4.792417865246534348e-03
3.872328670695424080e-04
5.113623142242431641e-01
1.630992293357849121e-01
4.075169563293457031e-04
3.783875145018100739e-03
4.977188706398010254e-01
6.052696332335472107e-02
4.549904540181159973e-02
3.132356405258178711e-01
3.871314227581024170e-01
5.678965826518833637e-04
8.664795814183889888e-07
2.248592302203178406e-02
1.505951559011009522e-07
8.958194404840469360e-02
7.850448042154312134e-02
2.129317633807659149e-02
1.791527122259140015e-02
1.812858693301677704e-02
8.996521234512329102e-01
3.239963261876255274e-04
1.247561052441596985e-01
2.430082065984606743e-03
4.038947522640228271e-01
2.968699845951050520e-06
5.593889392912387848e-03
1.867498795036226511e-04
4.187493324279785156e-01
1.531997919082641602e-01
6.011896729469299316e-01
6.906651258468627930e-01
2.110182074829936028e-03
4.018518957309424877e-04
6.578009724617004395e-01
7.412145733833312988e-01
2.422505524009466171e-03
7.115117907524108887e-01
3.989577889442443848e-01
8.354986459016799927e-02
8.655296564102172852e-01
2.755805552005767822e-01
4.320046864449977875e-04
2.366440137848258018e-03
1.200864017009735107e-01
7.836025953292846680e-02
7.956258952617645264e-03
1.711878925561904907e-02
1.418933607055805624e-05
3.208541572093963623e-01
1.118929777294397354e-02
8.543512783944606781e-03
5.113046765327453613e-01
5.860321521759033203e-01
1.444879472255706787e-01
1.103308051824569702e-01
3.035006811842322350e-04
7.604607939720153809e-02
2.095627337694168091e-01
6.333805155009031296e-03
2.036303281784057617e-01
4.281308650970458984e-01
1.149236341007053852e-03
9.217441082000732422e-02
1.407854259014129639e-03
2.390138615737669170e-05
8.226267099380493164e-01
2.713251709938049316e-01
2.899191713368054479e-06
8.789921594143379480e-06
6.441420316696166992e-01
2.874625287950038910e-02
2.201530151069164276e-02
1.624524302314966917e-04
1.169010996818542480e-01
9.261732921004295349e-03
8.852291852235794067e-02
1.604120479896664619e-03
5.728050470352172852e-01
6.120764613151550293e-01
1.923307403922080994e-02
9.407975524663925171e-02
1.255766837857663631e-03
2.115949802100658417e-02
6.952577233314514160e-01
1.075436174869537354e-01
1.228887005709111691e-03
6.799001857871189713e-05
1.649914658628404140e-03
1.450527575798332691e-03
2.865351973468932556e-07
3.457045881077647209e-03
1.243177917785942554e-03
4.099233774468302727e-05
1.118560787290334702e-03
2.072256465908139944e-04
4.722196608781814575e-02
1.017144313664175570e-04
4.751382221002131701e-04
7.729361206293106079e-02
1.161440927535295486e-02
1.512263843324035406e-04
4.447630805315405667e-11
1.816737651824951172e-01
1.013184189796447754e+00
1.763724576449021697e-04
1.136854961514472961e-01
5.417405366897583008e-01
7.324054092168807983e-02
1.468067765235900879e-01
4.197059199213981628e-02
5.780047104053664953e-06
1.783302277326583862e-01
3.126474469900131226e-02
4.252865444868803024e-03
5.958360806107521057e-02
2.201198786497116089e-01
2.660023048520088196e-03
7.220471161417663097e-04
7.769350195303559303e-04
6.244239807128906250e-01
7.414330244064331055e-01
5.731563642621040344e-02
2.022255212068557739e-03
5.275134369730949402e-02
5.301598459482192993e-02
2.780322218313813210e-03
7.527203415520489216e-04
9.671375155448913574e-02
1.041110837832093239e-03
5.296935560181736946e-04
7.710616588592529297e-01
6.903864741325378418e-01
1.595516368979588151e-05
2.593817114830017090e-01
1.121342756960075349e-05
3.267108240834204480e-06
8.289173933917481918e-07
2.633941173553466797e-01
1.095914933830499649e-02
6.837562918663024902e-01
5.718426704406738281e-01
2.025128901004791260e-01
1.255157520063221455e-03
8.731490197533275932e-06
8.960158993431832641e-06
7.600075332447886467e-04
4.940571486949920654e-01
1.097483327612280846e-04
1.338228001259267330e-03
4.825055003166198730e-01
2.230574190616607666e-01
4.130346477031707764e-01
2.538921544328331947e-03
9.210518747568130493e-02
1.235282048583030701e-01
3.063436411321163177e-02
1.636081039905548096e-01
1.394661831000121310e-05
1.005471125245094299e-02
6.629662513732910156e-01
2.459418028593063354e-02
2.754978537559509277e-01
5.226444918662309647e-03
2.047364541795104742e-04
1.176032071725785499e-08
2.665489017963409424e-01
5.112833241582848132e-05
2.839227439835667610e-03
1.858914494514465332e-01
9.569611574988812208e-05
2.227376773953437805e-02
9.058701395988464355e-01
1.138088256120681763e-01
3.475919067859649658e-01
2.229263186454772949e-01
4.769285619258880615e-01
1.634650980122387409e-04
1.589636434800922871e-03
1.544874180581246037e-06
1.784655469236895442e-04
6.460796594619750977e-01
2.212187275290489197e-03
2.861053690139669925e-05
5.066221356391906738e-01
1.585711538791656494e-01
6.740606477251276374e-05
8.109530608635395765e-05
7.843131572008132935e-02
9.674308785179164261e-07
2.997391112148761749e-02
4.310585558414459229e-02
9.364247489429544657e-06
1.389187644917910802e-07
3.843208774924278259e-02
4.513096511363983154e-01
5.868275761604309082e-01
2.475634068250656128e-01
2.594647958176210523e-05
9.378537535667419434e-02
7.599870878038927913e-05
3.248412907123565674e-01
6.810526251792907715e-01
1.009954023174941540e-03
5.108992457389831543e-01
3.340252987982239574e-06
8.347038179636001587e-02
4.907831316813826561e-05
1.521750959909695666e-06
1.725498004816472530e-04
8.300055051222443581e-04
2.490679908078163862e-04
7.941045623738318682e-05
4.013095516711473465e-03
2.052324078977108002e-02
3.321063104522181675e-06
1.539015283924527466e-05
6.933376193046569824e-01
5.480564595927717164e-06
7.297988981008529663e-02
3.233291581273078918e-02
1.084117591381072998e-02
2.555117243900895119e-04
5.049862666055560112e-04
2.914101071655750275e-02
6.255707703530788422e-03
6.659653782844543457e-01
5.503618467628257349e-07
1.500896294601261616e-03
1.379320747219026089e-04
2.210234961239621043e-04
6.894236803054809570e-01
3.838420808315277100e-01
1.514003127813339233e-01
3.084801696240901947e-02
6.640732288360595703e-01
6.031689047813415527e-02
2.356662042438983917e-02
3.068266510963439941e-01
7.938914350233972073e-04
8.943281718529760838e-04
3.678139299154281616e-03
3.611070133047178388e-05
3.013971447944641113e-01
7.529486902058124542e-03
3.116233740001916885e-03
1.771808601915836334e-04
4.791981726884841919e-02
4.617607686668634415e-03
1.873616427183151245e-01
6.355233192443847656e-01
2.028552582487463951e-03
5.584549307823181152e-01
9.970091196009889245e-05
6.876356601715087891e-01
2.160449773073196411e-01
6.986889839172363281e-01
4.260172247886657715e-01
1.367386576021090150e-04
5.568739771842956543e-02
4.524938017129898071e-02
5.734035745263099670e-03
8.704115636646747589e-03
2.610431611537933350e-01
8.017267100512981415e-03
1.958722770214080811e-01
3.958556428551673889e-02
1.261912733316421509e-01
3.510651731630787253e-05
1.701488043181598186e-03
1.746475696563720703e-03
1.271353513002395630e-01
1.204368800244992599e-07
3.777924925088882446e-02
3.134161261186818592e-06
1.865973472595214844e-01
1.888316869735717773e-02
1.624469161033630371e-01
1.039786962792277336e-03
4.240750859025865793e-04
3.047631480512791313e-06
3.382281400263309479e-03
3.736885031685233116e-03
2.107961028814315796e-01
5.848939326824620366e-05
3.855037448374787346e-06
7.904654353296791669e-08
3.196576982736587524e-02
5.223933499109989498e-07
5.866152563704929435e-10
1.863600853496683030e-12
1.660296622407742007e-10
3.899944829299784033e-07
3.758698085221112706e-06
3.574434667825698853e-02
6.451396274836929123e-12
6.922622105776099488e-06
2.114403656605645665e-07
6.337458034977316856e-05
4.358083824627101421e-04
7.364153020716912579e-07
4.337298875611850235e-08
5.304701971908798441e-06
5.035165486333426088e-06
1.810029707849025726e-02
2.519557451563514405e-09
4.185366275777369083e-09
1.230531930923461914e-02
3.775304264763690298e-07
5.636238711304031312e-06
1.304712671235108701e-09
1.128127905758447014e-06
1.973526764231792185e-07
3.180247731826568725e-10
6.404501618817448616e-06
5.878209049114957452e-05
4.601989969654773915e-11
4.355377051979303360e-03
1.453333993595151696e-06
6.355792265821946785e-06
1.097201369702816010e-03
4.276994036711556646e-10
9.921218360742223297e-12
8.648446964798495173e-05
1.831978977406834019e-07
1.933941966854035854e-04
9.964348790525434651e-12
4.895372640589812363e-08
3.350108454469591379e-05
5.997433618176728487e-06
3.682723830750189720e-12
3.955474767280975357e-06
3.799680015070805439e-11
2.112237353912860272e-07
2.452248963891179301e-06
1.168501384540832078e-07
7.064112850230230833e-09
2.571733784861862659e-05
7.374482180466657155e-08
1.288092676077212673e-06
1.317719183862209320e-02
4.700878889707382768e-06
4.268070161342620850e-01
1.193765085190534592e-02
7.977304505857318873e-08
2.453376539051532745e-03
1.848322995101625565e-06
7.181120622590242419e-07
1.364614490739768371e-06
1.570729546074289829e-05
3.323280679978779517e-06
9.994952051783911884e-06
1.555122062563896179e-02
3.130056658307012185e-09
1.232054245292601991e-07
2.042815108694792658e-13
4.479976212223846233e-08
1.720872444543886104e-09
3.280654823356599081e-07
2.528138254298539778e-10
1.720741465760511346e-06
3.447957030999759809e-09
3.288824882474727929e-05
1.637093377526710469e-10
1.497769408160820603e-04
1.717843289839038334e-08
3.442018805394075898e-13
1.715355813503265381e-01
1.972656704651853943e-08
3.924731537699699402e-02
1.739927029120735824e-07
1.813368180592078716e-05
1.522965496405959129e-03
3.518147440040308993e-10
8.407623113271256443e-07
4.540979858802529634e-08
1.175167199107818305e-05
6.233124732971191406e-01
5.100977432448416948e-05
1.489628106355667114e-03
2.838558543771796394e-07
1.027097851213909507e-10
1.669598237441505262e-09
2.872211325666285120e-06
2.030927509499846906e-11
2.234866336436880374e-08
2.852000534403487109e-06
2.396667184711986920e-07
3.163256451443885453e-06
5.159913385455183743e-08
3.723941626958549023e-04
1.392623172336016069e-08
1.824588440405006118e-12
1.483163885040994501e-07
1.439149218640523031e-05
2.438614843413233757e-03
2.667916443321871611e-10
2.022293359041213989e-01
2.299208740064173639e-11
1.606672257184982300e-02
3.405224333619116805e-07
8.284042110062728170e-07
9.220302388257550774e-08
1.618626299659808865e-07
7.123187266812672225e-14
1.530077657662332058e-03
1.326734345639124513e-04
9.006719259296858127e-10
7.813560659997165203e-04
5.673980116844177246e-01
5.700854371903929518e-11
1.796940637177613098e-06
3.578738194676134299e-09
5.624488694593310356e-04
4.970820737071335316e-04
3.172329898770698264e-10
3.771928548812866211e-01
7.475008023902773857e-04
2.071832341243862174e-07
6.322774765976646449e-07
1.073682564310729504e-03
1.030019736170117994e-09
7.610960165038704872e-05
2.006275579333305359e-02
1.474330667406320572e-03
3.818014420176041313e-07
1.687170697550754994e-05
4.256991426032641357e-10
3.225199662892919150e-08
1.494113339994829204e-11
2.152793321386070602e-08
2.556736717451713048e-06
6.895464060852063426e-11
3.374858715687878430e-05
3.155393898487091064e-02
2.356165680339472601e-07
9.177385072689503431e-05
1.042600888467859477e-05
1.307804369356582730e-13
3.312866028863936663e-04
1.059520764101762325e-05
2.054099695669719949e-06
2.669936046004295349e-03
6.711728417485574028e-08
3.771784901618957520e-01
2.429871983622433618e-07
2.907708767452277243e-05
3.511955947033129632e-05
6.693995557725429535e-03
3.800789905028523208e-09
1.323713405554372002e-07
7.840935539737969862e-11
7.127258228045718624e-10
2.383115855764117441e-07
2.053605421679094434e-04
5.567785876792186173e-08
7.755454611846346324e-10
1.712059938263621461e-09
3.754115240894861927e-09
8.880668360689014662e-07
9.580469923093914986e-04
3.014510596699437883e-08
5.455032805912196636e-04
8.592102676630020142e-04
1.074733881978318095e-05
4.446953312253754120e-07
1.378480352087763094e-08
1.313075342901370846e-10
2.505080765047296154e-08
1.086205884348601103e-05
2.593230921775102615e-03
7.719695815922023030e-08
1.134904323296659356e-10
1.480062028491602177e-08
1.223016988660674542e-05
5.859769880771636963e-03
1.348349265754222870e-03
1.419498971699795220e-06
1.095578561205456936e-08
5.781325853604357690e-07
1.066622436046600342e-01
2.448716118763627492e-09
3.430034212215105072e-06
4.373839328764006495e-05
3.786791680226997414e-08
1.607883496035356075e-05
6.881481340315076523e-08
1.001370364406284352e-07
4.955551941021596463e-11
1.126519986428320408e-03
2.160494295821990818e-05
1.515490621883941458e-09
8.864914416335523129e-04
6.706699728965759277e-01
6.800985283916816115e-05
6.885030269622802734e-01
3.801750736442954803e-08
7.087809919331059666e-15
7.146829157136380672e-04
4.577188406074128579e-09
1.360232460001498112e-07
1.823473326112434734e-06
5.153046920895576477e-02
2.572626908659003675e-05
1.493390744400358017e-09
4.972554279447649606e-08
1.944314717547968030e-04
5.798964048153720796e-05
3.641120883912662975e-06
6.597595289349555969e-03
3.992734320945601212e-08
9.084384799962208490e-09
1.700657549008610658e-06
3.513029217720031738e-02
3.330386633138004981e-08
1.680424809455871582e-01
3.246672684326767921e-03
1.127322866523172706e-05
9.149985271506011486e-05
7.876745257817674428e-06
9.792541386559605598e-04
6.058690814825240523e-06
1.822153805619564082e-08
1.472925941925495863e-05
1.412379219654924523e-12
3.438952717260690406e-06
4.396134987473487854e-03
6.966660635043808725e-07
1.329514780081808567e-03
2.510858188031761529e-09
1.140992253567674197e-06
5.075583467260003090e-04
5.815794793306849897e-06
1.944904113315715222e-07
6.308207645133734331e-08
2.134854272528574626e-11
1.999349660763982683e-05
1.792808540512780269e-10
5.516669787652972445e-08
7.536499424531939439e-09
2.522573922760784626e-04
4.195389424321155358e-14
8.845006504998309538e-09
1.813469793887634296e-06
2.451509681122843176e-05
5.932824231891231648e-10
1.085491618141531944e-03
6.897321343421936035e-01
5.508919712156057358e-04
1.276170485652983189e-03
2.440782263875007629e-04
2.431784218437371692e-10
1.117542633437551558e-04
2.971561858430504799e-03
5.842446665349498858e-11
1.325002995145041496e-05
1.850369812927965540e-08
1.219194200530182570e-05
1.179846655577421188e-02
4.582250028306589229e-07
1.011587471566599561e-07
2.382333548212045571e-07
2.795180305838584900e-03
8.385272849409375340e-07
4.564963944631017512e-07
3.683880284155449658e-11
5.405793035428985149e-10
3.357560444783302955e-06
2.961943755508400500e-05
4.828657256439328194e-05
9.528619557386264205e-05
9.629767419028212316e-07
1.325741028068705418e-08
1.369475387036800385e-03
2.467960939611657523e-06
8.302418648409304325e-12
6.574868893949314952e-05
1.693045487627387047e-04
1.586874098791213328e-08
2.385460939891004273e-09
8.967658837732983557e-10
8.565898684809170049e-11
6.698278188705444336e-01
3.262173850089311600e-03
2.170829623937606812e-01
2.462568954797461629e-05
3.637432754039764404e-01
2.604829072952270508e-01
2.669984496606048197e-06
1.437559607438743114e-03
4.046893445774912834e-04
4.979256118531338871e-07
1.471119901452766499e-07
2.519463805583654903e-06
6.512808054685592651e-02
4.665247672619443620e-07
1.326616683172687772e-07
2.870024751189248491e-08
1.594070999999530613e-05
1.578877447172999382e-03
3.067861200634069974e-07
2.344173006713390350e-02
1.713752560317516327e-02
1.590720057720318437e-05
2.260524034625177592e-08
1.539959311485290527e-01
3.019344831045600586e-06
9.767294395154890729e-13
8.385363514662458329e-09
1.134386934609210584e-06
4.708574414253234863e-01
1.626858470160641446e-08
2.244274277529711981e-08
3.342805996453535045e-07
4.523353247520844889e-09
-0.000000000000000000e+00
-0.000000000000000000e+00
-0.000000000000000000e+00
-0.000000000000000000e+00
-0.000000000000000000e+00
-0.000000000000000000e+00
-0.000000000000000000e+00
-0.000000000000000000e+00
-0.000000000000000000e+00
-0.000000000000000000e+00
-0.000000000000000000e+00
-0.000000000000000000e+00
-0.000000000000000000e+00
-0.000000000000000000e+00
-0.000000000000000000e+00
-0.000000000000000000e+00
-0.000000000000000000e+00
-0.000000000000000000e+00
-0.000000000000000000e+00
-0.000000000000000000e+00
-0.000000000000000000e+00
-0.000000000000000000e+00
-0.000000000000000000e+00
-0.000000000000000000e+00
-0.000000000000000000e+00
-0.000000000000000000e+00
-0.000000000000000000e+00
-0.000000000000000000e+00
-0.000000000000000000e+00
-0.000000000000000000e+00
-0.000000000000000000e+00
-0.000000000000000000e+00
-0.000000000000000000e+00
-0.000000000000000000e+00
-0.000000000000000000e+00
-0.000000000000000000e+00
-0.000000000000000000e+00
-0.000000000000000000e+00
-0.000000000000000000e+00
-0.000000000000000000e+00
