6.932792663574218750e-01
2.568960189819335938e-03
3.971174061298370361e-01
1.071743965148925781e-01
6.426568627357482910e-01
9.682280360721051693e-04
1.724067516624927521e-02
4.614527225494384766e-01
7.600350072607398033e-04
5.362555757164955139e-02
1.836606711149215698e-01
2.950755231267976342e-07
1.323303729295730591e-01
1.139642154157627374e-05
2.930953050963580608e-04
1.327021745964884758e-04
2.716724054607766448e-07
5.221794843673706055e-01
7.323658466339111328e-01
6.988739371299743652e-01
3.715324215590953827e-03
9.946092367172241211e-01
6.682856380939483643e-02
1.282293942495016381e-05
4.232308583596022800e-06
1.924531459808349609e-01
3.537182928994297981e-03
3.502962936181575060e-04
7.376528382301330566e-01
4.242521226406097412e-01
1.298902439884841442e-03
5.537873506546020508e-01
2.768593430519104004e-01
1.412294954061508179e-01
6.368906497955322266e-01
2.279236912727355957e-03
2.379912137985229492e-01
6.744074053131043911e-04
9.643808603286743164e-01
2.961926907300949097e-02
2.159155309200286865e-01
3.846752941608428955e-01
3.299209929537028074e-04
2.743669785559177399e-02
6.542286872863769531e-01
1.829029768705368042e-01
3.350403308868408203e-01
5.976080428808927536e-04
2.897061407566070557e-01
1.827178493840619922e-05
1.204860745929181576e-03
1.866125911474227905e-01
1.044161558151245117e+00
1.327334631096022122e-10
3.648902475833892822e-02
6.972148269414901733e-02
3.702705502510070801e-01
7.115194193829665892e-07
1.845173686742782593e-01
3.488196432590484619e-02
3.606422618031501770e-02
1.566560473293066025e-03
1.032885862514376640e-03
3.515088558197021484e-01
6.040046215057373047e-01
8.796591758728027344e-01
2.714229226112365723e-01
6.070932149887084961e-01
1.444775164127349854e-01
3.495710343122482300e-02
6.279841531068086624e-03
5.258222669363021851e-02
6.201998075994197279e-06
2.445312682539224625e-03
4.936308041214942932e-02
6.217903494834899902e-01
2.214789576828479767e-02
6.848551332950592041e-02
6.475313007831573486e-02
2.322477474808692932e-02
2.250239849090576172e-01
4.364669919013977051e-01
1.047312525770394132e-05
3.485490567982196808e-03
6.963561177253723145e-01
1.458759009838104248e-01
1.863847603090107441e-03
1.132003235397860408e-04
6.649773120880126953e-01
3.278853455412900075e-06
2.103062570095062256e-01
7.707469165325164795e-02
3.943361639976501465e-01
1.750375479459762573e-01
3.448214530944824219e-01
6.609653234481811523e-01
9.496444545220583677e-05
1.042506890371441841e-03
6.223244592547416687e-03
2.352345734834671021e-01
1.562303863465785980e-02
4.304173588752746582e-01
1.712547054921742529e-05
1.947831213474273682e-01
3.121090233325958252e-01
3.417751789093017578e-01
7.727365493774414062e-01
6.845165491104125977e-01
1.279690116643905640e-02
4.395046457648277283e-02
2.248826064169406891e-02
5.173334479331970215e-01
2.074108868837356567e-01
7.269412279129028320e-01
8.886283636093139648e-01
5.819511413574218750e-01
8.027716875076293945e-01
1.067094272002577782e-03
2.405922859907150269e-03
4.642745945602655411e-03
7.072149515151977539e-01
8.062739968299865723e-01
3.067460283637046814e-02
2.691880762577056885e-01
3.635591268539428711e-01
6.447446346282958984e-01
4.504808411002159119e-02
9.838489859248511493e-06
4.275239259004592896e-02
2.657100708347570617e-07
1.159256249666213989e-01
1.063966006040573120e-01
4.806568101048469543e-02
6.983194947242736816e-01
3.232737526559503749e-07
5.616348385810852051e-01
1.311328411102294922e-01
9.693744778633117676e-02
5.937394575994403567e-08
6.922262907028198242e-01
6.738839745521545410e-01
1.340007036924362183e-01
4.726861119270324707e-01
1.840290054678916931e-02
1.050030346959829330e-03
6.714025139808654785e-01
6.156040355563163757e-02
4.191057682037353516e-01
4.512313902378082275e-01
3.060808230657130480e-04
1.077794604498194531e-05
3.485507965087890625e-01
1.608591228723526001e-01
9.841414794209413230e-07
3.635684028267860413e-02
1.152798533439636230e-01
7.702052593231201172e-01
4.279937744140625000e-01
3.061964816879481077e-04
1.967016607522964478e-01
3.919024020433425903e-02
4.578981697559356689e-01
1.782710477709770203e-02
4.704521037638187408e-03
1.775578275555744767e-04
3.714706003665924072e-01
1.577857732772827148e-01
3.224693864467553794e-05
5.501541977537272032e-08
7.261811494827270508e-01
1.936008967459201813e-02
3.218520432710647583e-03
1.215346716344356537e-02
1.309412036789581180e-04
8.753671646118164062e-01
8.684128522872924805e-01
1.100808605551719666e-01
5.578530835919082165e-04
3.435014514252543449e-04
2.093822509050369263e-02
1.989417651202529669e-04
3.941043541999533772e-05
2.336687743663787842e-01
1.050484538078308105e+00
1.029415056109428406e-03
4.318983256816864014e-01
2.406565845012664795e-01
6.309787750069517642e-06
1.304639503359794617e-02
2.750484049320220947e-01
2.263854630291461945e-02
1.320445686578750610e-01
2.960896678268909454e-02
6.661674380302429199e-02
4.606686532497406006e-02
5.110871046781539917e-03
7.512945448979735374e-04
4.309825890231877565e-04
1.058287099003791809e-01
6.146877408027648926e-01
2.001927932724356651e-04
2.002502381801605225e-01
2.115605324506759644e-01
9.688363206805661321e-05
1.731900498270988464e-02
5.927695631980895996e-01
1.673340201377868652e-01
2.874391066143289208e-05
6.794252395629882812e-01
3.145026862621307373e-01
1.045405984001490651e-09
5.655534267425537109e-01
3.076830320060253143e-02
6.879156827926635742e-01
3.300186693668365479e-01
9.082545147975906730e-05
1.416089832782745361e-01
1.599339157110080123e-04
1.800749683752655983e-03
1.722172833979129791e-02
6.903070490807294846e-03
3.674429953098297119e-01
3.461027741432189941e-01
4.874544441699981689e-01
4.851068556308746338e-01
3.988940417766571045e-01
5.102292299270629883e-01
9.796433886322120088e-09
5.234636068344116211e-01
1.853066384792327881e-01
7.734428644180297852e-01
1.065448880195617676e+00
7.017222856120497454e-07
5.333299213816644624e-06
4.773424863815307617e-01
6.490275859832763672e-01
7.980412803590297699e-03
4.170105233788490295e-02
8.646050691604614258e-01
2.527994865886284970e-06
6.949034929275512695e-01
6.739095449447631836e-01
3.863076120615005493e-02
8.975089788436889648e-01
3.446198105812072754e-01
1.791771501302719116e-04
3.355273656779900193e-05
5.416331812739372253e-02
1.584823131561279297e-01
7.643948793411254883e-01
8.246678044088184834e-04
7.101283073425292969e-01
1.868718027253635228e-05
5.075505468994379044e-04
4.510591679718345404e-05
6.031959856045432389e-05
5.592830181121826172e-01
3.713637852342799306e-05
5.849940776824951172e-01
4.134506583213806152e-01
9.358341097831726074e-01
5.131263136863708496e-01
6.807510544604156166e-06
1.195430057123303413e-03
5.019366741180419922e-01
3.507278859615325928e-03
1.497841789387166500e-03
4.886802136898040771e-01
1.315650641918182373e-01
3.425263166427612305e-01
1.643647998571395874e-02
4.676806926727294922e-01
7.674817425140645355e-06
6.926692724227905273e-01
6.725358311086893082e-03
2.531223595142364502e-01
1.441793665435397997e-05
8.277308940887451172e-02
1.015201449394226074e+00
1.104595698416233063e-02
4.979625344276428223e-02
3.228737115859985352e-01
3.500563558191061020e-03
2.889446616172790527e-01
5.256496071815490723e-01
2.982385456562042236e-01
7.271623704582452774e-03
7.003338336944580078e-01
8.998663723468780518e-02
1.718766725389286876e-04
7.198626995086669922e-01
9.804277867078781128e-02
5.427609756588935852e-02
7.188675999641418457e-01
3.676654398441314697e-02
4.231553524732589722e-03
2.963175997138023376e-02
4.532154798507690430e-01
4.989329725503921509e-02
8.073592907749116421e-04
2.182753036095164134e-07
3.774798661470413208e-02
7.457691431045532227e-02
3.016941547393798828e-01
1.518072385806590319e-04
1.806458458304405212e-04
1.266536474227905273e+00
5.921972915530204773e-03
8.294779263451346196e-07
7.062412053346633911e-02
1.691185981035232544e-01
8.893912285566329956e-02
7.607812881469726562e-01
2.057657949626445770e-02
5.010682623833417892e-03
9.539706707000732422e-01
7.699435353279113770e-01
7.655535591766238213e-04
8.882293850183486938e-02
1.020410098135471344e-03
6.841713911853730679e-05
5.183535814285278320e-02
2.890717796981334686e-02
1.128807440400123596e-01
5.127339363098144531e-01
5.484428722411394119e-03
6.811689585447311401e-03
9.251030164136864187e-09
9.822168946266174316e-01
2.985578362313390244e-08
1.487479358911514282e-01
3.863881155848503113e-02
1.113899871706962585e-01
6.014767568558454514e-03
2.835089340806007385e-02
3.208656609058380127e-02
6.747938990592956543e-01
1.282342374324798584e-01
4.333299398422241211e-01
4.611400067806243896e-01
4.558197855949401855e-01
3.986932709813117981e-02
9.755958453752100468e-04
2.049209177494049072e-01
2.773856520652770996e-01
2.620084583759307861e-01
8.920174837112426758e-01
3.879928886890411377e-01
1.218417212367057800e-01
2.589456140995025635e-01
7.407299242913722992e-03
6.272127628326416016e-01
3.189556300640106201e-01
5.849275588989257812e-01
2.513045370578765869e-01
8.664886699989438057e-04
3.227251581847667694e-04
6.110807657241821289e-01
1.747332513332366943e-02
2.349348040297627449e-03
1.248759180307388306e-01
3.548429813235998154e-04
1.992395831651450067e-10
3.915189206600189209e-01
4.127685748755993700e-09
9.074991976376622915e-05
3.886944341502385214e-06
2.430939821351785213e-05
2.207314082625089213e-06
1.045552194118499756e-01
1.102595590054988861e-02
4.366517823655158281e-04
9.299040357291232795e-06
6.614593863487243652e-01
1.449329283786937594e-05
1.521871809018193744e-06
6.728857988491654396e-04
1.556549875658674864e-07
7.534811174991773441e-07
1.595129221677780151e-01
1.362532309201469616e-11
4.640270769596099854e-01
7.205073535442352295e-02
6.998444795608520508e-01
2.870511449873447418e-02
7.114289957144137588e-08
1.961874775588512421e-02
1.304492798226419836e-07
2.209556996822357178e-01
3.420855384320020676e-03
4.654256626963615417e-03
1.083667017519474030e-02
9.581435471773147583e-02
2.831371966749429703e-03
1.423723762854933739e-03
1.124345930293202400e-03
2.116660922765731812e-01
1.419496964416566698e-09
3.216270357370376587e-02
1.815039105713367462e-02
2.675362686943572044e-08
4.312485456466674805e-02
6.930274963378906250e-01
3.670821189880371094e-01
1.275109680136665702e-04
5.890493630431592464e-04
2.349457936361432076e-03
1.077621618605917320e-05
1.007011014735326171e-04
1.147102680988609791e-03
5.440234963316470385e-05
2.458462566137313843e-01
6.068626046180725098e-01
6.774119138717651367e-01
2.639571903273463249e-04
2.067673485726118088e-04
1.171990079456008971e-04
2.880067913793027401e-04
5.218407750362530351e-07
7.034824229776859283e-04
5.759692867286503315e-04
1.282088691368699074e-03
7.183923721313476562e-01
1.062915907823480666e-05
4.905791502096690238e-05
6.521198749542236328e-01
1.369402278214693069e-03
3.186171234119683504e-04
5.771256983280181885e-03
1.071081496775150299e-02
2.310532517731189728e-02
1.097189029678702354e-03
1.117207808420062065e-03
4.890064531082316535e-08
2.406109124422073364e-03
1.014572514890232924e-08
3.640309721231460571e-02
7.863776772865094244e-06
5.046292130828078371e-07
5.856174230575561523e-01
5.489182512974366546e-07
4.616366624832153320e-01
1.256631920114159584e-03
2.550383949168066877e-12
3.735953271188918734e-07
1.842258683382169693e-07
6.328768283128738403e-02
4.760679900646209717e-01
2.725933256897405954e-08
7.719640620052814484e-03
3.127025440335273743e-02
3.149086114717647433e-05
2.196497051045298576e-03
3.707434734678827226e-05
1.682357676327228546e-02
6.668124115094542503e-04
4.633876029402017593e-03
1.443947432562708855e-03
2.016981170527287759e-06
3.227010020054876804e-04
2.993894895553239621e-06
2.991369739174842834e-02
2.066939420184224496e-13
1.662755012512207031e-02
3.323078562971204519e-04
7.625122755428037635e-09
3.249608198530040681e-05
1.561863869428634644e-01
6.912531347325057141e-08
9.414228406967595220e-05
2.579955151304602623e-03
6.304357924591386109e-09
4.325675373451076666e-09
2.182753036095164134e-07
1.399071479681879282e-04
5.427346229553222656e-01
2.485220989001390990e-07
3.598579671233892441e-03
5.099149777415675974e-15
2.639540980453602970e-06
3.257869991557527101e-07
3.696951270103454590e-01
2.105947787640616298e-04
1.331656705588102341e-03
2.793367393314838409e-02
3.936066548249073094e-07
2.018086036059685284e-07
9.878813289105892181e-03
3.652732968330383301e-01
3.744274408745695837e-06
6.243762982194311917e-06
1.432310003934844644e-08
2.950515598058700562e-02
5.164375156164169312e-02
5.441052053356543183e-06
6.803293246775865555e-03
8.731587513466365635e-06
4.857181822547074201e-13
1.059472441673278809e+00
2.023401111364364624e-02
1.176969613879919052e-02
1.146898102888371795e-05
1.188896782696247101e-02
2.093088405672460794e-04
7.190751433372497559e-01
9.959538971315851086e-09
6.665774434804916382e-02
2.043534535914659500e-03
1.435450924791581429e-10
1.035724978004637364e-10
1.145127814794477672e-08
3.383610770106315613e-02
7.343112883972935379e-06
5.295419924777888809e-08
3.537260927259922028e-03
5.120997782796621323e-03
6.301893051841034321e-08
1.709991693496704102e-02
7.265711246873252094e-06
1.080876111984252930e+00
2.277790827065473422e-07
3.408922639209777117e-04
2.681657299399375916e-02
1.902978401631116867e-03
2.814342379570007324e-01
9.170914068818092346e-03
2.424541395157575607e-03
1.065851300954818726e-01
4.179863992703758413e-07
6.699877381324768066e-01
3.098034765571355820e-03
1.418949663639068604e-01
3.375283628702163696e-02
4.097104465472511947e-06
3.755797147750854492e-01
6.100201010704040527e-01
3.352301195263862610e-02
1.497841789387166500e-03
2.378596263952204026e-06
8.821888997090354678e-09
9.105620533227920532e-02
4.652578500099480152e-04
9.648347676360913283e-10
1.753419637680053711e-01
2.588861249387264252e-02
2.241387022650087602e-07
4.870097995990363415e-07
5.357326865196228027e-01
1.510621805209666491e-04
6.623270511627197266e-01
9.414236410520970821e-04
1.195325748994946480e-04
9.575992007739841938e-04
2.736531279357024005e-10
9.628771804273128510e-04
8.860469679348170757e-04
7.700706987634475809e-07
1.804557687137275934e-04
4.556352214422076941e-04
1.088629505829885602e-05
2.483890950679779053e-01
2.971659341710619628e-05
4.519440153671894222e-06
5.817711098643485457e-06
1.758971338858827949e-04
7.762888998286143760e-09
9.697166660771472380e-07
7.042733579874038696e-02
2.466691512381657958e-05
3.941092359127651434e-07
1.163145806640386581e-02
3.449986577033996582e-01
1.943797245621681213e-02
9.963680440705502406e-07
3.404986273380927742e-05
1.904947683215141296e-03
3.604061603546142578e-01
6.343727250168740284e-07
9.746138006448745728e-02
1.371018704958260059e-03
2.499204361811280251e-03
1.129683732870034873e-04
6.792127038579565124e-08
9.365114569664001465e-02
8.056477308273315430e-01
2.785529792308807373e-01
6.125348051000401028e-08
1.063338931999169290e-04
1.985104754567146301e-04
2.336569130420684814e-02
1.289312331209657714e-05
6.469338536262512207e-01
1.598694012727719382e-07
3.554233117029070854e-04
1.220264239236712456e-03
9.302956459578126669e-05
4.317140701459720731e-05
1.576959766680374742e-04
4.278280958533287048e-02
7.483820922971062828e-07
2.593585231807082891e-04
2.480899542570114136e-02
5.152496742084622383e-04
6.263809800148010254e-01
2.183142863214015961e-02
4.946499029756523669e-05
3.025567829608917236e-01
2.863635728544977610e-08
5.198818980716168880e-04
2.357029188715387136e-05
3.976989388465881348e-01
6.741186371073126793e-05
9.078131406567990780e-04
1.676291413605213165e-02
1.982076128115295433e-06
1.011401379313880966e-10
1.661606365814805031e-03
9.305219372812700840e-10
1.860447525978088379e-01
8.976887500011798693e-08
3.416394174564629793e-04
1.033436227589845657e-02
2.256325259963887220e-08
1.847012899816036224e-02
9.787495946511626244e-04
1.967087825960334158e-09
4.728452186100184917e-04
4.485744237899780273e-01
6.661971807479858398e-01
3.036651993170380592e-03
2.293881028890609741e-02
7.725334167480468750e-02
5.656161811202764511e-03
7.740803994238376617e-03
1.648156944256129464e-09
4.482421875000000000e-01
7.791968528181314468e-04
1.982661779038608074e-04
6.737908552167937160e-05
1.288205320193469561e-09
2.999402931891381741e-04
4.975748807191848755e-02
1.935006864368915558e-02
9.371723876938631292e-07
3.849125641863793135e-05
2.739381452556699514e-04
3.894353285431861877e-03
4.967743456363677979e-01
8.293431164929643273e-05
6.337514519691467285e-02
1.639723341213539243e-04
8.629849762655794621e-04
1.706874668598175049e-01
8.615997433662414551e-02
5.720480694435536861e-04
2.206027694046497345e-02
2.160383155569434166e-05
3.068137727677822113e-02
3.038954332623688970e-07
4.188672846794361249e-06
2.806298471114132553e-05
5.160172023011000420e-08
1.062778523191809654e-03
4.768052324652671814e-02
7.723257056113652652e-08
9.231973886489868164e-01
2.591290467535145581e-05
1.014587935060262680e-03
2.786206820815095853e-08
2.184873213991522789e-03
2.066009983536787331e-06
6.390483758877962828e-05
8.438638587904279120e-07
1.485309153795242310e-01
3.324403893202543259e-03
2.116830497980117798e-01
1.676538772699132096e-06
3.752536177635192871e-01
3.676390647888183594e-01
1.626764167816929785e-09
5.148476338945329189e-04
4.279058775864541531e-04
1.670172810554504395e-02
6.413745978761653532e-08
8.596582574682543054e-07
2.006940543651580811e-02
5.437100529670715332e-01
8.633793145418167114e-02
1.302179734921082854e-04
3.077262826263904572e-02
9.444723837077617645e-03
5.577385425567626953e-01
4.396232776343822479e-03
4.001041234005242586e-04
1.559121999889612198e-03
2.577826753258705139e-02
1.047569941903248036e-08
2.823841350618749857e-05
9.184843301773071289e-02
4.185321033000946045e-01
2.256040716019924730e-05
1.921646344271721318e-07
3.488118522909644525e-07
4.668810333896544762e-07
5.170259220754758189e-10
4.126234125578776002e-05
1.334276049647087348e-07
7.333461195230484009e-03
4.998109340667724609e-01
6.226049736142158508e-02
1.719130203127861023e-02
1.581827859808981884e-06
1.543755382299423218e-01
3.500114679336547852e-01
4.142161905765533447e-01
7.992023165570572019e-05
2.712712157517671585e-03
5.288125872611999512e-01
3.366693854331970215e-01
2.702506184577941895e-01
2.630775042256061624e-10
8.721418678760528564e-03
2.362888306379318237e-03
1.245023449882864952e-04
7.666460987820755690e-06
1.172123593278229237e-03
3.367478260770440102e-03
6.848242878913879395e-01
9.592490096110850573e-05
5.447161383926868439e-03
1.662617421516188188e-07
2.065421547740697861e-03
6.198313832283020020e-02
4.568812728393822908e-04
3.625437850132584572e-03
1.384876482188701630e-02
7.737779524177312851e-04
4.913261532783508301e-01
2.190482318401336670e-01
5.184772890061140060e-03
2.346381952520459890e-04
7.593755424022674561e-02
2.235707193613052368e-01
6.023231148719787598e-01
3.453800163697451353e-04
2.161884680390357971e-02
9.199244976043701172e-01
9.412473067641258240e-03
4.672520503845589701e-07
3.446907066972926259e-05
3.533179461956024170e-01
3.401407273486256599e-03
6.058436036109924316e-01
1.120949382311664522e-04
1.790757210073934402e-06
4.046206176280975342e-01
7.202861364930868149e-03
5.678013563156127930e-01
4.570889770984649658e-01
2.713004872202873230e-02
3.010578081011772156e-02
7.030310034751892090e-01
2.334502278245054185e-05
1.320937722921371460e-01
1.098709255456924438e-01
3.530363901518285275e-04
1.648235183893120848e-07
8.643801407970386208e-08
8.295714855194091797e-02
3.645633696578443050e-04
5.934944376349449158e-03
4.619612693786621094e-01
4.034221490201161942e-07
8.920865752770623658e-07
5.316218137741088867e-01
5.686989054083824158e-02
5.790247996628750116e-07
3.947610557079315186e-01
5.344387888908386230e-02
3.040485084056854248e-02
8.734221011400222778e-02
4.038708806037902832e-01
1.288137305527925491e-02
6.430593202821910381e-04
6.555995941162109375e-01
3.266562521457672119e-01
7.295627612620592117e-03
7.545264670625329018e-04
2.116531732099247165e-06
6.121094822883605957e-01
1.839898377656936646e-01
6.537017822265625000e-01
1.947659403085708618e-01
2.195758745074272156e-02
6.274188160896301270e-01
2.573054587173828622e-07
2.569617754488717765e-05
1.098940847441554070e-04
1.108899340033531189e-02
1.309695839881896973e-01
4.419131577014923096e-02
1.211874112486839294e-01
6.328732706606388092e-03
5.261298418045043945e-01
1.893038116395473480e-02
5.658103418682003394e-06
4.606595262885093689e-03
3.107591066509485245e-03
5.069683902547694743e-05
1.438911422155797482e-03
6.779968738555908203e-02
1.014925692288670689e-05
5.705823898315429688e-01
9.245844185352325439e-02
1.150873838923871517e-03
3.741792440414428711e-01
1.192535758018493652e-01
3.892576321959495544e-03
5.385717842727899551e-03
5.426836013793945312e-01
9.340380132198333740e-02
4.400627315044403076e-01
2.200773451477289200e-03
1.249590655788779259e-03
1.428694576025009155e-01
3.061250448226928711e-01
2.260905802249908447e-01
3.687512653414160013e-04
1.181261986494064331e-01
1.045332828653044999e-04
3.675032189676130656e-07
1.050083315931260586e-03
8.190065622329711914e-02
6.284786760807037354e-02
5.707439268007874489e-04
4.320959001779556274e-02
3.135189646854996681e-03
3.544897992924234131e-07
3.653549123555421829e-03
1.109751164913177490e-01
6.758008042062613185e-11
5.987308213661890477e-07
6.796722114086151123e-02
6.262712872739939485e-07
6.780369877815246582e-01
2.222106046974658966e-02
6.768430471420288086e-01
6.904464960098266602e-01
6.616755272261798382e-04
8.116754202092124615e-08
1.464589089155197144e-01
4.586673807352781296e-03
2.320568822324275970e-02
1.647056080400943756e-02
4.402991908136755228e-04
3.603340387344360352e-01
7.909920997917652130e-03
9.046507626771926880e-02
3.129602919216267765e-05
7.245746091939508915e-04
5.042572319507598877e-02
1.161033660173416138e-02
7.071446361806010827e-07
2.629835158586502075e-02
8.791992058831965551e-07
9.556370228528976440e-02
9.021489322185516357e-02
4.526940584182739258e-01
1.643047726247459650e-04
5.015671849250793457e-01
1.600890755653381348e-01
5.458065867424011230e-01
6.915870904922485352e-01
6.040473580360412598e-01
7.524047046899795532e-02
4.885766655206680298e-03
6.548080444335937500e-01
1.034388616681098938e-01
6.633517146110534668e-01
1.260667800903320312e+00
6.329705715179443359e-01
6.501909811049699783e-03
7.076148758642375469e-04
5.258633755147457123e-03
5.175799597054719925e-04
2.773814412648789585e-05
3.495917618274688721e-01
5.198493599891662598e-01
5.099110007286071777e-01
5.538264304050244391e-05
4.668922424316406250e-01
5.454437136650085449e-01
2.572571486234664917e-02
3.487148582935333252e-01
2.396661089733242989e-03
1.173539366573095322e-02
1.352204084396362305e-01
4.619958251714706421e-02
5.730423331260681152e-01
3.313680645078420639e-05
1.235181391239166260e-01
4.679448604583740234e-01
1.794525980949401855e-01
2.474229186773300171e-01
1.533950012344575953e-06
3.126896917819976807e-03
9.846920147538185120e-03
7.859359681606292725e-02
2.046386043730308302e-06
4.727402925491333008e-01
8.758893609046936035e-02
1.037514721247134730e-05
5.757385119795799255e-02
1.560335513204336166e-03
3.102035522460937500e-01
3.084594383835792542e-02
8.363456581719219685e-04
4.998751915991306305e-03
6.584230141015723348e-05
2.450669569498131750e-07
3.128059811174921379e-09
1.437730787756663631e-07
3.971978127956390381e-01
8.336735963821411133e-01
3.233215957880020142e-02
1.531035991320095491e-06
2.422780096530914307e-01
2.062850253423675895e-04
1.963723748922348022e-01
1.603180717211216688e-04
4.713017493486404419e-02
3.630408085882663727e-03
6.446756124496459961e-01
9.558897423600498655e-11
6.875879764556884766e-01
2.729188650846481323e-02
1.866356324171647429e-04
7.830129563808441162e-02
9.361461707158014178e-05
1.211896538734436035e-01
1.180050987750291824e-02
5.964286327362060547e-01
4.081977605819702148e-01
2.487628022208809853e-03
1.561929192394018173e-02
4.898476981907151639e-05
9.180462360382080078e-02
5.111910700798034668e-01
6.767770648002624512e-01
9.378927643410861492e-04
5.494345724582672119e-02
3.756765127182006836e-01
6.916419863700866699e-01
6.099749953136779368e-06
3.031422197818756104e-02
6.924214214086532593e-02
3.307958422738010995e-07
1.042022379493801054e-08
2.679692953824996948e-02
3.704313087382615777e-07
2.723267971305176616e-05
6.462310440838336945e-03
3.252517059445381165e-02
5.948692205492989160e-07
1.251312345266342163e-01
4.221588075160980225e-01
3.670863807201385498e-01
1.063259347233724839e-08
5.918471142649650574e-02
5.208779573440551758e-01
5.973420338705182076e-04
1.427260212949477136e-05
7.650082523014134495e-08
2.556147053837776184e-02
4.110297262668609619e-01
1.587470251251943409e-05
1.022167690098285675e-02
6.332442164421081543e-01
8.793374896049499512e-02
2.331414520740509033e-01
8.160026482073590159e-05
1.312149614095687866e-01
1.426499783992767334e-01
1.000156771624460816e-06
6.571598052978515625e-01
4.155725473538041115e-04
1.772684045135974884e-02
3.696692362427711487e-02
9.492145478725433350e-02
5.051290392875671387e-01
6.029005744494497776e-04
1.040467247366905212e-01
9.970149993896484375e-01
6.145903898868709803e-05
1.588200393598526716e-05
1.033284425735473633e+00
1.353890169411897659e-03
7.889614999294281006e-02
1.298380941152572632e-01
1.285790652036666870e-02
1.171637093648314476e-03
5.750094260292826220e-06
3.855721652507781982e-02
6.046686768531799316e-01
1.659614241589224548e-07
4.090347588062286377e-01
3.111575245857238770e-01
1.637083594687283039e-03
3.231905793654732406e-05
1.765232300385832787e-03
6.877848505973815918e-01
2.359970211982727051e-01
9.728523053809112753e-08
5.646413564682006836e-01
2.106978172378148884e-05
3.861136967316269875e-03
2.581028866188717075e-06
2.981714671477675438e-03
4.411720633506774902e-01
6.348401308059692383e-01
1.020410098135471344e-03
6.302209496498107910e-01
6.925646066665649414e-01
7.638097554445266724e-02
9.404995944350957870e-05
1.423072256147861481e-02
6.530434638261795044e-02
5.833239555358886719e-01
6.354144811630249023e-01
5.819236636161804199e-01
3.912195679731667042e-04
4.732636809349060059e-01
2.196037396788597107e-02
1.659124973230063915e-04
7.235908508300781250e-02
2.915256619453430176e-01
4.512313902378082275e-01
4.821333332571953179e-10
5.029123276472091675e-02
3.508244408294558525e-03
7.151247262954711914e-01
8.498886927554849535e-06
1.409168601036071777e+00
1.600856012373697013e-05
7.790736388415098190e-03
6.839310526847839355e-01
9.961947053670883179e-02
6.874089241027832031e-01
5.748380422592163086e-01
2.870896458625793457e-02
4.977386295795440674e-01
2.868115156888961792e-02
3.898691534996032715e-01
1.969174295663833618e-01
7.190991891548037529e-04
1.798820798285305500e-03
5.949382739345310256e-06
3.402717084100004286e-06
7.679830491542816162e-02
2.743297955021262169e-06
1.752506889607374774e-10
8.121557470985862892e-08
3.198543190956115723e-01
5.536847561597824097e-02
1.442417651414871216e-01
4.146390259265899658e-01
1.120631850426434539e-06
3.235301701352000237e-04
3.795945085585117340e-04
3.658336773514747620e-02
1.644913339987397194e-03
4.221645183861255646e-03
1.791664958000183105e-01
4.166685976088047028e-04
8.340778877027332783e-04
4.894405603408813477e-03
1.759276102575313416e-08
5.149773508310317993e-02
3.060874951188452542e-05
4.187790751457214355e-01
6.909958124160766602e-01
6.191197037696838379e-02
3.053850531578063965e-01
5.856133699417114258e-01
3.829828202724456787e-01
1.613907940622993920e-08
1.044430583715438843e-01
1.645862539589870721e-05
1.185936108231544495e-01
2.806285629048943520e-03
2.471292018890380859e-02
1.120958402752876282e-01
2.283540926873683929e-02
3.991548203075012680e-10
1.755360397510230541e-03
3.274581432342529297e-01
2.337329983711242676e-01
3.118353188037872314e-01
5.055197980254888535e-03
1.286352812712721061e-06
6.262322664260864258e-01
3.061019233427941799e-04
2.312888391315937042e-03
1.726952567696571350e-02
1.638972163200378418e-01
3.732534125447273254e-03
7.944361567497253418e-01
6.496636867523193359e-01
8.287982927868142724e-05
4.352165386080741882e-03
3.467029193416237831e-03
1.009033098816871643e-01
6.802420616149902344e-01
2.323293387889862061e-01
1.290025282651185989e-02
3.304263055324554443e-01
3.605847433209419250e-02
6.802701354026794434e-01
1.997937215492129326e-03
8.560614660382270813e-03
2.937949262559413910e-03
3.472875058650970459e-01
3.424149751663208008e-01
2.857967615127563477e-01
2.472737804055213928e-02
2.168239007005468011e-05
3.360668197274208069e-02
9.721638262271881104e-02
2.167738784919492900e-05
3.186800051480531693e-03
8.477513678371906281e-03
6.218560884008184075e-05
3.304514729343330237e-14
3.233201429247856140e-02
8.682144284248352051e-01
1.963892951607704163e-03
4.733414351940155029e-01
7.071908097714185715e-03
1.394658803939819336e+00
2.049658447504043579e-03
6.707214117050170898e-01
7.330226898193359375e-02
5.097130356679357988e-11
2.640280127525329590e-01
6.804658187320455909e-05
1.377616971731185913e-01
1.032349541783332825e-01
5.514726638793945312e-01
3.192897886037826538e-02
6.480663432739675045e-05
8.255538530647754669e-03
1.228073642778326757e-08
6.183367967605590820e-01
3.559465520083904266e-03
3.924868069589138031e-03
7.688333425903692842e-06
4.101654514670372009e-03
2.483843825757503510e-03
9.304014034569263458e-03
2.735489280894398689e-03
6.438947457354515791e-05
7.809840099071152508e-07
4.993590409867465496e-04
1.451095013180747628e-04
6.344476132653653622e-04
2.362828162294494661e-11
3.839505836367607117e-02
8.835001352736071567e-08
1.096222922205924988e-02
1.168227663583820686e-05
4.117401211645166370e-11
5.861105164512991905e-04
2.066939420184224496e-13
9.082885554789754678e-08
2.154663577675819397e-02
8.437286980189639962e-11
3.913331602234393358e-05
3.940187554007934523e-08
1.273916805377695027e-10
4.071888213275087764e-07
3.100313479080796242e-03
6.661572115262970328e-05
6.948434710502624512e-01
4.246016144752502441e-01
2.372235963221669408e-09
3.046443816856481135e-05
7.757757324725389481e-03
1.769467461443241518e-09
5.543362349271774292e-03
2.034841236309148371e-05
2.633158828757586889e-06
4.579016610328778825e-10
1.842258683382169693e-07
1.161949469974388194e-07
3.089289975832798518e-06
1.157737133326008916e-04
3.445442125666886568e-04
2.627912264966530964e-14
1.626764167816929785e-09
1.007740095815279346e-07
1.471941545605659485e-02
1.905323551909532398e-05
3.690216487939323997e-07
5.291470442898571491e-04
1.493642457717214711e-06
6.001459360122680664e-01
6.871468503959476948e-04
2.018505256273783743e-05
3.553831788849493023e-07
5.705177219539336875e-09
6.584092043340206146e-04
6.207032717669980215e-12
1.357903158805129351e-07
1.057569868862628937e-02
2.043534535914659500e-03
4.045198438689112663e-04
2.481830051692668349e-05
6.649020178883802146e-06
6.833582371473312378e-02
4.568812728393822908e-04
1.242997132067102939e-05
3.457815619185566902e-03
7.363183847364229706e-12
3.390079364180564880e-02
1.542031554890854750e-06
1.605054858373478055e-04
1.556037005912003224e-07
5.301335903595827403e-08
1.991804310819134116e-04
4.890064531082316535e-08
3.974284845753572881e-05
1.119117740699948627e-07
1.762920146575197577e-05
5.099149777415675974e-15
4.851251724176108837e-04
3.371995262568816543e-06
1.455107030778890476e-05
2.835034858435392380e-03
1.130328979343175888e-02
5.069418111816048622e-04
6.483168601989746094e-01
1.257137744687497616e-03
1.521871809018193744e-06
8.897752081793441903e-07
1.733713870635256171e-04
2.735777115958626382e-07
2.675362686943572044e-08
1.921646344271721318e-07
3.878914564847946167e-02
4.892509605269879103e-05
3.242830280214548111e-03
5.987150594592094421e-03
7.723257056113652652e-08
2.044039781878836948e-08
2.420964939631176094e-08
5.693919780114242712e-10
1.327554928138852119e-04
4.290976002812385559e-02
6.288825869560241699e-01
3.715362906220320838e-09
1.109441649660425355e-09
1.866356324171647429e-04
4.479368508327752352e-04
2.005392707360442728e-05
8.739942131796851754e-05
4.316956910770386457e-04
1.253780546051075362e-08
1.273031955406622728e-07
1.726032816804945469e-03
3.874806687235832214e-02
5.405338470154674724e-07
3.149086114717647433e-05
6.940768272623021318e-12
1.908299740449592719e-09
5.810921188675877147e-10
5.506829475052654743e-04
2.285118085865178728e-07
4.698035627370700240e-05
1.178666593659727369e-06
1.378528963869030122e-06
1.490374356508255005e-01
1.972434993113836299e-10
3.218283097794483183e-07
2.349457936361432076e-03
7.299251137737883255e-06
1.640244154259562492e-04
3.141158726066350937e-03
1.491272269049659371e-04
2.596893864392768592e-07
4.872316026194312144e-07
4.302027534208718862e-08
6.648591011071403045e-09
1.594146858963085833e-08
1.985494454856961966e-04
1.683856254430793342e-07
1.265886737655819161e-07
7.863776772865094244e-06
5.756551485491812059e-11
5.660404553964326624e-07
1.454890207241987810e-05
1.341337139137976919e-07
3.337135234815491458e-09
1.315388246439397335e-03
4.774847539579241129e-08
3.801200136877014302e-06
3.327017839183099568e-05
8.995471894741058350e-02
3.303930629044771194e-03
9.273871910409070551e-06
1.671550571918487549e-01
1.332236479356652126e-06
1.579946465790271759e-02
1.851800490726418502e-09
1.648156944256129464e-09
2.604185755927801438e-10
4.560602519632084295e-06
1.499015148120896868e-11
1.035038307309150696e-01
1.890795462908267943e-12
7.245746091939508915e-04
4.984888732906256337e-07
2.397299045696854591e-03
3.840263525489717722e-04
5.015266197005985305e-06
2.689907887543085963e-06
4.483181115233492164e-08
1.869700099632609636e-05
1.447028334951028228e-04
7.919700692582409829e-06
1.136783394031226635e-03
3.668817225843667984e-03
4.501162038650363684e-06
1.362532309201469616e-11
6.207313829609262257e-11
5.771256983280181885e-03
1.511624604463577271e-01
8.438575171965112531e-09
1.439726445823907852e-02
4.758874183607986197e-07
1.137907929660286754e-05
9.867785593087319285e-07
4.410748661030083895e-04
3.110015711627056589e-07
4.668810333896544762e-07
9.414236410520970821e-04
1.577988228973481455e-08
8.478413219563663006e-04
1.582774871167202946e-06
5.029302428738446906e-06
1.127386349253356457e-03
8.377840369939804077e-02
6.388316986516429097e-09
1.638741196074988693e-07
1.336276298388838768e-03
2.161327020133718690e-11
1.500187063356861472e-04
4.612243642565516666e-10
1.014572514890232924e-08
4.344351182226091623e-04
2.312888391315937042e-03
4.031966909678885713e-06
6.343727250168740284e-07
2.806285629048943520e-03
2.686125598847866058e-02
2.542088031768798828e-01
7.833083160221576691e-03
4.628290639629994985e-09
1.585961319506168365e-03
1.070173246894845498e-12
1.449329283786937594e-05
2.601274754852056503e-04
2.630155300721526146e-03
1.249590655788779259e-03
1.543515168123121839e-06
1.537286583334207535e-02
5.653167933772351716e-10
3.676390647888183594e-01
2.630775042256061624e-10
1.382508082315325737e-03
3.420365275815129280e-03
1.943361894518602639e-06
4.758746623992919922e-01
3.456406193436123431e-05
4.174157584202475846e-05
5.395438056439161301e-04
2.736531279357024005e-10
1.992395831651450067e-10
3.692704467539442703e-06
1.255882011719222646e-07
6.270218719239828431e-12
5.220674026418237190e-08
4.137722953601041809e-06
7.500389983761124313e-06
3.707434734678827226e-05
8.438638587904279120e-07
1.011969894170761108e-02
8.939935266971588135e-02
1.488611616196067189e-07
4.737477866001427174e-04
9.849160960584413260e-06
6.940240382391493767e-06
2.662854967638850212e-03
8.041667751967906952e-03
3.990811364928958938e-06
1.813632249832153320e-02
2.256325259963887220e-08
2.914567887783050537e-01
5.560070276260375977e-02
-0.000000000000000000e+00
-0.000000000000000000e+00
-0.000000000000000000e+00
-0.000000000000000000e+00
-0.000000000000000000e+00
-0.000000000000000000e+00
-0.000000000000000000e+00
-0.000000000000000000e+00
-0.000000000000000000e+00
-0.000000000000000000e+00
-0.000000000000000000e+00
-0.000000000000000000e+00
-0.000000000000000000e+00
-0.000000000000000000e+00
-0.000000000000000000e+00
-0.000000000000000000e+00
-0.000000000000000000e+00
-0.000000000000000000e+00
-0.000000000000000000e+00
-0.000000000000000000e+00
-0.000000000000000000e+00
-0.000000000000000000e+00
-0.000000000000000000e+00
-0.000000000000000000e+00
-0.000000000000000000e+00
-0.000000000000000000e+00
-0.000000000000000000e+00
-0.000000000000000000e+00
-0.000000000000000000e+00
-0.000000000000000000e+00
-0.000000000000000000e+00
-0.000000000000000000e+00
-0.000000000000000000e+00
-0.000000000000000000e+00
-0.000000000000000000e+00
-0.000000000000000000e+00
-0.000000000000000000e+00
-0.000000000000000000e+00
-0.000000000000000000e+00
-0.000000000000000000e+00
