2.403579466044902802e-02
1.097327619791030884e-01
4.713919758796691895e-01
6.779771298170089722e-02
6.010330915451049805e-01
3.605235600844025612e-03
8.913238644599914551e-01
8.151987791061401367e-01
2.184679917991161346e-02
1.021706819534301758e+00
6.488361977972090244e-04
6.917601451277732849e-03
8.022124767303466797e-01
7.877707481384277344e-01
5.777682065963745117e-01
2.331224232912063599e-01
6.927556991577148438e-01
2.896809279918670654e-01
5.136220902204513550e-02
6.931255459785461426e-01
4.279325306415557861e-01
4.576692581176757812e-01
7.488065958023071289e-01
1.577312946319580078e-01
7.563839852809906006e-02
7.787569612264633179e-02
2.499893121421337128e-02
4.007325172424316406e-01
4.768436551094055176e-01
1.939725577831268311e-01
1.104371547698974609e+00
5.693703889846801758e-01
7.107998728752136230e-01
3.012492358684539795e-01
1.061031818389892578e+00
3.210123777389526367e-01
8.544364571571350098e-02
9.346526861190795898e-01
7.502116728574037552e-03
2.022527605295181274e-01
3.779957816004753113e-02
1.620900332927703857e-01
6.427791118621826172e-01
5.886103510856628418e-01
6.743234395980834961e-01
2.501839995384216309e-01
8.951717615127563477e-01
6.823320984840393066e-01
2.795980572700500488e-01
8.579443395137786865e-02
7.138355076313018799e-02
3.286405503749847412e-01
2.400356233119964600e-01
5.617619752883911133e-01
2.809362113475799561e-02
7.664389014244079590e-01
3.945612907409667969e-01
1.405868027359247208e-02
8.079878240823745728e-02
6.797901988029479980e-01
9.319489598274230957e-01
9.412678331136703491e-02
2.495506703853607178e-01
9.801831245422363281e-01
2.449040114879608154e-01
2.074488252401351929e-02
7.020758390426635742e-01
1.069617033004760742e+00
1.048353075981140137e+00
1.094494573771953583e-02
3.908358514308929443e-01
8.700666017830371857e-03
9.097559750080108643e-02
7.784243822097778320e-01
1.945826560258865356e-01
1.632951647043228149e-01
1.192172203445807099e-04
1.519449055194854736e-02
8.870546817779541016e-01
2.053272426128387451e-01
6.986286640167236328e-01
7.872883677482604980e-01
8.861495852470397949e-01
4.522700607776641846e-01
3.206702768802642822e-01
9.850162267684936523e-01
9.873866438865661621e-01
1.647841036319732666e-01
1.558100879192352295e-01
4.876750111579895020e-01
1.578349433839321136e-02
1.692286729812622070e-01
7.781782187521457672e-03
2.528461515903472900e-01
1.070548370480537415e-01
3.264600178226828575e-03
8.851500460878014565e-04
3.940483927726745605e-02
7.649596035480499268e-02
3.552349284291267395e-02
6.926844120025634766e-01
6.436588168144226074e-01
6.735358834266662598e-01
1.247347798198461533e-02
2.306973487138748169e-01
4.688097238540649414e-01
3.443175181746482849e-02
2.195427566766738892e-02
5.419194698333740234e-01
2.097468227148056030e-01
3.539630677551031113e-03
6.113496422767639160e-02
5.040460228919982910e-01
8.901607245206832886e-02
7.514429092407226562e-02
8.176646232604980469e-01
2.047348916530609131e-01
7.278572916984558105e-01
3.424224555492401123e-01
1.851397752761840820e-01
2.868289947509765625e-01
2.936519682407379150e-02
6.720058917999267578e-01
4.150106105953454971e-03
6.025545597076416016e-01
4.922978878021240234e-01
2.325842976570129395e-01
6.099420785903930664e-01
4.422436058521270752e-01
9.260829091072082520e-01
3.957663774490356445e-01
5.665857791900634766e-01
1.083807110786437988e+00
6.554657220840454102e-01
8.723700046539306641e-02
1.664634048938751221e-01
5.046718716621398926e-01
4.831251204013824463e-01
1.152937114238739014e-01
3.990802168846130371e-02
6.915722489356994629e-01
6.705093383789062500e-01
6.832981705665588379e-01
1.742202937602996826e-01
2.375417351722717285e-01
3.245704770088195801e-01
4.015336036682128906e-01
1.270319968461990356e-01
1.438737362623214722e-01
1.253360062837600708e-01
2.241147309541702271e-02
3.603220582008361816e-01
5.050100386142730713e-03
2.831605374813079834e-01
3.659791350364685059e-01
1.164328336715698242e+00
4.707062244415283203e-01
1.583333909511566162e-01
3.161029815673828125e-01
3.851465880870819092e-01
5.135581493377685547e-01
2.229277491569519043e-01
3.871819376945495605e-01
2.403008788824081421e-01
7.604599813930690289e-04
4.282618465367704630e-04
5.351576805114746094e-01
3.948195576667785645e-01
6.173196434974670410e-02
2.885960638523101807e-01
7.613669335842132568e-02
9.878569282591342926e-03
7.249768972396850586e-01
3.608147427439689636e-02
1.652491390705108643e-01
7.118301391601562500e-01
4.696539044380187988e-01
7.967282533645629883e-01
1.712732762098312378e-01
4.434558451175689697e-01
1.149503588676452637e-01
1.853951252996921539e-02
2.530562579631805420e-01
1.538760215044021606e-01
5.917743444442749023e-01
5.964583754539489746e-01
1.142471469938755035e-02
7.016422748565673828e-01
1.176506280899047852e+00
1.334923901595175266e-03
5.569288134574890137e-01
7.892319560050964355e-02
1.145908981561660767e-01
1.053872823715209961e+00
7.231338024139404297e-01
2.464610040187835693e-01
6.744179725646972656e-01
3.319846987724304199e-01
2.590932846069335938e-01
3.279018402099609375e-01
1.096600480377674103e-02
2.807061970233917236e-01
7.028104662895202637e-01
3.369310870766639709e-02
1.677404195070266724e-01
3.044281601905822754e-01
1.188616305589675903e-01
5.451651290059089661e-03
6.353349685668945312e-01
3.999675810337066650e-02
7.434030771255493164e-01
3.491593301296234131e-01
2.321481704711914062e-01
4.849396347999572754e-01
1.316754333674907684e-02
6.874246001243591309e-01
1.916356682777404785e-01
3.041208982467651367e-01
7.362291812896728516e-01
3.070915583521127701e-03
4.703347980976104736e-01
2.761785984039306641e-01
6.791585683822631836e-01
7.395384311676025391e-01
7.993823289871215820e-01
7.860109806060791016e-01
1.674128230661153793e-03
8.962811529636383057e-02
9.704077243804931641e-02
4.117026329040527344e-01
1.388241201639175415e-01
6.703106164932250977e-01
1.554100494831800461e-02
6.240408420562744141e-01
1.521413326263427734e-01
1.863314658403396606e-01
1.527140755206346512e-02
1.696299314498901367e-01
3.755307793617248535e-01
3.552896976470947266e-01
7.192790508270263672e-01
1.392646972090005875e-02
3.074809210374951363e-03
1.992920297197997570e-04
2.191236764192581177e-01
5.156975239515304565e-02
6.620024144649505615e-02
7.556624710559844971e-03
7.619849406182765961e-03
5.609084367752075195e-01
1.469311211258172989e-02
4.741677641868591309e-02
7.775591611862182617e-01
2.797779738903045654e-01
3.872382268309593201e-02
2.985966205596923828e-01
-0.000000000000000000e+00
-0.000000000000000000e+00
-0.000000000000000000e+00
-0.000000000000000000e+00
-0.000000000000000000e+00
-0.000000000000000000e+00
-0.000000000000000000e+00
-0.000000000000000000e+00
-0.000000000000000000e+00
-0.000000000000000000e+00
-0.000000000000000000e+00
-0.000000000000000000e+00
-0.000000000000000000e+00
-0.000000000000000000e+00
-0.000000000000000000e+00
-0.000000000000000000e+00
-0.000000000000000000e+00
-0.000000000000000000e+00
-0.000000000000000000e+00
-0.000000000000000000e+00
