4.918220341205596924e-01
1.369524374604225159e-02
6.865919232368469238e-01
6.037644576281309128e-03
3.659597411751747131e-02
1.351997070014476776e-02
8.516348004341125488e-01
1.159618616104125977e+00
2.212254330515861511e-03
6.929982900619506836e-01
6.839249730110168457e-01
5.998338460922241211e-01
3.329083323478698730e-02
2.998875081539154053e-01
3.302867116872221231e-05
8.961887797340750694e-04
7.481965585611760616e-04
1.001687161624431610e-02
2.011013577885023551e-07
6.190557498484849930e-03
1.386014901072485372e-05
9.291978180408477783e-02
6.599417924880981445e-01
5.544521263800561428e-04
1.404284834861755371e-01
7.125415802001953125e-01
7.709574674663599581e-06
4.958613426424562931e-04
2.183964625146472827e-06
7.274566087289713323e-06
5.357876580092124641e-05
4.359220620244741440e-03
7.280716090463101864e-05
5.055465698242187500e-01
9.638779610395431519e-02
2.303422391414642334e-01
2.959932200610637665e-03
3.658734494820237160e-03
7.284431252628564835e-03
1.075160056352615356e-01
2.408990985713899136e-04
6.635357737541198730e-01
3.358049392700195312e-01
1.245608180761337280e-01
2.750000567175447941e-05
6.581012625247240067e-03
4.320285916328430176e-01
2.165466174483299255e-02
2.561801346018910408e-03
8.562387526035308838e-02
3.463815432041883469e-03
6.565083265304565430e-01
4.174773664544773055e-07
8.443818427622318268e-03
6.171910762786865234e-01
3.643599152565002441e-02
2.336043110062746564e-07
2.010566741228103638e-01
2.534789089736477763e-08
4.651782035125506809e-07
2.902505686506628990e-03
4.879468679428100586e-01
4.752444922924041748e-01
6.286551360972225666e-04
3.066927092731930315e-05
1.932213278266203815e-09
4.606846570968627930e-01
1.412447988986968994e-01
6.804707197716197697e-08
5.978079861961305141e-04
6.030819416046142578e-01
8.408282697200775146e-02
6.845407485961914062e-01
1.944273151457309723e-02
8.619073778390884399e-03
3.835633769631385803e-02
6.906328797340393066e-01
8.533903383067809045e-06
5.219032764434814453e-01
8.493790626525878906e-01
2.773433364927768707e-02
2.401822656393051147e-01
1.064700856804847717e-01
2.700770437513710931e-06
6.693838629871606827e-03
1.300531672313809395e-03
5.411218479275703430e-02
6.159825716167688370e-05
4.946102499961853027e-01
3.435454345890320837e-06
6.026660092175006866e-03
6.211948930285871029e-04
4.800537973642349243e-02
1.041216492652893066e+00
1.795690855942666531e-03
6.440492272377014160e-01
4.237818131969106616e-07
4.352329671382904053e-02
8.762519806623458862e-02
9.825410088524222374e-04
6.268319557420909405e-04
4.472720320336520672e-05
6.905405223369598389e-02
1.598094254732131958e-01
6.343765258789062500e-01
1.281805168673599837e-07
7.554252147674560547e-01
9.869761997833848000e-04
2.823235467076301575e-03
4.595030077325645834e-06
9.496156871318817139e-02
5.168336443603038788e-03
1.906302291899919510e-03
7.400446385145187378e-02
6.856588125228881836e-01
1.577191724209114909e-04
2.930914924945682287e-04
1.298905408475548029e-05
1.730379997752606869e-03
7.177010178565979004e-01
1.780362595127371605e-06
1.348744030110538006e-03
9.761405635799746960e-06
3.285868465900421143e-02
8.912812918424606323e-02
3.084452450275421143e-01
7.403406243611243553e-08
7.066718935966491699e-01
4.098805366083979607e-04
1.703983843326568604e-01
1.595347202965058386e-05
7.524845004081726074e-02
7.727407602686753307e-11
6.365362405776977539e-01
8.075853656919207424e-07
1.199326012283563614e-03
3.336484776809811592e-03
3.172412887215614319e-02
1.370966674585361034e-05
1.405834882461931556e-05
2.927479147911071777e-02
5.711264610290527344e-01
2.799461968243122101e-02
2.486914582550525665e-02
2.775216102600097656e-02
2.942974306643009186e-02
1.105107716284692287e-03
2.770638275251258165e-06
3.150247037410736084e-01
3.318412927910685539e-05
5.463086366653442383e-01
8.179850131273269653e-02
2.732703023866633885e-07
5.970345437526702881e-02
1.597026139497756958e-01
4.062975058332085609e-04
2.259383350610733032e-01
5.504790544509887695e-01
1.633421927690505981e-01
2.405166924290824682e-06
2.948775363620370626e-04
2.321344436495564878e-05
1.482524930906947702e-05
7.782422006130218506e-02
4.008282267022877932e-04
2.137053115802700631e-06
2.731152810156345367e-02
2.806108295917510986e-01
7.093418836593627930e-01
1.122088953852653503e-01
3.890882730484008789e-01
2.556448876857757568e-01
2.750292769633233547e-04
1.106996423914097250e-04
5.016089926357381046e-05
5.248637869954109192e-03
4.714274406433105469e-02
7.032161951065063477e-01
1.639357954263687134e-01
3.835868835449218750e-02
9.280811995267868042e-02
6.797585487365722656e-01
6.215257644653320312e-01
1.055494546890258789e+00
2.002482942771166563e-04
9.722063623485155404e-06
5.448659509420394897e-02
6.898887753486633301e-01
8.607330528320744634e-05
9.810381698116543703e-07
1.928517245687544346e-03
1.854735245387928444e-07
2.157285809516906738e-03
2.494089024196455284e-08
1.302471900999080390e-06
4.405770450830459595e-03
4.314462095499038696e-02
2.083461140500730835e-06
6.178769096732139587e-02
5.700085312128067017e-02
1.437757611274719238e-01
5.178590305149555206e-03
7.281872327347116425e-11
2.201849565608426929e-05
1.014171540737152100e-02
1.335748354904353619e-03
5.899968073208583519e-06
7.078403830528259277e-01
1.684504127297259402e-07
9.341632127761840820e-01
5.933638931310269982e-06
7.132288217544555664e-01
4.610999021679162979e-04
4.971010237932205200e-02
6.899623274803161621e-01
5.279858708381652832e-01
2.773947082459926605e-03
8.388388232560828328e-05
1.032000618295114691e-08
1.379885361529886723e-05
7.369985723926220089e-06
4.514156579971313477e-01
8.072888704191427678e-06
2.055689692497253418e-01
1.221304555656388402e-04
6.238557100296020508e-01
3.829367415164597332e-06
4.205159470438957214e-02
1.521296799182891846e-01
8.045634604059159756e-05
8.597841486334800720e-03
4.681647567394975340e-07
2.629181544762104750e-04
9.820773811952676624e-07
8.043054491281509399e-03
2.646839618682861328e-01
2.008332312107086182e-02
4.925701618194580078e-01
2.119673229753971100e-02
1.231895657838322222e-05
1.697202324867248535e-01
4.222700297832489014e-01
1.127507537603378296e-01
5.936136245727539062e-01
7.697397843003273010e-03
1.018775074044242501e-04
1.226712083735037595e-05
7.478315637854393572e-07
6.192296743392944336e-02
5.566595064010471106e-06
2.719611302018165588e-02
9.556370059726759791e-05
4.532286897301673889e-02
2.404978204140206799e-06
6.387877464294433594e-01
1.069314256310462952e-01
1.240973174571990967e-02
3.373868465423583984e-01
2.120125293731689453e-01
3.304015612229704857e-03
2.017997018992900848e-02
2.354460582137107849e-02
2.373020648956298828e-01
3.102724440395832062e-05
5.943718831986188889e-03
4.293424263596534729e-02
3.849999484373256564e-05
2.277740277349948883e-02
1.922936178743839264e-02
8.891353011131286621e-02
2.597028315067291260e-01
1.101305246353149414e+00
7.322478722926462069e-06
7.126420736312866211e-02
2.910576574504375458e-02
2.132876716132159345e-06
6.223322998266667128e-05
6.072415113449096680e-01
3.577603101730346680e-01
5.311272252583876252e-05
8.634909172542393208e-04
1.162946064141578972e-04
1.341838418156271473e-09
9.560216567479074001e-04
1.081062480807304382e-03
3.850360226351767778e-04
4.730001091957092285e-02
7.802523672580718994e-02
1.967990770936012268e-02
2.293072082102298737e-02
2.745299339294433594e-01
1.729400455951690674e-02
6.887252368414920056e-08
2.687498554587364197e-02
8.484990394208580256e-05
8.357518911361694336e-01
4.721512794494628906e-01
1.120583419833565131e-06
3.522612750530242920e-01
8.686780347488820553e-06
2.819740038830786943e-04
4.540053196251392365e-03
6.900342106819152832e-01
3.519226238131523132e-02
2.363876701565459371e-04
6.167649105191230774e-02
9.527000784873962402e-02
3.653112344181863591e-06
4.957124590873718262e-01
4.129147419007495046e-05
4.696361720561981201e-01
4.858199357986450195e-01
6.421647412935271859e-05
4.145464859902858734e-03
6.785221397876739502e-03
3.788556968142842152e-10
7.390664815902709961e-01
1.669420301914215088e-02
1.158974846475757658e-04
2.854664444384980015e-06
6.579472392331808805e-05
8.291191421449184418e-03
9.310293244197964668e-04
5.647578655043616891e-05
7.038636207580566406e-01
2.433223417028784752e-04
1.419719865225488320e-05
1.423350274562835693e-01
3.052761405706405640e-02
3.456065058708190918e-01
6.149365901947021484e-01
5.013161897659301758e-01
1.092436505700788985e-07
2.223167250292590325e-08
7.277190685272216797e-01
3.691256097226869315e-06
1.857886463403701782e-01
1.606610044836997986e-02
3.255568444728851318e-03
5.164248347282409668e-01
2.056067576631903648e-03
1.824925690889358521e-01
1.891864265246567811e-08
9.207390394294634461e-05
6.400766223669052124e-02
6.457441031670896336e-06
6.882585883140563965e-01
5.389853194355964661e-02
2.492527018116419413e-12
5.702253247363842092e-07
1.423231363296508789e-01
1.543342295917682350e-05
3.784796945183188654e-06
2.356606572866439819e-01
3.987734817201271653e-05
5.720302942791022360e-05
7.184716463088989258e-01
5.165771290194243193e-05
1.290458720177412033e-02
1.825769096612930298e-01
7.239929437637329102e-01
8.246497251093387604e-03
1.313495886279270053e-05
1.567329803719985648e-07
2.878578007221221924e-01
2.408456057310104370e-04
6.984679400920867920e-02
4.070992469787597656e-01
1.249878067710596952e-07
6.473352909088134766e-01
6.574071645736694336e-01
4.521743903751485050e-06
2.785451710224151611e-01
1.742163114249706268e-02
3.270570203550704491e-10
5.228216195973800495e-06
7.107439916580915451e-03
1.335748354904353619e-03
6.922570466995239258e-01
6.364399450831115246e-04
8.711008803174991044e-09
2.291609125677496195e-04
2.075029570391961897e-08
4.325405880808830261e-02
6.948338355869054794e-03
1.733232289552688599e-01
1.447015255689620972e-01
1.977829015231691301e-06
1.288721449554941501e-07
7.306285947561264038e-02
7.030747830867767334e-03
3.725202055647969246e-03
5.724050998687744141e-01
1.820733159547671676e-04
7.109074431355111301e-06
7.313669193536043167e-04
1.636589149711653590e-04
3.519915975630283356e-03
1.840883498971379595e-07
1.525400322861969471e-03
4.251339851180091500e-05
1.429731249809265137e-01
1.340825692750513554e-04
9.934587869793176651e-04
6.148659586906433105e-01
5.995231121778488159e-02
1.214484453201293945e+00
2.021512045757845044e-04
3.405967950820922852e-01
1.685920869931578636e-03
1.217582030221819878e-05
2.218130044639110565e-02
3.017669769178610295e-06
6.310456991195678711e-01
2.827215194702148438e-01
1.076402589678764343e-01
6.166529059410095215e-01
2.143504040930110932e-09
2.369174510240554810e-01
8.823353159215230335e-10
3.080705739557743073e-02
3.663657698780298233e-03
4.854853264987468719e-03
9.874012321233749390e-02
6.714119911193847656e-01
1.210403279401361942e-03
4.428648480825359002e-06
9.079749725060537457e-05
2.217189641669392586e-03
5.570358480326831341e-04
2.538867993280291557e-04
3.454776015132665634e-05
5.998059350531548262e-05
1.537906064186245203e-05
6.836921572685241699e-01
3.680597245693206787e-01
2.870558574795722961e-02
6.509713530540466309e-01
2.103387862443923950e-01
8.801845908164978027e-01
8.032484765863046050e-05
1.664382517337799072e-01
1.684084236330818385e-05
1.282654330134391785e-02
6.038175779394805431e-04
2.723577991127967834e-02
2.010131441056728363e-02
6.277326494455337524e-02
2.119124829769134521e-01
5.306832958012819290e-03
7.613216340541839600e-02
8.545308373868465424e-03
5.640237721316054831e-10
7.343370816670358181e-05
3.373201470822095871e-04
5.209216169532737695e-07
8.702848851680755615e-02
1.664202318352181464e-05
6.636191606521606445e-01
7.244298700243234634e-03
3.648413717746734619e-01
4.362010862678289413e-03
3.287767924575746292e-07
2.896609529852867126e-02
4.441128567123087123e-06
1.475020051002502441e-01
1.073114513916451074e-10
8.208132386207580566e-01
4.388064553495496511e-06
1.292730798013508320e-03
4.541970789432525635e-02
5.958423614501953125e-01
4.807792305946350098e-01
1.208989441892072136e-08
2.833529114723205566e-01
4.536276719591114670e-06
2.984202884803721645e-09
8.971427381038665771e-02
5.715312361717224121e-01
2.259320467710494995e-01
3.243292123079299927e-02
3.632530081176810199e-07
2.057533711194992065e-02
7.293081143870949745e-04
6.440492272377014160e-01
1.477274112403392792e-02
1.294074356555938721e-01
1.549590961076319218e-03
2.190862596035003662e-01
1.910986145958304405e-03
6.758607923984527588e-02
1.973890662193298340e-01
1.821905258111655712e-03
1.466276682913303375e-02
6.949250102043151855e-01
3.824440568678255659e-07
1.796332895755767822e-01
2.244847109977854416e-06
2.904657594626769423e-05
1.141748274676501751e-03
2.338065765798091888e-02
1.024468690156936646e-01
1.066904783248901367e+00
1.090918794943718240e-05
2.668565502972342074e-05
2.591634867712855339e-03
4.400915503501892090e-01
1.201825565658509731e-03
2.013991121202707291e-03
1.318328628485687659e-07
6.572209298610687256e-02
6.997296004556119442e-04
4.542339593172073364e-04
3.023253055289387703e-03
1.455600722692906857e-04
1.689927557890769094e-06
6.256759911775588989e-02
3.187924027442932129e-01
6.034132838249206543e-01
3.041725540242623538e-05
5.246660350621823454e-08
4.333596734795719385e-04
8.485932350158691406e-01
5.707613672711886466e-05
1.724902689456939697e-01
5.162883922457695007e-02
9.268903173506259918e-03
2.304467125213705003e-05
6.919003725051879883e-01
6.699571609497070312e-01
2.243902144982712343e-06
1.378634246066212654e-03
1.605632714927196503e-02
4.786362349987030029e-01
7.623843383044004440e-03
4.189270548522472382e-03
1.492923777550458908e-02
1.946866326034069061e-02
3.838248630927409977e-06
2.383386157453060150e-02
4.298690259456634521e-01
2.342132598975865676e-10
4.612916768564900849e-07
3.617772758007049561e-01
1.634455060184336617e-08
1.706117391586303711e-02
2.792596060317009687e-04
5.639657378196716309e-03
3.126367573713650927e-07
1.348842488368973136e-04
6.023306250572204590e-01
9.585767053067684174e-03
1.689093915047124028e-04
8.918940693547483534e-06
6.799460970796644688e-05
1.993101614061743021e-04
7.104628086090087891e-01
5.878034234046936035e-02
3.215286135673522949e-01
8.030245662666857243e-04
3.721657991409301758e-01
5.185738801956176758e-01
6.618931889533996582e-01
1.421861043127137236e-06
1.674159616231918335e-02
1.940697617828845978e-02
1.490303780883550644e-03
1.088951379060745239e-01
3.821481764316558838e-02
2.028070762753486633e-02
1.194339916110038757e-01
2.936876444437075406e-05
6.773905754089355469e-01
9.702447277959436178e-05
2.440266939629509579e-07
3.303568689716485096e-07
2.828105749586029560e-09
1.707150421026426557e-09
1.784051954746246338e-01
4.245322942733764648e-02
6.592717766761779785e-02
6.710495352745056152e-01
1.861156970262527466e-01
5.326194223016500473e-04
7.323278486728668213e-02
1.171076291939243674e-06
1.071185397449880838e-05
2.401186851784586906e-03
9.919956937665119767e-05
5.483413860201835632e-02
1.354879816062748432e-03
5.971045494079589844e-01
5.128827691078186035e-01
6.123043894767761230e-01
3.543430566787719727e-01
3.895465657114982605e-02
9.808216243982315063e-02
2.135769277811050415e-02
1.884557714220136404e-04
7.650913000106811523e-01
6.448481872212141752e-05
4.614935722202062607e-03
3.387458855286240578e-04
5.086513757705688477e-01
8.734315633773803711e-01
2.272822603117674589e-04
1.906170946313068271e-04
1.838999092578887939e-01
6.348496079444885254e-01
3.636422157287597656e-01
6.278574466705322266e-01
4.158101801294833422e-04
6.656873301835730672e-05
1.945250405697152019e-04
4.775185510516166687e-02
9.879263961920514703e-05
3.343173265457153320e-01
3.736075758934020996e-02
9.048047475516796112e-03
6.809025308029958978e-07
1.326892379438504577e-05
5.063126683235168457e-01
1.347253055428154767e-05
4.867786541581153870e-02
4.669933579862117767e-03
4.857488420384470373e-07
7.842420041561126709e-02
2.019720384851098061e-03
5.948854209236742463e-07
5.221147537231445312e-01
4.766083061695098877e-01
3.286095306975767016e-05
2.069762675091624260e-03
1.045459648594260216e-03
2.961769141052172927e-08
5.956327659077942371e-04
4.163447022438049316e-01
5.770426988601684570e-02
1.172458541986998171e-05
7.693799489061348140e-06
1.142147812061011791e-04
6.001189351081848145e-01
2.067493647336959839e-02
7.146219722926616669e-03
2.064838481601327658e-04
2.891693636775016785e-02
1.577348411083221436e-01
4.544915282167494297e-05
1.476793443089263747e-07
2.841379227902507409e-06
1.345421338783125975e-07
3.924058660231821705e-07
1.055314322002232075e-03
1.664207316935062408e-02
6.685610860586166382e-04
2.559806944191223010e-07
3.770694693983056567e-13
1.230858197232009843e-05
1.751022064127027988e-04
5.372152008931152523e-05
2.191119939088821411e-01
5.659066438674926758e-01
2.061948738992214203e-02
5.733346100896596909e-03
7.735355757176876068e-03
2.334155055905284826e-07
3.307450970169156790e-05
6.166203022003173828e-01
4.754943802254274487e-06
2.229993924629525281e-06
4.405770450830459595e-03
1.257938891649246216e-02
7.789426308590918779e-05
1.298918873071670532e-01
7.760338950902223587e-03
1.237483620643615723e-01
8.467037230730056763e-03
1.599575430154800415e-01
3.467660462774801999e-06
1.854899106547236443e-03
1.933601936343620764e-07
1.158096641302108765e-01
3.610056266188621521e-02
2.025831463470240124e-06
4.227671027183532715e-01
3.753820201382040977e-04
4.062282666563987732e-02
1.308427017647773027e-04
1.156586259603500366e-01
1.439890183974057436e-05
3.346843719482421875e-01
5.978773534297943115e-02
1.425614058971405029e-01
3.255105548305436969e-05
1.250350382179021835e-03
5.253176670521497726e-03
6.129625439643859863e-01
4.917570576071739197e-02
1.813978888094425201e-02
4.580521562047579209e-08
1.240934125235071406e-05
1.119712469517253339e-04
5.712373852729797363e-01
3.814612030982971191e-01
3.845846752170700711e-09
6.937006711959838867e-01
4.575085639953613281e-02
1.508325897157192230e-02
3.361164999660104513e-05
3.590922337025403976e-03
1.603334567334968597e-07
6.925742468411044683e-08
1.531367283314466476e-02
5.876581781194545329e-05
3.525345819070935249e-04
8.036070503294467926e-03
1.032000618295114691e-08
2.945635914802551270e-01
9.235574225385789759e-07
4.099443182349205017e-02
3.804860593259462576e-11
1.465657725930213928e-03
1.514422809378856982e-09
1.133037172257900238e-02
5.874133421457372606e-05
1.501968801021575928e-01
5.178590305149555206e-03
8.533903383067809045e-06
2.789833217775594676e-07
7.077267218846827745e-05
3.843240961032279301e-07
5.934094815529533662e-07
1.063988208770751953e-01
6.188538074493408203e-01
1.062608435750007629e-01
2.731152810156345367e-02
1.319798827171325684e-01
1.283430904150009155e-01
5.572948455810546875e-01
1.539064542157575488e-04
9.643867088016122580e-06
3.299462199211120605e-01
6.899958848953247070e-01
4.720144867897033691e-01
2.591056909295730293e-05
9.791448292162385769e-07
1.006113365292549133e-02
2.595789032056927681e-03
7.658300455659627914e-03
2.640830189193366095e-06
3.852757811546325684e-02
1.141120628744829446e-05
1.938914920174283907e-06
8.598150312900543213e-02
6.031108554452657700e-03
4.735783295473083854e-05
9.139492613030597568e-05
2.773433364927768707e-02
1.293923332923441194e-07
7.172437790359253995e-07
2.056823819875717163e-01
1.522435923106968403e-05
2.250736770292860456e-06
8.703050843905657530e-05
1.577191724209114909e-04
6.411805748939514160e-02
8.322636131197214127e-05
1.381239853799343109e-02
5.374833199311979115e-05
9.671725565567612648e-04
9.495981782674789429e-02
1.427022856660187244e-03
7.481366395950317383e-03
6.932497024536132812e-01
2.011838660109788179e-06
4.462853074073791504e-01
1.797450408957956824e-06
3.078632950782775879e-01
9.928320534527301788e-03
6.235195994377136230e-01
1.651517595746554434e-05
3.149809708702377975e-05
5.523447990417480469e-01
1.630878634750843048e-02
4.532286897301673889e-02
4.889655113220214844e-01
1.093439932446926832e-04
2.806108295917510986e-01
5.311075947247445583e-04
3.358266055583953857e-01
1.331186012976104394e-05
8.516711886841221713e-07
3.066927092731930315e-05
1.233750517712906003e-04
6.898887753486633301e-01
1.296612899750471115e-03
1.703983843326568604e-01
1.910115778446197510e-01
2.356503345072269440e-02
4.925796019961126149e-05
5.072167888283729553e-02
2.478581336617935449e-05
6.251774721022229642e-06
6.675150245428085327e-03
4.359220620244741440e-03
2.328023818165547709e-08
2.324249362573027611e-04
9.894552081823348999e-02
1.043600030243396759e-03
3.433848172426223755e-02
2.439541667699813843e-01
2.812683815136551857e-04
6.343765258789062500e-01
7.936822175979614258e-01
4.205159470438957214e-02
1.030358180287294090e-05
2.254570972581859678e-05
7.309556007385253906e-03
1.509977591922506690e-04
2.291238866746425629e-03
1.246519270353019238e-03
8.374781464226543903e-05
1.857732087373733521e-01
7.215579152107238770e-01
5.998338460922241211e-01
8.221759344451129436e-05
2.255329127365257591e-05
8.831417653709650040e-04
6.949197850190103054e-04
7.127104327082633972e-04
1.080608814954757690e-01
6.683172583580017090e-01
2.516086585819721222e-02
9.721994400024414062e-02
1.041604205965995789e-03
1.558888584440865088e-06
6.721575260162353516e-01
3.840016725007444620e-04
3.406884148716926575e-02
5.428143963217735291e-02
6.804707197716197697e-08
7.883144617080688477e-01
3.500228226184844971e-01
1.417903695255517960e-05
3.931482694952137535e-08
2.678516902960836887e-04
6.763190627098083496e-01
1.415460104681187659e-07
2.013553739743656479e-06
3.317178692668676376e-03
6.161080091260373592e-04
3.612168133258819580e-02
3.486855030059814453e-01
3.998593892902135849e-03
4.011760950088500977e-01
1.459996588528156281e-02
8.422989631071686745e-04
1.494330062996596098e-04
5.294981971383094788e-02
7.504565715789794922e-01
6.763049364089965820e-01
3.133652359247207642e-02
3.393003642559051514e-01
6.473794833539159299e-09
7.237378740683197975e-04
8.655681274831295013e-03
6.428391672670841217e-03
6.442691087722778320e-01
6.500072479248046875e-01
1.350688049569725990e-03
2.894080877304077148e-01
6.933386921882629395e-01
6.565083265304565430e-01
4.605683088302612305e-01
2.439037643853225745e-06
8.630995289422571659e-04
4.225324094295501709e-01
1.362532839266350493e-05
1.970462035387754440e-04
1.215165615081787109e+00
3.226276254281401634e-03
9.991919249296188354e-02
5.117587447166442871e-01
7.067918777465820312e-01
5.965211391448974609e-01
3.329266794025897980e-03
2.200080603361129761e-01
1.031908243894577026e-01
5.438195876195095479e-05
5.576640367507934570e-01
9.444941580295562744e-02
2.006147769861854613e-05
2.903428394347429276e-04
8.708774657861795276e-06
9.738805238157510757e-04
6.548258662223815918e-01
3.474529366940259933e-04
6.905890107154846191e-01
1.503375096945092082e-04
2.439332747599110007e-04
4.433863982558250427e-02
2.414155518636107445e-03
2.505159354768693447e-04
3.801408165600150824e-04
1.185712055303156376e-03
6.878030952066183090e-03
5.882731638848781586e-04
4.807756841182708740e-01
1.128321066498756409e-01
7.478315637854393572e-07
2.120639841507454548e-08
9.519375453237444162e-05
4.303280547901522368e-06
9.429650902748107910e-01
1.693095895461738110e-03
5.248637869954109192e-03
3.290755674242973328e-02
5.749627947807312012e-01
6.322603439912199974e-06
8.388388232560828328e-05
3.614714951254427433e-04
4.199646878987550735e-03
2.881047427654266357e-01
1.673449873924255371e-01
5.823173001408576965e-02
5.165174137800931931e-03
1.497702598571777344e-01
1.026873104274272919e-02
2.949932813644409180e-01
5.134342703968286514e-03
5.436003804206848145e-01
6.931869387626647949e-01
2.412895992165431380e-04
2.563135349191725254e-04
9.488717296335380524e-06
4.686096683144569397e-02
2.193185267969965935e-03
1.858618681183088484e-08
3.526707291603088379e-01
4.487744718062458560e-06
7.176140206865966320e-05
2.121876023011282086e-04
2.157285809516906738e-03
3.973163131831825012e-07
1.201778741233283654e-05
5.167686380445957184e-03
3.720440727192908525e-04
1.554678469295467380e-10
4.342835396528244019e-03
6.887598037719726562e-01
2.437980583636090159e-05
1.181997358798980713e-03
1.698228120803833008e-01
9.348229923489270732e-08
6.451961994171142578e-01
6.362059502862393856e-05
1.153347111539915204e-04
3.208988159894943237e-02
8.173855349014047533e-06
1.233858987689018250e-01
1.001624041236937046e-03
5.125925213178561535e-07
1.546526846141205169e-06
2.745831571519374847e-02
9.827959246422324213e-08
2.170708512494456954e-06
5.230530165135860443e-03
2.717141069297213107e-05
1.764158878359012306e-05
3.062405288219451904e-01
5.236083269119262695e-02
5.000264570116996765e-02
1.824377328157424927e-01
7.085394859313964844e-01
3.371080849319696426e-03
2.840891113464749651e-07
1.697734842309728265e-05
1.226861728355288506e-03
8.426130516454577446e-04
1.421766579151153564e-01
3.640641272068023682e-01
1.600314863026142120e-02
5.504391156136989594e-04
2.235562307760119438e-03
5.080698756501078606e-04
2.252684533596038818e-01
4.368376539787277579e-05
3.686989098787307739e-02
6.414483189582824707e-01
5.307863354682922363e-01
2.892778813838958740e-02
8.279727399349212646e-02
6.514649139717221260e-04
2.448734303470700979e-04
2.119673229753971100e-02
8.782139945817668547e-12
1.118267998099327087e-01
8.475762791931629181e-03
5.311272252583876252e-05
3.249499201774597168e-01
2.670220099389553070e-02
1.686576979409437627e-05
1.918140924317413010e-06
1.076466031372547150e-02
8.169831708073616028e-03
5.300252610140887555e-07
8.395703043788671494e-04
1.214122130477335304e-05
1.105107716284692287e-03
5.373513704398646951e-05
1.351471437374129891e-04
2.792957047859090380e-07
3.718446493148803711e-01
5.240901373326778412e-03
2.299753305123886093e-06
4.163811355829238892e-02
2.978261909447610378e-04
1.619559130631387234e-03
4.492179155349731445e-01
1.318420842289924622e-02
6.118120654718950391e-05
2.548051178455352783e-01
2.094383388757705688e-01
1.674551299402082805e-06
6.472340822219848633e-01
5.304968908603768796e-06
2.525539509952068329e-02
1.630140031920745969e-04
4.824247753276722506e-06
8.720689947949722409e-05
1.004253572318702936e-04
1.808082452043890953e-04
6.424493156373500824e-03
1.807601051950769033e-06
5.904809236526489258e-01
3.894791007041931152e-05
5.789231727248989046e-05
4.510226249694824219e-01
1.572217556145005801e-08
5.411218479275703430e-02
6.271207332611083984e-01
6.214535329490900040e-03
1.157133802771568298e-01
2.787035482469946146e-04
6.387877464294433594e-01
1.082178577780723572e-02
5.815005579279386438e-07
1.521296799182891846e-01
1.129386015236377716e-02
4.078606516122817993e-02
3.049817308783531189e-02
1.567503958940505981e-01
7.087281119311228395e-06
9.464232921600341797e-01
9.341632127761840820e-01
3.658734494820237160e-03
5.081132985651493073e-03
3.456314880168065429e-05
1.544130295515060425e-01
3.896310031414031982e-01
3.187049329280853271e-01
9.229657007381320000e-04
2.518552821129560471e-03
3.287717700004577637e-01
6.940732127986848354e-04
4.443195848580216989e-06
2.194315195083618164e-02
4.658811958506703377e-04
2.521176356822252274e-03
3.296932845842093229e-04
5.822201371192932129e-01
6.592943072319030762e-01
1.385231595486402512e-02
2.547051385045051575e-02
1.472666510380804539e-03
3.890800508088432252e-05
2.401822656393051147e-01
3.083913354203104973e-03
5.016089926357381046e-05
5.578106538450811058e-06
5.449894160847179592e-06
2.789193422358948737e-05
5.537739396095275879e-02
4.763820470543578267e-05
1.671648025512695312e-02
6.790451407432556152e-01
4.997973330318927765e-03
1.892817616462707520e-01
1.045025214552879333e-01
2.271859049797058105e-01
3.415141520690667676e-07
9.229053830495104194e-06
1.630294471979141235e-01
8.711352944374084473e-02
4.570506811141967773e-01
5.933638931310269982e-06
8.958472790254745632e-06
3.799227415584027767e-04
4.986114799976348877e-04
1.547102001495659351e-04
1.078992397651745705e-07
6.468067169189453125e-01
7.662907808292374057e-11
1.212882041931152344e+00
6.811607363488292322e-06
3.045810714752406057e-09
2.067245125081385027e-10
1.857981324349111674e-09
2.917438512994863231e-10
1.206854603232054846e-12
4.551561261223469046e-08
2.336043110062746564e-07
5.476138539961539209e-06
1.899120999349079852e-10
1.310749894400942139e-06
2.768900628780102124e-07
2.381775120738893747e-04
3.047545324079692364e-04
3.940285751014016569e-07
8.929783348321507219e-07
2.183890899232210359e-07
2.178205410018563271e-03
3.397677916794350494e-09
1.569245711152689182e-08
1.152660232037305832e-03
2.444668552925577387e-06
8.446451147392508574e-07
2.065991475119766108e-11
2.092506790063453082e-08
2.331232025198914926e-07
2.580340385804902326e-08
1.002307635644683614e-05
1.386575521067356931e-09
4.109832923859357834e-03
8.307176176458597183e-05
8.275405605218111305e-08
8.977746620075777173e-05
6.727457479982490440e-10
4.370578621237797279e-10
2.349729038542136550e-04
4.216864510908635566e-07
8.762430661590769887e-05
1.744670008463344857e-08
4.243819162752515695e-08
3.372253445377282333e-07
1.704033442129215814e-10
1.733235512801911682e-05
8.697549998760223389e-02
5.813677872446021411e-10
8.490051754961314145e-07
2.811390368151478469e-05
6.259005402853290434e-08
2.171964830210981745e-08
2.924475438703666441e-06
1.830597184948601353e-08
1.856444997727635382e-09
4.318891022592197260e-09
5.681012943387031555e-02
2.120863180607557297e-03
1.276041530218208209e-07
1.861884258687496185e-03
4.929214014737226535e-07
2.819478766014071880e-07
1.337390131084248424e-05
7.197817467385903001e-06
9.050269909494090825e-06
5.705314106307923794e-05
7.056898176927006716e-09
3.491067843697237549e-07
9.707300067940405341e-12
2.155289706706753350e-07
4.521795560208374809e-08
1.947474174812668934e-06
8.126828654475559688e-10
5.075508397567318752e-06
1.419858564055687111e-09
1.506780672455576564e-10
5.738849722547456622e-05
1.645247671433480718e-08
1.129632845597861035e-11
6.032634377479553223e-01
1.383652481479202834e-08
2.761760950088500977e-01
9.091105823699763278e-08
5.903174269406008534e-07
1.179607897938694805e-05
2.768029805366722940e-09
2.048762780759716406e-06
6.561698739915300393e-08
8.684396561875473708e-06
5.762602090835571289e-01
5.448943702504038811e-04
3.672874413496174384e-07
1.395840387719005093e-10
1.895495671533353743e-08
1.214960429933853447e-04
3.918499136279507411e-10
2.933754217337991577e-07
1.444782640191988321e-07
1.141568688467486936e-07
3.494874363241251558e-06
5.559235205510049127e-08
7.217990059871226549e-05
3.516628410693556361e-08
6.733247293055910632e-10
1.589778406696495949e-07
2.717500535709405085e-07
8.456993327854434028e-09
7.031574100255966187e-02
3.710298734915795649e-10
1.572217556145005801e-08
7.847273195693560410e-07
8.795655048743356019e-07
2.011830479986542741e-09
2.732703023866633885e-07
1.196100250094866979e-11
1.101562171243131161e-03
2.331510040676221251e-05
2.210727823026559236e-09
2.025611232966184616e-03
4.203393744184324987e-10
2.783927619457244873e-01
2.499389140098173812e-09
7.667027261959447060e-07
1.099356872202861268e-08
3.244017018005251884e-03
4.333479797224981667e-09
4.945929050445556641e-01
9.861794580956484424e-08
4.308456027501961216e-07
1.206709130201488733e-04
1.930346507639235654e-11
9.681697702035307884e-05
1.066190153360366821e-01
1.257935655303299427e-03
2.407159627182409167e-07
4.397001703182468191e-06
5.268537961455876939e-08
3.281487295225815615e-07
2.782012620272666936e-09
2.087880757173365964e-09
4.482255098992027342e-05
4.606550252361785169e-09
3.764344437513500452e-04
5.382588715292513371e-04
3.087976452320617682e-08
7.213452045107260346e-05
4.914899818686535582e-06
1.083479972407985770e-10
6.901798187755048275e-04
3.332776250317692757e-04
1.095189043620603542e-11
2.015694917645305395e-06
3.085337579250335693e-03
5.169220094103366137e-05
1.089202046394348145e+00
6.590735956990556588e-09
9.281218808609992266e-06
1.013424844131805003e-05
4.078418896824587137e-06
4.200678959023207426e-04
2.546856592289259424e-08
2.679123838333907770e-07
1.294822737918366329e-08
1.966812712694832044e-09
1.100075769500108436e-05
3.671770173241384327e-06
3.037608209410791460e-08
3.343814558576241325e-09
1.160902751706771596e-08
1.939401496201753616e-03
1.803165758929026197e-07
8.689170936122536659e-04
6.727486567825735619e-09
2.238762751221656799e-02
1.825904860197624657e-06
2.358560095672146417e-06
4.918362250805330405e-08
6.741246449948334885e-10
1.601789700877986888e-09
4.368376539787277579e-05
6.854061211924999952e-07
1.062584020772305848e-09
8.487784780575324817e-11
7.859757147343771067e-07
6.989166140556335449e-04
9.127106750383973122e-06
9.336218020905562298e-09
1.278414529792826215e-08
3.447286871960386634e-05
2.245880523332743905e-06
1.286714978050440550e-04
1.296419505081303214e-08
2.610204603570309700e-07
3.388619940203341230e-11
4.957469552755355835e-02
8.407435529989015777e-07
2.761397555062217180e-09
1.410042052157223225e-03
1.910219490528106689e-01
2.482383024471346289e-06
4.749459624290466309e-01
4.882460302724211942e-07
6.081073145036697269e-12
2.311030256052504228e-09
1.639850495394057361e-07
2.659856136233429424e-06
3.469964667601743713e-06
4.305014300598486443e-08
2.313490483629720984e-07
2.178917156925308518e-06
4.632534569282142911e-07
2.260607434436678886e-03
2.174649125663563609e-05
2.632685038861382054e-07
3.125968817130342359e-08
1.486557630414608866e-05
9.110480192475733929e-08
5.812051822431385517e-04
3.937209385185269639e-06
1.808128217817284167e-05
5.303070793161168694e-06
4.697913391282781959e-05
6.936818408576073125e-07
2.580232774107571458e-07
1.853273801089017070e-08
2.261787868107489885e-09
3.192586154909804463e-05
8.607371710240840912e-04
6.535189278622510756e-09
7.861129347475070972e-08
1.099494602385675535e-05
5.849330591445323080e-06
2.591784777905559167e-06
7.028997117686230922e-08
1.125905618737377267e-10
9.522977285087108612e-03
1.693019613391300027e-10
7.456814188344651484e-08
4.814708276512646989e-08
3.768364535972068552e-07
5.149552453076466918e-05
7.641847224459930032e-12
1.010826089498095826e-08
5.748163403040962294e-07
1.180517792818136513e-04
4.579629475642832404e-08
6.564285159111022949e-01
3.921153256669640541e-05
1.328003592789173126e-03
6.091913674026727676e-04
5.640237721316054831e-10
5.797480791807174683e-02
3.158644734657656272e-10
3.168647566553772776e-08
5.413543931354070082e-06
3.440062748268246651e-03
2.600664856799994595e-07
3.799756086664274335e-06
2.218361487393849529e-06
7.417304459522711113e-06
6.677738362270702055e-10
6.236177085838789935e-08
3.463822793037252268e-07
3.597515840780829421e-09
4.838929701378447135e-09
3.407062195037724450e-06
5.609681466012261808e-05
3.279926943378086435e-07
1.314062159508466721e-03
2.331519453946384601e-06
1.833339240420173155e-07
1.137219078373163939e-04
8.905657722380055930e-08
1.198638788224570817e-08
4.107031971216201782e-03
1.693407725156248489e-08
3.097098577597989788e-09
5.407701308968171361e-08
4.523210694884483019e-09
4.599842429161071777e-01
2.065966278314590454e-02
2.080698894429966472e-13
6.735009700059890747e-02
1.407021135091781616e-01
8.493428677320480347e-02
3.055832848986028694e-07
2.299079113754487480e-07
2.494089024196455284e-08
5.221595529292244464e-07
1.927229762077331543e-01
2.521357771456678165e-07
1.613791411614329263e-08
4.048417601154596923e-09
1.275133399758487940e-04
3.150892443954944611e-03
9.810381698116543703e-07
1.052309526130557060e-04
1.286572093306403985e-08
7.422237396240234375e-01
2.774249423964647576e-06
2.824857014971371427e-10
7.018639891498423822e-09
7.052744877000804991e-08
5.532745035452535376e-07
6.364487409591674805e-01
2.322655916486837668e-07
2.103381646634261415e-08
-0.000000000000000000e+00
-0.000000000000000000e+00
-0.000000000000000000e+00
-0.000000000000000000e+00
-0.000000000000000000e+00
-0.000000000000000000e+00
-0.000000000000000000e+00
-0.000000000000000000e+00
-0.000000000000000000e+00
-0.000000000000000000e+00
-0.000000000000000000e+00
-0.000000000000000000e+00
-0.000000000000000000e+00
-0.000000000000000000e+00
-0.000000000000000000e+00
-0.000000000000000000e+00
-0.000000000000000000e+00
-0.000000000000000000e+00
-0.000000000000000000e+00
-0.000000000000000000e+00
-0.000000000000000000e+00
-0.000000000000000000e+00
-0.000000000000000000e+00
-0.000000000000000000e+00
-0.000000000000000000e+00
-0.000000000000000000e+00
-0.000000000000000000e+00
-0.000000000000000000e+00
-0.000000000000000000e+00
-0.000000000000000000e+00
-0.000000000000000000e+00
-0.000000000000000000e+00
-0.000000000000000000e+00
-0.000000000000000000e+00
-0.000000000000000000e+00
-0.000000000000000000e+00
-0.000000000000000000e+00
-0.000000000000000000e+00
-0.000000000000000000e+00
-0.000000000000000000e+00
