6.601368077099323273e-04
5.895832553505897522e-03
3.971871361136436462e-02
6.540737152099609375e-01
1.298902630805969238e-01
6.765050292015075684e-01
5.942171812057495117e-01
6.916854381561279297e-01
4.051303490996360779e-02
2.160150557756423950e-01
4.512966144829988480e-03
3.391027450561523438e-01
4.832058846950531006e-01
6.634073257446289062e-01
9.123326092958450317e-02
2.555027604103088379e-01
4.221221208572387695e-01
4.102132748812437057e-03
2.542624995112419128e-02
6.216737031936645508e-01
6.667558550834655762e-01
3.003681302070617676e-01
3.989168405532836914e-01
2.861220538616180420e-01
4.631034657359123230e-02
9.765221178531646729e-02
1.963802725076675415e-01
4.427836835384368896e-01
6.551882624626159668e-01
3.839132562279701233e-02
1.624593287706375122e-01
3.623695373535156250e-01
4.568039178848266602e-01
6.823673844337463379e-01
1.439094394445419312e-01
2.553897351026535034e-02
1.729234755039215088e-01
5.862081050872802734e-01
7.728598713874816895e-01
2.317635118961334229e-01
6.380434334278106689e-02
8.704845793545246124e-03
1.277499198913574219e-01
6.615597605705261230e-01
6.523007154464721680e-01
6.919446587562561035e-01
3.724799752235412598e-01
9.566658735275268555e-01
9.154677391052246094e-03
2.900725603103637695e-01
1.477122157812118530e-01
2.260017991065979004e-01
5.491805672645568848e-01
1.045796051621437073e-01
1.554633583873510361e-02
7.881008982658386230e-01
4.134059548377990723e-01
4.156494438648223877e-01
2.325661778450012207e-01
5.709962248802185059e-01
5.067971944808959961e-01
9.256122261285781860e-02
4.704253375530242920e-02
1.333891227841377258e-02
1.344750523567199707e-01
6.008724570274353027e-01
1.016212906688451767e-02
2.580087482929229736e-01
7.394380569458007812e-01
7.726691365242004395e-01
4.813839793205261230e-01
3.515784144401550293e-01
2.554707825183868408e-01
3.979893326759338379e-01
2.807174921035766602e-01
2.751882076263427734e-01
1.035395383834838867e+00
7.010607123374938965e-01
2.403824478387832642e-01
6.930279135704040527e-01
4.710456356406211853e-03
2.528814077377319336e-01
6.627463102340698242e-01
4.587507843971252441e-01
3.346108794212341309e-01
1.867588609457015991e-01
2.400979548692703247e-01
1.042269244790077209e-01
2.342729270458221436e-01
3.520794212818145752e-03
3.312997817993164062e-01
4.029614329338073730e-01
3.502556681632995605e-01
9.922993183135986328e-01
3.860980868339538574e-01
5.959733128547668457e-01
6.069857478141784668e-01
5.157884359359741211e-01
6.487342715263366699e-01
6.414254307746887207e-01
1.489284783601760864e-01
4.291321337223052979e-02
4.981527924537658691e-01
5.502176880836486816e-01
7.638084292411804199e-01
3.392523527145385742e-02
3.134823441505432129e-01
8.504025638103485107e-02
4.147281944751739502e-01
5.943372845649719238e-01
6.578994393348693848e-01
4.289854764938354492e-01
4.183872640132904053e-01
4.132394865155220032e-02
7.155270576477050781e-01
1.757501065731048584e-01
1.358151286840438843e-01
4.642768800258636475e-01
1.816200092434883118e-04
4.990719258785247803e-01
6.308425068855285645e-01
5.292339920997619629e-01
1.742242276668548584e-01
2.612327933311462402e-01
5.170052647590637207e-01
5.205040797591209412e-02
6.571774370968341827e-03
2.566788170952349901e-04
6.915985941886901855e-01
4.837757647037506104e-01
6.219076365232467651e-02
6.415675878524780273e-01
4.119594693183898926e-01
1.182800857350230217e-03
1.399077773094177246e-01
2.785435616970062256e-01
5.403129458427429199e-01
5.511317849159240723e-01
7.655119150876998901e-02
2.424055933952331543e-01
1.517012864351272583e-01
3.263695631176233292e-03
6.947631239891052246e-01
4.305489659309387207e-01
1.935480535030364990e-02
4.581562578678131104e-01
7.738446816802024841e-03
1.141994446516036987e-02
3.979342579841613770e-01
3.695671260356903076e-01
8.694489300251007080e-02
3.684544935822486877e-03
2.641513645648956299e-01
7.086526155471801758e-01
1.255834649782627821e-04
5.091068744659423828e-01
3.056353628635406494e-01
1.198261161334812641e-03
4.411028698086738586e-02
9.542705491185188293e-03
7.008224725723266602e-01
4.687683656811714172e-02
3.434752821922302246e-01
6.748024225234985352e-01
1.160000681877136230e+00
2.359112948179244995e-01
6.618084311485290527e-01
6.309885978698730469e-01
8.848404884338378906e-01
6.575220227241516113e-01
6.759207248687744141e-01
5.521792769432067871e-01
2.084936350584030151e-01
5.416816473007202148e-01
4.768440425395965576e-01
2.849131356924772263e-03
7.293511033058166504e-01
1.845659911632537842e-01
6.499473005533218384e-03
1.116455905139446259e-02
7.607790082693099976e-02
8.096860349178314209e-02
4.455017745494842529e-01
2.258256375789642334e-01
6.600466370582580566e-01
1.211096905171871185e-02
1.846203356981277466e-01
5.256135463714599609e-01
8.279664814472198486e-02
1.564167886972427368e-01
5.493862628936767578e-01
9.038845300674438477e-01
4.686229228973388672e-01
2.287576645612716675e-01
1.572307944297790527e-01
9.365205187350511551e-04
4.586814343929290771e-01
5.577208101749420166e-02
2.604033611714839935e-02
6.908329129219055176e-01
8.137151598930358887e-02
5.315365195274353027e-01
2.467861771583557129e-01
3.050677664577960968e-02
2.654302399605512619e-03
5.912781357765197754e-01
7.002351880073547363e-01
6.329420804977416992e-01
1.173400208353996277e-01
7.091963291168212891e-01
6.714738607406616211e-01
2.280185073614120483e-01
4.516439735889434814e-01
1.469046808779239655e-02
5.079591870307922363e-01
7.695690263062715530e-03
4.727339148521423340e-01
2.334758173674345016e-03
3.523725867271423340e-01
5.272606611251831055e-01
5.595908164978027344e-01
3.864232003688812256e-01
7.831906899809837341e-03
2.816573977470397949e-01
2.233847230672836304e-01
2.647152543067932129e-01
7.036136388778686523e-01
6.341717243194580078e-01
6.464263200759887695e-01
9.005872905254364014e-02
6.482970714569091797e-01
1.646734424866735935e-03
5.970028042793273926e-01
2.578433454036712646e-01
6.187162995338439941e-01
5.260574221611022949e-01
4.697928428649902344e-01
5.502798408269882202e-02
4.805233329534530640e-02
4.264834821224212646e-01
2.682805955410003662e-01
4.590326547622680664e-01
6.224603056907653809e-01
1.256611291319131851e-02
1.522839516401290894e-01
6.139153242111206055e-01
1.600527763366699219e-02
5.267192721366882324e-01
2.505855262279510498e-01
8.541004061698913574e-01
1.247808709740638733e-01
3.105267286300659180e-01
2.365193814039230347e-01
6.038857698440551758e-01
3.534078001976013184e-01
2.557503283023834229e-01
-0.000000000000000000e+00
-0.000000000000000000e+00
-0.000000000000000000e+00
-0.000000000000000000e+00
-0.000000000000000000e+00
-0.000000000000000000e+00
-0.000000000000000000e+00
-0.000000000000000000e+00
-0.000000000000000000e+00
-0.000000000000000000e+00
-0.000000000000000000e+00
-0.000000000000000000e+00
-0.000000000000000000e+00
-0.000000000000000000e+00
-0.000000000000000000e+00
-0.000000000000000000e+00
-0.000000000000000000e+00
-0.000000000000000000e+00
-0.000000000000000000e+00
-0.000000000000000000e+00
