5.907579064369201660e-01
6.033154204487800598e-02
6.744310667272657156e-05
1.107019837945699692e-03
9.076807764358818531e-04
6.616509199375286698e-05
9.310475434176623821e-05
4.702142179012298584e-01
5.699340999126434326e-02
2.410996006801724434e-03
2.162317372858524323e-02
2.752848528325557709e-02
3.355867811478674412e-04
2.687399089336395264e-02
2.917871773242950439e-01
4.407477676868438721e-01
6.096610426902770996e-01
1.522989384829998016e-02
5.133296176791191101e-02
9.876396234176354483e-07
2.219356149435043335e-01
2.605347428470849991e-03
2.121848315000534058e-01
3.788974881172180176e-01
5.286266803741455078e-01
6.544246077537536621e-01
1.619208371266722679e-03
1.324646268039941788e-02
2.991418354213237762e-03
4.231877392157912254e-04
2.082728147506713867e-01
1.613356471352744848e-05
4.729381799697875977e-01
1.013690198305994272e-04
3.165866713970899582e-03
9.182134270668029785e-01
6.932061314582824707e-01
1.756557971239089966e-01
2.219885354861617088e-04
2.474698021615040489e-06
1.789713203907012939e-01
3.769223212657379918e-06
4.790612030774354935e-03
9.847646651905961335e-06
8.970405324362218380e-04
8.821745216846466064e-02
5.775560275651514530e-04
8.437489271163940430e-01
8.561912924051284790e-03
1.164251789450645447e-01
7.672747597098350525e-04
6.027975119650363922e-03
8.640311658382415771e-02
1.547849620692431927e-03
2.803191076964139938e-03
5.076184272766113281e-01
1.159065323008690029e-05
6.098036654293537140e-03
2.035508751869201660e-01
3.039033617824316025e-03
2.123226970434188843e-02
2.590199699170625536e-08
5.637754201889038086e-01
1.472540106624364853e-02
1.891529536806046963e-03
3.259800374507904053e-02
6.810388565063476562e-01
3.085640072822570801e-02
4.274482198525220156e-04
4.041524976491928101e-02
1.742302067577838898e-02
4.579858341458020732e-06
8.240838646888732910e-01
6.079910672269761562e-04
9.553966810926795006e-04
6.642358303070068359e-01
8.039517402648925781e-01
1.085032941773533821e-03
1.573130674660205841e-02
1.757649215505807661e-06
1.614104141481220722e-03
1.117140163842123002e-05
1.197472447529435158e-04
2.008648030459880829e-02
4.754248261451721191e-01
1.577433868078514934e-04
1.929902937263250351e-03
7.204334437847137451e-02
7.570156594738364220e-05
1.415295898914337158e-01
7.598391771316528320e-01
8.170852065086364746e-02
6.380242109298706055e-02
1.818281307350844145e-04
5.676633864641189575e-02
7.730395346879959106e-02
4.565293490886688232e-01
5.063946358859539032e-03
4.776186123490333557e-02
1.098317297874018550e-04
8.847475051879882812e-03
2.594679594039916992e-03
7.735061049461364746e-01
9.316012437921017408e-05
4.392927512526512146e-04
8.768584579229354858e-03
2.653010785579681396e-01
3.587171435356140137e-01
2.570409560576081276e-04
2.873792052268981934e-01
2.435162961483001709e-01
5.755056627094745636e-03
1.200909260660409927e-02
7.030849903821945190e-02
1.992598325014114380e-01
8.744953083805739880e-05
6.283621191978454590e-01
8.771035820245742798e-02
6.684541106224060059e-01
2.569414861500263214e-02
3.358559915795922279e-04
1.089131459593772888e-01
6.671210285276174545e-03
5.289069190621376038e-02
6.187871843576431274e-02
5.924036726355552673e-02
2.238978595414664596e-06
2.795836888253688812e-02
6.204268336296081543e-01
5.818039774894714355e-01
1.335235778242349625e-03
2.206626534461975098e-02
6.073442101478576660e-01
7.354716944973915815e-05
5.794222932308912277e-03
5.562683327298145741e-06
3.937201499938964844e-01
2.227948280051350594e-04
6.147745531052350998e-03
1.369422301650047302e-02
2.288114093244075775e-02
9.222516417503356934e-02
7.284248131327331066e-04
6.974011659622192383e-01
3.477984591881977394e-06
1.124519039876759052e-03
1.835297606885433197e-02
1.288873981684446335e-02
1.431508280802518129e-04
8.638971298933029175e-02
3.396355509757995605e-01
2.942279214039444923e-03
8.316283114254474640e-03
2.189432829618453979e-02
3.063125177504844032e-06
6.194712227625132073e-07
5.453142648548237048e-07
9.599250555038452148e-02
2.165256440639495850e-01
2.115850802510976791e-03
5.746488571166992188e-01
3.329783305525779724e-02
5.786429974250495434e-04
6.948774534976109862e-05
3.751104304683394730e-05
2.079254045384004712e-06
1.952723778231302276e-06
5.620037913322448730e-01
9.932987159118056297e-04
6.004403810948133469e-03
2.903065469581633806e-04
1.647281460464000702e-04
2.509335388367617270e-07
4.387077409774065018e-03
5.190899223089218140e-02
1.820379402488470078e-04
5.213131589698605239e-05
6.930931806564331055e-01
1.816480507841333747e-04
4.651234950870275497e-03
1.797487437725067139e-01
3.068499034270644188e-03
5.250756203167838976e-06
2.735725417733192444e-02
1.058349311351776123e-01
1.152778568211942911e-04
2.301591739524155855e-04
1.006140634417533875e-01
6.810591439716517925e-04
2.321504950523376465e-01
2.088166326284408569e-01
2.258138119941577315e-04
1.115067134378477931e-04
3.162389248609542847e-02
1.882456839084625244e-01
5.838793516159057617e-02
1.121598543250001967e-04
1.678554564714431763e-01
3.095499053597450256e-02
2.142159044742584229e-01
7.244621519930660725e-04
7.613483071327209473e-01
1.569035463035106659e-02
5.948315262571668427e-08
3.388549387454986572e-02
8.648891448974609375e-01
3.935943095711991191e-05
2.399232005700469017e-03
1.558526009321212769e-01
6.660764920525252819e-04
6.759802997112274170e-02
1.407599775120615959e-04
4.258093237876892090e-01
1.861275434494018555e-01
3.990402910858392715e-03
1.016205176711082458e-03
1.688631746219471097e-04
7.900785803794860840e-01
1.796592026948928833e-03
1.112141774228803115e-07
7.764070760458707809e-04
1.151211035903543234e-04
1.419487125531304628e-05
2.108057774603366852e-02
6.261424277909100056e-05
1.186569846822749241e-07
1.409484446048736572e-02
1.200015467475168407e-04
3.611244756029918790e-05
2.843488182406872511e-04
1.246655702590942383e+00
2.911207079887390137e-01
6.366947293281555176e-01
6.450080871582031250e-01
5.564545392990112305e-01
1.614709617570042610e-06
5.848255157470703125e-01
9.712112660054117441e-05
1.657066750340163708e-04
2.103801534758531488e-06
1.769020673236809671e-05
1.780894026160240173e-02
7.622699286002898589e-06
4.330318868160247803e-01
1.032497733831405640e-03
6.903078556060791016e-01
1.018799655139446259e-02
1.000841706991195679e-01
1.440664380788803101e-01
1.512862581876106560e-06
9.754023514688014984e-03
1.557443849742412567e-02
2.649299334734678268e-03
4.295376688241958618e-02
5.245095491409301758e-01
5.716130137443542480e-01
6.641962528228759766e-01
2.806985867209732533e-04
1.222605183720588684e-01
5.008837580680847168e-02
2.284145011799409986e-04
5.942531824111938477e-01
2.594423014670610428e-03
1.254418049938976765e-03
2.516565844416618347e-02
1.803883118554949760e-03
2.322945892810821533e-01
2.214075298979878426e-03
1.296598929911851883e-04
9.063174016773700714e-03
5.712628960609436035e-01
1.768562942743301392e-01
5.618399009108543396e-03
7.609924767166376114e-03
6.280543282628059387e-03
2.290282957255840302e-02
5.935888566455105320e-06
1.594091827428201213e-06
1.164683420211076736e-02
1.974390596151351929e-01
3.730091702891513705e-05
1.371491700410842896e-03
3.193649463355541229e-04
7.420406490564346313e-02
5.112909153103828430e-02
2.017756551504135132e-02
1.653204672038555145e-03
7.743063569068908691e-02
1.909534782171249390e-01
5.926540493965148926e-01
1.366641488857567310e-03
6.929354071617126465e-01
6.255187327042222023e-04
1.850997954607009888e-01
1.765121333301067352e-02
1.548674888908863068e-02
7.346788421273231506e-03
2.734576119109988213e-03
2.535615265369415283e-01
6.484906673431396484e-01
1.031996868550777435e-02
2.445087768137454987e-03
4.680844545364379883e-01
3.427861928939819336e-01
1.679559051990509033e-01
6.781590171158313751e-03
5.701107438653707504e-04
7.977173081599175930e-04
8.261960715572058689e-08
4.534503445029258728e-02
7.048310944810509682e-04
7.493111752410186455e-06
1.227100437972694635e-04
2.619730366859585047e-04
2.062714425846934319e-03
2.110859350068494678e-04
1.673648599535226822e-03
6.701058149337768555e-01
1.879894547164440155e-02
3.524417115841060877e-04
2.377715259790420532e-01
9.382262825965881348e-03
1.072787120938301086e-02
3.004532400652237811e-09
2.881504478864371777e-04
4.987930655479431152e-01
1.254098606295883656e-03
6.171749532222747803e-02
5.172474384307861328e-01
3.055979032069444656e-04
2.866972681658808142e-05
1.062951888889074326e-02
3.178650513291358948e-05
5.655573680996894836e-03
2.494646795094013214e-02
3.628140120781608857e-06
7.346537113189697266e-01
8.471608161926269531e-03
4.371527116745710373e-03
5.215624570846557617e-01
9.379670373164117336e-04
2.124736653286163346e-08
1.333900218014605343e-05
5.171367956791073084e-05
3.161514177918434143e-05
9.628786938264966011e-05
1.898759230971336365e-02
8.320903725689277053e-05
1.977061852812767029e-02
1.055180910043418407e-04
4.939392805099487305e-01
9.326140279881656170e-04
1.436476856470108032e-01
8.994069695472717285e-02
2.794102430343627930e-01
3.313938081264495850e-01
4.093393363291397691e-05
3.552271723747253418e-01
8.452893793582916260e-02
1.092661917209625244e-01
3.809309782809577882e-05
3.393541555851697922e-04
4.755326081067323685e-04
2.100013755261898041e-02
4.547093340079300106e-06
4.701367393136024475e-02
3.920101821422576904e-01
1.683888770639896393e-02
4.213281571865081787e-01
8.501160664309281856e-08
2.531758800614625216e-04
2.635866525046992592e-10
6.800515055656433105e-01
8.647877257317304611e-05
1.789275743067264557e-02
1.224476814270019531e+00
1.266244620268253129e-08
1.090269070118665695e-03
3.109941462753340602e-05
9.483863599598407745e-03
3.076444045291282237e-05
1.079690292726809275e-08
3.718642815897510445e-08
1.151806736743310466e-05
9.477647608946426772e-07
3.091003512963652611e-03
1.755732297897338867e-01
2.860892911460410915e-10
1.086138188838958740e-01
5.728148389607667923e-04
4.702966252807527781e-04
4.211214218230452389e-06
7.101462483406066895e-01
1.815942930988967419e-03
9.992435252570430748e-07
1.516141736601639423e-07
2.880053818225860596e-01
2.948781627765129087e-07
8.777574578289204510e-08
2.530310325710161123e-07
2.844086661934852600e-02
7.827425179129932076e-06
4.424692789939399518e-08
1.131744086742401123e-01
2.914759633654284698e-08
3.396207094192504883e-01
1.301268464885652065e-03
1.824352148105390370e-05
8.377910809542754578e-09
7.070905667205806822e-06
5.731697678565979004e-01
1.335924793011145084e-07
7.440518675139173865e-05
1.165120011137332767e-06
9.039599299430847168e-01
7.458255887031555176e-01
3.741636722676133786e-10
4.256411269307136536e-02
3.213129471987485886e-03
3.947778637325427553e-08
3.775713776121847332e-05
6.751283654011785984e-04
4.489710927009582520e-01
2.737554005705078453e-08
2.317660691915079951e-04
1.027114649332361296e-05
2.908011083491146564e-04
2.138661511708050966e-05
2.033211217167263385e-07
7.253770828247070312e-01
6.101319193840026855e-02
1.102367322891950607e-02
4.937983155250549316e-01
4.294586233299924061e-06
6.864548921585083008e-01
3.640243709087371826e-01
1.106429249048233032e-01
1.046135187149047852e+00
1.735213249921798706e-01
4.064482077956199646e-02
5.786334872245788574e-01
4.103704094886779785e-01
1.158927753567695618e-02
4.741516411304473877e-01
1.287788003683090210e-01
2.262172996997833252e-01
2.989425659179687500e-01
5.175790647626854479e-05
1.220344826579093933e-01
5.536701530218124390e-02
1.902372446238587145e-07
8.338681800523772836e-05
2.516185641288757324e-01
1.640315216988597058e-09
4.828306846320629120e-03
1.185753345489501953e+00
5.797842206334280490e-09
8.022939255170058459e-07
5.819404032081365585e-03
2.381500235060229897e-05
1.332356594502925873e-03
1.699179286163143843e-08
3.860555887222290039e-01
2.751835381786804646e-07
1.494084744813051202e-09
7.728124968707561493e-03
1.790474016161169857e-05
6.853150553070008755e-04
1.158845520876639057e-06
6.944792717695236206e-02
3.623438487920793705e-06
6.804044842720031738e-01
4.152154815528774634e-07
8.539803957319236360e-07
5.404090881347656250e-02
2.778275636956095695e-03
3.094265366598847322e-06
5.130635946989059448e-02
5.141124129295349121e-02
6.443826481699943542e-03
1.198996186256408691e+00
8.809156133793294430e-05
6.088196039199829102e-01
1.688314974308013916e-01
4.100893420400097966e-07
5.407582293059931544e-08
8.024704875424504280e-04
2.516469359397888184e-01
7.501005683252515155e-08
2.552928328514099121e-01
8.959646718119385067e-13
6.956452853046357632e-05
4.873893644230520295e-08
5.796295665660977647e-10
1.043232202846411383e-07
2.069806456565856934e-01
1.977697650090703974e-07
1.538873999379575253e-03
2.683610946405678988e-04
4.589632153511047363e-01
7.921936921775341034e-03
2.095347362285338022e-08
7.453402872670267243e-08
1.584709252711036243e-07
9.871004819869995117e-01
4.106919467449188232e-01
9.814969301223754883e-01
3.848273158073425293e-01
7.319542378887017309e-14
3.546386957168579102e-01
9.889176055821735645e-08
7.166775176301598549e-04
1.384796746606298257e-06
5.359392374337801357e-10
2.944680454675108194e-04
3.024527337402105331e-03
1.025991764436184894e-06
2.261197005282156169e-05
5.723261153889325215e-08
1.589104384183883667e-01
1.517996861366555095e-04
5.828409790992736816e-01
6.852051019668579102e-01
6.496906280517578125e-01
7.205971087387297302e-06
1.418814808130264282e-02
1.820131838321685791e-01
6.866050958633422852e-01
7.074292749166488647e-03
8.748875188757665455e-06
2.879511157516390085e-04
1.130189180374145508e+00
4.499351234699133784e-06
7.174072088673710823e-04
3.166944484433997786e-11
1.357041895389556885e-01
3.769369795918464661e-03
5.622682347893714905e-02
3.049297447432763875e-05
3.349276781082153320e-01
4.968341439962387085e-03
3.224498650524765253e-04
2.345523313351804973e-07
4.357783794403076172e-01
2.715789833018789068e-07
9.165236949920654297e-01
2.819145843386650085e-02
4.125709831714630127e-02
5.936174884979550370e-10
1.532037640572525561e-05
5.184417659620521590e-07
2.754247398115694523e-04
9.030298997458885424e-08
4.419166188540657458e-08
2.764978408813476562e-01
4.629664123058319092e-03
3.028104629265726544e-06
3.045531826728620217e-08
7.287530461326241493e-04
1.186881307512521744e-02
6.337825208902359009e-03
1.823403523303568363e-03
6.777380108833312988e-01
1.185911940410733223e-03
3.171291202306747437e-02
3.904955387115478516e-01
1.740428060293197632e-02
1.225335597991943359e+00
1.933834937517531216e-06
6.398005485534667969e-01
1.803866587579250336e-03
9.478100389242172241e-02
2.927276492118835449e-02
9.484701877227053046e-06
1.591763975739013404e-05
6.921385526657104492e-01
8.170845688937333762e-08
7.850116817280650139e-04
1.051483559422194958e-03
1.387791358865797520e-03
1.002332806587219238e+00
3.838097654806915671e-06
2.347364206798374653e-04
4.784249758813530207e-04
2.518783807754516602e-01
4.958012104034423828e-01
1.320447972830152139e-05
1.090272598958108574e-05
3.434519171714782715e-01
3.420567512512207031e-01
1.885050535202026367e-01
2.119089476764202118e-04
5.105335389998799656e-07
3.014821059466044062e-09
1.133946447851030825e-08
9.557977914810180664e-01
5.335303285392001271e-06
1.738276891410350800e-02
3.173138499259948730e-01
3.651693259598687291e-05
3.775674849748611450e-04
3.870877662848215550e-06
2.225870593974832445e-05
5.463368868419138380e-09
7.828599214553833008e-01
2.812909997373935767e-06
2.412279400232364424e-06
2.408610733084515232e-08
6.081118583679199219e-01
1.595172761881258339e-05
6.011394262313842773e-01
4.408846795558929443e-01
2.414131740806624293e-04
3.743026536540128291e-05
4.095650751878565643e-08
1.665935997152701020e-05
3.795098662376403809e-01
1.186793596730240097e-07
5.180378138902597129e-06
1.797281089238822460e-03
2.966750226914882660e-02
1.767519108852866339e-07
6.156863570213317871e-01
4.535774496616795659e-05
9.583903874954557978e-07
1.381657738238573074e-02
3.557282686233520508e-02
8.839013986289501190e-03
6.118082092143595219e-05
7.265126705169677734e-01
3.409683995414525270e-04
1.753510332491714507e-05
4.276727850083261728e-06
1.046494344336679205e-05
5.908179879188537598e-01
1.592089660107376403e-08
2.810821831226348877e-01
2.958247787319123745e-04
9.083981625735759735e-03
7.429999765008687973e-03
4.338363851275062189e-06
1.142905279994010925e-01
8.388137817382812500e-01
6.890069693326950073e-03
9.718558430904522538e-05
2.058116024272749200e-06
7.012507915496826172e-01
1.769398003816604614e-01
3.618225753307342529e-01
2.696307774385786615e-06
1.394171714782714844e-01
8.424228429794311523e-02
6.531565304612740874e-05
3.882577121257781982e-01
1.241949654229301814e-08
6.315676122903823853e-02
1.051815079478046755e-08
9.416999667882919312e-02
1.230718684382736683e-03
7.140679955482482910e-01
2.704037760850042105e-04
2.597121596336364746e-01
2.063831516352365725e-06
1.205104053951799870e-03
1.030387729406356812e-02
6.361386567732552066e-06
1.129572483478114009e-04
1.521012791272369213e-07
4.237484335899353027e-01
8.599275723099708557e-03
6.200705797709815670e-07
4.432427231222391129e-04
7.419528365135192871e-01
2.725349366664886475e-02
1.854828558862209320e-03
8.383522182703018188e-02
5.634018182754516602e-01
3.648799320217221975e-04
2.967851459980010986e-01
7.215161323547363281e-01
1.963005773723125458e-02
2.832287549972534180e-02
2.662748011061921716e-05
9.078987687826156616e-02
6.804642960211992886e-10
1.556266006082296371e-02
3.220773069187998772e-04
1.126758679747581482e-01
4.394538954954896326e-09
1.042524911463260651e-02
1.777723878622055054e-01
7.234381200760253705e-07
5.697128772735595703e-01
3.472631506156176329e-04
1.960796676576137543e-02
1.567426238580083009e-06
6.230259896256029606e-04
9.942002776597291813e-10
1.952941674971953034e-04
6.823194562457501888e-04
4.858992906520143151e-05
9.874655916064511985e-06
2.809409634210169315e-04
3.204216045560315251e-05
2.847771429514978081e-05
5.760166049003601074e-01
1.229963231708097737e-06
1.317706164627452381e-06
2.410343924452718056e-09
1.766431751093477942e-06
2.062336434960343468e-08
3.277246474198136639e-09
1.568679363117553294e-05
1.639036781853064895e-07
1.239400007762014866e-03
4.402901530265808105e-01
7.109704311005771160e-04
5.726458430290222168e-01
2.210330785601399839e-05
3.222489112886250950e-06
4.161299020051956177e-02
1.504399720579385757e-02
7.333558187383459881e-06
1.837632794376986567e-06
8.387489244341850281e-03
1.831664420137713023e-08
1.974490657448768616e-02
5.579317985393572599e-07
1.898855902254581451e-03
9.574786759912967682e-03
1.081275986507534981e-04
1.449651108487159945e-06
1.590697938809171319e-04
3.974591322730702814e-08
5.656716823577880859e-01
1.556620560586452484e-02
5.616353154182434082e-01
4.665961341743241064e-07
2.286152541637420654e-02
1.247295777773160808e-08
8.683705914336314891e-07
4.673199728131294250e-02
3.556343699528952129e-07
1.075179270060289127e-07
9.763692651176825166e-05
2.617393420223379508e-06
9.979685395956039429e-02
8.763493042351910844e-09
1.591683248989284039e-03
6.230899598449468613e-04
8.287618756294250488e-01
4.253368024365045130e-05
4.781039564250022522e-09
8.315943479537963867e-01
1.206420989774414920e-07
2.080017030239105225e-01
2.166853994131088257e-01
3.889243304729461670e-01
8.273911080323159695e-04
1.069726571440696716e-01
1.605568104423582554e-05
4.258838668465614319e-02
2.947038225829601288e-02
1.326646655797958374e-02
3.950458019971847534e-02
2.100193352561063875e-09
5.716130137443542480e-01
1.583186164498329163e-02
1.446777787350583822e-05
3.218188794562593102e-06
4.858048896494437940e-08
1.787716709077358246e-02
8.894234895706176758e-03
3.257997035980224609e-01
1.006775564746931195e-04
4.452731460332870483e-02
1.145247556269168854e-02
2.879668492823839188e-03
3.426515377213945612e-06
1.697147190570831299e-01
1.838831376517191529e-04
1.569240168919350253e-07
4.410608410835266113e-01
4.973962306976318359e-01
1.725068266011930973e-08
2.774304449558258057e-01
1.926749013364315033e-02
4.187465179711580276e-03
2.636040186132504459e-08
2.640051945945742773e-07
1.203431665430798603e-08
4.450776032172143459e-05
1.912893452526986948e-07
8.790955543518066406e-01
1.406745286658406258e-03
1.622584591132181231e-07
6.317967176437377930e-02
4.141463935375213623e-01
3.191604018211364746e-01
7.642892160220071673e-05
1.105730072595179081e-03
9.391359686851501465e-01
1.012452363967895508e+00
6.679454445838928223e-02
4.646022352972067893e-05
8.858077080731163733e-07
9.840853745117783546e-04
2.525531947612762451e-01
4.370816242271757801e-08
1.680480522736615967e-06
6.618374586105346680e-01
1.994086056947708130e-01
2.688116728677414358e-05
6.907374262809753418e-01
3.130219511149334721e-06
1.507564138591988012e-05
4.015298600279493257e-06
1.918592723086476326e-03
1.228789985179901123e-02
5.946555137634277344e-01
1.450876840891623942e-08
1.059942483901977539e+00
3.701687845136802935e-09
6.027038034517318010e-05
5.632588226944790222e-07
6.420549750328063965e-02
5.442348774522542953e-04
1.058956797805876704e-07
1.887873001396656036e-02
1.095986459404230118e-02
1.891529536806046963e-03
6.019670963287353516e-01
9.031538963317871094e-01
2.106129527091979980e-01
1.111228135414421558e-03
1.296750307083129883e-01
3.553368151187896729e-01
6.238671541213989258e-01
4.805770143866539001e-02
2.708867564797401428e-02
3.091410174965858459e-02
3.858747892081737518e-03
6.325258612632751465e-01
2.207162197009893134e-06
3.979927599430084229e-01
8.061044216156005859e-01
6.908542513847351074e-01
9.323091059923171997e-02
5.253393650054931641e-01
7.117776549421250820e-04
2.042259871959686279e-01
5.128101631999015808e-02
4.271127545507624745e-05
4.070040285587310791e-01
3.875305876135826111e-02
7.123346328735351562e-01
5.422774553298950195e-01
6.178157329559326172e-01
6.959471702575683594e-01
9.621704816818237305e-01
1.032353416085243225e-01
6.862506270408630371e-01
3.519617393612861633e-02
2.390581881627440453e-03
1.790474016161169857e-05
5.240268260240554810e-02
2.756549417972564697e-01
4.846106171607971191e-01
4.246017895638942719e-03
1.985512822866439819e-01
3.271786272525787354e-01
1.996832191944122314e-01
5.742493271827697754e-01
1.607300073374062777e-04
6.839784383773803711e-01
1.150996657088398933e-03
6.586988568305969238e-01
2.574561908841133118e-02
6.937381029129028320e-01
6.629628478549420834e-04
2.375224175921175629e-05
5.444795265793800354e-02
1.338937133550643921e-01
4.332561511546373367e-03
1.850264961831271648e-04
5.253812074661254883e-01
1.091376423835754395e+00
2.995129209011793137e-03
8.982560757431201637e-06
2.819145843386650085e-02
3.941421806812286377e-01
2.453693747520446777e-02
3.188343252986669540e-04
1.308655142784118652e-01
6.545908451080322266e-01
4.627820253372192383e-01
1.492736488580703735e-01
8.382620662450790405e-02
6.907147765159606934e-01
1.006045415997505188e-01
5.585789680480957031e-01
5.168837378732860088e-04
4.374624788761138916e-02
1.061071977019309998e-01
6.370959454216063023e-04
6.836792230606079102e-01
1.845124214887619019e-01
5.247769951820373535e-01
8.786546532064676285e-04
6.993460655212402344e-01
1.228632871061563492e-03
2.502937604731414467e-06
1.592344779055565596e-04
9.833531379699707031e-01
2.758047580718994141e-01
3.982560336589813232e-02
1.822105026803910732e-03
2.741082338616251945e-03
5.661829113960266113e-01
3.672338128089904785e-01
4.877656102180480957e-01
3.890345618128776550e-02
2.453234237975721044e-08
4.817799925804138184e-01
5.986262485384941101e-02
9.925474971532821655e-02
1.566392481327056885e-01
4.891606867313385010e-01
2.071913629770278931e-01
5.433330535888671875e-01
5.639220476150512695e-01
2.349523007869720459e-01
2.389837987720966339e-03
5.048675537109375000e-01
2.004868537187576294e-02
6.842950582504272461e-01
2.617393420223379508e-06
9.271977543830871582e-01
8.095640223473310471e-04
5.657861828804016113e-01
2.307707763975486159e-04
6.916164159774780273e-01
3.301079050288535655e-05
1.554462593048810959e-03
9.532405436038970947e-02
9.763692651176825166e-05
9.244251996278762817e-03
4.355402290821075439e-02
1.417177915573120117e-01
1.006140634417533875e-01
4.038212937302887440e-04
5.693229660391807556e-02
2.249248623847961426e-01
2.610240876674652100e-01
2.792405784130096436e-01
9.215757017955183983e-06
6.969922780990600586e-01
3.735105991363525391e-01
9.073324203491210938e-01
4.665493179345503449e-05
4.104494582861661911e-03
1.157833356410264969e-02
7.395419292151927948e-03
1.865929662017151713e-04
5.974686937406659126e-04
9.446545736864209175e-04
1.870581343155208742e-07
1.855214871466159821e-02
2.864550100639462471e-03
7.002379425102844834e-05
4.697195887565612793e-01
6.470853090286254883e-02
8.638267517089843750e-01
1.289224922657012939e-01
6.216012835502624512e-01
3.835971355438232422e-01
3.036716766655445099e-02
6.004094611853361130e-04
5.578604992479085922e-03
2.120282268151640892e-03
6.883981171995401382e-03
2.165229595618711755e-08
5.680394172668457031e-01
1.754008792340755463e-02
1.100942194461822510e-01
1.157593727111816406e-01
2.443455159664154053e-01
1.383789256215095520e-02
9.131548495133756660e-07
8.233261108398437500e-01
1.370405370835214853e-04
7.571760416030883789e-01
1.944823563098907471e-02
4.647598266601562500e-01
1.182760596275329590e+00
3.496673889458179474e-04
1.977508142590522766e-02
8.899275064468383789e-01
6.751283654011785984e-04
6.179324118420481682e-04
1.676923036575317383e-01
6.397041082382202148e-01
1.989659480750560760e-02
7.663080692291259766e-01
1.057879999279975891e-04
6.176169514656066895e-01
5.374478059820830822e-04
2.428881973028182983e-01
2.330299764871597290e-01
9.400902781635522842e-04
1.870929896831512451e-01
4.160446114838123322e-03
2.896875143051147461e-02
9.324654238298535347e-04
6.886278986930847168e-01
3.823883598670363426e-03
5.819404032081365585e-03
6.908230781555175781e-01
5.123223527334630489e-04
1.608819961547851562e-01
6.392000913619995117e-01
3.485608696937561035e-01
1.556266006082296371e-02
1.782440096139907837e-01
5.239391498434997629e-07
1.248033717274665833e-01
4.586417503560369369e-07
1.505672186613082886e-01
1.193195730447769165e-01
5.851340293884277344e-01
5.196579732000827789e-03
5.883597135543823242e-01
1.039800350554287434e-03
9.996105916798114777e-03
1.883700406324351206e-06
3.480047453194856644e-03
1.638084882870316505e-03
1.838685572147369385e-02
1.801192164421081543e-01
9.922201931476593018e-02
5.893276929855346680e-01
6.876599192619323730e-01
5.190111994743347168e-01
1.093066856265068054e-01
2.984837861731648445e-03
2.666270884219557047e-04
3.452529609203338623e-01
1.329477280378341675e-01
4.147845879197120667e-02
5.831428337842226028e-03
3.574125235900282860e-03
8.942177519202232361e-04
3.157190978527069092e-02
2.830939600244164467e-03
1.130398586392402649e-01
6.484914422035217285e-01
1.262149773538112640e-02
5.754054784774780273e-01
4.788296355400234461e-04
2.262172996997833252e-01
9.610769748687744141e-01
3.663580864667892456e-02
8.532020449638366699e-02
4.450776032172143459e-05
4.178152978420257568e-01
2.179818749427795410e-01
2.371153421700000763e-02
1.622420176863670349e-02
8.917688131332397461e-01
4.718873202800750732e-01
2.895782701671123505e-03
8.535432815551757812e-02
3.359677791595458984e-01
1.303846831433475018e-03
6.166630919324234128e-05
1.003802026389166713e-04
2.334601245820522308e-03
3.919578194618225098e-01
1.159878969192504883e-01
3.255793452262878418e-02
8.962588035501539707e-04
2.788546960800886154e-03
1.050922670401632786e-03
1.220537662506103516e+00
5.566441453993320465e-03
3.882890939712524414e-01
7.826492190361022949e-03
4.123958660784410313e-06
1.328840502537786961e-03
2.875521604437381029e-04
5.903370947635266930e-08
6.636319160461425781e-01
6.467460840940475464e-02
4.607995040714740753e-03
4.884589314460754395e-01
1.086537986993789673e-01
6.762750744819641113e-01
8.886613845825195312e-01
1.176056321128271520e-04
3.950458019971847534e-02
3.130219511149334721e-06
9.390586614608764648e-02
4.730038642883300781e-01
6.663712859153747559e-01
4.822768270969390869e-01
6.993505954742431641e-01
1.891473233699798584e-01
5.681643486022949219e-01
2.621341869235038757e-02
5.587849766016006470e-02
1.019093915820121765e-01
5.959961563348770142e-02
6.666742563247680664e-01
4.937728643417358398e-01
1.240694429725408554e-02
1.154444995336234570e-03
8.501160664309281856e-08
2.128400355577468872e-01
5.688152909278869629e-01
1.192486979562090710e-05
5.059114694595336914e-01
1.701467931270599365e-01
5.088013410568237305e-01
3.525956720113754272e-02
2.045017480850219727e-02
1.070027519017457962e-02
2.046889066696166992e-02
1.155737880617380142e-02
6.213542819023132324e-01
2.189734876155853271e-01
6.434786319732666016e-01
4.489812068641185760e-03
8.647403120994567871e-02
1.341120339930057526e-02
8.681782674102578312e-06
5.010302737355232239e-02
1.887768879532814026e-02
8.377862721681594849e-02
4.295376688241958618e-02
6.370972394943237305e-01
6.738482415676116943e-02
2.505686283111572266e-01
6.516021094284951687e-04
2.975524067878723145e-01
7.063332200050354004e-01
2.918794751167297363e-03
6.903078556060791016e-01
2.246910035610198975e-01
6.400751471519470215e-01
1.539906766265630722e-02
4.723607599735260010e-01
3.392376005649566650e-01
1.606816984713077545e-02
5.786334872245788574e-01
2.066509239375591278e-02
1.959431171417236328e-01
1.190273440442979336e-03
4.160540644079446793e-03
3.603123128414154053e-01
8.287618756294250488e-01
5.607409477233886719e-01
4.342333078384399414e-01
2.956702113151550293e-01
3.867969411430749460e-08
4.043824598193168640e-02
7.712706178426742554e-02
1.372328400611877441e-01
7.231079787015914917e-02
3.022875171154737473e-03
9.611778892576694489e-03
1.662499010562896729e-01
3.199451565742492676e-01
1.277424488216638565e-02
5.545817613601684570e-01
2.043925051111727953e-04
6.639440655708312988e-01
1.318365451879799366e-03
5.252287373878061771e-04
1.689887791872024536e-01
3.489432483911514282e-02
3.462901711463928223e-01
4.710377252195030451e-04
8.296443223953247070e-01
2.139212377369403839e-02
6.065869238227605820e-03
6.931385993957519531e-01
4.353885948657989502e-01
1.334875583648681641e+00
6.743924226611852646e-03
1.049453496932983398e+00
1.589752733707427979e-02
5.086188763380050659e-02
9.971783043738469132e-08
1.697261177469044924e-04
8.285564929246902466e-02
7.527206093072891235e-03
4.299836233258247375e-02
1.065622898750007153e-03
1.448461553081870079e-03
1.798520609736442566e-02
5.594191551208496094e-01
3.534193933010101318e-01
9.202855080366134644e-02
1.952941674971953034e-04
2.061708300971076824e-06
1.107311400119215250e-04
2.977868973630393157e-08
1.342877285065435800e-11
1.930542339323437773e-06
1.003432902507483959e-03
2.288240569248145562e-10
1.546526094898581505e-03
4.613422788679599762e-03
9.125685807021000073e-08
8.959646718119385067e-13
7.633306609022838529e-07
3.653630287203668559e-08
1.127051562070846558e-01
2.390718734091024089e-09
3.029677202448510798e-07
8.670428090773452112e-12
2.372079325141385198e-05
5.647236456240989355e-09
6.551962494850158691e-01
1.003447067660090397e-07
1.724736503092572093e-04
5.416428052740229759e-07
8.315581556672668739e-10
1.056590645021060482e-05
4.270849240128882229e-05
2.165590728964161826e-07
2.169779327232390642e-04
1.586235128343105316e-02
3.543504899228278049e-12
2.100193352561063875e-09
3.754505542019614950e-07
1.725412346331722802e-07
4.035371148347621784e-06
5.318589124669870216e-09
9.136718972513335757e-07
6.697218486806377769e-05
2.828245051205158234e-04
5.963472826664428794e-09
4.684366956553276395e-07
1.341715766267626009e-10
6.630481802858412266e-04
1.106939907913329080e-05
4.246799107932019979e-06
3.196335196520294630e-09
4.891193821094930172e-04
4.071952844242332503e-06
1.199329524581571604e-08
3.283094614744186401e-02
6.226134701137198135e-07
4.251856466908066068e-08
2.371168420722824521e-06
1.640315216988597058e-09
1.886660250249860837e-08
1.279944058296678122e-06
6.566417869180440903e-05
7.319542378887017309e-14
2.841078412529896013e-07
3.123811438854318112e-06
1.519620127510279417e-06
3.135623876005411148e-03
2.408493138261746935e-08
1.079690292726809275e-08
4.492757376283407211e-03
6.319620752037735656e-06
1.165120011137332767e-06
2.640051945945742773e-07
1.665494298030978371e-09
1.803163468139246106e-05
1.371671259403228760e-02
1.653495651510183961e-08
3.646872528406674974e-06
2.749002021573687671e-07
2.162289902685188281e-08
1.965724378824234009e-01
5.588009222012857435e-11
3.755288780666887760e-04
2.010578056797385216e-03
3.781644788980464966e-11
1.506247144789085723e-07
4.530037040240131319e-05
6.004403810948133469e-03
4.081906750798225403e-03
1.085750864149304107e-05
1.181087645818479359e-04
3.096662339885369875e-06
8.539803957319236360e-07
1.391870910083525814e-06
9.557699520712503727e-09
1.485440634496626444e-06
1.845767087615968194e-06
1.206611399538815022e-03
3.733653556992067024e-06
1.036313733493443578e-05
1.278917491436004639e-02
1.686597988009452820e-02
1.785779750207439065e-05
9.917927533388137817e-02
3.159917541779577732e-04
1.207194344488016213e-08
5.002661964681465179e-06
1.176056321128271520e-04
5.957402890999219380e-07
1.427625306860136334e-08
1.137757590186083689e-05
1.255073016181995627e-06
1.622238556819866062e-07
4.997135874873492867e-06
3.305761708816135069e-07
1.051100480253808200e-05
3.825085213848833376e-12
7.762598102090123575e-07
4.834027400590912293e-09
2.037215381278656423e-05
1.499102508795147060e-10
1.410762365594564471e-06
3.593584541050631742e-09
1.916960354719776660e-05
9.126917575486004353e-06
1.185009023174643517e-04
9.451698019802279305e-07
4.252438401408653590e-08
5.437491013005057994e-10
6.044147085049189627e-07
1.087775899577536620e-06
2.410343924452718056e-09
1.458726828218459559e-08
3.362069234125186767e-10
6.916084892283347330e-12
1.899293380347444327e-07
2.755910827545449138e-05
2.230909103673184291e-06
1.637346867937594652e-04
1.364117488265037537e-04
3.183474518664297648e-06
6.626523099839687347e-04
1.619650674911099486e-06
1.346510192234973147e-08
4.630033217836171389e-04
1.296620439461548813e-06
3.033910616068169475e-06
4.395567884785123169e-05
2.306528156623244286e-03
2.860892911460410915e-10
3.749174766198848374e-07
1.066031387608745717e-07
2.084145744873922013e-09
1.262108497712688404e-07
3.524731027937377803e-06
7.299194112420082092e-03
2.088563455515668466e-08
3.651693259598687291e-05
6.439983657458014932e-09
5.343878729036077857e-05
1.721481326967477798e-03
2.143526899089920335e-06
6.556042109195914236e-08
1.692762452876195312e-06
6.431326369238377083e-07
6.604260415770113468e-04
3.606686860280206020e-08
6.428777426481246948e-02
2.897758804465411231e-06
3.372131322976201773e-05
3.317598402500152588e-01
1.777047873474657536e-05
1.539786998182535172e-02
1.784992154085784932e-09
5.797842206334280490e-09
6.968448929001169745e-09
3.509136758950148760e-09
4.154799282396481885e-10
3.763521161381788716e-10
3.709576503752032295e-06
1.753510332491714507e-05
3.403368828003294766e-05
1.398994936607778072e-05
2.422536563712052171e-12
3.076444045291282237e-05
2.008648030459880829e-02
2.587712879176251590e-05
1.173538211052260749e-10
1.290654338959029701e-08
7.662106305360794067e-03
5.463368868419138380e-09
1.580427669978234917e-05
5.088416855869581923e-06
2.180382630001531652e-08
3.495559667499037459e-06
4.271456418791785836e-05
9.008817301037197467e-07
3.094265366598847322e-06
1.206420989774414920e-07
3.094936907291412354e-01
2.034153476415667683e-05
1.757883578538894653e-01
6.809972092014504597e-06
1.388692948967218399e-02
7.896466058809892274e-07
1.918355962970963446e-07
2.896626293659210205e-02
1.567426238580083009e-06
3.581206692615523934e-05
3.514401214488316327e-06
-0.000000000000000000e+00
-0.000000000000000000e+00
-0.000000000000000000e+00
-0.000000000000000000e+00
-0.000000000000000000e+00
-0.000000000000000000e+00
-0.000000000000000000e+00
-0.000000000000000000e+00
-0.000000000000000000e+00
-0.000000000000000000e+00
-0.000000000000000000e+00
-0.000000000000000000e+00
-0.000000000000000000e+00
-0.000000000000000000e+00
-0.000000000000000000e+00
-0.000000000000000000e+00
-0.000000000000000000e+00
-0.000000000000000000e+00
-0.000000000000000000e+00
-0.000000000000000000e+00
-0.000000000000000000e+00
-0.000000000000000000e+00
-0.000000000000000000e+00
-0.000000000000000000e+00
-0.000000000000000000e+00
-0.000000000000000000e+00
-0.000000000000000000e+00
-0.000000000000000000e+00
-0.000000000000000000e+00
-0.000000000000000000e+00
-0.000000000000000000e+00
-0.000000000000000000e+00
-0.000000000000000000e+00
-0.000000000000000000e+00
-0.000000000000000000e+00
-0.000000000000000000e+00
-0.000000000000000000e+00
-0.000000000000000000e+00
-0.000000000000000000e+00
-0.000000000000000000e+00
