4.819728732109069824e-01
1.233076327480375767e-03
8.731470870770863257e-07
6.814646068960428238e-03
6.447780411690473557e-03
8.240803254011552781e-06
6.836037039756774902e-01
4.913269355893135071e-02
1.481788640376180410e-04
9.508406861868934357e-08
1.201425865292549133e-01
8.511345833539962769e-02
1.437051803804934025e-03
9.129060701829061486e-11
7.099701166152954102e-01
7.063896418912918307e-07
2.207315564155578613e-01
2.113971672952175140e-02
5.966683030128479004e-01
3.314669447718188167e-05
2.010229138704744400e-08
7.825660705566406250e-02
2.005129680037498474e-02
7.206296920776367188e-02
6.422043341558492102e-09
2.494402825832366943e-01
6.172454595798626542e-05
1.557780802249908447e-01
4.705261886119842529e-01
5.436097438860088005e-08
6.813006401062011719e-01
3.965781256556510925e-02
1.022293329238891602e+00
1.309395730495452881e-01
5.782577773061348125e-06
6.470611095428466797e-01
7.447281479835510254e-01
8.056442439556121826e-02
1.145732123404741287e-03
6.190972499098279513e-07
2.626577952469233423e-06
5.623813252896070480e-03
5.690138204954564571e-04
6.706088781356811523e-01
7.228521257638931274e-02
1.981525123119354248e-01
1.471134880581814741e-09
3.397067189216613770e-01
7.125965151288937705e-09
5.484420398715883493e-05
1.975396573543548584e-01
7.048014083466114243e-08
6.577506065368652344e-01
7.086394475663837511e-07
1.509838796209805878e-07
2.525660954415798187e-02
4.996022345826744981e-11
7.580121606588363647e-02
4.417124728206545115e-04
5.000524438969478069e-08
1.900986395776271820e-02
8.111223905871156603e-07
2.276539016747847199e-04
9.837375546339899302e-05
7.790131917317921761e-07
4.228857142152264714e-05
4.823083877563476562e-01
1.983099537028465420e-05
2.050859667360782623e-02
3.300380706787109375e-01
1.332193369307788089e-05
1.691600886033484130e-07
4.670360018860231222e-12
2.183477878570556641e-01
1.563891768455505371e-02
1.335592969553545117e-07
1.135312486439943314e-02
3.750310838222503662e-02
1.011584520339965820e+00
6.713210940361022949e-01
6.834232807159423828e-02
1.118823885917663574e-01
1.741525608167648898e-07
2.605200186371803284e-02
4.933427408104762435e-05
1.572848447040087194e-07
3.154684603214263916e-02
1.646337448619306087e-03
1.132405638694763184e+00
8.856928907334804535e-04
2.104480809066444635e-04
4.161829301324582175e-13
9.364754873786296230e-07
6.430011987686157227e-01
3.507712790451478213e-06
1.880216300487518311e-01
5.631614923477172852e-01
3.024471923708915710e-02
7.319337129592895508e-01
8.151990175247192383e-01
9.491268428973853588e-05
1.356528257778766289e-11
1.647730940021574497e-03
8.707769666216336191e-06
3.234736323356628418e-01
3.070662933168932796e-05
1.634514228499028832e-05
4.598295618052361533e-06
1.008734758943319321e-02
6.871542268527264241e-08
3.991273842984810472e-05
2.483228955796334958e-09
1.953222602605819702e-01
6.510921567678451538e-02
1.540350378490984440e-03
5.651546598528511822e-05
2.491879276931285858e-02
2.656717333593405783e-05
4.876879453659057617e-01
3.200885374099016190e-03
3.591852191675570793e-06
3.008470498025417328e-02
2.268069889396429062e-03
1.186877414584159851e-01
1.094009530788753182e-05
6.788839697837829590e-01
6.962311267852783203e-01
8.004048466682434082e-01
3.936988650821149349e-04
8.826701559883076698e-06
1.444660010747611523e-04
2.382375067099928856e-03
4.103291757928673178e-06
1.051929939421825111e-05
6.871783261885866523e-05
1.820638544813846238e-06
2.794304862618446350e-02
2.480990588082931936e-05
1.002121530473232269e-02
9.805087756831198931e-06
3.400835022330284119e-02
3.215022734366357327e-04
1.513318717479705811e-01
1.198334018681634916e-07
1.252848313981758110e-08
6.408948898315429688e-01
3.531126081943511963e-01
1.141537632793188095e-02
4.667127541324589401e-06
8.028945508442575374e-09
2.320016108114941744e-07
3.552933048922568560e-04
6.757740974426269531e-01
2.309823483228683472e-01
7.210858825601462740e-07
1.430715428796247579e-06
1.002145211259630742e-08
6.926145942998118699e-06
7.304965052753686905e-03
2.141919831046834588e-04
2.152645587921142578e-02
6.440623998641967773e-01
3.543860837817192078e-02
4.988529384136199951e-01
6.886729598045349121e-01
8.010094612836837769e-02
3.853652179241180420e-01
5.921149253845214844e-01
7.715123473417406785e-08
3.196464604116044939e-07
4.504001736640930176e-01
7.328481227159500122e-02
1.775237979018129408e-05
2.756589055061340332e-01
4.270750284194946289e-01
5.611409898847341537e-03
2.504992783069610596e-01
5.788985617982689291e-06
1.974416226148605347e-01
9.145035733126860578e-07
7.607395673403516412e-06
3.365191817283630371e-01
4.756922367960214615e-03
9.224378503859043121e-03
4.265876486897468567e-05
1.897289156913757324e-01
1.344356238842010498e-01
7.497229489672463387e-06
5.645351120620034635e-05
2.217393557657487690e-05
4.075543984072282910e-06
1.018730163574218750e+00
1.678571687079966068e-03
6.612929105758666992e-01
1.120412722229957581e-02
1.429920792579650879e-01
5.487312591867521405e-05
2.316513855475932360e-04
1.503411531448364258e-01
6.788303256034851074e-01
4.883377850055694580e-01
6.711930781602859497e-02
3.973671700805425644e-03
8.833451271057128906e-01
6.836013421995801309e-10
3.028170391917228699e-02
5.715346336364746094e-01
9.974995191441848874e-05
1.920480132102966309e-01
1.318584530451971659e-08
3.452654054854065180e-04
1.656735986471176147e-01
5.868784189224243164e-01
7.952961921691894531e-01
1.412298763170838356e-03
7.942546744743594900e-07
2.560762315988540649e-02
4.851078188039537054e-07
2.417720068592643656e-08
4.324875480961054564e-04
7.351036369800567627e-02
1.018815115094184875e-01
1.235510426340624690e-04
3.650152124464511871e-03
5.609970539808273315e-02
1.371719848819452636e-09
5.651712417602539062e-04
4.407667286709937571e-10
2.787691541016101837e-03
5.917434692382812500e-01
1.478996127843856812e-02
5.992440581321716309e-01
1.622727066278457642e-01
4.204780980944633484e-02
1.992610486922785640e-04
3.441785884206183255e-05
5.799804255366325378e-02
6.105749607086181641e-01
1.406425053573912010e-05
2.388294087722897530e-03
5.280859909362334292e-07
8.969490416347980499e-03
4.937785888614598662e-06
7.717558182775974274e-03
9.128506462730001658e-06
7.937392592430114746e-02
1.530054840259253979e-03
8.862327039241790771e-02
8.075230121612548828e-01
6.697566062211990356e-02
1.783130443300251500e-08
3.973730144934961572e-07
3.772677108645439148e-02
2.444400706735905260e-05
3.395398089196532965e-04
1.543812155723571777e-01
1.488270839899996645e-08
6.513998843729496002e-03
2.649900670803617686e-05
1.348827481706393883e-05
2.308640480041503906e-01
9.710646736493799835e-06
3.742682933807373047e-01
3.413624688982963562e-02
2.087875428102847764e-09
1.645484815071540652e-07
2.838973421603441238e-03
1.489361049607396126e-03
5.622579735131694179e-08
3.190522640943527222e-02
1.291722245514392853e-02
4.350503440946340561e-03
2.222206774149526609e-07
2.852963507175445557e-01
7.673045132605693652e-08
3.283615782856941223e-02
5.435429920908063650e-05
5.506944842636585236e-03
4.194883108139038086e-01
2.902306914329528809e-01
1.013288181275129318e-02
5.750045776367187500e-01
1.876234819064848125e-06
9.072452667169272900e-05
3.031332977116107941e-03
6.755115464329719543e-05
5.575421013759296329e-09
3.631887724623084068e-03
5.604459047317504883e-01
2.044958323240280151e-01
6.506475806236267090e-01
7.691687073929642793e-07
6.910672187805175781e-01
6.446886807680130005e-02
7.787490903865545988e-05
8.459577709436416626e-02
1.808906858968839515e-06
1.362549662590026855e-01
1.034643352031707764e-01
1.211445592343807220e-02
3.936450183391571045e-02
9.329954627901315689e-05
3.783483207225799561e-01
2.808698627632111311e-04
8.133969458867795765e-06
4.156589170634106267e-07
1.109982967376708984e+00
2.738006412982940674e-01
6.777646485716104507e-04
6.737679541402030736e-06
2.166224703614716418e-06
6.473252177238464355e-02
1.776533201336860657e-02
9.597536325454711914e-01
6.536422669887542725e-02
6.020169854164123535e-01
1.467231868446106091e-05
3.659688532352447510e-01
1.316247107752133161e-05
6.293447613716125488e-01
9.199208617210388184e-01
5.893583595752716064e-02
3.553475380613235757e-07
8.768136581238650251e-07
2.487121264493907802e-07
8.103516101837158203e-01
2.471601366996765137e-01
5.813739895820617676e-01
2.714955371629912406e-07
2.523345938243437558e-05
5.766427516937255859e-01
2.925480306148529053e-01
4.993166401982307434e-02
1.352589315501973033e-04
4.485369194298982620e-03
2.874107658863067627e-01
1.092409342527389526e-02
6.827560663223266602e-01
8.018317818641662598e-02
1.412224173545837402e-01
3.556773299351334572e-03
4.786378704011440277e-04
1.100772857666015625e+00
6.446125553338788450e-06
2.075564265251159668e-01
2.882920503616333008e-01
5.261519690975546837e-04
4.795926511287689209e-01
1.844921708106994629e-01
3.221812448828131892e-06
1.046091243624687195e-01
1.549457374494522810e-05
2.528457343578338623e-01
5.877091735601425171e-02
1.691676516202278435e-05
7.852487266063690186e-02
4.911892116069793701e-03
2.277657404192723334e-05
4.928651833324693143e-06
4.742452438222244382e-05
2.071301080286502838e-02
7.498892227886244655e-05
6.816275119781494141e-01
1.171156764030456543e-04
3.938627429306507111e-03
3.091210685670375824e-02
7.722700834274291992e-01
2.606071764603257179e-03
9.582025813870131969e-05
6.140947516541928053e-05
1.011817336082458496e+00
3.127375841140747070e-01
2.568470790720311925e-06
3.880255296826362610e-02
2.973556891083717346e-02
6.391347050666809082e-01
5.803753738291561604e-04
2.659054916875902563e-05
1.210149303078651428e-01
3.957899025408551097e-06
2.549611404538154602e-02
4.999906942248344421e-02
8.086691316577798716e-09
5.318001508712768555e-01
1.460280921310186386e-02
1.642657589400187135e-04
8.159833697618523729e-08
3.390447318452061154e-07
1.840976532548666000e-03
5.866626501083374023e-01
5.149021744728088379e-01
1.595064103603363037e-01
5.247689550742506981e-04
7.024662494659423828e-01
5.223416909575462341e-02
1.515366435050964355e-01
2.104569284711033106e-05
9.081387020160036627e-08
8.516444824635982513e-03
3.454980440437793732e-03
3.698867978528141975e-03
1.034463644027709961e+00
8.914979696273803711e-01
1.170719228684902191e-02
6.666494905948638916e-02
5.419784065452404320e-05
2.743219738476909697e-05
2.134619047865271568e-03
4.210670888423919678e-01
1.541169825941324234e-03
4.452799446880817413e-03
7.094073891639709473e-01
2.076124958693981171e-02
5.850467681884765625e-01
7.062880467856302857e-05
4.094129502773284912e-01
5.853021144866943359e-02
8.448839653283357620e-04
1.556486040499294177e-06
2.737909853458404541e-01
2.456660419702529907e-01
3.841817670036107302e-04
1.030946820974349976e-01
6.851950883865356445e-01
2.194157615303993225e-02
5.967239849269390106e-03
1.164075802080333233e-04
7.647533714771270752e-02
1.001829385757446289e+00
6.262403726577758789e-02
2.265994399785995483e-01
2.762350504781352356e-06
6.616545915603637695e-01
6.940300227142870426e-05
4.613218307495117188e-01
1.143535505980253220e-02
8.216892480850219727e-01
4.657388105988502502e-02
6.338501116260886192e-04
6.602250505238771439e-03
8.021879009902477264e-03
3.495750570436939597e-05
8.554382249712944031e-03
1.113615393638610840e+00
6.273728795349597931e-04
1.600510586285963655e-05
2.594300713099073619e-05
5.851492285728454590e-01
4.013555496931076050e-02
1.457665202906355262e-04
4.804196357727050781e-01
5.304801836609840393e-02
1.767463237047195435e-01
2.679797261953353882e-02
7.006588020885828882e-08
2.768853912129998207e-03
9.937754657585173845e-05
5.896260738372802734e-01
3.968101441860198975e-01
1.004280000925064087e-01
2.863194234669208527e-02
8.536861741959000938e-07
2.857452817261219025e-02
1.088448613882064819e-02
1.890833862125873566e-02
4.438627064228057861e-01
4.713128873845562339e-05
1.956169959157705307e-03
2.222880539193283767e-05
3.765886276960372925e-02
7.896542083472013474e-04
1.258258853340521455e-04
6.793189048767089844e-01
2.537159016355872154e-03
5.396774504333734512e-03
2.306737937033176422e-02
6.781800091266632080e-02
5.944854617118835449e-01
6.092074327170848846e-04
1.596082299947738647e-01
1.389525234699249268e-01
4.891231583314947784e-05
6.342998147010803223e-01
2.713137364480644464e-04
5.030718166381120682e-03
1.166363072115927935e-04
1.598737016320228577e-02
9.928392246365547180e-04
3.652397692203521729e-01
2.019227482378482819e-03
2.466667792759835720e-04
1.969158347492339090e-06
6.603513956069946289e-01
6.721174716949462891e-01
6.812279224395751953e-01
4.705405735876411200e-04
7.707811146974563599e-02
4.971557110548019409e-02
1.728731876937672496e-05
2.748471498489379883e-01
6.970203947275876999e-03
3.865918815135955811e-01
6.027066847309470177e-04
5.964625477790832520e-01
2.018484519794583321e-05
1.451957796234637499e-04
8.166522532701492310e-02
2.731471881270408630e-02
5.774705410003662109e-01
5.144393444061279297e-01
9.665375575423240662e-03
2.518795554351527244e-06
3.213108357158489525e-08
7.371571846306324005e-03
6.278306841850280762e-01
6.325286626815795898e-01
6.207608580589294434e-01
6.968474015593528748e-03
2.511786296963691711e-04
3.467262256890535355e-03
9.441965858059120364e-07
1.024964332580566406e+00
8.607964332441042643e-07
3.700647794175893068e-04
2.009134367108345032e-02
1.995447278022766113e-01
3.238191420678049326e-04
6.143734231591224670e-02
2.275477647781372070e-01
3.116473183035850525e-02
1.913087256252765656e-02
9.318082593381404877e-04
1.603325642645359039e-02
4.971626400947570801e-01
1.280803729741819552e-07
6.913226097822189331e-02
2.063824922515777871e-06
7.108680438250303268e-04
3.491640673018991947e-04
3.617151454091072083e-02
6.671468145214021206e-04
1.171282841823995113e-03
1.195530295372009277e-01
3.768602386116981506e-03
7.367473153863102198e-05
1.248958334326744080e-02
2.861197281163185835e-04
1.117406372941331938e-05
7.006630653449974488e-07
5.381987430155277252e-03
6.928461790084838867e-01
8.395285694859921932e-04
3.125991838714980986e-07
2.409085431143154210e-10
6.122036576271057129e-01
2.927837704191915691e-05
3.581218048930168152e-02
1.281825751066207886e-01
8.567869663238525391e-03
1.395062776282429695e-03
1.631315052509307861e-02
6.512299925088882446e-02
1.982644051313400269e-01
1.318172924220561981e-02
2.645431086421012878e-04
6.462374813054339029e-08
3.783056139945983887e-02
4.787605255842208862e-03
3.185489475727081299e-01
7.444258244504453614e-06
1.904192613437771797e-04
1.580519974231719971e-01
1.358141503260412719e-06
1.746752532199025154e-04
4.471308159281761618e-07
1.594372179170022719e-06
6.885569095611572266e-01
6.869097948074340820e-01
3.911051862814929336e-06
3.813666477799415588e-02
7.964484393596649170e-02
2.944121360778808594e-01
8.351357649871715694e-08
1.099183689802885056e-02
4.535463154315948486e-01
3.261894686147570610e-03
6.983854174613952637e-01
7.013369798660278320e-01
2.225583884865045547e-04
9.980973601341247559e-02
7.284594234079122543e-03
3.796260952949523926e-01
7.614842616021633148e-03
2.054368611425161362e-03
3.460811451077461243e-03
8.776309550739824772e-05
3.967111706733703613e-01
6.842828989028930664e-01
5.677043274044990540e-02
2.328506343474145979e-05
1.180861945613287389e-04
2.824812829494476318e-01
1.311486363410949707e-01
5.001086592674255371e-01
1.374493911862373352e-02
2.338792197406291962e-02
5.272000562399625778e-03
5.140272155404090881e-02
4.758368730545043945e-01
1.748892373143462464e-06
7.736843824386596680e-01
2.733461856842041016e-01
5.577197764068841934e-03
6.204696893692016602e-01
1.204052940011024475e-03
2.983729063998907804e-05
2.308875769376754761e-01
6.856353138573467731e-04
1.373842133034486324e-05
4.342551692388951778e-04
2.236097088825772516e-06
2.394909709692001343e-01
6.840591086074709892e-04
5.559268593788146973e-01
1.156991422176361084e-01
1.353492552880197763e-04
6.959413290023803711e-01
9.521662832412403077e-06
1.703278422355651855e-01
1.489870919613167644e-04
1.830025721574202180e-04
6.438010837882757187e-03
1.195835429825820029e-04
5.520497560501098633e-01
4.018500819802284241e-02
2.544235258028493263e-07
7.475706752302357927e-06
5.079128823126666248e-05
1.947249174118041992e-01
2.409085431143154210e-10
1.876330561935901642e-02
2.430149033898487687e-04
3.030909970402717590e-02
1.017026007175445557e-01
3.381810245173255680e-07
4.268299043178558350e-01
1.975396573543548584e-01
3.981423377990722656e-01
4.474318586289882660e-03
1.390019506216049194e-01
2.792439162731170654e-01
2.624350786209106445e-02
2.719751745462417603e-02
8.545855962438508868e-05
9.605864435434341431e-02
1.224672188982367516e-03
6.802293658256530762e-01
6.394130587577819824e-01
2.029556967318058014e-02
4.571922123432159424e-02
4.917690753936767578e-01
3.357088267803192139e-01
2.229448483603846398e-07
2.499266656741383485e-06
7.180981920100748539e-04
4.035320878028869629e-02
3.071912825107574463e-01
1.542508155107498169e-01
1.334105945716146380e-06
6.932160854339599609e-01
3.792961942963302135e-04
5.061894655227661133e-01
8.997733145952224731e-02
5.421740352176129818e-04
5.139822959899902344e-01
1.600733213126659393e-02
1.140907965600490570e-02
1.116765895858407021e-03
8.364789187908172607e-02
1.927972137928009033e-01
2.418202639091759920e-04
1.527777463197708130e-01
4.773554950952529907e-02
2.169150859117507935e-02
3.247867524623870850e-01
1.635244190692901611e-01
2.359779551625251770e-03
3.833113908767700195e-01
6.230387091636657715e-02
2.112300544977188110e-01
5.907668173313140869e-02
7.065040990710258484e-03
7.756599225103855133e-04
6.620900034904479980e-01
4.256634414196014404e-02
8.526587486267089844e-02
1.495917385909706354e-04
2.556110620498657227e-01
1.092616282403469086e-02
6.940300227142870426e-05
1.081241294741630554e-01
8.129954039759468287e-06
6.544279456138610840e-01
1.158760786056518555e-01
5.684213712811470032e-02
6.238215565681457520e-01
1.174453198909759521e-01
1.561267394572496414e-02
1.940631866455078125e-01
2.651126997079700232e-04
7.936027646064758301e-01
4.031676352024078369e-01
4.319323599338531494e-02
2.046678513288497925e-01
2.564027905464172363e-01
2.854077816009521484e-01
3.136227130889892578e-01
2.668402448762208223e-04
3.845071196556091309e-01
5.504319667816162109e-01
5.975784063339233398e-01
7.401136159896850586e-01
6.802991628646850586e-01
3.819928467273712158e-01
4.082313738763332367e-03
7.013369798660278320e-01
2.374917094130069017e-04
7.114370819181203842e-04
2.299674815731123090e-04
2.580242045223712921e-02
3.574551939964294434e-01
1.269761472940444946e-01
6.153025105595588684e-02
2.019421607255935669e-01
6.721174716949462891e-01
4.599340632557868958e-02
2.122352598235011101e-03
2.486573159694671631e-01
1.061537787318229675e-01
4.274817183613777161e-02
1.009487152099609375e+00
7.255558669567108154e-02
2.127661556005477905e-01
7.390536367893218994e-02
1.600510586285963655e-05
2.749683260917663574e-01
1.242469064891338348e-02
5.906827747821807861e-02
2.071651979349553585e-04
3.553475380613235757e-07
3.818130791187286377e-01
6.384086608886718750e-01
4.395278096199035645e-01
5.471790954470634460e-02
1.650401463848538697e-05
5.618420545943081379e-04
6.955220829695463181e-03
2.742232382297515869e-01
3.024150431156158447e-02
1.474850112572312355e-03
4.564661532640457153e-02
3.310018181800842285e-01
4.996549189090728760e-01
8.400830440223217010e-03
7.979687070474028587e-04
2.408959269523620605e-01
6.785420555388554931e-05
3.046037256717681885e-01
3.654586374759674072e-01
2.270431369543075562e-01
1.736875474452972412e-01
3.116473183035850525e-02
5.758203864097595215e-01
1.032418198883533478e-02
3.923056065104901791e-04
9.329433669336140156e-05
3.051321581006050110e-02
4.172910451889038086e-01
7.906328141689300537e-02
6.966491043567657471e-02
6.933133006095886230e-01
1.372217411699239165e-06
5.490916371345520020e-01
3.595777228474617004e-02
2.857700223103165627e-03
1.284343600273132324e-01
6.685712933540344238e-01
8.207242190837860107e-02
6.926576495170593262e-01
1.250467821955680847e-02
1.152910292148590088e-01
2.050303621217608452e-03
6.796343922615051270e-01
2.808102667331695557e-01
7.657357491552829742e-05
6.800302863121032715e-01
2.086182683706283569e-01
4.665176570415496826e-01
4.059806466102600098e-01
5.412736936705186963e-05
1.517759822309017181e-02
3.689776360988616943e-01
5.252289772033691406e-01
1.310716718435287476e-01
3.701126904953611074e-11
7.124876719899475574e-05
3.797328844666481018e-02
1.028856709599494934e-01
5.120754241943359375e-01
1.685604825615882874e-02
2.127287983894348145e-01
6.757740974426269531e-01
5.243883728981018066e-01
5.090571939945220947e-03
1.665814593434333801e-02
3.884858787059783936e-01
5.698768794536590576e-02
2.325672889128327370e-03
7.066509220749139786e-03
3.873647451400756836e-01
2.630188362672924995e-03
1.606182008981704712e-02
1.558558082592753635e-08
3.813332617282867432e-01
7.859995961189270020e-02
4.013524949550628662e-01
3.486019704723730683e-05
2.429400384426116943e-02
1.889296174049377441e-01
3.511685431003570557e-01
9.227069676853716373e-05
6.898604035377502441e-01
3.315868889330886304e-05
2.717831870540976524e-03
5.546901375055313110e-04
1.037545371218584478e-04
3.021520748734474182e-02
5.383075913414359093e-04
1.210929267108440399e-02
1.036957949399948120e-01
3.687585517764091492e-02
8.620789274573326111e-03
6.576575636863708496e-01
6.685918197035789490e-04
6.953901561246311758e-07
1.603691489435732365e-03
4.052354097366333008e-01
2.235870342701673508e-04
1.158357554231770337e-04
6.476146578788757324e-01
1.772760152816772461e-01
1.352866238448768854e-04
1.429500281810760498e-01
2.960156500339508057e-01
5.899400264024734497e-02
3.746871925613959320e-06
7.594591975212097168e-01
7.781212925910949707e-01
4.822710901498794556e-02
9.360927343368530273e-02
1.861140131950378418e-03
6.723722815513610840e-01
5.389832854270935059e-01
2.634881734848022461e-01
5.373937487602233887e-01
9.193328768014907837e-02
2.113415300846099854e-01
2.882920503616333008e-01
1.343248337507247925e-01
1.407639693695728056e-08
6.553276441991329193e-03
1.576654613018035889e-01
1.149502515792846680e+00
1.441572017313319520e-08
6.873251199722290039e-01
3.393586277961730957e-01
8.569737838115543127e-05
1.659904420375823975e-01
4.312963690608739853e-03
6.892986297607421875e-01
2.710307836532592773e-01
5.508974194526672363e-01
3.029383718967437744e-02
6.858276128768920898e-01
8.869770914316177368e-02
5.739687681198120117e-01
6.187076568603515625e-01
5.188824434299021959e-05
1.423334144055843353e-02
5.365013480186462402e-01
7.518549263477325439e-02
4.963187575340270996e-01
2.143923640251159668e-01
5.688226222991943359e-01
5.829830188304185867e-03
4.806129261851310730e-02
7.164552211761474609e-01
5.822725142934359610e-05
4.104191064834594727e-01
9.577646851539611816e-03
1.140858791768550873e-02
5.689048171043395996e-01
4.416489601135253906e-01
9.209439158439636230e-02
1.280240849155234173e-05
8.219280093908309937e-02
6.168908439576625824e-04
5.716498196125030518e-02
7.116707973182201385e-03
3.177241086959838867e-01
2.328526601195335388e-02
3.210265636444091797e-01
9.417044520378112793e-01
6.958363056182861328e-01
4.391885101795196533e-01
1.178066246211528778e-02
1.034463644027709961e+00
2.954240143299102783e-01
4.123258590698242188e-02
8.629341423511505127e-02
1.435656845569610596e-01
6.564742922782897949e-01
4.419313371181488037e-02
3.059465587139129639e-01
2.080273479223251343e-01
4.811385571956634521e-01
3.906218335032463074e-02
9.121106006205081940e-03
3.256112108829256613e-07
1.091158628463745117e+00
6.931826472282409668e-01
2.041158676147460938e-01
9.888876676559448242e-01
2.008728006330784410e-05
3.320819698274135590e-03
7.077144924551248550e-03
7.315163202292751521e-06
1.029391512274742126e-01
2.199086546897888184e-02
8.888654708862304688e-01
8.165727555751800537e-02
8.335569500923156738e-02
6.535073518753051758e-01
1.983169615268707275e-01
7.665316807106137276e-04
6.947569251060485840e-01
6.721964478492736816e-01
1.355221681296825409e-02
2.155941047021769919e-06
1.382139027118682861e-01
6.535011529922485352e-02
6.846422702074050903e-02
1.691249907016754150e-01
2.159581035375595093e-01
1.784576028585433960e-01
2.872067689895629883e-02
3.317338723718421534e-06
6.647534668445587158e-02
6.244544386863708496e-01
7.210543155670166016e-01
3.476921392575604841e-06
1.843203902244567871e-01
3.110693395137786865e-02
7.890107110142707825e-03
6.809928417205810547e-01
7.793668657541275024e-02
9.619272168492898345e-05
5.545486137270927429e-02
3.903448523487895727e-04
6.820986866950988770e-01
7.128244042396545410e-01
7.462545037269592285e-01
1.852831840515136719e-01
2.592343837022781372e-03
2.799665927886962891e-02
4.693499207496643066e-02
5.018849968910217285e-01
2.619641125202178955e-01
6.860006451606750488e-01
1.573327928781509399e-02
1.766799206937008648e-10
2.131050825119018555e-01
7.492603361606597900e-02
3.413436114788055420e-01
2.092878893017768860e-02
3.219685330986976624e-02
8.043599128723144531e-02
2.581273391842842102e-02
1.563396188430488110e-03
1.999208182096481323e-01
6.959510967135429382e-03
1.904796063899993896e-01
6.563166971318423748e-04
8.168403804302215576e-02
2.165566384792327881e-02
1.924712806940078735e-01
1.119251373893348500e-05
5.158023908734321594e-03
8.334825932979583740e-02
1.554694972583092749e-05
2.317986627531354316e-06
1.075641065835952759e-01
3.272776007652282715e-01
7.546076178550720215e-02
1.392688006162643433e-01
5.573875904083251953e-01
1.599624007940292358e-02
2.059743565041571856e-04
4.484763485379517078e-04
6.755987415090203285e-04
4.475344717502593994e-01
1.477434635162353516e-01
1.119294539093971252e-01
1.168374437838792801e-03
1.619864491431144415e-07
6.315543651580810547e-01
1.426384915248490870e-05
1.154904111899668351e-05
1.544316112995147705e-01
1.552165746688842773e-01
2.617223188281059265e-03
9.925076737999916077e-03
1.631599292159080505e-02
2.307634986209450290e-06
6.637765765190124512e-01
2.273606806993484497e-01
6.634611636400222778e-04
2.158807963132858276e-01
3.627791302278637886e-03
9.769020834937691689e-04
2.702430356293916702e-04
1.234513428062200546e-02
1.664724200963973999e-02
4.089726209640502930e-01
4.990732073783874512e-01
1.030591875314712524e-01
8.759733289480209351e-03
2.913570106029510498e-01
2.709098346531391144e-02
9.937798976898193359e-01
1.791532337665557861e-01
5.550715923309326172e-01
5.716808512806892395e-02
1.057163998484611511e-01
5.835405318066477776e-05
1.135997399687767029e-01
1.317364908754825592e-02
3.128461539745330811e-02
2.165159732103347778e-01
2.147871964552905411e-05
2.544235258028493263e-07
4.198708757758140564e-02
4.983519390225410461e-02
6.927011013031005859e-01
6.800041198730468750e-01
5.807224512100219727e-01
3.125847578048706055e-01
2.132977396249771118e-01
4.732641950249671936e-02
1.771903596818447113e-02
1.988813839852809906e-02
4.043063893914222717e-02
1.522883772850036621e-02
4.864709824323654175e-02
4.324012901633977890e-03
4.758467897772789001e-03
4.703487211372703314e-04
4.153384566307067871e-01
3.143492504023015499e-04
9.012509584426879883e-01
1.452010124921798706e-01
4.906191229820251465e-01
3.906246125698089600e-01
1.385066360235214233e-01
6.925152540206909180e-01
2.132344990968704224e-02
1.729226484894752502e-02
3.215659642592072487e-03
6.943871267139911652e-04
9.567151963710784912e-02
3.856661617755889893e-01
8.446664810180664062e-01
5.365036129951477051e-01
5.189682245254516602e-01
1.070721354335546494e-02
4.869394600391387939e-01
4.622162878513336182e-01
2.283859811723232269e-02
1.177694499492645264e-01
2.501188191672554240e-06
6.759352982044219971e-04
2.519004965506610461e-06
7.677785158157348633e-01
5.717450403608381748e-04
2.108682096004486084e-01
3.516413867473602295e-01
1.246977746486663818e-01
8.086691316577798716e-09
6.775143742561340332e-01
6.585536003112792969e-01
5.850390195846557617e-01
5.938863158226013184e-01
1.088869869709014893e-01
1.503411531448364258e-01
3.555200695991516113e-01
7.851047030271729454e-07
2.163949310779571533e-01
1.190454140305519104e-01
7.284594234079122543e-03
2.001167973503470421e-03
9.572918415069580078e-01
2.905487418174743652e-01
6.481263170599049772e-08
9.262867271900177002e-02
7.145561575889587402e-01
1.107863709330558777e-01
5.535477995872497559e-01
6.200467795133590698e-02
2.503973373677581549e-04
7.378780096769332886e-02
5.733302831649780273e-01
6.612929105758666992e-01
2.968055903911590576e-01
8.891087025403976440e-03
1.673031412065029144e-02
8.956508636474609375e-01
6.344350576400756836e-01
1.436474025249481201e-01
1.363190542906522751e-02
8.213923573493957520e-01
6.875738501548767090e-01
4.971626400947570801e-01
2.049661241471767426e-02
4.883377850055694580e-01
3.059714138507843018e-01
2.617366590129677206e-06
2.988378107547760010e-01
7.814874988980591297e-04
5.571399927139282227e-01
3.769048452377319336e-01
4.233943819999694824e-01
1.087725649995263666e-05
6.061440110206604004e-01
4.460758646018803120e-05
2.785027623176574707e-01
4.380250686608633259e-07
8.672004696563817561e-07
2.871681153774261475e-01
1.708880364894866943e-01
5.810052156448364258e-02
9.343747980892658234e-03
6.119821071624755859e-01
9.072437882423400879e-03
1.368874907493591309e-01
6.130555868148803711e-01
1.917748451232910156e-01
2.075026929378509521e-02
8.814271539449691772e-03
3.307610452175140381e-01
2.934037242084741592e-03
4.383659546469687029e-10
3.792874515056610107e-01
1.661718823015689850e-02
1.728731876937672496e-05
2.236491894458403351e-11
1.720515340566635132e-01
3.192645311355590820e-01
1.668526092544198036e-03
1.294281482696533203e+00
8.205022811889648438e-01
1.501972880214452744e-02
2.025750232860445976e-03
3.211349248886108398e-01
8.772797882556915283e-03
2.969492413103580475e-02
3.676955401897430420e-01
4.162237048149108887e-03
1.399662792682647705e-01
6.922951936721801758e-01
6.783620119094848633e-01
6.617156267166137695e-01
2.691540867090225220e-02
2.031663209199905396e-01
2.638208097778260708e-04
8.496316149830818176e-03
1.225509215146303177e-02
7.320547103881835938e-01
2.628372328672412550e-07
1.234730146825313568e-02
2.582769411674235016e-05
1.280803729741819552e-07
9.804046154022216797e-02
1.539310556836426258e-03
2.037487865891307592e-04
2.380275130271911621e-01
4.146805405616760254e-01
8.749451953917741776e-04
3.149250405840575695e-04
1.066232174634933472e-01
4.587592482566833496e-01
5.212575793266296387e-01
3.392397047718986869e-06
8.660788444103673100e-05
1.449946012144209817e-07
4.206968107212105679e-09
5.792807340621948242e-01
1.060209004208445549e-03
7.259055564645677805e-05
1.004769878409916828e-10
1.248562621185556054e-04
1.768122194334864616e-03
5.417486459435849611e-09
3.427952527999877930e-03
4.670360018860231222e-12
4.004944287316902773e-08
4.851884227718983311e-07
3.193244636058807373e-01
5.260428759257251841e-10
6.793503093405206528e-09
3.175725682424967999e-09
3.461748201516456902e-05
2.312928263563662767e-04
4.848982691764831543e-01
5.865363709744997323e-05
4.895052916253916919e-05
1.138068000727798790e-06
1.439212155673885718e-06
3.415505960583686829e-02
4.209932171761465725e-07
5.785138811916112900e-03
1.488270839899996645e-08
1.535438968858215958e-06
2.316259539725251670e-08
1.029671238939044997e-05
1.203076194222774120e-09
5.122389848111197352e-05
4.393018607515841722e-04
2.377724973484873772e-03
6.669239955954253674e-04
1.349915521586808609e-07
2.915378136094659567e-04
4.881298924092059011e-12
7.953478052513673902e-05
6.229399878066033125e-05
6.375593102347920649e-07
2.216477005276829004e-04
1.787553264875896275e-05
7.490328357562248129e-09
1.444491371512413025e-02
1.291703632944063429e-08
5.267937126518518198e-07
8.897768566384911537e-06
7.125965151288937705e-09
5.159356497586031765e-09
1.365177195111755282e-05
1.453170669265091419e-03
1.181027269922196865e-03
4.161829301324582175e-13
8.708650511835003272e-08
1.254417020390974358e-05
2.584788853710051626e-05
2.480597980320453644e-02
1.666921935975551605e-02
1.425156881396105746e-07
9.508406861868934357e-08
5.513804405927658081e-02
5.436097438860088005e-08
2.222206774149526609e-07
3.197963227563604960e-09
1.364720219498849474e-06
4.077971971128135920e-04
1.235310946867684834e-07
1.215177471749484539e-04
6.846833855433942517e-08
2.706472024271988630e-08
2.109143882989883423e-01
2.366326334879431670e-08
1.988465955946594477e-04
9.629392479837406427e-06
4.312436282634735107e-02
1.419914463784976988e-10
4.223490577714983374e-06
1.269922940991818905e-03
1.180119434138759971e-04
6.837920546531677246e-01
1.563440673635341227e-05
1.937478737090714276e-05
8.111223905871156603e-07
2.043112488081533229e-07
3.408391346937378330e-10
4.073219770361902192e-06
1.103991598938591778e-05
6.388333531504031271e-06
6.467291200351610314e-07
9.702469105832278728e-04
1.227202173322439194e-02
4.317552447319030762e-01
1.315493227593833581e-05
1.000013050145298621e-08
7.721086348055905546e-08
5.835405318066477776e-05
1.318393060500966385e-06
1.425834125257097185e-05
4.704386368393898010e-02
2.740298668868490495e-06
5.608636755027873733e-08
6.970162047537087346e-08
1.364092531730420887e-05
5.206460684803460026e-08
4.666059464216232300e-02
4.474142167865124975e-10
4.179851771368703339e-07
2.922238562241830095e-10
7.721047149971127510e-04
5.601409960864778270e-11
6.102052196865770384e-08
2.336422726511955261e-02
2.374256402254104614e-02
2.591535348983597942e-06
9.739999313751468435e-07
5.227333167567849159e-04
5.240730024524964392e-05
7.776172133162617683e-04
3.150647282600402832e-01
2.262608404635102488e-06
1.285063833122990218e-09
5.393040737544652075e-06
1.818470045691356063e-04
1.371719848819452636e-09
5.838947103598002286e-08
3.874030957140561782e-11
1.387791104257019015e-09
1.191683040815405548e-04
2.403550070084747858e-06
1.271711662411689758e-04
5.788804992334917188e-05
7.371305628112168051e-07
1.259329728782176971e-03
1.948727003764361143e-06
4.342691004276275635e-01
2.720103657338768244e-05
1.085035386495292187e-03
9.886510270007420331e-06
7.744594654468528461e-07
1.708061608951538801e-04
3.792736213654279709e-03
9.129060701829061486e-11
1.156599410023773089e-05
1.007004175335168839e-02
2.676867779882741161e-06
1.297336965799331665e-01
1.830206958208790979e-10
2.974892822749097832e-06
5.683450126525713131e-06
7.506969268433749676e-04
1.023945905842538195e-08
4.667127541324589401e-06
2.383555575136142579e-08
1.168016024166718125e-04
8.462272671749815345e-05
1.081249706658127252e-06
1.139239600433938904e-07
1.331515704805497080e-06
7.203868590295314789e-04
3.176999234710820019e-05
2.792794108390808105e-01
3.005110472440719604e-02
3.172714002630527830e-07
1.060843146660772618e-06
4.629312455654144287e-02
1.351530045212712139e-06
6.604130268096923828e-01
1.319640285935008706e-09
7.048014083466114243e-08
4.732071623436695518e-09
7.394183876296978042e-11
7.269353174965687003e-11
1.257388221320709931e-10
6.188607221702113748e-05
7.715123473417406785e-08
3.040203409909736365e-06
2.794304862618446350e-02
2.862827336302942172e-11
1.481788640376180410e-04
1.144814305007457733e-04
2.295860758749768138e-05
1.374249825047968443e-09
2.745673991739749908e-04
1.650607259762182366e-07
8.506687358021736145e-03
8.028945508442575374e-09
1.061229340848512948e-04
9.081386815523728728e-05
2.268185710363468388e-07
1.051974294341562199e-07
9.837375546339899302e-05
6.229444406926631927e-04
3.973730144934961572e-07
1.411033590557053685e-04
5.005102138966321945e-03
7.132269274734426290e-06
3.202535957098007202e-02
1.442232360204798169e-06
1.463692053221166134e-03
2.447393399052089080e-07
2.225432312116026878e-03
1.646337448619306087e-03
2.417720068592643656e-08
-0.000000000000000000e+00
-0.000000000000000000e+00
-0.000000000000000000e+00
-0.000000000000000000e+00
-0.000000000000000000e+00
-0.000000000000000000e+00
-0.000000000000000000e+00
-0.000000000000000000e+00
-0.000000000000000000e+00
-0.000000000000000000e+00
-0.000000000000000000e+00
-0.000000000000000000e+00
-0.000000000000000000e+00
-0.000000000000000000e+00
-0.000000000000000000e+00
-0.000000000000000000e+00
-0.000000000000000000e+00
-0.000000000000000000e+00
-0.000000000000000000e+00
-0.000000000000000000e+00
-0.000000000000000000e+00
-0.000000000000000000e+00
-0.000000000000000000e+00
-0.000000000000000000e+00
-0.000000000000000000e+00
-0.000000000000000000e+00
-0.000000000000000000e+00
-0.000000000000000000e+00
-0.000000000000000000e+00
-0.000000000000000000e+00
-0.000000000000000000e+00
-0.000000000000000000e+00
-0.000000000000000000e+00
-0.000000000000000000e+00
-0.000000000000000000e+00
-0.000000000000000000e+00
-0.000000000000000000e+00
-0.000000000000000000e+00
-0.000000000000000000e+00
-0.000000000000000000e+00
