5.630657821893692017e-02
6.822887342423200607e-03
2.155580185353755951e-02
7.797368168830871582e-01
4.140213131904602051e-02
1.425016224384307861e-01
1.219075798988342285e+00
1.209963858127593994e-01
1.320733129978179932e-01
7.777333259582519531e-01
3.327893791720271111e-03
4.314658697694540024e-03
2.248866856098175049e-01
6.032415106892585754e-02
8.903928399085998535e-01
5.702873468399047852e-01
5.378186330199241638e-02
4.609981179237365723e-01
1.162383794784545898e+00
6.287854909896850586e-02
2.029399126768112183e-01
3.185484707355499268e-01
1.064961925148963928e-01
1.033371500670909882e-02
5.031375288963317871e-01
7.498822174966335297e-03
9.402416646480560303e-03
4.853073880076408386e-02
6.896425485610961914e-01
1.842372119426727295e-02
8.629416227340698242e-01
7.355377078056335449e-03
5.645942687988281250e-01
5.022305995225906372e-04
1.721938257105648518e-03
1.060694694519042969e+00
1.085913419723510742e+00
8.485651575028896332e-03
4.469770065043121576e-04
6.548631191253662109e-01
7.687336206436157227e-01
5.022714138031005859e-01
7.528165727853775024e-02
2.171379746869206429e-03
1.933114603161811829e-02
5.930987596511840820e-01
1.775823086500167847e-01
2.041283436119556427e-02
6.981571316719055176e-01
6.571916341781616211e-01
8.126682043075561523e-02
4.266890585422515869e-01
2.101247571408748627e-02
1.240281820297241211e+00
5.659047961235046387e-01
8.581136465072631836e-01
3.190508484840393066e-01
9.982233494520187378e-02
2.616183832287788391e-02
2.732666432857513428e-01
6.743052005767822266e-01
4.319549500942230225e-01
8.186588287353515625e-01
9.558917954564094543e-03
5.976058244705200195e-01
8.783526718616485596e-03
1.171375811100006104e-01
7.390303611755371094e-01
1.148167490959167480e+00
4.846566915512084961e-02
6.748977303504943848e-01
8.897890895605087280e-02
2.275182604789733887e-01
7.926721572875976562e-01
1.020648479461669922e-01
1.298518180847167969e-01
1.982337981462478638e-01
7.171775698661804199e-01
6.033931970596313477e-01
1.299566626548767090e-01
5.407641530036926270e-01
1.127516031265258789e+00
7.086278200149536133e-01
4.437670577317476273e-03
5.094571113586425781e-01
2.232247740030288696e-01
1.782614588737487793e-01
3.931146860122680664e-02
6.900647282600402832e-01
6.020824909210205078e-01
1.083146966993808746e-02
4.548351764678955078e-01
1.152800619602203369e-01
4.463466393644921482e-05
6.469626426696777344e-01
3.295475617051124573e-04
1.887072430690750480e-04
2.631437219679355621e-02
2.556445598602294922e-01
4.496960714459419250e-02
1.995966285467147827e-01
8.702657222747802734e-01
1.710841655731201172e-01
7.314565181732177734e-01
4.550992548465728760e-01
7.899985313415527344e-01
1.884709671139717102e-02
1.155420064926147461e+00
1.379217952489852905e-01
4.945939183235168457e-01
3.844462633132934570e-01
8.850215673446655273e-01
1.472851276397705078e+00
7.417772412300109863e-01
1.346773058176040649e-01
2.565795779228210449e-01
1.564197614789009094e-02
7.533738613128662109e-01
7.840951904654502869e-03
2.321914136409759521e-01
3.176324069499969482e-01
2.752248570322990417e-02
2.048352360725402832e-02
1.418749094009399414e-01
9.790366888046264648e-01
3.166325986385345459e-01
2.240519374608993530e-01
2.676810622215270996e-01
2.496455311775207520e-01
6.935228109359741211e-01
7.566955089569091797e-01
2.457638978958129883e-01
7.906538248062133789e-01
2.787416577339172363e-01
5.058722570538520813e-02
4.819369688630104065e-02
1.190471172332763672e+00
1.282949745655059814e-01
5.962472558021545410e-01
1.964984089136123657e-01
3.116846382617950439e-01
1.041712522506713867e+00
1.173509836196899414e+00
2.779065072536468506e-01
4.459803700447082520e-01
1.615055203437805176e-01
2.195753604173660278e-01
1.261899946257472038e-03
6.699881553649902344e-01
1.546266078948974609e-01
5.134627223014831543e-02
1.761372201144695282e-02
8.987302891910076141e-03
9.450920820236206055e-01
2.085175830870866776e-03
1.166778206825256348e-01
2.890168428421020508e-01
4.323014616966247559e-01
6.511324048042297363e-01
2.332306206226348877e-01
6.481957435607910156e-01
8.601990342140197754e-02
4.554508328437805176e-01
1.439328342676162720e-01
7.919030785560607910e-01
7.597120404243469238e-01
1.775492280721664429e-01
1.379176601767539978e-02
1.000189900398254395e+00
9.411619044840335846e-03
1.117098331451416016e+00
1.026950120925903320e+00
3.623077273368835449e-01
9.931528009474277496e-03
2.446386590600013733e-02
5.855023860931396484e-01
4.985454082489013672e-01
6.070812940597534180e-01
4.696726799011230469e-01
5.217367410659790039e-01
1.773562515154480934e-03
3.514562919735908508e-02
3.701374828815460205e-01
3.580635413527488708e-03
2.496677190065383911e-01
5.711474455893039703e-03
1.112771272659301758e+00
3.758820518851280212e-02
7.487924098968505859e-01
1.904645934700965881e-03
1.742889918386936188e-02
4.038379788398742676e-01
1.064240038394927979e-01
6.597735881805419922e-01
9.472840279340744019e-02
1.254771947860717773e-01
5.388495326042175293e-01
1.512021720409393311e-01
2.413083333522081375e-03
2.570841908454895020e-01
1.371115803718566895e+00
1.817780919373035431e-02
8.570313453674316406e-01
1.010094210505485535e-01
6.275296956300735474e-02
3.605523705482482910e-02
1.003620121628046036e-02
5.365256071090698242e-01
7.414106130599975586e-01
2.068083558697253466e-04
7.118711471557617188e-01
1.683454960584640503e-01
1.620728522539138794e-03
6.733883619308471680e-01
2.334558404982089996e-02
6.294419765472412109e-01
8.978732824325561523e-01
7.473230957984924316e-01
1.173593044281005859e+00
4.683312177658081055e-01
5.098278522491455078e-01
1.116024330258369446e-03
5.856863781809806824e-02
3.637418523430824280e-02
5.335664153099060059e-01
1.432609111070632935e-01
1.445336341857910156e-01
5.694828629493713379e-01
1.083745718002319336e+00
1.087018370628356934e+00
8.838303089141845703e-01
1.382885575294494629e-01
3.895071446895599365e-01
6.686652898788452148e-01
3.251985646784305573e-03
9.294978380203247070e-01
6.984252929687500000e-01
1.845986582338809967e-02
2.610209630802273750e-04
1.250602155923843384e-01
6.832759380340576172e-01
1.879195570945739746e-01
3.306885482743382454e-03
3.730646767508005723e-06
8.884400129318237305e-01
3.745158901438117027e-03
6.652199029922485352e-01
2.027224516496062279e-03
5.213684439659118652e-01
3.560688793659210205e-01
6.554443240165710449e-01
2.674159593880176544e-03
1.564745306968688965e-01
3.487127423286437988e-01
6.385080814361572266e-01
6.895781755447387695e-01
-0.000000000000000000e+00
-0.000000000000000000e+00
-0.000000000000000000e+00
-0.000000000000000000e+00
-0.000000000000000000e+00
-0.000000000000000000e+00
-0.000000000000000000e+00
-0.000000000000000000e+00
-0.000000000000000000e+00
-0.000000000000000000e+00
-0.000000000000000000e+00
-0.000000000000000000e+00
-0.000000000000000000e+00
-0.000000000000000000e+00
-0.000000000000000000e+00
-0.000000000000000000e+00
-0.000000000000000000e+00
-0.000000000000000000e+00
-0.000000000000000000e+00
-0.000000000000000000e+00
