1.804650276899337769e-01
4.363677580840885639e-04
1.634350419044494629e-01
1.215498801320791245e-02
3.287730738520622253e-02
5.659803748130798340e-02
9.042958617210388184e-01
1.613142318092286587e-03
1.242388725280761719e+00
3.141307234764099121e-01
7.193208932876586914e-01
3.950361609458923340e-01
4.551452293526381254e-04
3.577650059014558792e-04
6.542023420333862305e-01
5.842911452054977417e-02
3.092338052290699579e-10
1.669770292937755585e-02
4.442629218101501465e-02
2.524228021502494812e-02
1.782068866305053234e-03
1.811283073038794100e-05
1.108096763491630554e-01
8.950166404247283936e-02
7.743541598320007324e-01
9.749898910522460938e-01
7.768383026123046875e-01
1.712247431278228760e-01
9.627996683120727539e-01
4.269058699719607830e-04
1.290396994590992108e-06
1.244738817214965820e+00
7.585254497826099396e-03
6.973341107368469238e-01
4.706767213065177202e-04
1.853619687608443201e-05
9.947890043258666992e-01
1.867438554763793945e-01
5.245486681815236807e-05
8.035253286361694336e-01
7.722682356834411621e-01
7.249251008033752441e-01
2.012270689010620117e-01
4.387366585433483124e-03
5.514702945947647095e-02
2.094692754326388240e-04
9.278119802474975586e-01
4.735106825828552246e-01
4.454667866230010986e-02
8.313027024269104004e-01
3.362882416695356369e-04
3.041741065680980682e-02
1.487215980887413025e-03
1.576698012650012970e-02
4.146904945373535156e-01
3.172035515308380127e-02
5.396667718887329102e-01
6.921286582946777344e-01
7.013029605150222778e-02
4.503950104117393494e-02
5.218198299407958984e-01
4.074976593255996704e-02
1.224140524864196777e-01
1.499689649790525436e-03
6.466864347457885742e-01
1.219162493944168091e-01
4.233593940734863281e-01
4.860601574182510376e-02
3.022837042808532715e-01
3.559202639280556468e-07
5.497212056070566177e-03
2.173888087272644043e-01
1.846024394035339355e-01
3.618005514144897461e-01
9.287128341384232044e-05
6.714038252830505371e-01
2.593643730506300926e-03
6.485437916126102209e-05
1.213264155808246869e-08
7.578922063112258911e-02
5.068820342421531677e-02
1.200032085180282593e-01
5.372440209612250328e-04
2.108360640704631805e-03
3.038862814719323069e-05
2.477910020388662815e-04
4.444840177893638611e-02
8.218158654926810414e-06
4.371669274405576289e-05
4.797998070716857910e-01
2.163659781217575073e-03
1.365398764610290527e-01
2.855946682393550873e-02
3.029610216617584229e-01
7.094033935572952032e-05
2.782008051872253418e-02
1.806306280195713043e-02
5.105433054268360138e-03
8.575112819671630859e-01
3.148876428604125977e-01
8.435728549957275391e-01
7.204382563941180706e-04
7.034660130739212036e-02
5.527273606276139617e-05
4.384822227532225725e-10
3.144097924232482910e-01
2.578911185264587402e-01
1.249423712579300627e-05
1.113763675093650818e-01
1.926289796829223633e-01
4.348746836185455322e-01
5.683149099349975586e-01
1.320008467882871628e-02
2.030132524669170380e-02
9.756826795637607574e-03
2.373892784817144275e-04
8.547352999448776245e-02
9.321142733097076416e-02
4.131015448365360498e-04
1.871852077783842105e-06
8.874381780624389648e-01
6.076290607452392578e-01
5.650719404220581055e-01
2.706729063106649846e-08
3.093051645919331349e-06
9.664354324340820312e-01
2.509939856827259064e-02
7.879513502120971680e-01
1.035368323326110840e+00
2.968923581647686660e-05
8.253910541534423828e-01
7.158313989639282227e-01
3.066871687769889832e-02
6.188775300979614258e-01
1.055816054344177246e+00
5.993199348449707031e-02
2.238156646490097046e-02
6.882582902908325195e-01
2.647039666771888733e-02
7.799919247627258301e-01
1.240792274475097656e+00
2.613006830215454102e-01
6.136457435786724091e-03
5.155683755874633789e-01
8.051944000442290417e-09
1.094079017639160156e+00
8.718463592231273651e-03
2.945604026317596436e-01
2.395873703062534332e-02
1.617325935512781143e-03
2.114114467985928059e-04
1.757760792970657349e-01
2.727104583755135536e-05
2.018864899873733521e-01
4.818331511557971680e-09
1.254549026489257812e+00
4.163570702075958252e-03
6.029917858541011810e-03
1.872530629043467343e-05
2.073970681522041559e-04
1.655462619964964688e-05
1.604824326932430267e-02
5.189635753631591797e-01
5.183880031108856201e-02
2.780682221055030823e-02
1.054934263229370117e+00
6.864345073699951172e-01
4.642349481582641602e-01
2.440948411822319031e-02
1.856640540063381195e-02
4.865430673817172647e-05
1.981909573078155518e-01
1.134665124118328094e-02
8.323014378547668457e-01
5.672960281372070312e-01
6.297389864921569824e-01
1.963033806532621384e-03
1.775932013988494873e-01
2.103369450196623802e-03
1.424066629260778427e-02
3.744153655134141445e-04
1.739833317697048187e-02
4.781249910593032837e-02
1.195304244756698608e-01
1.987382471561431885e-01
4.705069586634635925e-04
8.684199303388595581e-03
1.133957505226135254e-02
3.747247159481048584e-02
9.088631719350814819e-03
6.404442191123962402e-01
6.642756488872691989e-05
5.374211668968200684e-01
7.481690496206283569e-02
3.493851516395807266e-03
4.691542417276650667e-04
2.421246790618170053e-06
1.034386873245239258e+00
6.833627074956893921e-02
1.950692385435104370e-01
4.589201137423515320e-02
6.015973091125488281e-01
7.325423648580908775e-04
7.020314931869506836e-01
1.034946460276842117e-02
7.339582592248916626e-02
1.507868773842346855e-06
9.060341715812683105e-01
5.741644599766004831e-06
3.601974844932556152e-01
7.372081279754638672e-01
7.083084583282470703e-01
6.375474333763122559e-01
9.446504712104797363e-01
9.789216518402099609e-01
3.182826185366138816e-05
8.835817425278946757e-05
7.017676040277365246e-08
1.355057954788208008e-02
1.343750357627868652e-01
1.024132519960403442e-01
2.497944251445005648e-06
1.152482070028781891e-02
1.324288174510002136e-02
2.159139811992645264e-01
7.569307088851928711e-01
4.908343032002449036e-02
9.327489137649536133e-02
1.113852635025978088e-01
2.275953738717362285e-05
3.681831955909729004e-01
7.323433645069599152e-03
5.497065186500549316e-02
1.753148436546325684e-02
1.246117427945137024e-01
3.528534770011901855e-01
1.495206356048583984e-01
8.018816709518432617e-01
8.156579732894897461e-01
3.388518095016479492e-02
3.078383815591223538e-05
2.767304424196481705e-03
5.072719886811682954e-06
2.982357982546091080e-04
6.590214967727661133e-01
9.287893772125244141e-01
5.452835559844970703e-01
3.680674359202384949e-02
7.344762086868286133e-01
5.669297184795141220e-03
6.824073195457458496e-01
4.727692008018493652e-01
9.052435159683227539e-01
6.256381869316101074e-01
1.427668030373752117e-04
1.425371691584587097e-02
5.920684337615966797e-01
3.414982529648113996e-06
1.410457189194858074e-04
1.651879167184233665e-03
1.103755474090576172e+00
7.487685680389404297e-01
4.672793149948120117e-01
2.554333209991455078e-01
5.138389468193054199e-01
1.522497273981571198e-03
1.331746927462518215e-03
3.201508522033691406e-02
7.005232572555541992e-02
3.762130141258239746e-01
4.917175695300102234e-02
5.438415408134460449e-01
7.305623292922973633e-01
7.611504197120666504e-02
1.497646309189804015e-07
5.659505128860473633e-01
2.241946756839752197e-02
3.783971071243286133e-02
9.586673378944396973e-01
7.265513772836129647e-07
5.849916338920593262e-01
8.452684879302978516e-01
5.942853689193725586e-01
9.296017885208129883e-02
4.431855678558349609e-02
2.321423962712287903e-04
7.975989021360874176e-03
1.545557606732472777e-04
3.633369803428649902e-01
1.022556971292942762e-04
9.930960368365049362e-04
1.533239185810089111e-01
1.697458443231880665e-03
3.695649793371558189e-04
1.226859837770462036e-01
1.912219971418380737e-01
9.696731417818682530e-09
2.069895267486572266e-01
1.409259587526321411e-01
3.271869445597985759e-06
3.015415313711855561e-05
6.586431264877319336e-01
3.943436592817306519e-02
2.341205067932605743e-02
8.843538165092468262e-01
1.374769117683172226e-02
2.535632252693176270e-01
7.572753429412841797e-01
1.334100579697405919e-05
9.661978483200073242e-02
4.361681640148162842e-02
2.898953971453011036e-04
4.110802710056304932e-01
4.196184221655130386e-03
7.179053872823715210e-02
1.058989204466342926e-02
7.019860786385834217e-04
4.226138889789581299e-01
1.502709835767745972e-01
4.473529458045959473e-01
9.211718570441007614e-04
6.566030979156494141e-01
2.339740283787250519e-02
1.038789190351963043e-02
8.086473098956048489e-04
3.795912116765975952e-02
2.046622484922409058e-01
4.948263987898826599e-03
2.580365240573883057e-01
1.774738132953643799e-01
1.552336500026285648e-03
2.783128060400485992e-02
6.329002189886523411e-06
3.624383732676506042e-02
1.179873105138540268e-02
1.910905539989471436e-02
3.578664958477020264e-01
3.566106781363487244e-03
7.023872733116149902e-01
6.021059751510620117e-01
6.085772514343261719e-01
3.622013926506042480e-01
2.055040937420926639e-07
4.409254491329193115e-01
1.197282038629055023e-02
4.840371730097103864e-06
7.200561761856079102e-01
1.575775604578666389e-05
8.269435167312622070e-01
8.821641017675574403e-07
1.645203530788421631e-01
1.115760859102010727e-02
2.513623563572764397e-03
1.134813101089093834e-05
2.293377220630645752e-01
6.460523309215204790e-06
1.556740850210189819e-01
5.208648741245269775e-03
1.918425405165180564e-04
6.316984581644646823e-06
9.774675163498613983e-06
1.812682021409273148e-03
1.678999327123165131e-02
8.444084972143173218e-02
6.738824304193258286e-04
1.072459667921066284e-02
7.176717519760131836e-01
9.301578998565673828e-01
3.196945786476135254e-01
1.076429247856140137e+00
7.593328952789306641e-01
2.136690169572830200e-02
7.933509349822998047e-02
2.082783579826354980e-01
1.861410855781286955e-04
6.223630905151367188e-01
2.565521746873855591e-03
4.316179826855659485e-02
5.190231968299485743e-05
3.576144576072692871e-02
8.736691088415682316e-04
3.015415313711855561e-05
9.822605643421411514e-04
2.531840000301599503e-04
1.016243871276856225e-07
5.173474550247192383e-02
3.591082524508237839e-03
4.715534672141075134e-02
6.792030334472656250e-01
3.241384547436609864e-05
2.837488651275634766e-01
2.256787940859794617e-02
5.525028705596923828e-01
1.273523666895925999e-04
4.174635978415608406e-05
2.406213432550430298e-02
8.358146995306015015e-02
1.738223880529403687e-01
4.003658250439912081e-04
7.244805097579956055e-01
1.562677311994775664e-06
3.261675301473587751e-04
6.650648713111877441e-01
1.439378131181001663e-03
8.985295607999432832e-06
6.718836630170699209e-06
1.803324994398280978e-05
1.705509796738624573e-02
2.147478982806205750e-03
1.072167651727795601e-04
1.049705266952514648e+00
2.106926876876968890e-05
7.371370494365692139e-02
3.841615107376128435e-04
5.884991027414798737e-03
2.869129821192473173e-04
5.730612901970744133e-04
9.990028956963215023e-06
6.908425092697143555e-01
7.244230508804321289e-01
2.347032427787780762e-01
7.091262936592102051e-02
1.531334646642790176e-06
1.610657454875763506e-05
1.684575527906417847e-01
5.088307261466979980e-01
1.842339336872100830e-01
2.073970681522041559e-04
4.507973790168762207e-01
7.023686066531809047e-06
1.057594269514083862e-02
6.958999037742614746e-01
1.029955968260765076e-01
3.907153950422070920e-05
2.588783623650670052e-03
1.302036689594388008e-04
3.277890384197235107e-01
1.306789875030517578e+00
1.147620156407356262e-01
2.224318496882915497e-02
2.660517394542694092e-02
8.909131288528442383e-01
1.453792769461870193e-02
1.668570935726165771e-01
5.312443375587463379e-01
6.188691258430480957e-01
3.622013926506042480e-01
7.484247684478759766e-01
3.790919203311204910e-03
5.497065186500549316e-02
2.913206481025554240e-05
4.653671085834503174e-01
6.607829928398132324e-01
5.184779292903840542e-04
8.401303291320800781e-01
6.921231397427618504e-04
1.739833317697048187e-02
1.804838329553604126e-02
5.066583071311470121e-06
3.032274798897560686e-05
9.911689994623884559e-05
3.647401928901672363e-03
5.245486681815236807e-05
2.773752785287797451e-04
2.490240149199962616e-04
5.220157504081726074e-01
1.279829157283529639e-04
6.822782754898071289e-01
2.231426537036895752e-03
7.252423763275146484e-01
1.089961528778076172e+00
2.762066724244505167e-04
4.005372226238250732e-01
5.446507930755615234e-01
2.406115982012124732e-06
1.605268567800521851e-02
8.746813051402568817e-03
2.583457827568054199e-01
7.484665839001536369e-04
3.856424591504037380e-04
7.493522018194198608e-02
2.208429214078933001e-04
3.558157384395599365e-01
2.215952053666114807e-02
2.056403830647468567e-02
1.215740293264389038e-02
2.459980547428131104e-03
1.024543773382902145e-03
1.674841428211948369e-06
6.304127055045682937e-06
6.762141734361648560e-02
1.043882104568183422e-03
4.719599187374114990e-01
1.772945970296859741e-01
2.389482781291007996e-02
6.736925244331359863e-01
4.423353374004364014e-01
6.611838936805725098e-01
4.671478527598083019e-04
2.122771111316978931e-04
2.468904107809066772e-02
2.957875840365886688e-04
7.723073940724134445e-05
2.899258136749267578e-01
8.308956166729331017e-04
2.889827787876129150e-01
5.638760048896074295e-03
1.679584756493568420e-02
1.921116336234263144e-06
1.221198216080665588e-02
9.630477055907249451e-03
8.633340895175933838e-02
9.381557106971740723e-01
1.384765841066837311e-02
1.824009668780490756e-04
4.123205542564392090e-01
6.947742076590657234e-05
3.133751306449994445e-05
7.216710597276687622e-02
1.350073069334030151e-01
5.366200275602750480e-05
2.967745065689086914e-03
5.997013658998184837e-07
6.420527934096753597e-04
2.056303434073925018e-02
3.571263048797845840e-03
1.580517156980931759e-03
6.793053150177001953e-01
1.280993372201919556e-01
2.122803218662738800e-02
4.937810301780700684e-01
1.675830862950533628e-04
1.748659834265708923e-02
5.218198299407958984e-01
2.837528789711996069e-08
5.945668555796146393e-03
6.887187957763671875e-01
1.234843693964648992e-05
1.823929548263549805e-01
5.912215783610008657e-05
1.265476197004318237e-01
3.348395403008908033e-04
6.835426688194274902e-01
1.054419279098510742e+00
9.827576875686645508e-01
4.405486106406897306e-04
3.906608819961547852e-01
1.096158594009466469e-04
3.617791691794991493e-03
4.833564758300781250e-01
3.433450460433959961e-01
3.211045404896140099e-04
2.248057350516319275e-02
1.231419737450778484e-03
3.128180878775310703e-06
4.406109154224395752e-01
9.854127652943134308e-03
1.661586065893061459e-05
6.255064508877694607e-04
2.640019357204437256e-01
2.600294072180986404e-03
1.308671699007390998e-06
2.492945874109864235e-03
5.215167999267578125e-03
2.097680866718292236e-01
6.868712902069091797e-01
1.454923767596483231e-02
3.823325634002685547e-01
8.736216841498389840e-06
1.962207257747650146e-02
5.888317828066647053e-04
3.508352115750312805e-02
9.191649951389990747e-06
1.956767619049060158e-06
1.787437795428559184e-04
1.925381720066070557e-01
8.349403287866152823e-06
6.723421812057495117e-01
4.538774737739004195e-05
3.971572034060955048e-03
1.294733723625540733e-03
3.445973154157400131e-03
8.219756186008453369e-02
8.032023906707763672e-02
5.920145511627197266e-01
6.926530003547668457e-01
1.390306744724512100e-03
6.302038431167602539e-01
6.034675985574722290e-02
9.666369296610355377e-04
3.453393874224275351e-04
2.802875041961669922e-01
1.939888927154242992e-03
1.884448342025279999e-03
4.079718200955539942e-04
8.792831003665924072e-02
7.072985637933015823e-03
1.286961633013561368e-04
5.906349420547485352e-01
4.779099836014211178e-04
2.203067924710921943e-05
1.533105969429016113e-04
4.206911398796364665e-05
2.333105076104402542e-03
3.909747465513646603e-04
4.775302484631538391e-03
3.821131214499473572e-02
9.869359200820326805e-05
2.559603154659271240e-01
1.417841878719627857e-03
8.029984682798385620e-02
3.330242407173500396e-06
3.524864315986633301e-01
6.554554700851440430e-01
1.362054701894521713e-02
1.877697184681892395e-02
5.658746231347322464e-04
8.848411425788071938e-07
3.024940087925642729e-04
1.734538562595844269e-02
8.305917435791343451e-05
5.199942588806152344e-01
3.535911673679947853e-04
4.778689444065093994e-01
3.713512094691395760e-03
4.542740993201732635e-03
1.243839855305850506e-03
2.288687028340063989e-05
5.249937772750854492e-01
1.488702691858634353e-04
7.773808902129530907e-04
2.088250219821929932e-01
1.504376530647277832e-02
1.213202631333842874e-04
5.542734870687127113e-04
1.332875457592308521e-03
3.807146847248077393e-02
6.805805605836212635e-04
2.697897609323263168e-03
6.122421622276306152e-01
2.731266021728515625e-01
2.679044902324676514e-01
1.214731950312852859e-02
6.834643334150314331e-02
6.016753613948822021e-03
2.650182247161865234e-01
5.128595148562453687e-07
5.190231968299485743e-05
5.853007896803319454e-04
2.885121386498212814e-03
3.992775455117225647e-03
8.814519969746470451e-04
3.150110691785812378e-02
4.662979044951498508e-04
4.219531547278165817e-04
4.782325029373168945e-02
2.301114291185513139e-04
3.011658918694593012e-05
3.343907184898853302e-03
1.105413772165775299e-03
9.514542398392222822e-07
6.463370919227600098e-01
7.055060863494873047e-01
9.600630402565002441e-02
8.309349650517106056e-04
1.015335554257035255e-03
9.363606572151184082e-03
3.593306988477706909e-03
2.255707398646222828e-09
6.624202728271484375e-01
3.685092553496360779e-02
4.591776087181642652e-05
2.357209041292662732e-06
6.091093271970748901e-02
1.998919248580932617e-02
1.651102793402969837e-03
3.359269758220762014e-04
1.186646148562431335e-02
9.340070391772314906e-06
5.594398317043669522e-06
2.806616976158693433e-06
3.846643812721595168e-05
1.876417081803083420e-05
5.365033745765686035e-01
6.533468961715698242e-01
9.756826795637607574e-03
8.465192317962646484e-01
4.513308522291481495e-05
2.943018451333045959e-03
4.353496711701154709e-03
7.534119300544261932e-03
7.200561761856079102e-01
1.157898157835006714e-01
6.805310398340225220e-02
1.992217676161089912e-06
4.269382059574127197e-01
5.223662257194519043e-01
1.095710694789886475e-02
5.703933835029602051e-01
3.370629251003265381e-01
3.633369803428649902e-01
1.348512321710586548e-01
5.757824401371181011e-04
7.796436548233032227e-01
1.363537460565567017e-02
1.632853150367736816e-01
1.765064895153045654e-03
1.365321804769337177e-04
1.369926799088716507e-02
3.862127661705017090e-03
2.661440968513488770e-01
1.004741247743368149e-02
5.370241124182939529e-04
9.668192267417907715e-02
6.669759284704923630e-03
6.101306676864624023e-01
3.565747141838073730e-01
1.796229043975472450e-03
5.747053499760568229e-09
6.481174379587173462e-02
4.277473092079162598e-01
2.310420386493206024e-02
4.894905032415408641e-06
5.609602667391300201e-03
2.767304424196481705e-03
1.570528140291571617e-03
2.826458588242530823e-02
8.168602944351732731e-04
3.456894159317016602e-01
1.794921990949660540e-05
8.935892581939697266e-01
4.453117251396179199e-01
7.141394540667533875e-03
1.797584891319274902e-01
3.847053647041320801e-02
4.983508006262127310e-08
6.445604958571493626e-04
3.852248657494783401e-03
1.432851254940032959e-01
1.439959396520862356e-05
5.794926255475729704e-05
7.145231962203979492e-02
2.633967064321041107e-02
7.783762703184038401e-05
6.814558506011962891e-01
3.630992770195007324e-02
1.022556971292942762e-04
9.577168151736259460e-03
1.825243583880364895e-03
1.183547695404740807e-07
3.152721546939574182e-05
1.080173533409833908e-02
7.067085504531860352e-01
1.275729060173034668e+00
1.070457710738992319e-05
1.381026086164638400e-04
2.633903920650482178e-01
1.088335990905761719e+00
5.966749449726194143e-05
4.369774160295492038e-07
3.008954524993896484e-01
2.824710216373205185e-03
2.173888087272644043e-01
1.149702584370970726e-03
6.706855297088623047e-01
2.558023296296596527e-02
4.440755844116210938e-01
4.403790235519409180e-01
1.642363220453262329e-01
1.006295084953308105e+00
1.377735733985900879e-01
9.758704254636541009e-05
1.356589142233133316e-02
9.839265048503875732e-02
6.504774093627929688e-01
2.722201868891716003e-02
2.654035985469818115e-01
1.345122465863823891e-03
6.758757233619689941e-01
8.417978882789611816e-01
3.544588685035705566e-01
1.453901734203100204e-02
8.532132208347320557e-02
3.400169610977172852e-01
2.789104282855987549e-01
2.653890661895275116e-02
4.939951375126838684e-02
4.484544694423675537e-01
5.175580736249685287e-04
1.150564104318618774e-02
1.735185272991657257e-02
4.464129805564880371e-01
3.410548716783523560e-02
2.053384378086775541e-04
4.721744954586029053e-01
6.503271460533142090e-01
9.865972995758056641e-01
6.616903841495513916e-02
1.890971958637237549e-01
1.202309285872615874e-04
3.783457279205322266e-01
8.068969100713729858e-02
2.794576808810234070e-03
7.771762609481811523e-01
2.185115218162536621e-02
5.403262972831726074e-01
2.173072397708892822e-01
3.390126526355743408e-01
1.706901192665100098e-02
6.925127506256103516e-01
4.818347224500030279e-05
5.647929906845092773e-01
1.518177054822444916e-02
2.805531257763504982e-04
3.986358176916837692e-03
1.905231326818466187e-01
1.493679136037826538e-01
2.623345255851745605e-01
5.830356478691101074e-02
6.951868534088134766e-02
2.892635529860854149e-05
2.371742017567157745e-02
3.057030774652957916e-02
4.486857652664184570e-01
1.346040517091751099e-02
7.741402834653854370e-03
1.199419349431991577e-01
3.773428201675415039e-01
3.657921752164838836e-06
8.578378707170486450e-03
6.703994274139404297e-01
7.515069842338562012e-02
3.087917268276214600e-01
1.611326661077328026e-05
4.145030345625855261e-07
2.396453544497489929e-02
2.166593633592128754e-02
2.472962078172713518e-04
6.561642289161682129e-01
4.757315036840736866e-04
2.521271705627441406e-01
4.424160718917846680e-01
3.994006812572479248e-01
1.538028195500373840e-02
9.835811331868171692e-03
1.057376712560653687e-02
7.366753220558166504e-01
9.549384230922441930e-06
5.978601984679698944e-04
9.541414678096771240e-03
1.108700176700949669e-03
1.051039576530456543e+00
1.159561861641122960e-06
1.398472977598430589e-05
7.367815971374511719e-01
5.143786966800689697e-02
9.751264452934265137e-01
3.330153599381446838e-02
1.014364600181579590e+00
4.743285179138183594e-01
2.344442158937454224e-01
1.189576864242553711e+00
4.714179794973460957e-06
1.316944789141416550e-02
1.849482650868594646e-03
1.437830360373482108e-04
6.735364794731140137e-01
3.099798858165740967e-01
7.646826505661010742e-01
1.027871444821357727e-01
7.204594016075134277e-01
3.943237970815971494e-06
7.252511382102966309e-02
5.847897380590438843e-02
3.711273968219757080e-01
6.892099380493164062e-01
9.352933848276734352e-04
4.506300203502178192e-03
3.819249942898750305e-02
2.046622484922409058e-01
1.046150803565979004e+00
4.680315554141998291e-01
7.372081279754638672e-01
2.016706159338355064e-03
3.661210462450981140e-02
6.911125183105468750e-01
2.187861362472176552e-03
1.672641956247389317e-03
4.264681413769721985e-02
8.253292180597782135e-04
4.042261466383934021e-02
1.066730618476867676e+00
6.195387686602771282e-04
1.443995349109172821e-02
2.498196810483932495e-01
5.519990227185189724e-04
8.289493620395660400e-03
5.091189814265817404e-05
7.181300588854355738e-06
1.998103689402341843e-04
1.250844299793243408e-01
2.986861951649188995e-02
1.029277965426445007e-01
2.990828454494476318e-02
1.603236049413681030e-02
3.449867665767669678e-01
7.144867777824401855e-01
3.833724930882453918e-02
1.358092529699206352e-03
8.813548833131790161e-03
3.152387944282963872e-05
6.406621336936950684e-01
1.680155401118099689e-05
2.185440063476562500e-01
2.702196240425109863e-01
1.090222503989934921e-03
4.687257576733827591e-03
1.326657980680465698e-01
9.854272603988647461e-01
2.230160683393478394e-01
2.051935531198978424e-02
8.926483729965184466e-08
2.787443576380610466e-03
9.106178879737854004e-01
5.833191871643066406e-01
8.196014678105711937e-04
3.542131558060646057e-02
1.725090669424389489e-06
2.044820412993431091e-02
3.532032966613769531e-01
3.591137230396270752e-01
4.008780419826507568e-01
3.396743163466453552e-02
5.238240119069814682e-04
4.356691837310791016e-01
4.193759988993406296e-03
7.625337839126586914e-01
6.918551921844482422e-01
1.491901576519012451e-01
2.894252538681030273e-01
5.420537199825048447e-04
4.106958508491516113e-01
7.065804600715637207e-01
1.948080025613307953e-02
2.212630957365036011e-02
6.939390897750854492e-01
4.903510212898254395e-03
8.057828992605209351e-03
5.862866342067718506e-02
5.737555027008056641e-01
4.933295547962188721e-01
2.512142248451709747e-02
1.010190486907958984e+00
4.381949256639927626e-04
5.659505128860473633e-01
2.389365807175636292e-02
2.562063336372375488e-01
1.174171268939971924e-01
7.973264157772064209e-02
1.622961163520812988e-01
2.364812605082988739e-02
1.108846887946128845e-01
7.539197336882352829e-03
2.082765102386474609e-02
1.752967834472656250e-01
5.530047019419725984e-06
1.078348839655518532e-03
9.797390550374984741e-03
1.215393543243408203e-01
2.412623167037963867e-01
9.656857582740485668e-04
1.727281414787285030e-05
1.967436373233795166e-01
4.669912959798239172e-05
1.056252419948577881e-01
8.237228542566299438e-02
6.268717646598815918e-01
2.572683095932006836e-01
3.533797571435570717e-03
7.274822564795613289e-05
4.469000548124313354e-02
1.975251436233520508e-01
3.678410575957968831e-05
5.807698965072631836e-01
3.502758443355560303e-01
3.341949880123138428e-01
7.969775199890136719e-01
6.072033047676086426e-01
2.414633752778172493e-03
9.350245445966720581e-02
2.177848517894744873e-01
4.576266556978225708e-02
3.234187960624694824e-01
4.395606741309165955e-02
1.370031852275133133e-02
7.389863952994346619e-03
5.994752049446105957e-03
1.331366151571273804e-01
3.286678791046142578e-01
3.497036397457122803e-01
1.292556077241897583e-01
8.537743240594863892e-03
2.377775963395833969e-03
3.743808716535568237e-02
3.186031058430671692e-02
1.116632411140017211e-04
4.809391796588897705e-01
2.538670301437377930e-01
3.744703019037842751e-03
6.753155589103698730e-02
2.602945547550916672e-03
8.782131224870681763e-02
5.545357465744018555e-01
3.751951226149685681e-05
1.555094216018915176e-02
1.987479265608271817e-07
1.138029806315898895e-02
4.490138888359069824e-01
4.297531675547361374e-03
8.942957967519760132e-03
9.649738669395446777e-03
5.007015466690063477e-01
3.310194313526153564e-01
2.668455243110656738e-02
1.042652729665860534e-04
6.296097300946712494e-03
3.973431012127548456e-04
5.536021590232849121e-01
4.181936965323984623e-04
4.038891568779945374e-02
4.723507910966873169e-02
9.830148816108703613e-01
3.962165676057338715e-03
5.456985235214233398e-01
1.435572560876607895e-02
8.112353831529617310e-02
5.274230614304542542e-02
5.231110453605651855e-01
1.078603882342576981e-02
3.901950716972351074e-01
6.397170424461364746e-01
1.433684374205768108e-04
3.512864410877227783e-01
2.660145946720149368e-05
4.365053176879882812e-01
6.257412489503622055e-03
1.538710203021764755e-03
1.524550653994083405e-02
3.093916364014148712e-02
1.687524616718292236e-01
2.332798019051551819e-02
2.399410158395767212e-01
3.231276199221611023e-02
1.639479072764515877e-03
1.098717823624610901e-01
8.395856022834777832e-01
2.057752460241317749e-01
2.012425800785422325e-03
8.855198621749877930e-01
2.783979773521423340e-01
4.077498801052570343e-03
1.708174645900726318e-01
3.070520237088203430e-02
3.770538866519927979e-01
3.884248435497283936e-02
7.444380968809127808e-02
4.735799734589818399e-07
2.988298982381820679e-02
2.242854833602905273e-01
1.878415793180465698e-01
4.727138578891754150e-02
2.166321687400341034e-02
2.499264337529893965e-05
9.461799636483192444e-03
2.716991305351257324e-02
6.763818860054016113e-02
9.276413917541503906e-02
6.075029373168945312e-01
2.265406548976898193e-01
9.302459955215454102e-01
8.865718543529510498e-02
9.511389732360839844e-01
1.491954549237561878e-06
3.245426569264964201e-06
1.623962307348847389e-04
1.709246933460235596e-01
4.561949968338012695e-01
5.287456588121131063e-06
2.566277086734771729e-01
1.285701803863048553e-02
8.537730574607849121e-02
2.776619791984558105e-01
1.676793694496154785e-01
6.472823619842529297e-01
3.762130141258239746e-01
1.006428837776184082e+00
7.237734645605087280e-02
6.810844689607620239e-02
1.401909477394269743e-09
5.156165920197963715e-03
1.097495555877685547e+00
6.981151103973388672e-01
2.121353521943092346e-03
1.280702352523803711e-01
5.347006320953369141e-01
2.554333209991455078e-01
2.378435165155678988e-04
5.506781395524740219e-03
4.921737015247344971e-01
7.801494793966412544e-04
9.092989377677440643e-03
6.653454303741455078e-01
9.647848084568977356e-03
2.077149247270426713e-06
6.914206743240356445e-01
1.201343548018485308e-04
4.396370649337768555e-01
2.635658085346221924e-01
3.399754166603088379e-01
1.624291539192199707e-01
1.606561636435799301e-05
3.176621496677398682e-01
2.294026017189025879e-01
1.552871312014758587e-03
1.371344365179538727e-02
3.773108983295969665e-05
1.003738492727279663e-02
1.112966611981391907e-02
1.479836064390838146e-04
4.765813052654266357e-01
9.968581609427928925e-03
9.394351392984390259e-02
3.158389461077604210e-07
4.841908812522888184e-02
5.546922609210014343e-02
1.010752081871032715e+00
5.364311618905048817e-06
1.720768809318542480e-01
4.919131170026957989e-04
8.960427641868591309e-01
1.396519988775253296e-01
2.513724379241466522e-02
4.996836185455322266e-01
2.772281753118943648e-12
1.169733516871929169e-02
4.778076112270355225e-01
6.636022329330444336e-01
2.609398681670427322e-03
4.056764394044876099e-02
2.432579696178436279e-01
5.113066890771733597e-06
4.085041284561157227e-01
6.275691092014312744e-02
1.053597211837768555e+00
6.718550575897097588e-04
7.025964441709220409e-04
3.246516585350036621e-01
9.413438290357589722e-02
3.879269957542419434e-01
1.194035038352012634e-01
1.206343411467969418e-03
2.076428936561569571e-04
6.280525326474162284e-07
1.522845183288268345e-10
2.297088563807392347e-08
3.035287139937281609e-03
9.079514917686992703e-10
1.405834918841719627e-03
4.220371920382604003e-05
1.274468377232551575e-03
3.251565487971674884e-07
6.271677557379007339e-04
4.384822227532225725e-10
3.142969489999813959e-06
9.717172943055629730e-03
3.447412666446325602e-08
8.906291914172470570e-04
8.534038897778373212e-06
6.170651545289729256e-09
1.634415696116775507e-07
3.135507313345442526e-06
2.613633275032043457e-01
3.547107496615353739e-09
6.571372598409652710e-02
1.609473401913419366e-04
4.712700683739967644e-05
6.497348546981811523e-01
1.457385835237801075e-03
1.041910047822058871e-12
4.227738372719613835e-07
3.005089163780212402e-01
2.873745643228176050e-06
7.734280771387602726e-09
5.054304892837535590e-06
3.410144418012350798e-04
2.681068872334435582e-05
2.055040937420926639e-07
5.887074512429535389e-04
2.084946958348155022e-03
1.110656739911064506e-04
8.616406375949736685e-06
5.961770739304483868e-07
2.963962408841780416e-10
3.875690310906065861e-07
4.381707640277454630e-06
1.488172129029408097e-04
6.902169946698677450e-10
1.811128822737373412e-05
1.475509670001429186e-08
2.203844606807336959e-10
1.007075115921907127e-05
1.555583537538041128e-07
6.727200525347143412e-05
2.070019580423831940e-02
5.809163150516383212e-10
2.860545862404251238e-07
5.441540270112454891e-04
1.858996689918512857e-08
3.837838448816910386e-06
4.437005074464650534e-08
2.045298169832676649e-04
1.282210228964686394e-03
3.559202639280556468e-07
2.500239588698605075e-07
3.600392301450483501e-05
2.023924935201648623e-06
2.679044902324676514e-01
8.088295459747314453e-01
7.706301403231918812e-04
2.706729063106649846e-08
1.250100240213214420e-06
4.491825238801538944e-04
3.577650059014558792e-04
1.853619687608443201e-05
1.085588730020958792e-09
6.316984581644646823e-06
1.022563225205885828e-07
1.228576584253460169e-04
1.447909289709059522e-05
1.457064247034622895e-09
1.349035414932586718e-06
1.429658027518598828e-06
5.586059018969535828e-02
1.211310802773368778e-07
1.482943817973136902e-02
3.866221049975138158e-07
1.643471659917850047e-05
1.473243464715778828e-04
5.473032593727111816e-03
1.254936137229378801e-06
4.734122871496992957e-09
6.047415723742233240e-08
2.160248986911028624e-04
3.807419538497924805e-02
4.303945752326399088e-05
3.038862814719323069e-05
1.992893885471858084e-05
7.328921469706983771e-07
1.774836164258886129e-06
3.742086164493230172e-06
2.829875995757902274e-07
2.936819214482966345e-07
7.409703357552643865e-06
1.529246801510453224e-03
1.408769634281270555e-07
7.257667779922485352e-01
1.517639560688621714e-07
2.399197369813919067e-01
2.038951424765400589e-05
3.274861057889211224e-07
5.871713161468505859e-01
3.508925146888941526e-05
1.375743340759072453e-05
3.507489600451663136e-05
5.060233175754547119e-03
2.660145946720149368e-05
9.585197403794154525e-06
1.622958807274699211e-04
5.248980983196815941e-08
3.055521301575936377e-05
6.176900058108003577e-08
6.678109988570213318e-03
1.973496691789478064e-04
1.070481836507042317e-08
2.956488742711371742e-06
9.936004019550637167e-09
1.032778345688711852e-05
3.202895584308862453e-07
6.138355956863961183e-08
4.945528644384467043e-07
2.226698825325001962e-06
2.138727495548664592e-06
8.191572129726409912e-02
5.089368926292081596e-09
8.290464847959810868e-08
1.370149038848467171e-05
8.308956166729331017e-04
3.398644912522286177e-04
3.321059921290725470e-06
1.094477600418031216e-03
2.124041657225461677e-06
3.098352754022926092e-04
2.046371264441404492e-05
4.607206392392981797e-06
3.117490094155073166e-03
7.680385749608831247e-08
5.174743364477762952e-06
9.696731417818682530e-09
7.943097443785518408e-05
1.289327977715970519e-09
1.495790638728067279e-05
2.681523891823189842e-09
3.020065548753336770e-07
2.509637608838488632e-09
1.553527079522609711e-03
4.798967391252517700e-03
3.728967203642241657e-05
3.408688353374600410e-04
4.598280156642431393e-06
2.982425969094038010e-03
4.035288839077111334e-06
9.060637040647634421e-08
5.990619683871045709e-05
1.445016678189858794e-04
2.139123535016551614e-05
3.733000085048843175e-06
7.269881763249941287e-08
8.201804303098469973e-05
3.386618097067639610e-09
1.677743284744792618e-06
3.092338052290699579e-10
2.434227894809737336e-07
2.453700825572013855e-02
3.655488035292364657e-05
4.889785122941248119e-05
5.373397652874700725e-05
1.740534344207844697e-06
2.177822403609752655e-02
2.917905028709810722e-08
1.034946460276842117e-02
6.092127932788571343e-06
2.437110233586281538e-04
5.596747359959408641e-05
7.082678887826432401e-09
7.259029075612488668e-07
9.390579407408949919e-07
2.753083450102167262e-08
1.198793331269598639e-08
1.747386902570724487e-01
1.289355623157462105e-05
4.580822885036468506e-01
6.123435014160349965e-06
1.096110063372179866e-04
1.012245120364241302e-04
1.988511066883802414e-04
5.198889225721359253e-02
6.854227185249328613e-01
1.451051279133253047e-09
1.482011157349916175e-06
9.287128341384232044e-05
1.122032244893489406e-07
2.830643950346711790e-07
1.689654283154595760e-07
4.959411512572842184e-07
1.093452214263379574e-03
3.881791781168431044e-05
4.988374712411314249e-06
2.275953738717362285e-05
4.409254491329193115e-01
4.653588803193997592e-06
2.613447904586791992e-01
2.208463993156328797e-04
3.927798243239521980e-04
4.610440507531166077e-02
6.837687455117702484e-03
4.504107891989406198e-06
4.551452293526381254e-04
2.757786132860928774e-04
4.081939550815150142e-06
6.232316954992711544e-04
2.886568495341634843e-07
6.194076718202268239e-07
2.785821173745262058e-08
3.292570227131363936e-06
6.512717809528112411e-04
2.933621034026145935e-02
5.373386740684509277e-01
1.507868773842346855e-06
1.917512329474568844e-11
2.585725951576023363e-06
3.954783611703760471e-09
6.806923920521512628e-05
1.606885689398040995e-06
8.218158654926810414e-06
6.329002189886523411e-06
3.534746938385069370e-04
1.759493141435086727e-03
1.198103745991829783e-05
5.071125315225799568e-07
1.238836266566067934e-04
1.545557606732472777e-04
3.726655989885330200e-02
1.783073173555749236e-07
1.457445790720157675e-07
7.993356121005490422e-05
3.250013151046005078e-06
1.066756226464349311e-06
9.995293481779299327e-08
-0.000000000000000000e+00
-0.000000000000000000e+00
-0.000000000000000000e+00
-0.000000000000000000e+00
-0.000000000000000000e+00
-0.000000000000000000e+00
-0.000000000000000000e+00
-0.000000000000000000e+00
-0.000000000000000000e+00
-0.000000000000000000e+00
-0.000000000000000000e+00
-0.000000000000000000e+00
-0.000000000000000000e+00
-0.000000000000000000e+00
-0.000000000000000000e+00
-0.000000000000000000e+00
-0.000000000000000000e+00
-0.000000000000000000e+00
-0.000000000000000000e+00
-0.000000000000000000e+00
-0.000000000000000000e+00
-0.000000000000000000e+00
-0.000000000000000000e+00
-0.000000000000000000e+00
-0.000000000000000000e+00
-0.000000000000000000e+00
-0.000000000000000000e+00
-0.000000000000000000e+00
-0.000000000000000000e+00
-0.000000000000000000e+00
-0.000000000000000000e+00
-0.000000000000000000e+00
-0.000000000000000000e+00
-0.000000000000000000e+00
-0.000000000000000000e+00
-0.000000000000000000e+00
-0.000000000000000000e+00
-0.000000000000000000e+00
-0.000000000000000000e+00
-0.000000000000000000e+00
