1.385489119265503888e-11
6.297452449798583984e-01
2.168678065572748892e-06
4.217803478240966797e-03
8.380519226193428040e-03
1.248096525669097900e-01
4.327833056449890137e-01
9.226271882653236389e-03
2.105243584082927555e-05
1.883635818958282471e-01
2.853741989383706823e-07
9.320061653852462769e-03
3.464668616652488708e-02
9.943499565124511719e-01
9.801022708415985107e-03
3.021693825721740723e-01
2.068498616836222936e-08
4.943856765748932958e-06
1.908369449665769935e-05
4.033225195598788559e-06
2.044339680651319213e-06
7.391180992126464844e-01
2.252819016575813293e-03
8.317393250763416290e-03
3.709912896156311035e-01
2.772910811472684145e-04
1.953925639390945435e-01
6.071092502679675817e-05
8.549151289116707630e-07
1.528905642089739558e-07
2.376314019784331322e-03
5.884746205992996693e-04
3.566680391031695763e-07
6.091610193252563477e-01
5.495691679513470262e-10
2.661842703819274902e-01
9.279864430427551270e-01
4.677225369960069656e-04
7.672022581100463867e-01
2.037712665270419166e-09
6.214078068733215332e-01
4.206942394375801086e-02
2.498849928379058838e-01
5.127319321036338806e-02
3.560040113370632753e-06
1.366981268802192062e-05
5.796641111373901367e-01
2.152819335460662842e-01
1.635108888149261475e-02
4.470819830894470215e-01
4.836419975617900491e-07
1.556353345222305506e-05
7.838698365958407521e-05
1.167681602964876220e-05
2.075343036267440766e-05
1.553500294685363770e-01
5.123450756072998047e-01
1.068752957507967949e-03
2.017777785658836365e-02
3.243727260269224644e-04
9.261001646518707275e-02
2.288425108417868614e-03
3.870831733365776017e-06
6.355022378556896001e-06
1.714667741907760501e-04
1.349060386419296265e-01
3.558376431465148926e-01
6.109206676483154297e-01
1.483290223404765129e-03
6.089057922363281250e-01
7.597118951707670931e-07
6.519021098938537762e-06
3.608967526815831661e-04
3.199619939550757408e-03
1.070070564746856689e-01
1.299201860092580318e-03
1.495217147748917341e-04
4.474466741085052490e-01
1.314869374036788940e-01
4.622497726813890040e-06
1.636678725481033325e-01
2.740945816040039062e-01
1.190711185336112976e-01
6.039912104606628418e-01
6.739716231822967529e-02
2.696339506655931473e-04
1.007033570203930140e-04
1.924181015056092292e-05
3.666514487576932879e-07
8.128724293783307076e-04
1.747322380542755127e-01
2.830164760325715179e-07
7.305852174758911133e-01
5.781141519546508789e-01
6.088928878307342529e-02
9.251277446746826172e-01
1.940950511425398872e-09
7.847457192838191986e-03
1.106470942497253418e+00
3.796728849411010742e-01
3.212484216419397853e-07
1.601120084524154663e-02
7.828319072723388672e-02
4.861685156356543303e-04
1.094113945960998535e+00
1.998567540795193054e-06
3.491575171210570261e-07
2.671363745321286842e-06
3.213581294403411448e-05
3.323974311351776123e-01
3.911063969135284424e-01
3.766506314277648926e-01
8.367746323347091675e-02
1.054719090461730957e-03
1.351937302388250828e-03
1.684314611338777468e-06
1.439879927784204483e-02
6.880980134010314941e-01
5.530668050050735474e-02
1.029015034437179565e-01
2.658243291079998016e-02
3.573613762855529785e-01
4.978009685873985291e-02
9.272088209399953485e-05
6.022974848747253418e-02
8.868811130523681641e-01
2.007507719099521637e-02
1.717703342437744141e-01
6.786113977432250977e-02
1.820430588850285858e-05
2.309354990720748901e-01
7.192076742649078369e-02
1.096929609775543213e-02
2.730139531195163727e-04
4.842976522922981530e-06
2.827693634799288702e-08
3.719486296176910400e-02
1.491976319812238216e-03
7.308266758918762207e-01
9.128990769386291504e-02
6.920989155769348145e-01
1.052855134010314941e+00
2.628210268085240386e-06
3.041669726371765137e-03
6.174381006474050082e-09
2.102602011291310191e-04
1.592557382537052035e-04
8.122119652398396283e-06
2.549049193945052139e-09
6.909362077713012695e-01
6.280559318838641047e-05
8.316358923912048340e-02
2.227466681833630349e-15
4.070140857947990298e-05
2.320235036313533783e-02
5.370604938548240170e-08
6.025529466569423676e-03
6.375666260719299316e-01
6.834366321563720703e-01
3.463757821009494364e-05
7.771200686693191528e-02
2.311303887836402282e-06
3.690236061811447144e-02
1.281322166323661804e-02
1.239328645169734955e-03
3.279950618743896484e-01
6.910139322280883789e-01
2.501577138900756836e-01
3.110658749938011169e-02
1.106798590626567602e-04
2.313964664936065674e-01
2.291132616960567248e-08
4.750574007630348206e-02
7.946483045816421509e-02
6.279795197769999504e-04
5.659474595631763805e-07
5.876705981791019440e-03
7.701881229877471924e-02
4.975715395261204321e-09
5.348518025130033493e-03
1.824096888303756714e-01
1.851002313196659088e-02
7.140308022499084473e-01
2.797063643811270595e-06
2.525774789319257252e-08
1.244721263647079468e-01
6.100102663040161133e-01
1.207958161830902100e-01
5.673792213201522827e-02
6.649434566497802734e-02
1.001830423774663359e-05
4.098721256013959646e-04
1.360116016257961746e-06
3.278424963355064392e-03
4.259791374206542969e-01
4.443587362766265869e-02
5.247869342565536499e-02
6.251041293144226074e-01
2.433343906886875629e-04
4.009813070297241211e-01
6.919515132904052734e-02
6.441813457058742642e-05
1.258463859558105469e-01
6.331021338701248169e-02
5.917794769629836082e-04
1.017693523317575455e-02
1.836458453908562660e-03
5.539230108261108398e-01
2.319967080666174297e-07
7.890357375144958496e-01
4.557913243770599365e-01
5.070632323622703552e-03
1.598664559423923492e-02
6.767872720956802368e-03
6.031848192214965820e-01
2.083335857605561614e-05
8.093174983514472842e-07
3.727934090420603752e-04
1.896890462376177311e-04
1.610852777957916260e-04
9.013457298278808594e-01
9.359995126724243164e-01
4.966226816177368164e-01
5.230137612670660019e-04
3.644623802756541409e-08
3.713145386427640915e-03
1.688882708549499512e-01
1.038531172409089265e-13
3.152763471007347107e-03
3.784103239090619297e-12
4.557358026504516602e-01
1.755121648311614990e-01
2.957392280222848058e-05
8.040015697479248047e-01
6.904378096805885434e-06
1.285709538834112209e-09
3.870961070060729980e-02
1.146220965893007815e-04
3.086485023118257232e-08
2.736137094672130843e-09
8.162643760442733765e-02
3.230461152270436287e-05
3.074537590146064758e-02
1.671596919550211169e-06
1.015044283121824265e-03
2.967071952298283577e-03
2.218064479529857635e-02
9.551002477792280843e-08
1.121840346604585648e-02
5.409089326858520508e-01
2.209503902122378349e-03
1.245539356023073196e-02
2.833709418773651123e-01
1.778059871867299080e-03
2.750625135377049446e-04
1.181543767452239990e-01
7.207666523754596710e-03
1.155512500554323196e-02
1.628649979829788208e-02
7.595949114147515502e-08
5.855645537376403809e-01
7.951913971737667453e-07
3.070895373821258545e-02
5.024029612541198730e-01
3.694075942039489746e-01
4.131508246064186096e-02
6.551543623208999634e-02
1.804310083389282227e-01
3.418391570448875427e-02
5.995916724205017090e-01
6.884047389030456543e-01
4.774744808673858643e-01
6.861358880996704102e-03
7.650574218587280484e-08
3.974717230903479503e-07
4.919561646943293454e-09
1.198201850056648254e-01
3.471137583255767822e-01
2.135812044143676758e-01
6.912802457809448242e-01
6.866620969958603382e-04
7.272908687591552734e-01
1.858337819576263428e-01
1.060002017766237259e-03
5.385847091674804688e-01
4.485362172126770020e-01
1.658445596694946289e-02
1.795976608991622925e-01
1.478487104177474976e-01
1.310161054134368896e-01
1.247556902228552644e-08
5.026720151235508638e-10
3.710099458694458008e-01
3.280903697013854980e-01
4.057845799252390862e-04
7.219146490097045898e-01
2.348293293152892147e-08
4.556085914373397827e-02
1.466176513531536330e-09
5.795154720544815063e-02
1.875812262296676636e-01
1.505148597061634064e-02
1.566498279571533203e-01
2.267547216661114362e-07
3.277336914901023482e-15
3.729439413291402161e-05
8.656498789787292480e-02
2.820064127445220947e-02
4.153375560145278200e-11
7.975153857842087746e-05
1.562665374876814894e-07
5.553094744682312012e-01
1.959286419150885195e-05
7.363921213254798204e-06
3.679162909975275397e-05
2.769538201391696930e-02
3.653165325800955543e-09
1.791530376067385077e-04
7.399721113632296010e-11
2.349662333726882935e-01
9.871815145015716553e-02
1.041306845195322239e-07
1.136077116825617850e-05
1.936437729455064982e-05
1.450164859306823928e-06
3.878941386938095093e-02
2.266872376203536987e-01
1.206851229653693736e-04
1.168448291718959808e-02
6.474378108978271484e-01
2.329790145158767700e-01
1.746525271073551266e-07
1.728096208353235852e-07
5.906346486881375313e-04
5.599774794973200187e-07
3.925358649237153941e-11
1.159574254415929317e-03
9.240538929589092731e-06
2.983133890666067600e-04
1.498573903857547407e-10
3.596335035327413721e-11
6.767868995666503906e-01
3.525800704956054688e-01
2.288872646971640279e-09
1.046679168939590454e-01
4.250630445312708616e-04
6.699659228324890137e-01
7.432847050949931145e-04
5.851634796272264794e-06
3.103001117706298828e-01
3.758412785828113556e-04
3.557155878297635354e-06
5.400539885158650577e-05
1.019775254462729208e-06
7.329279583245806862e-08
1.763765118084847927e-03
1.226578559726476669e-02
6.690080311955171055e-08
3.290520310401916504e-01
7.719238996505737305e-01
2.381612375756958500e-06
1.356364600360393524e-02
3.723312318325042725e-01
3.962673712521791458e-03
2.994222203511753833e-09
4.108415544033050537e-01
1.463856664486229420e-03
1.845423714257776737e-03
6.140948585198202636e-07
1.386473400089016650e-06
5.528538054022646975e-07
4.689611867070198059e-02
7.780665001178022067e-11
1.314614783041179180e-04
1.004692167043685913e-03
5.229301436315836327e-08
1.064478186890482903e-03
4.162952293995658692e-08
9.270145540085650282e-09
5.155225721864553634e-07
6.931282579898834229e-02
9.253458678722381592e-02
1.341385313935461454e-06
1.158306002616882324e-02
7.779955631121993065e-04
1.568787411088123918e-04
5.947124361991882324e-01
1.324487238889560103e-04
5.079500749707221985e-02
5.412783939391374588e-04
6.859690546989440918e-01
7.884913086891174316e-01
4.433287870142521570e-08
3.616739511489868164e-01
1.739691128932463471e-06
2.514776653583794541e-08
4.377731329441303387e-06
7.093788124620914459e-03
1.693012565374374390e-02
5.213681220084254164e-07
2.742855940596200526e-05
7.394462227821350098e-01
3.783991814998444170e-06
1.456194470561555931e-10
4.113715476705692708e-05
1.678440164631922471e-09
6.831333394075045362e-06
1.875671173934279068e-09
1.606122026487355470e-07
5.739835842177853920e-07
3.134552622213959694e-03
5.100272915115056094e-07
4.101465344429016113e-01
1.072292588651180267e-02
6.358880000334465876e-07
2.315684923814842477e-07
3.862454178715779562e-08
2.732749999267980456e-05
5.140093853697180748e-04
6.240460276603698730e-01
5.384847554523730651e-06
1.283422112464904785e-03
4.594918667777392329e-09
1.049250480718910694e-03
3.462231159210205078e-02
1.953070523086353205e-07
8.647568392916582525e-06
6.567577123641967773e-01
3.894108161330223083e-02
4.655106078388371316e-09
1.254596825869336643e-14
1.328178132098400965e-05
1.858072664617793635e-07
5.009594405969153286e-10
2.484801734681241214e-05
3.071224391460418701e-01
1.288493745960295200e-03
6.916676759719848633e-01
5.234317183494567871e-01
9.845311641693115234e-01
5.904781222343444824e-01
8.824414014816284180e-01
1.853727371781133115e-05
1.117659956216812134e-01
1.689335185801610351e-04
4.845775067806243896e-01
1.478704871260561049e-05
1.199192654899317034e-11
1.698264502920210361e-03
5.557356053031980991e-05
3.889433282893151045e-04
1.471766805649643572e-11
7.708923476457130164e-06
6.123387720435857773e-05
6.072758510708808899e-02
4.072732117492705584e-04
7.539143553003668785e-04
1.686352193355560303e-01
2.113086372546035818e-09
3.855965857724186208e-08
7.414040226194629213e-08
2.570835649967193604e-01
1.705199429125059396e-05
2.891820855438709259e-02
3.211677670478820801e-01
3.058146467083133757e-05
7.495546014979481697e-07
1.458273618482053280e-04
1.477416753914440051e-05
9.048159699887037277e-04
1.986925723031163216e-03
4.582151887007057667e-04
4.041272774338722229e-02
8.297674357891082764e-03
1.391005353070795536e-03
6.113939161878079176e-05
1.100106601370498538e-04
4.916794132441282272e-03
5.610019434243440628e-05
1.077755573675176493e-08
2.219598371766551281e-08
2.862502005882561207e-04
6.326664239168167114e-03
3.557940125465393066e-01
1.839786767959594727e-01
1.163886281574377790e-06
1.703553789411671460e-05
1.424974982455751160e-07
6.010149954818189144e-04
6.366795897483825684e-01
7.410255875583970919e-07
1.303070783615112305e-01
1.108857077269931324e-07
1.430258527398109436e-02
9.033031016588211060e-02
2.389592452800570754e-07
3.989493109202157939e-07
2.774341112399270060e-07
1.930484026670455933e-01
6.834003329277038574e-01
4.786792397499084473e-01
1.011882945895195007e-01
6.210350431501865387e-03
1.255538427358260378e-05
3.178917977493256330e-04
5.315237583403131794e-09
5.498814210295677185e-02
1.089066136046312749e-04
6.701149046421051025e-02
1.359724119538441300e-04
2.294531017541885376e-01
5.672764382325112820e-05
1.079611392924562097e-04
1.271982227990520187e-06
2.955778484192705946e-07
2.094953088089823723e-03
2.916605978953157319e-07
2.553767444624099880e-06
2.241484708065399900e-06
3.096009895671159029e-04
7.348056882619857788e-02
1.046787016093730927e-03
3.819783573645596508e-13
1.416577398777008057e-01
4.848413169384002686e-02
8.622022345662117004e-03
1.007162409027984040e-11
8.432204268160603533e-09
4.070257546118227765e-06
4.764410732605028898e-07
5.398363001063444244e-08
7.917834445004493654e-15
1.256426610052585602e-02
5.550601985305547714e-03
2.352994599164048850e-08
2.077467441558837891e-01
3.028722858289256692e-06
6.588624119758605957e-01
3.642333723519186606e-08
3.492546511552063748e-06
5.631005042232573032e-04
1.077346324920654297e+00
3.424041778998798691e-06
1.058515831828117371e-01
8.969919144874438643e-05
2.150400355458259583e-02
2.606283522332830671e-10
8.894150853157043457e-01
2.337340543334676113e-09
1.363928616046905518e-01
6.103895604610443115e-03
9.250356015400029719e-06
2.701409161090850830e-03
2.212937921797220042e-08
7.893614768981933594e-01
6.941913366317749023e-01
2.298605686519294977e-04
1.971357050933875144e-07
1.021412936097476631e-05
2.421992719173431396e-01
3.593796193599700928e-01
3.986076626460999250e-05
1.106265568040498692e-08
3.338219597935676575e-02
6.680662035942077637e-01
4.831303283572196960e-02
1.460382703655227488e-09
4.504724219441413879e-02
2.829540972015820444e-05
3.649079501628875732e-01
3.141926274707884659e-09
4.946767911314964294e-02
9.037016184265667107e-07
3.078235977227450348e-06
1.096929609775543213e-02
9.146547317504882812e-02
6.543891117871680763e-08
6.882100358346354696e-12
2.530152499675750732e-01
5.363313348993870022e-08
1.432017087936401367e-01
5.784623697400093079e-02
1.112061553953935800e-09
1.841413759393617511e-04
7.197620561782969162e-07
7.784667611122131348e-02
1.761050860693558207e-08
4.425650835037231445e-02
7.106953859329223633e-01
8.996612343992183014e-09
4.326214194297790527e-01
8.671006071381270885e-06
3.697949796332977712e-05
1.456808095099404454e-04
2.822330998242250644e-06
5.325085017830133438e-03
8.841726639730040915e-08
1.018266752362251282e-02
6.026689813865004908e-09
2.102858343278057873e-05
2.403629187028855085e-04
3.093438409268856049e-02
4.831567348446696997e-04
1.323874108493328094e-02
2.309680730104446411e-02
4.426190571393817663e-05
4.923584870994091034e-03
1.197221966009465177e-08
2.115404931828379631e-04
8.632746525108814240e-03
1.427616913574070168e-10
2.334899734705686569e-03
1.905233801835493068e-07
9.975390881299972534e-02
4.049395918846130371e-01
2.431864291429519653e-02
6.204417943954467773e-01
2.405558952034425602e-08
1.733796000480651855e-01
1.055083521350752562e-05
2.385994157521054149e-04
3.233967721462249756e-01
1.207183953374624252e-02
1.862241333361325246e-10
6.058124927221797407e-05
1.081773281097412109e+00
5.008603238820796832e-07
5.450083408504724503e-04
1.410571030646678992e-06
2.906382083892822266e-03
4.212490841746330261e-02
6.957700679777190089e-05
2.119368873536586761e-02
8.194599300622940063e-02
3.093107079621404409e-04
1.616349618416279554e-04
3.605054246236250037e-07
6.766154766082763672e-01
5.724316451960476115e-06
3.652944415807723999e-02
2.211707032984122634e-04
1.679601041360001545e-06
4.373786970973014832e-03
8.611234079580754042e-05
4.057271778583526611e-02
2.803908428177237511e-04
4.442180579644627869e-05
4.214358981698751450e-03
4.518993794918060303e-01
2.236622618511319160e-03
4.538018722087144852e-03
2.208900795608315093e-08
7.527574431151151657e-03
4.132711808324529557e-07
6.310094147920608521e-02
3.160573396598920226e-05
9.562752723013545619e-08
3.694105643603506905e-08
5.602994406217476353e-07
7.525836898114590667e-11
6.734641715411271434e-07
2.024904079735279083e-02
2.213675528764724731e-03
5.425580218434333801e-02
3.971494879806414247e-05
2.680377697572566831e-09
5.939783453941345215e-01
2.676758583675109548e-07
1.058749967342009768e-05
7.832441329956054688e-01
7.940386240079533309e-06
4.052585154568077996e-06
7.758074402809143066e-01
3.752761131181614473e-06
8.822560310363769531e-03
3.686707827910140622e-07
2.796602901071310043e-03
2.236499208052578069e-09
1.333150976279284805e-07
4.455643839995637734e-11
5.412451922893524170e-02
8.295226725749671459e-04
8.856127209355690866e-08
1.244375926034990698e-05
2.338411752134561539e-03
3.556866198778152466e-02
2.326830290257930756e-04
1.510442793369293213e-01
8.991378545761108398e-01
2.816016240103635937e-05
5.602957680821418762e-03
2.747119031846523285e-02
4.608496129512786865e-01
1.540958182886242867e-04
1.626425087451934814e-01
1.135248597711324692e-02
7.501743652937875595e-07
3.675981238484382629e-02
2.924014627933502197e-01
1.183021304314024746e-04
2.246133808512240648e-04
9.002613765574096760e-09
2.061818668153136969e-05
1.608301997184753418e-01
1.072306260466575623e-01
3.643232339527457952e-04
9.402465820312500000e-02
6.150920875370502472e-03
1.103059276938438416e-01
1.709728734567761421e-03
6.878409981727600098e-01
1.623300486244261265e-03
1.367881544865667820e-03
3.318586349487304688e-01
3.510555252432823181e-02
5.353877320885658264e-02
7.458984386175870895e-03
2.483638236299157143e-03
2.388350912951864302e-05
5.552639067173004150e-02
2.502879500389099121e-02
6.828629970550537109e-01
9.999664034694433212e-04
2.774119609966874123e-03
4.990011603922539507e-08
1.712494451799884132e-10
2.627903595566749573e-03
1.789689809083938599e-01
9.715762138366699219e-01
4.011822602478787303e-05
4.758780414704233408e-05
7.319142110645771027e-03
6.652242541313171387e-01
5.107752978801727295e-03
3.286765813827514648e-01
1.181148763862438500e-05
2.543573379516601562e-01
4.566996823996305466e-03
8.662157692015171051e-03
1.112584233283996582e+00
9.123445749282836914e-01
2.210794985294342041e-01
6.518701314926147461e-01
5.340685675037093461e-06
5.535808801651000977e-01
4.860151708126068115e-01
1.762689440511167049e-03
6.646352410316467285e-01
2.415097277719269186e-08
3.369626995208818698e-07
1.450484796805540100e-05
2.442581206560134888e-02
2.230535392300225794e-05
4.417336881160736084e-01
2.833402156829833984e-01
6.185053586959838867e-01
9.498173731900538819e-13
1.215682085603475571e-02
6.379995960742235184e-03
2.221096865832805634e-02
1.218981924466788769e-03
2.573472857475280762e-01
1.296959966421127319e-01
4.323960542678833008e-01
3.962836926802992821e-04
3.417102270759642124e-04
4.327648282051086426e-01
1.372920451103709638e-06
3.937024157494306564e-03
1.321941334754228592e-02
8.243266493082046509e-02
2.347239060327410698e-03
3.238601237535476685e-02
2.306443639099597931e-04
2.784087846521288157e-04
7.415321469306945801e-02
7.012382894754409790e-02
2.446116879582405090e-03
3.047259896993637085e-02
4.865288436412811279e-01
7.733524967079574708e-07
4.239932447671890259e-02
2.747785474639385939e-04
6.786040663719177246e-01
1.283596642315387726e-02
1.160264238715171814e-01
5.720154568552970886e-02
2.640073653310537338e-03
8.150460198521614075e-04
9.874354145722463727e-05
1.773964962922036648e-03
2.675253432244062424e-03
5.819084644317626953e-01
2.955918759107589722e-02
1.076988652348518372e-01
4.475688338279724121e-01
6.645996570587158203e-01
5.177312530577182770e-03
4.341054707765579224e-03
2.920357110269833356e-05
2.874772250652313232e-01
1.377362224275202607e-07
7.845600843429565430e-01
9.976367466151714325e-03
2.431864291429519653e-02
2.773617452476173639e-04
1.107465242967009544e-03
9.733385592699050903e-02
5.139964446425437927e-02
7.997220964170992374e-04
7.300739176571369171e-03
1.006461605429649353e-01
1.055029332637786865e-01
5.568212829530239105e-03
2.598688472062349319e-03
4.712257577921263874e-05
3.170967102050781250e-04
1.642769388854503632e-02
4.439840995473787189e-05
1.205957978963851929e-01
2.285351511090993881e-03
7.160740494728088379e-01
1.755741685628890991e-01
1.880874484777450562e-01
6.135441064834594727e-01
2.093987916396145010e-07
4.262149799615144730e-03
2.602687914077250753e-07
1.775103010004386306e-04
2.418791353702545166e-01
9.714558720588684082e-02
2.400606870651245117e-03
2.776964008808135986e-01
8.574537634849548340e-01
1.028500497341156006e-02
1.380211208015680313e-03
2.666432559490203857e-01
4.267914593219757080e-01
8.267465454991906881e-05
1.605542027391493320e-03
1.359644532203674316e-01
8.227713266251157620e-08
1.613315381109714508e-02
5.605215392279205844e-06
4.074600934982299805e-01
8.308349847793579102e-01
5.981805920600891113e-02
2.170255333185195923e-01
1.576124092350639216e-10
3.645895719528198242e-01
1.567292958498001099e-01
6.198982737259939313e-05
1.086534485220909119e-01
4.007005132734775543e-03
3.057438516407273710e-05
8.668771982192993164e-01
2.375843521917886392e-08
1.842692494392395020e-02
2.609265409409999847e-02
4.910828366178066062e-08
4.067538538947701454e-04
1.225250244140625000e+00
4.324898123741149902e-01
3.279419324826449156e-04
5.554012060165405273e-01
2.470753788948059082e-01
1.539525762200355530e-02
4.409540593624114990e-01
3.855074339753628010e-07
3.430895958445034921e-05
3.798535180976614356e-05
5.370426177978515625e-01
5.861172676086425781e-01
3.637426532804965973e-03
8.071954548358917236e-02
4.274308681488037109e-02
2.723888974287547171e-05
1.893622800707817078e-02
9.528489112854003906e-01
5.371839506551623344e-06
3.743686899542808533e-02
3.652278780937194824e-01
4.183905124664306641e-01
9.249092727259267122e-07
6.574838757514953613e-01
7.716919295489788055e-03
6.654413938522338867e-01
1.941489870660007000e-03
4.504724219441413879e-02
9.951840341091156006e-02
6.311446428298950195e-03
1.215542294085025787e-02
6.707146763801574707e-01
4.225172474980354309e-02
4.558256114250980318e-05
1.440321066183969378e-04
2.521951217204332352e-03
3.240511796320788562e-05
6.423678994178771973e-01
6.254773736000061035e-01
1.148867756128311157e-01
1.764450303198827896e-06
2.073418363579548895e-05
5.827875733375549316e-01
3.640707731246948242e-01
3.470383817330002785e-03
1.253433153033256531e-02
3.085423259108210914e-06
3.347260353621095419e-04
3.590854629874229431e-02
8.826897293329238892e-02
1.975696682929992676e-01
2.239931747317314148e-02
1.889679737132610171e-07
2.413459718227386475e-01
1.312222448177635670e-04
2.878304570913314819e-02
1.364801526069641113e-01
9.987910836935043335e-02
4.599044565111398697e-03
1.475934684276580811e-02
1.014389908959856257e-06
4.126304294914007187e-03
5.147439613938331604e-02
5.328627824783325195e-01
4.758338688348739964e-12
1.301680505275726318e-02
2.267554402351379395e-01
1.552544301375746727e-03
9.147235751152038574e-02
1.516319578513503075e-03
1.842997223138809204e-01
6.644626846536993980e-04
3.568132221698760986e-01
3.737304732203483582e-02
2.181179821491241455e-02
1.818862983782310039e-05
5.607305094599723816e-03
3.613484659581445158e-05
4.376415163278579712e-02
2.356505244970321655e-01
2.691594511270523071e-02
2.007871866226196289e-01
6.468158960342407227e-01
2.772806910797953606e-03
2.999665914103388786e-03
6.541124582290649414e-01
2.594172547105699778e-04
2.449248582124710083e-01
4.786553680896759033e-01
1.909603725147590580e-11
1.791816204786300659e-02
1.674006925895810127e-03
1.300633251667022705e-01
5.147079937160015106e-04
9.060434065759181976e-03
5.057824523646559101e-07
5.303693413734436035e-01
1.316240727901458740e-01
3.078848123550415039e-01
2.247432130388915539e-04
3.428559303283691406e-01
1.705100730760022998e-04
1.256555020809173584e-01
2.653050387380062602e-06
2.582755769253708422e-05
4.953872878104448318e-03
7.190131545066833496e-01
1.541287265717983246e-02
2.379189990460872650e-02
2.754106819629669189e-01
6.186646223068237305e-01
1.745586693286895752e-01
6.922051543369889259e-04
1.019373163580894470e-02
1.060901255733881499e-09
1.337340916506946087e-03
1.688178181648254395e-01
1.039061322808265686e-02
5.536502003669738770e-01
5.359985828399658203e-01
2.653144896030426025e-01
6.066458299756050110e-02
1.635776925468235277e-06
1.579878479242324829e-02
6.319975909718777984e-06
1.821694374084472656e-01
5.459249019622802734e-01
3.727924195118248463e-05
1.305860467255115509e-02
1.251825690269470215e-01
4.734925767024833476e-07
4.371789145807269961e-06
2.285680919885635376e-01
3.419217765331268311e-01
9.553496539592742920e-02
9.350820444524288177e-03
7.882643491029739380e-03
1.737799793481826782e-01
2.710117697715759277e-01
4.711815118789672852e-01
8.667679876089096069e-02
2.296104580163955688e-01
5.062696072855032980e-05
6.171706914901733398e-01
1.248236522078514099e-01
5.151756405830383301e-01
1.533010695129632950e-02
1.779123442247509956e-03
2.846055431291460991e-04
5.851858761161565781e-03
3.829066455364227295e-01
7.350098458118736744e-04
3.016683757305145264e-01
7.150535820983350277e-04
8.929965588322374970e-06
1.510266494005918503e-02
2.338729351758956909e-01
3.551436662673950195e-01
8.324028749484568834e-05
1.386335026472806931e-02
1.515795447630807757e-04
3.567834496498107910e-01
8.418516814708709717e-02
1.219107769429683685e-02
5.600525182671844959e-04
2.876156941056251526e-02
3.152259588241577148e-01
1.587708480656147003e-03
9.356807917356491089e-03
1.758922153385356069e-04
4.757974743843078613e-01
7.088226266205310822e-03
3.009533742442727089e-03
1.383460494253085926e-05
9.985973238945007324e-01
2.158422172069549561e-01
3.058335743844509125e-03
6.934813857078552246e-01
6.612599492073059082e-01
6.881534457206726074e-01
1.841085613705217838e-04
2.000364707782864571e-03
5.777859769295901060e-05
7.787066511809825897e-03
2.502989445929415524e-05
1.031763330101966858e-01
8.852250576019287109e-01
6.672536581754684448e-02
8.936143480241298676e-03
2.648234926164150238e-02
6.308146566152572632e-02
4.441965371370315552e-03
7.741774315945804119e-04
3.154097497463226318e-02
3.915320266969501972e-04
6.908058524131774902e-01
8.417715434916317463e-05
4.967195650351641234e-07
3.755349553102860227e-06
5.038218296249397099e-05
2.459330018609762192e-03
2.706809043884277344e-01
2.481936663389205933e-01
1.527889966964721680e-01
7.679510417801793665e-06
4.060566425323486328e-03
4.918588697910308838e-01
5.869066119194030762e-01
3.227599165711581009e-08
1.237131891684839502e-05
3.166326321661472321e-03
7.185456752777099609e-01
5.322723373168969374e-10
1.063025742769241333e-02
6.658942699432373047e-01
1.643727272748947144e-01
3.273706184700131416e-03
5.317476461641490459e-04
3.440887928009033203e-01
2.214998239651322365e-03
4.186689108610153198e-02
1.098441984504461288e-02
1.493014395236968994e-01
2.384658902883529663e-02
1.610852777957916260e-04
6.783957481384277344e-01
1.893135346472263336e-02
4.987862110137939453e-01
8.396351404371671379e-06
6.016551256179809570e-01
2.256384050269844010e-06
1.449783053249120712e-02
5.866085290908813477e-01
3.798182820901274681e-03
9.469131473451852798e-04
4.824534105551947505e-10
8.106116950511932373e-02
1.132604481122317930e-13
1.621391251683235168e-02
2.221448421478271484e-01
4.028959083370864391e-04
1.846981421113014221e-02
3.414864093065261841e-02
2.400759421288967133e-02
1.924987584352493286e-01
2.927641570568084717e-01
1.814393103122711182e-01
3.588147088885307312e-02
4.752556234598159790e-02
1.370727300643920898e+00
5.001978948712348938e-03
1.259525716304779053e-01
7.290061712265014648e-01
1.068776287138462067e-02
7.139017805457115173e-03
8.662778884172439575e-02
1.790902763605117798e-02
4.680709242820739746e-01
7.757843136787414551e-01
6.287161707878112793e-01
8.762381039559841156e-03
4.021100327372550964e-02
2.774312347173690796e-02
6.016885638236999512e-01
5.734932422637939453e-01
1.145352050662040710e-01
2.569180540740489960e-02
1.326434016227722168e-01
6.624651141464710236e-03
2.074189615086652339e-05
3.118553198873996735e-02
7.514624297618865967e-02
5.184598267078399658e-04
1.440665591508150101e-02
5.822690203785896301e-03
1.366310101002454758e-02
6.247423129934759345e-07
1.307328641414642334e-01
1.500398293137550354e-02
3.682454698719084263e-04
4.600525062414817512e-05
1.285709538834112209e-09
2.831015244453283231e-08
8.387898560613393784e-06
2.213746483903378248e-05
3.708258191181812435e-06
2.594571224534547582e-09
3.510508686304092407e-04
1.496064498951454880e-07
9.784784787969513786e-11
9.698242880403995514e-03
1.589354425846067898e-09
1.456194470561555931e-10
4.523814567392037134e-08
5.050475038181900800e-10
2.769925340544432402e-04
9.067715467381276540e-08
4.488829793980464444e-11
4.419075240284786599e-13
2.280391199747100472e-04
9.041572752721549477e-07
4.708837877842597663e-06
3.073715924983844161e-05
6.168494224548339844e-01
3.245674662366582197e-08
1.351433184026973322e-06
2.117524272762238979e-04
3.707365749505697750e-06
1.910695806145668030e-03
3.390432568266987801e-03
1.427245326340198517e-02
2.529759058234049007e-06
4.842976522922981530e-06
3.290792749410798024e-09
2.244929753203450673e-08
2.635003924369812012e-01
8.689358260705049020e-12
3.605054246236250037e-07
3.251248585911525879e-07
2.114410744979977608e-03
7.275177267729304731e-06
1.591947018653172563e-08
3.631717711687088013e-02
7.382113041513871377e-13
3.414985485505894758e-06
4.978656988896545954e-07
1.959725750566576608e-06
8.621302185929380357e-06
9.618072211742401123e-02
2.331655423404299654e-06
2.114030521818688335e-12
1.886696736619342119e-07
4.131508246064186096e-02
2.466913713305984857e-07
7.777069185976870358e-06
2.324896922800689936e-04
6.100102663040161133e-01
4.816225191461853683e-05
3.118440872640348971e-05
8.148380402417387813e-06
3.729439413291402161e-05
1.706555485725402832e-05
2.549049193945052139e-09
3.239097601248630554e-10
1.668183977017179132e-04
2.536318000068149559e-08
3.566680391031695763e-07
2.393582370132207870e-03
9.594048606231808662e-04
1.593155616319563705e-07
7.545312655565794557e-06
2.994222203511753833e-09
1.266231356567004696e-05
1.254596825869336643e-14
5.573927046498283744e-05
4.268318662070669234e-05
1.602823659777641296e-02
7.709133331701423231e-10
1.733709780182834947e-07
1.701794390100985765e-04
3.816340267658233643e-01
3.306616563349962234e-03
3.679162909975275397e-05
5.752099605160765350e-05
5.599774794973200187e-07
3.694105643603506905e-08
3.401097282767295837e-02
4.988243381376378238e-05
5.958757901680655777e-05
8.058577805059030652e-05
1.363036688417196274e-03
6.259934934860211797e-07
2.521385766840467113e-08
4.749552573457549443e-08
5.223285345912209721e-11
3.450845479965209961e-01
7.327912840992212296e-03
1.658407171589715290e-07
3.583593644052029958e-09
6.534329149872064590e-03
3.110952206952788401e-08
1.424336915079038590e-05
2.320235036313533783e-02
3.285553475507185794e-06
7.678566616959869862e-04
4.586593131534755230e-04
1.271294313482940197e-04
7.520071669325431585e-14
5.237549061121171690e-08
3.064380493015050888e-03
3.465337158559123054e-06
1.341385313935461454e-06
1.941398513736203313e-04
5.334905495146813337e-07
8.862530154196690546e-10
3.482311328184550803e-08
3.633175310824299231e-06
8.898104169929865748e-06
6.686744313810777385e-08
1.125704085502832186e-09
3.525588545016944408e-04
2.426175342407077551e-06
1.772753596305847168e-01
3.997261592303402722e-05
2.075343036267440766e-05
5.598830860736869752e-14
2.217773165114067524e-08
2.965137690935648607e-09
1.501124279457144439e-05
1.372083352180197835e-04
6.026111543178558350e-02
1.508198420197004452e-05
5.485493375090300106e-07
3.475509001873433590e-04
5.347183942794799805e-01
6.416157702915370464e-05
2.743292316154111177e-05
7.443917127147869905e-08
2.564822842998637498e-08
1.644502161070704460e-03
7.289250447684025858e-08
2.059162943623960018e-05
8.340369095094501972e-04
6.143960007420901093e-09
9.333546088785560357e-12
1.098418852052418515e-05
2.462299530936462588e-10
2.150271782852541946e-08
6.021826093327575791e-11
3.997852400061674416e-05
1.022280571305600461e-07
1.006083330139517784e-04
2.402049696301200576e-12
2.738132514059543610e-02
1.356367603875696659e-03
1.767132896929979324e-03
1.714221085421741009e-03
1.563771889756537803e-09
5.306449324393724964e-08
7.197620561782969162e-07
1.458473075643951233e-08
1.485539769419119693e-06
5.832868910093935710e-12
1.443585659899326856e-07
2.408330374237266369e-06
1.510702812845821086e-10
8.647568392916582525e-06
8.068663248650409514e-08
2.365888794884085655e-03
2.286906528752297163e-04
1.085168150893878192e-07
6.471123015217017382e-08
1.816911064088344574e-02
2.235953230410814285e-03
5.469340536023992172e-10
4.841584814130328596e-05
9.024517494253814220e-04
1.786844404705334455e-05
8.931359479902312160e-05
4.059368734488089103e-07
1.949023135239258409e-05
2.960909455396176782e-07
9.303163096774369478e-06
1.414471655152738094e-03
1.528518460690975189e-02
6.804373731128521285e-11
7.399721113632296010e-11
1.929058926180005074e-03
2.144139398296829313e-05
3.075621634707204066e-06
2.678197915884084068e-06
3.383648916610582091e-10
1.255538427358260378e-05
3.136597968023124849e-07
2.573606536770967068e-07
1.795184889630263569e-09
9.914006282585319241e-10
4.107252359390258789e-01
4.179890267550945282e-03
3.614191825818124926e-07
1.440617925254628062e-04
1.005873873083373837e-08
9.820024615692091174e-07
1.745238336070542573e-07
1.846992447873674337e-09
6.140948585198202636e-07
5.312548091751523316e-05
5.450083408504724503e-04
1.833535634432337247e-06
4.715070099337026477e-05
8.432204268160603533e-09
1.055083521350752562e-05
3.866879343986511230e-01
5.623717669323013979e-08
2.310401469003409147e-04
5.727170204750109406e-08
3.909645052146970556e-09
1.108919386751949787e-03
2.247450581194243568e-08
3.197999103576876223e-05
1.766283094184473157e-04
6.893183801537361433e-10
1.959286419150885195e-05
2.322043292224407196e-04
1.255467720329761505e-02
1.070070564746856689e-01
8.956276786875605467e-08
5.317618843037053011e-07
1.466176513531536330e-09
1.351172686554491520e-04
4.052526492159813643e-06
1.188886016607284546e-01
8.272912353277206421e-03
3.864165137201780453e-06
5.315237583403131794e-09
5.802395008913663332e-08
6.020347598223452223e-08
6.007097930194049695e-09
3.437878098338842392e-03
4.439715706183733346e-09
7.779955631121993065e-04
5.008603238820796832e-07
6.656267214566469193e-03
3.615687787532806396e-01
5.596597839030437171e-05
7.635581056320006610e-09
5.573697762883966789e-06
7.780749378127893578e-09
2.407691354164853692e-04
1.537996111437678337e-03
1.201531176775461063e-06
2.358839660882949829e-01
4.852145793847739697e-04
6.543891117871680763e-08
2.830164760325715179e-07
2.209170758724212646e-01
2.807507514953613281e-01
5.527636408805847168e-01
4.796493931202849836e-12
5.640901576953183394e-07
9.688018262386322021e-02
3.418391570448875427e-02
6.522379303319780774e-10
5.932718760703892258e-09
4.615885671228170395e-03
3.914788365364074707e-03
4.503024229052243754e-07
-0.000000000000000000e+00
-0.000000000000000000e+00
-0.000000000000000000e+00
-0.000000000000000000e+00
-0.000000000000000000e+00
-0.000000000000000000e+00
-0.000000000000000000e+00
-0.000000000000000000e+00
-0.000000000000000000e+00
-0.000000000000000000e+00
-0.000000000000000000e+00
-0.000000000000000000e+00
-0.000000000000000000e+00
-0.000000000000000000e+00
-0.000000000000000000e+00
-0.000000000000000000e+00
-0.000000000000000000e+00
-0.000000000000000000e+00
-0.000000000000000000e+00
-0.000000000000000000e+00
-0.000000000000000000e+00
-0.000000000000000000e+00
-0.000000000000000000e+00
-0.000000000000000000e+00
-0.000000000000000000e+00
-0.000000000000000000e+00
-0.000000000000000000e+00
-0.000000000000000000e+00
-0.000000000000000000e+00
-0.000000000000000000e+00
-0.000000000000000000e+00
-0.000000000000000000e+00
-0.000000000000000000e+00
-0.000000000000000000e+00
-0.000000000000000000e+00
-0.000000000000000000e+00
-0.000000000000000000e+00
-0.000000000000000000e+00
-0.000000000000000000e+00
-0.000000000000000000e+00
