9.798825431062141433e-07
1.310972129431320354e-05
1.801890175556764007e-05
2.759388089179992676e-01
5.932775884866714478e-02
1.885826140642166138e-02
4.031623154878616333e-02
1.341488678008317947e-03
7.171154022216796875e-01
4.822920560836791992e-01
1.910474929900374264e-05
6.102799251675605774e-02
5.454574711620807648e-04
1.036437024595215917e-04
5.228528007864952087e-02
9.024711847305297852e-01
7.398701563943177462e-05
2.850901910278480500e-05
6.383873551385477185e-05
1.149199157953262329e-02
9.195958846248686314e-04
1.905004382133483887e-01
2.489846497774124146e-01
5.378139019012451172e-01
4.445780359674245119e-04
2.156883627176284790e-01
2.350349724292755127e-02
2.904591523110866547e-02
9.501305818557739258e-01
8.784298552200198174e-05
1.059555359006481012e-07
4.649709165096282959e-01
1.071828678250312805e-01
3.642101364675909281e-04
6.518687605857849121e-01
1.068840265274047852e+00
3.510117763653397560e-03
1.883166879415512085e-01
4.778750836849212646e-01
1.553687751293182373e-01
3.775956109166145325e-03
4.351717652752995491e-04
3.945254866266623139e-05
3.450713753700256348e-01
9.202058613300323486e-02
4.372456073760986328e-01
5.539575815200805664e-01
4.490692019462585449e-01
4.421572089195251465e-01
2.819881192408502102e-04
3.903072793036699295e-03
2.243662893306463957e-04
2.516711354255676270e-01
1.369305551052093506e-01
2.999718999490141869e-03
7.432103902101516724e-02
9.185377507492376026e-07
1.615703338757157326e-03
8.995875250548124313e-04
6.458354741334915161e-02
5.939619150012731552e-03
8.658000733703374863e-04
6.187326312065124512e-01
4.256948363035917282e-03
2.389261312782764435e-02
1.232742965221405029e-01
3.467964706942439079e-04
4.243616785970516503e-05
1.538010779768228531e-03
7.653911709785461426e-01
3.086982294917106628e-02
9.815470548346638680e-04
1.103591512219281867e-05
3.203830122947692871e-02
3.382627852261066437e-03
4.068327252753078938e-04
3.152222931385040283e-02
2.390113845467567444e-02
1.570361782796680927e-03
3.638864308595657349e-02
4.832139611244201660e-01
1.794710988178849220e-03
1.351774903014302254e-03
1.052575483918190002e-01
7.069562673568725586e-01
1.613825676031410694e-03
2.128109736077021807e-05
4.140472412109375000e-01
8.005807176232337952e-04
2.143571691703982651e-05
2.001364191528409719e-04
1.147915869951248169e-01
1.863380311988294125e-03
4.084201455116271973e-01
1.474902615882456303e-03
1.980761997401714325e-03
3.967144948546774685e-06
4.890584945678710938e-02
1.224471925524994731e-04
1.064785718917846680e-01
1.267374260351061821e-03
4.741730093955993652e-01
1.899657249450683594e-01
7.280126446858048439e-04
2.783796936273574829e-02
5.889186263084411621e-01
2.204827070236206055e-01
1.111726045608520508e+00
3.946608921978622675e-04
2.096775472164154053e-01
1.008954597637057304e-03
9.306960105895996094e-01
8.152242302894592285e-01
3.328674472868442535e-03
3.403501957654953003e-02
2.026393121923319995e-05
7.606751069033634849e-07
5.185093730688095093e-03
1.419232944499526639e-07
5.075454711914062500e-01
8.330607670359313488e-05
1.804246276151388884e-04
1.377585722366347909e-04
2.031742036342620850e-01
2.091480419039726257e-03
1.245617022505030036e-04
6.363283991813659668e-01
1.909853324377763784e-07
1.920615555718541145e-03
1.006996259093284607e-02
7.892685061960946769e-06
9.255591779947280884e-02
3.427968919277191162e-02
4.719043772638542578e-06
2.702582776546478271e-01
2.537493109703063965e-01
1.609304174780845642e-02
3.425896575208753347e-04
1.884564161300659180e-01
2.961139678955078125e-01
5.404110066592693329e-03
3.356446325778961182e-01
4.553676396608352661e-02
2.533128857612609863e-01
4.543112125247716904e-03
5.183059573173522949e-01
3.110295832157135010e-01
3.309257030487060547e-01
6.578382849693298340e-02
1.062985829776152968e-04
1.084240735508501530e-03
6.805211160099133849e-05
1.093225073418579996e-04
1.719880290329456329e-02
1.281760475535520527e-08
4.448119997978210449e-01
1.302386354655027390e-02
2.092809700116049498e-05
2.808926001307554543e-05
9.887226624414324760e-04
1.141370460391044617e-02
1.143582630902528763e-03
6.943890475668013096e-04
1.197136152768507600e-04
7.195739746093750000e-01
5.322837829589843750e-01
6.616730690002441406e-01
2.101878926623612642e-04
7.669091224670410156e-02
6.063968874514102936e-03
9.856245480477809906e-03
5.363567834137938917e-05
1.667211204767227173e-02
1.903904229402542114e-01
6.082968902774155140e-04
1.890717413743914221e-07
1.474205031991004944e-02
1.232257559895515442e-01
2.700688201002776623e-04
3.412959575653076172e-01
3.450048970989882946e-04
1.230924972333014011e-03
2.926638722419738770e-02
4.181701660854741931e-05
6.406748434528708458e-05
2.722242176532745361e-01
3.574526607990264893e-01
5.633843131363391876e-03
6.868087053298950195e-01
6.228332519531250000e-01
8.934575319290161133e-02
9.400815702974796295e-03
1.473204605281352997e-02
1.921378672122955322e-01
3.710269033908843994e-01
6.521591567434370518e-04
1.804407499730587006e-02
7.489452958106994629e-01
3.168746388837462291e-06
8.059223182499408722e-05
1.309847084485227242e-05
4.114512557862326503e-05
9.541961480863392353e-04
8.393786847591400146e-02
1.073894527507945895e-04
1.095588784664869308e-03
1.494960673153400421e-02
1.139939129352569580e-01
8.642067015171051025e-02
6.955181360244750977e-01
7.221505045890808105e-02
2.450449205935001373e-02
6.070243120193481445e-01
4.401600381243042648e-05
4.297487437725067139e-03
4.747820198535919189e-01
3.059772849082946777e-01
2.701116318348795176e-05
1.793024986982345581e-01
4.669615626335144043e-02
3.902617096900939941e-01
8.376331627368927002e-02
6.626555205002659932e-06
2.849210977728944272e-05
2.737558213993906975e-03
1.025662175379693508e-03
3.332179486751556396e-01
2.596468431875109673e-03
4.378801677376031876e-03
1.209927201271057129e-01
5.759968757629394531e-01
1.053960731951519847e-04
5.699289441108703613e-01
1.006321981549263000e-02
4.484927281737327576e-03
9.230474097421392798e-05
2.248710370622575283e-04
2.356537443120032549e-04
6.971085071563720703e-01
2.781616989523172379e-03
1.308210045099258423e-01
1.365814805030822754e+00
1.538662165403366089e-01
4.693291941748611862e-07
4.104299247264862061e-01
6.823267787694931030e-02
7.075723988236859441e-05
1.136548444628715515e-02
3.477427735924720764e-02
3.126019835472106934e-01
1.669819699600338936e-03
1.662416034378111362e-04
6.662570238113403320e-01
3.808412700891494751e-02
2.089065909385681152e-01
4.258118569850921631e-03
-0.000000000000000000e+00
-0.000000000000000000e+00
-0.000000000000000000e+00
-0.000000000000000000e+00
-0.000000000000000000e+00
-0.000000000000000000e+00
-0.000000000000000000e+00
-0.000000000000000000e+00
-0.000000000000000000e+00
-0.000000000000000000e+00
-0.000000000000000000e+00
-0.000000000000000000e+00
-0.000000000000000000e+00
-0.000000000000000000e+00
-0.000000000000000000e+00
-0.000000000000000000e+00
-0.000000000000000000e+00
-0.000000000000000000e+00
-0.000000000000000000e+00
-0.000000000000000000e+00
