5.927532911300659180e-01
3.975553065538406372e-02
9.959433078765869141e-01
7.774089574813842773e-01
3.890865668654441833e-02
6.993585228919982910e-01
9.177389740943908691e-01
3.216867744922637939e-01
7.237156629562377930e-01
6.384908556938171387e-01
2.598732709884643555e-01
1.628531608730554581e-04
7.148177623748779297e-01
8.347529172897338867e-01
5.822387933731079102e-01
1.707521528005599976e-01
6.054548621177673340e-01
1.166367769241333008e+00
5.113673806190490723e-01
6.089001893997192383e-01
2.935506170615553856e-03
7.422978430986404419e-02
7.038124799728393555e-01
9.204859845340251923e-03
2.360162883996963501e-02
6.993919610977172852e-02
1.105593051761388779e-02
5.300426483154296875e-01
1.101442933082580566e+00
1.176228001713752747e-02
6.820122003555297852e-01
6.504443287849426270e-02
9.633649587631225586e-01
1.013248085975646973e+00
2.845716197043657303e-03
1.105592966079711914e+00
8.181649446487426758e-02
5.748918192693963647e-05
1.056027576851192862e-05
7.445869445800781250e-01
9.322779625654220581e-02
1.035834997892379761e-01
6.207515597343444824e-01
1.845673471689224243e-02
2.338359951972961426e-01
3.329650759696960449e-01
4.344986677169799805e-01
4.177720844745635986e-02
1.029359459877014160e+00
4.464621543884277344e-01
8.105901479721069336e-01
6.144118309020996094e-01
5.329379346221685410e-04
9.841644167900085449e-01
3.022559583187103271e-01
9.564396142959594727e-01
1.186406910419464111e-01
3.705957159399986267e-02
9.983135461807250977e-01
8.284720778465270996e-01
1.050197005271911621e+00
5.592797994613647461e-01
5.977042019367218018e-02
1.080500334501266479e-01
6.126474589109420776e-03
8.302119094878435135e-04
8.920358419418334961e-01
7.497575283050537109e-01
4.807817935943603516e-01
6.044149398803710938e-01
3.724365234375000000e-01
2.140357196331024170e-01
2.351961731910705566e-01
8.932487964630126953e-01
3.466704487800598145e-01
9.477625787258148193e-02
5.348773598670959473e-01
1.363207004033029079e-03
5.923712253570556641e-01
5.681396722793579102e-01
4.171265661716461182e-01
5.439170598983764648e-01
6.371465325355529785e-01
1.140927197411656380e-03
8.183434009552001953e-01
3.002185001969337463e-02
9.321584701538085938e-01
1.065256834030151367e+00
3.039356507360935211e-02
1.492449641227722168e-01
1.654608175158500671e-02
5.641818642616271973e-01
8.720754384994506836e-01
5.617783926936681382e-07
1.036264419555664062e+00
1.804982870817184448e-01
9.491623640060424805e-01
1.264364086091518402e-02
4.491929709911346436e-01
1.150735169649124146e-01
1.150732636451721191e+00
4.957892894744873047e-01
2.600045800209045410e-01
2.105893380939960480e-02
9.909792803227901459e-03
5.913640260696411133e-01
4.941008519381284714e-04
3.634068649262189865e-03
3.077046871185302734e-01
7.219860553741455078e-01
1.081309556961059570e+00
3.788092732429504395e-01
7.230017185211181641e-01
1.224961131811141968e-02
3.979725879617035389e-04
9.756636619567871094e-01
4.332708660513162613e-03
2.747586965560913086e-01
1.762687712907791138e-01
3.616116009652614594e-03
1.902228295803070068e-01
1.173042178153991699e+00
1.193393230438232422e+00
9.107378870248794556e-02
4.825878143310546875e-01
1.057107806205749512e+00
1.172722458839416504e+00
6.984386444091796875e-01
1.998048275709152222e-03
8.996105939149856567e-02
3.802199363708496094e-01
1.109251737594604492e+00
8.896546363830566406e-01
9.523618221282958984e-01
1.460807919502258301e-01
2.737814784049987793e-01
2.876649498939514160e-01
8.370637297630310059e-01
4.399635195732116699e-01
4.140960518270730972e-04
1.941725909709930420e-01
9.577192068099975586e-01
7.023573517799377441e-01
4.630035161972045898e-01
4.346747994422912598e-01
7.161103487014770508e-01
4.800893366336822510e-01
1.304463148117065430e-01
4.571319371461868286e-02
7.866630554199218750e-01
3.746398142538964748e-04
1.068676233291625977e+00
6.855696439743041992e-03
9.544569253921508789e-02
9.304129481315612793e-01
1.291695632971823215e-03
1.016585901379585266e-01
2.198158353567123413e-01
1.565636135637760162e-03
6.911479867994785309e-03
4.563565365970134735e-03
1.848763058660551906e-04
5.335422465577721596e-04
7.753285020589828491e-02
6.601502895355224609e-01
1.019323587417602539e+00
8.659787178039550781e-01
1.070247530937194824e+00
7.188113033771514893e-02
1.068862795829772949e+00
6.478224992752075195e-01
3.898116201162338257e-02
9.989552497863769531e-01
9.972269646823406219e-03
4.436121962498873472e-04
2.495161443948745728e-02
3.001683217007666826e-04
9.096996784210205078e-01
6.196763515472412109e-01
6.731637716293334961e-01
6.876988410949707031e-01
9.021365485750720836e-07
9.881234169006347656e-01
9.354145824909210205e-02
8.747062683105468750e-01
4.385322245070710778e-05
4.835940897464752197e-01
1.362634181976318359e+00
1.090750813484191895e+00
3.434813115745782852e-03
1.189952017739415169e-03
1.181724429130554199e+00
1.305201323702931404e-03
2.001875825226306915e-02
3.217754513025283813e-02
7.112215161323547363e-01
8.423962593078613281e-01
7.762473225593566895e-01
1.013824701309204102e+00
5.938813090324401855e-01
2.007364109158515930e-02
4.900079965591430664e-01
9.920573234558105469e-01
1.064129829406738281e+00
3.846459984779357910e-01
1.144540905952453613e+00
3.588841995224356651e-03
4.116644263267517090e-01
8.447585105895996094e-01
8.063942368607968092e-05
1.298495829105377197e-01
6.816202402114868164e-01
6.720725650666281581e-05
1.101537227630615234e+00
6.894358247518539429e-02
5.139822363853454590e-01
1.043800830841064453e+00
1.105151996016502380e-01
8.417344093322753906e-01
1.442824490368366241e-03
3.297048062086105347e-02
3.463930916041135788e-03
1.047740802168846130e-01
1.030146121978759766e+00
2.321037948131561279e-01
1.691255867481231689e-01
1.760865561664104462e-02
7.201461791992187500e-01
1.200140044093132019e-01
1.070626735687255859e+00
1.841212809085845947e-01
6.240879297256469727e-01
7.511351108551025391e-01
4.981899261474609375e-01
3.599547222256660461e-02
8.865420818328857422e-01
1.427775714546442032e-02
3.806880712509155273e-01
3.124191607639659196e-06
1.005519032478332520e+00
1.006799221038818359e+00
2.189995050430297852e-01
8.116035461425781250e-01
9.215314388275146484e-01
2.123465240001678467e-01
1.393686397932469845e-03
2.394246608018875122e-01
1.608763188123703003e-01
8.435450792312622070e-01
3.927935063838958740e-01
2.812228500843048096e-01
4.119373857975006104e-02
1.542584747076034546e-01
3.110826015472412109e-01
1.270605683326721191e+00
4.031274914741516113e-01
-0.000000000000000000e+00
-0.000000000000000000e+00
-0.000000000000000000e+00
-0.000000000000000000e+00
-0.000000000000000000e+00
-0.000000000000000000e+00
-0.000000000000000000e+00
-0.000000000000000000e+00
-0.000000000000000000e+00
-0.000000000000000000e+00
-0.000000000000000000e+00
-0.000000000000000000e+00
-0.000000000000000000e+00
-0.000000000000000000e+00
-0.000000000000000000e+00
-0.000000000000000000e+00
-0.000000000000000000e+00
-0.000000000000000000e+00
-0.000000000000000000e+00
-0.000000000000000000e+00
