1.894158049253746867e-04
1.250657532364130020e-02
7.802993422956205904e-06
3.575712325982749462e-04
2.904174327850341797e-01
1.902827173471450806e-01
1.153287440538406372e-01
6.820502877235412598e-01
4.022881039418280125e-04
3.810837119817733765e-02
9.286241402151063085e-05
3.497067373245954514e-03
5.836092829704284668e-01
5.684770712832687423e-06
2.388876862823963165e-03
6.485281483037397265e-05
4.518378060311079025e-03
1.512094513600459322e-05
1.786371370826600469e-07
2.738719922490417957e-04
2.005020854994654655e-03
4.469167888164520264e-01
6.078395927033852786e-06
2.320295721292495728e-01
2.376580536365509033e-01
2.731054425239562988e-01
2.195887267589569092e-01
7.211837917566299438e-02
5.777437090873718262e-01
2.742140181362628937e-02
5.924767255783081055e-01
6.279890076257288456e-04
6.094927191734313965e-01
8.586185685999225825e-06
1.419141539372503757e-03
1.653536409139633179e-01
3.400315763428807259e-04
1.270224601030349731e-01
3.729445636272430420e-01
2.663735747337341309e-01
1.745183726598042995e-05
1.724734029266983271e-04
6.553416848182678223e-01
2.802200651785824448e-05
1.351353967038448900e-05
4.223900139331817627e-01
1.064357184077380225e-05
9.494893333794607315e-07
2.367670238018035889e-01
1.145989820361137390e-02
1.524663809686899185e-02
8.915609121322631836e-02
1.120246350765228271e-01
6.775131914764642715e-04
6.901368498802185059e-01
7.166534778662025928e-04
3.188976049423217773e-01
1.694425736786797643e-05
4.724478349089622498e-04
2.733645141124725342e-01
2.163433964597061276e-05
8.518904447555541992e-03
4.450029109648312442e-07
2.844402799382805824e-03
4.206310212612152100e-01
1.045845076441764832e-01
6.105120410211384296e-04
5.666779907187446952e-05
1.750170439481735229e-02
4.701373875141143799e-01
5.055210567661561072e-05
8.288663957500830293e-05
9.094844013452529907e-02
3.018616989720612764e-04
9.720366506371647120e-06
4.447628271009307355e-06
8.671122486703097820e-06
2.551310535636730492e-05
1.693297053861897439e-05
8.659688755869865417e-03
3.429885509831365198e-06
3.969869017601013184e-01
3.974618390202522278e-02
6.126135587692260742e-03
6.843959093093872070e-01
2.452794648706912994e-02
9.663757868111133575e-03
7.802798599004745483e-02
6.974763423204421997e-02
4.819999594474211335e-05
1.682950183749198914e-03
1.926108496263623238e-03
1.431900542229413986e-03
2.346991561353206635e-03
8.681734651327133179e-02
2.817393351506325416e-06
1.434005680494010448e-03
3.388769030570983887e-01
1.031767111271619797e-03
9.800582483876496553e-05
2.219227326349937357e-06
6.614742279052734375e-01
1.483746109443018213e-05
1.843805313110351562e-01
2.671689353883266449e-02
4.268546700477600098e-01
6.907033093739300966e-05
3.795215889113023877e-05
1.365280477330088615e-04
8.010708689689636230e-01
2.690111286938190460e-04
5.620427131652832031e-01
4.697938129538670182e-05
1.602424504199007060e-06
2.394654256931971759e-05
1.813552230596542358e-01
5.943341255187988281e-01
2.215399763372261077e-05
7.230234742164611816e-01
2.770867198705673218e-02
1.803200211725197732e-05
1.392722278833389282e-01
2.328724946210058988e-08
3.272741378168575466e-05
3.072452545166015625e-02
1.210876507684588432e-03
2.796484716236591339e-02
3.848008811473846436e-01
5.570509005337953568e-03
8.557693217881023884e-04
3.942831456661224365e-01
5.835858359932899475e-02
1.122040612244745716e-05
6.893472075462341309e-01
4.623031127266585827e-04
1.939602952916175127e-06
1.578978961333632469e-03
1.095800907933153212e-04
1.924671232700347900e-02
2.749031118582934141e-04
3.364259027875959873e-04
1.687003241386264563e-04
1.305348007008433342e-03
1.932346931425854564e-04
3.606440126895904541e-01
1.960661448538303375e-02
6.459131240844726562e-01
2.714394940994679928e-05
7.931534200906753540e-03
3.162279682555890759e-08
5.108943954110145569e-02
4.764305427670478821e-03
4.942043498158454895e-02
1.410458832979202271e-01
8.609191718278452754e-05
2.142027318477630615e-01
4.593824087351094931e-06
3.568872064352035522e-02
8.553802035748958588e-04
3.033912479877471924e-01
4.880990891251713037e-04
4.515698179602622986e-02
3.997092426288872957e-05
6.561361078638583422e-05
5.412715254351496696e-04
7.559474557638168335e-02
1.238274038769304752e-03
2.335060387849807739e-03
1.338922083377838135e-01
6.697326302528381348e-01
1.119984984397888184e-01
9.366356534883379936e-04
6.922259672137442976e-06
3.261820529587566853e-05
6.195250749588012695e-01
2.317044511437416077e-02
1.931654065847396851e-01
1.052711886586621404e-04
4.973122477531433105e-01
6.752916574478149414e-01
9.943453967571258545e-02
2.744009019806981087e-03
7.290455047041177750e-03
5.787307964055798948e-05
3.598457947373390198e-02
4.298119456507265568e-04
2.225733442173805088e-05
6.789722101530060172e-05
3.179799534791527549e-07
1.202341751195490360e-03
2.264380222186446190e-03
2.855354885866745462e-08
8.675176650285720825e-02
5.793834850192070007e-02
6.086179614067077637e-01
1.103561893105506897e-01
1.007978916168212891e-01
2.986942604184150696e-02
3.535033762454986572e-02
8.829667232930660248e-03
6.768614649772644043e-01
6.596304178237915039e-01
6.316892802715301514e-02
5.761172249913215637e-02
6.591196656227111816e-01
1.315990812145173550e-05
4.573657214641571045e-01
6.274792551994323730e-01
9.949527382850646973e-01
3.559890319593250751e-05
6.945010682102292776e-06
2.254101855214685202e-05
7.678093388676643372e-03
4.209139384329319000e-03
1.179918125271797180e-01
7.593063637614250183e-04
1.000696048140525818e-01
1.048927078954875469e-04
1.821591140469536185e-04
5.891382098197937012e-01
3.644123077392578125e-01
4.075575992465019226e-02
4.381273686885833740e-01
6.873934268951416016e-01
4.403207451105117798e-02
3.975733125116676092e-05
2.682183980941772461e-01
4.887423012405633926e-03
1.042163785314187407e-04
2.456634789705276489e-01
2.040265500545501709e-01
1.843050813477020711e-05
1.397578125761356205e-05
6.443559527397155762e-01
7.119376659393310547e-01
3.722297378772054799e-06
2.038826001808047295e-03
3.073183819651603699e-02
6.170639971969649196e-05
5.873090049135498703e-05
6.451495573855936527e-05
2.623328566551208496e-02
4.687256813049316406e-01
2.964039444923400879e-01
5.597379207611083984e-01
2.951886653900146484e-01
9.603011858416721225e-05
6.778440903872251511e-03
1.353801935911178589e-01
5.848332643508911133e-01
8.301574271172285080e-04
6.356471031904220581e-02
5.121345748193562031e-04
6.140762707218527794e-04
3.586052916944026947e-04
5.012231554246682208e-07
8.037951374717522413e-06
2.862224727869033813e-02
6.301460862159729004e-01
1.513539813458919525e-03
4.880366032011806965e-05
6.647232454270124435e-03
1.654643347137607634e-05
5.363578796386718750e-01
6.950904130935668945e-01
4.496282897889614105e-03
3.902021126123145223e-05
3.043137304484844208e-02
4.366245567798614502e-01
1.739398203790187836e-02
2.362219989299774170e-02
8.246482466347515583e-04
5.461894869804382324e-01
9.345839917659759521e-02
7.944642305374145508e-01
1.562198400497436523e-01
3.723414920386858284e-05
1.072191715240478516e+00
1.365549717746716851e-08
6.707868888042867184e-04
2.491534978616982698e-04
1.221122053300660593e-12
8.855372667312622070e-01
3.683698014356195927e-04
1.340339395028422587e-09
3.653131797909736633e-02
1.267296145670115948e-03
3.171038697473704815e-04
1.080998219549655914e-02
6.481797695159912109e-01
2.535152947530150414e-03
6.028062105178833008e-01
3.780552744865417480e-01
2.175508839741269185e-08
1.653635874390602112e-03
3.878704155795276165e-04
4.356397312221815810e-06
3.761953907087445259e-03
1.015840567220038793e-08
6.916727125644683838e-02
3.256293833255767822e-01
9.621624946594238281e-01
4.511698335409164429e-02
1.298294751904904842e-03
8.032261729240417480e-01
1.553412228822708130e-01
2.382454340477124788e-06
2.778759335342328995e-05
1.971516212506685406e-06
8.492903447177013732e-08
2.119141390721779317e-05
6.912513375282287598e-01
4.169678688049316406e-01
6.097832228988409042e-03
1.245221142198715825e-06
9.773110747337341309e-01
2.814582257997244596e-04
6.308051943778991699e-02
4.104896652279421687e-05
5.850371718406677246e-01
1.173554584383964539e-01
1.155573427677154541e-01
1.116548106074333191e-02
2.943668805528432131e-04
1.392992299287243441e-08
3.994506001472473145e-01
7.295699119567871094e-01
1.195125728845596313e-01
1.140397853305330500e-05
6.528595685958862305e-01
5.168121773749589920e-03
2.040608786046504974e-03
6.659231439698487520e-05
5.497354571559753822e-09
4.163297126069664955e-05
8.387415111064910889e-02
4.445489048957824707e-01
4.854695498943328857e-02
8.141119480133056641e-01
2.315447293221950531e-02
4.611075855791568756e-03
3.589713871479034424e-01
2.065547022311875480e-08
4.862553169004968368e-07
3.153746206407959107e-07
1.489186274739040527e-06
3.782958090305328369e-01
9.111078106798231602e-04
4.037795588374137878e-02
6.965281963348388672e-01
2.908257544040679932e-01
3.649634420871734619e-01
1.302144210058031604e-05
8.984111482277512550e-04
1.433900673873722553e-03
4.021838307380676270e-02
2.556663006544113159e-02
3.270305693149566650e-01
5.937875714153051376e-03
1.995286345481872559e-01
8.866403102874755859e-01
2.808675169944763184e-02
2.634465396404266357e-01
2.735410444438457489e-02
2.922736853361129761e-02
5.132564306259155273e-01
6.683715128019684926e-06
2.107014134526252747e-02
6.190933054313063622e-04
1.483626732579068630e-07
2.045265585184097290e-02
4.246211796998977661e-02
1.138931438326835632e-01
2.660399675369262695e-01
2.583124296506866813e-05
4.990966320037841797e-01
4.812649786472320557e-01
4.480079114437103271e-01
4.530320763587951660e-01
1.909815637191059068e-06
4.995315801352262497e-03
5.677576065063476562e-01
4.585865885019302368e-02
2.129643457010388374e-03
1.451234072446823120e-01
1.109081283211708069e-01
4.551080564851872623e-06
7.462924718856811523e-01
1.343188690952956676e-03
8.607414201833307743e-06
7.453619036823511124e-05
4.366478417068719864e-03
2.129038050770759583e-02
9.079311490058898926e-01
5.719684413634240627e-04
3.984256088733673096e-02
3.554986715316772461e-01
2.272357000038027763e-03
6.127781271934509277e-01
2.734376039370545186e-06
3.291148464867887924e-09
1.033786429616156965e-05
2.593289688229560852e-02
2.935981750488281250e-01
3.355014324188232422e-01
7.053208351135253906e-01
6.436808407306671143e-02
1.307423925027251244e-03
1.283327583223581314e-04
4.641689360141754150e-03
7.374508976936340332e-01
6.341324448585510254e-01
1.133498270064592361e-02
3.098345696926116943e-01
5.655552260577678680e-03
2.764019882306456566e-05
9.639499476179480553e-04
1.973567297682166100e-03
6.835504770278930664e-01
1.775997225195169449e-05
8.227659389376640320e-03
8.666112876198894810e-07
1.572570647113025188e-03
6.618972867727279663e-02
9.547322988510131836e-03
2.490674669388681650e-04
8.938426887539208110e-09
6.597046256065368652e-01
2.850589772909750685e-12
4.503967240452766418e-03
1.849750842666253448e-04
2.148405474144965410e-04
3.416354843466251623e-07
7.490368094295263290e-03
2.207437995821237564e-03
2.803077399730682373e-01
8.234275737777352333e-04
6.489846782642416656e-06
4.967369022779166698e-05
1.571015454828739166e-04
2.734572291374206543e-01
3.674934506416320801e-01
3.513082447170745581e-06
1.665228337515145540e-04
6.956460475921630859e-01
1.317459682468324900e-04
7.700831443071365356e-02
2.202696923632174730e-04
8.621962741017341614e-03
7.295570522546768188e-02
7.660850533284246922e-04
7.124970555305480957e-01
6.089978814125061035e-01
1.361401814392593224e-06
6.258206367492675781e-01
3.369357273186324164e-06
1.157206832431256771e-03
7.663756841793656349e-04
1.127200126647949219e-01
6.409030556678771973e-01
3.087299503386020660e-02
1.589045339756012254e-09
1.213435456156730652e-02
4.707701206207275391e-01
5.851988196372985840e-01
3.469603543635457754e-04
6.113986670970916748e-02
6.338731317612200655e-09
5.971763134002685547e-01
8.102426285461206135e-09
5.677127838134765625e-02
1.160766649991273880e-02
9.132918203249573708e-04
6.323699839413166046e-03
4.312262311577796936e-02
1.385880750603973866e-05
1.075173372555582318e-06
8.085132208179857116e-07
1.241111167473718524e-04
5.719059845432639122e-04
1.119294948875904083e-02
4.967826008796691895e-01
6.067355871200561523e-01
3.188274204730987549e-01
1.956779882311820984e-02
4.363588988780975342e-02
6.585055589675903320e-01
1.398590276949107647e-03
1.278041303157806396e-01
2.608495391905307770e-02
9.084847647500282619e-07
3.329823259264230728e-03
8.947301830630749464e-05
5.248145043879048899e-06
6.476264446973800659e-03
6.452509760856628418e-01
4.174920320510864258e-01
1.408383250236511230e-01
1.667415926931425929e-04
8.160166740417480469e-01
1.312571694143116474e-04
1.372397840023040771e-01
1.276607043109834194e-03
7.899808697402477264e-03
6.265802076086401939e-04
2.264334112405776978e-01
4.504485130310058594e-01
7.800083160400390625e-01
5.113064050674438477e-01
1.248734146356582642e-01
1.812181435525417328e-02
2.517533737034227670e-09
6.368176080286502838e-03
1.810996153039923229e-08
1.110132201574742794e-03
6.033843755722045898e-01
1.557968545284893480e-07
1.312573022005381063e-05
2.470307226758450270e-04
2.126483741449192166e-05
1.123900261745802709e-08
6.967456340789794922e-01
2.862605430475895218e-10
7.303403019905090332e-01
1.260264707525493577e-05
1.789216399192810059e-01
7.249794725794345140e-05
2.001664638519287109e-01
9.975937427952885628e-04
6.870257258415222168e-01
5.686155054718255997e-03
5.489657269208692014e-05
1.456027328968048096e-01
1.673243567347526550e-02
1.569081359775736928e-05
1.931386739015579224e-01
1.391824334859848022e-01
2.937171084340661764e-04
2.382539911195635796e-03
7.448300719261169434e-01
3.707150518894195557e-01
1.621964760124683380e-02
5.688554956577718258e-04
1.121437890105880797e-05
1.062441617250442505e-03
3.914125954906921834e-06
6.626070737838745117e-01
4.035508632659912109e-01
1.484378986060619354e-02
5.535185337066650391e-03
6.941085457801818848e-01
3.453786373138427734e-01
9.504123926162719727e-01
4.414189606904983521e-03
2.641411847434937954e-04
7.443960839736973867e-06
1.867769460659474134e-04
5.364555363485123962e-06
1.764773428440093994e-01
9.735632687807083130e-03
1.507055344518448692e-06
4.350769519805908203e-02
3.989293277263641357e-01
7.571531459689140320e-03
2.353412359952926636e-01
8.930597305297851562e-01
8.174840331776067615e-05
1.287030894309282303e-02
1.254827976226806641e+00
1.948620192706584930e-02
2.874456113204360008e-03
1.948732137680053711e-02
1.030593216419219971e-01
2.727969627969173416e-09
8.744152069084520917e-08
4.196178317070007324e-01
1.771720498800277710e-02
1.013360379147343338e-04
4.206479061394929886e-03
7.182578444480895996e-01
4.658950274460949004e-07
6.315774953691288829e-06
1.482750633385876426e-07
7.214192766696214676e-03
5.710378836454310658e-10
4.273016471415758133e-03
2.148879878222942352e-02
1.256137937307357788e-01
6.446260809898376465e-01
6.894437074661254883e-01
3.540694713592529297e-01
3.389530777931213379e-01
3.489618655294179916e-03
1.118280768394470215e+00
3.628595441114157438e-04
6.938542723655700684e-01
6.919107437133789062e-01
1.150467619299888611e-02
6.573732197284698486e-02
1.767275098245590925e-04
3.813600838184356689e-01
1.331693083047866821e-01
7.941508665680885315e-03
4.103342443704605103e-02
3.388166760487365536e-06
1.113478647312149405e-04
6.306626833975315094e-03
1.468114256858825684e-01
6.354553103446960449e-01
3.523525083437561989e-03
2.723826654255390167e-02
9.810690581798553467e-02
7.118315100669860840e-01
4.745653569698333740e-01
5.817703008651733398e-01
6.654417375102639198e-04
4.495230969041585922e-03
4.651092886924743652e-01
1.253338903188705444e-01
6.721546649932861328e-01
6.031891098245978355e-04
8.122614771127700806e-02
1.902804740439023590e-07
5.363974571228027344e-01
6.849175691604614258e-01
7.653905749320983887e-01
5.898309946060180664e-01
1.580258309841156006e-01
2.158983796834945679e-01
5.637804791331291199e-02
5.054518624092452228e-05
7.524894177913665771e-02
5.775285363197326660e-01
5.508688092231750488e-01
4.253019094467163086e-01
1.635271906852722168e-01
8.891549441614188254e-06
7.744272947311401367e-01
7.296115159988403320e-02
8.071492612361907959e-02
1.170528829097747803e-01
2.832306490745395422e-04
1.140033174306154251e-02
5.583217352977953851e-05
5.766284884884953499e-04
2.149927429854869843e-03
6.623691320419311523e-02
2.905889705289155245e-04
1.141296476125717163e-01
1.998694241046905518e-01
3.618099913001060486e-02
1.069488719807054622e-09
7.337900251150131226e-02
7.394275665283203125e-01
5.956764798611402512e-03
6.468038558959960938e-01
3.591748327016830444e-02
1.325507834553718567e-02
6.375741958618164062e-02
1.249643601477146149e-02
7.878388278186321259e-03
2.706358500290662050e-04
4.522847235202789307e-01
4.815443389816209674e-05
3.578167874366044998e-03
9.934692084789276123e-02
3.815488219261169434e-01
5.654047727584838867e-01
1.108425185084342957e-01
6.979370862245559692e-02
2.171213563997298479e-04
4.837379325181245804e-03
1.415708810091018677e-01
1.239568181335926056e-02
8.050580509006977081e-03
3.025100886588916183e-05
1.074529409408569336e+00
8.069187751971185207e-04
7.871747612953186035e-01
5.662425160408020020e-01
6.075915098190307617e-01
7.187789082527160645e-01
5.728009939193725586e-01
1.962903738021850586e-01
8.745632767677307129e-01
2.414406277239322662e-03
6.445458531379699707e-01
5.360857248306274414e-01
1.866181343793869019e-01
6.508342176675796509e-02
1.184534467756748199e-02
1.723657362163066864e-03
2.444650828838348389e-01
1.789808571338653564e-01
1.581746041774749756e-01
3.010783493518829346e-01
2.094231992959976196e-01
5.832640528678894043e-01
1.302181370556354523e-02
2.812302485108375549e-02
7.359954906860366464e-05
6.130731105804443359e-01
1.365894079208374023e-01
1.604215987026691437e-02
2.382256090641021729e-01
1.359997689723968506e-01
3.618943393230438232e-01
6.481372714042663574e-01
1.240779384970664978e-01
2.800408601760864258e-01
5.866306368261575699e-03
3.271068260073661804e-02
1.058748438954353333e-01
8.488184772431850433e-03
5.141009092330932617e-01
2.868560142815113068e-02
3.203755244612693787e-02
3.338086605072021484e-01
5.169808864593505859e-03
1.505572795867919922e-01
5.876694103790214285e-06
8.504953384399414062e-01
6.851249933242797852e-01
6.841120868921279907e-02
5.630944315271335654e-07
2.873477712273597717e-02
1.271761804819107056e-01
1.999610476195812225e-02
6.542868614196777344e-01
3.375365734100341797e-01
4.286948442459106445e-01
3.543354943394660950e-02
2.599095460027456284e-03
7.970839738845825195e-02
1.217769458889961243e-02
2.941841958090662956e-04
6.157356873154640198e-02
1.974862068891525269e-01
3.381429612636566162e-02
5.339981913566589355e-01
6.863474845886230469e-01
2.936214804649353027e-01
2.369861031183972955e-04
5.558038651543029118e-07
6.809787750244140625e-01
4.498620629310607910e-01
1.017353683710098267e-01
9.883347665891051292e-04
1.240302575752139091e-03
7.466289997100830078e-01
1.161082298494875431e-03
1.979286549612879753e-03
8.537822403013706207e-03
1.708232052624225616e-02
4.275121092796325684e-01
4.184272885322570801e-01
1.599652227014303207e-03
1.410143673419952393e-01
6.545603275299072266e-01
7.359126210212707520e-01
1.040823608636856079e-01
7.578139659017324448e-03
1.602104930498171598e-06
1.004829391604289412e-04
7.056107860989868641e-04
2.095108479261398315e-01
3.392150104045867920e-01
9.445551782846450806e-03
5.666548013687133789e-01
1.458281427621841431e-01
2.283786889165639877e-03
9.856007248163223267e-02
1.684271730482578278e-02
1.572512462735176086e-02
5.350189805030822754e-01
1.492328301537781954e-04
6.687353830784559250e-03
6.667403969913721085e-03
1.422142051160335541e-02
8.675949648022651672e-03
2.600993216037750244e-01
5.259826779365539551e-02
5.834759473800659180e-01
7.369201183319091797e-01
1.625111997127532959e-01
2.089311368763446808e-03
4.663614332675933838e-01
5.210620760917663574e-01
2.907957136631011963e-01
6.264017894864082336e-03
1.938654035329818726e-01
2.303434908390045166e-02
5.957992672920227051e-01
2.175509463995695114e-03
2.727677226066589355e-01
1.120790373533964157e-03
1.756871491670608521e-02
6.773966106266016141e-06
2.521878778934478760e-01
6.174166202545166016e-01
7.191801071166992188e-01
5.557137046707794070e-05
1.695596612989902496e-02
1.304717361927032471e-01
1.041563507169485092e-02
1.211326103657484055e-02
1.600669696927070618e-02
3.364924923516809940e-04
1.378291845321655273e-02
1.515945419669151306e-03
8.879624605178833008e-01
5.467163324356079102e-01
7.708348035812377930e-01
6.004941463470458984e-01
2.911380231380462646e-01
7.517129182815551758e-02
1.593276625499129295e-03
4.186565056443214417e-04
1.397344865836203098e-03
1.465501934289932251e-01
9.796386957168579102e-01
8.487300574779510498e-02
2.100699134643946309e-07
1.052311733365058899e-01
6.743177026510238647e-02
1.139149069786071777e-01
9.922209382057189941e-02
3.478046059608459473e-01
4.031965136528015137e-01
1.030305773019790649e-01
2.009406536817550659e-01
1.313146948814392090e-02
1.647388041019439697e-01
5.715449224226176739e-04
2.643708838149905205e-03
3.511503338813781738e-02
4.262490570545196533e-01
5.940850973129272461e-01
1.948640681803226471e-02
8.385153412818908691e-01
3.904747962951660156e-01
6.946957111358642578e-01
1.303559838561341166e-05
6.439732313156127930e-01
7.868948578834533691e-01
1.304628849029541016e-01
4.527164037426700816e-06
4.375185072422027588e-02
2.738182665780186653e-04
5.509899258613586426e-01
2.516234526410698891e-04
9.448958560824394226e-03
2.425781041383743286e-01
6.832485198974609375e-01
5.482777357101440430e-01
9.093025699257850647e-03
1.009213924407958984e+00
7.480430006980895996e-01
8.001577043614815921e-06
2.661110484041273594e-04
5.065434053540229797e-02
9.847984462976455688e-02
3.060935065150260925e-02
1.165969371795654297e-01
6.913655996322631836e-01
1.394148170948028564e-01
1.532584519736701623e-06
2.588402712717652321e-04
6.942690610885620117e-01
6.778299063444137573e-02
5.521490238606929779e-03
2.715636193752288818e-01
8.542797714471817017e-02
1.448636525310575962e-03
8.385591208934783936e-02
1.400103569030761719e-01
6.317544030025601387e-04
6.619570851325988770e-01
6.359741687774658203e-01
8.957619429565966129e-04
8.043228983879089355e-01
1.544941961765289307e-01
2.433102112263441086e-03
4.879737198352813721e-01
4.055859608342871070e-05
1.123595982789993286e-03
2.199042215943336487e-02
2.113417088985443115e-01
4.135669395327568054e-02
6.232006549835205078e-01
3.072452545166015625e-02
5.693258643150329590e-01
7.414261996746063232e-02
4.815517365932464600e-01
7.073155045509338379e-02
6.594791263341903687e-02
1.768591464497148991e-04
4.768582060933113098e-02
1.226180139929056168e-02
6.811339873820543289e-03
5.750125050544738770e-01
1.177642419934272766e-01
6.608467698097229004e-01
1.032259166240692139e-01
6.597639918327331543e-01
4.845657676924020052e-04
5.926839113235473633e-01
1.105543375015258789e+00
2.554460987448692322e-02
2.599605824798345566e-03
2.219010639237239957e-04
3.270849585533142090e-01
2.057646168395876884e-03
2.949516521766781807e-03
1.051010680384933949e-03
9.219807386398315430e-01
4.662432670593261719e-01
7.463313639163970947e-02
4.001411199569702148e-01
6.870095133781433105e-01
2.619234919548034668e-01
3.302272525615990162e-04
1.631770865060389042e-03
6.467199418693780899e-03
4.374744892120361328e-01
2.492427378892898560e-01
2.306639030575752258e-02
2.864309847354888916e-01
1.276388205587863922e-02
1.190671101212501526e-01
1.244921237230300903e-02
4.913856089115142822e-01
8.204767107963562012e-02
7.311065196990966797e-01
5.074172019958496094e-01
3.053024113178253174e-01
5.069105327129364014e-02
1.207119449973106384e-01
8.161325007677078247e-02
2.525291620258940384e-06
6.684929248876869678e-04
1.975481659173965454e-01
2.889873981475830078e-01
1.483082473278045654e-01
1.412652730941772461e-01
4.594869446009397507e-03
6.521850228309631348e-01
4.327953211031854153e-04
6.276949048042297363e-01
6.801148410886526108e-03
1.822870038449764252e-02
2.616243958473205566e-01
3.429885509831365198e-06
7.838000357151031494e-02
6.556348800659179688e-01
6.603638641536235809e-03
8.031158149242401123e-02
6.536336541175842285e-01
3.822588920593261719e-01
9.935421985574066639e-06
6.650275588035583496e-01
5.719718337059020996e-01
2.526710331439971924e-01
9.398164111189544201e-04
1.232343092560768127e-01
7.387298345565795898e-01
2.528903633356094360e-02
1.482666819356381893e-03
1.843657493591308594e-01
1.758585721254348755e-01
4.159135818481445312e-01
4.014920815825462341e-02
1.049483492970466614e-01
3.598457947373390198e-02
4.650296643376350403e-03
3.616996705532073975e-01
6.507257930934429169e-03
2.509304583072662354e-01
6.011806894093751907e-03
5.411871671676635742e-01
1.067519307136535645e+00
1.067737230187049136e-06
2.006835341453552246e-01
3.243221726734191179e-07
2.452381104230880737e-01
3.629121184349060059e-02
4.567568302154541016e-01
7.739114016294479370e-02
7.549170255661010742e-01
1.147578514064662158e-04
1.313030421733856201e-01
4.299267195165157318e-03
3.150627911090850830e-01
3.542951866984367371e-02
1.144629716873168945e-01
4.990833997726440430e-01
1.367253810167312622e-01
6.264836788177490234e-01
6.401960849761962891e-01
5.336656570434570312e-01
4.760941118001937866e-02
1.048229023581370711e-04
1.252695173025131226e-01
9.271824359893798828e-02
3.058544732630252838e-02
1.712182909250259399e-01
4.668076038360595703e-01
2.671339316293597221e-03
1.597484946250915527e-02
2.846487164497375488e-01
8.315804414451122284e-03
2.968289852142333984e-01
2.593671381473541260e-01
6.551161641255021095e-05
2.629612088203430176e-01
1.576601993292570114e-03
2.167469356209039688e-03
8.242366602644324303e-04
1.123900261745802709e-08
2.514839917421340942e-02
1.655114516552202986e-07
1.325507834553718567e-02
4.607488960027694702e-02
7.166322786360979080e-03
8.257803507149219513e-03
1.529744477011263371e-04
1.247068122029304504e-02
6.789722101530060172e-05
3.732123179361224174e-03
8.288663957500830293e-05
1.078408207177972145e-08
4.830623802263289690e-04
4.593824087351094931e-06
6.320410175248980522e-04
4.722453653812408447e-03
4.827409725294273812e-07
4.734921458293683827e-05
4.765483550727367401e-03
2.385114203207194805e-04
3.218023339286446571e-04
4.312572479248046875e-01
9.364824742078781128e-03
2.689567627385258675e-04
2.719157841056585312e-03
1.849441044032573700e-02
8.292880271376645851e-12
6.233642697334289551e-01
1.659740291870548390e-06
8.935481891967356205e-04
1.390830672853837768e-09
8.180824518203735352e-01
3.018616989720612764e-04
1.007628813385963440e-02
5.560813588090240955e-04
9.629037231206893921e-04
1.582249300554394722e-03
6.683608889579772949e-01
3.509494126774370670e-05
1.164039596915245056e-01
5.305647476916419691e-08
1.775997225195169449e-05
4.530721071205334738e-06
4.236819222569465637e-05
6.023919209837913513e-03
2.411772496998310089e-02
4.608828425407409668e-01
3.451351523399353027e-01
1.532532343953571323e-16
1.627137884497642517e-02
1.027184799313545227e-01
4.151254296302795410e-01
2.235151082277297974e-02
6.166193634271621704e-03
2.252046579087618738e-05
9.718981164041906595e-05
1.738367676734924316e-01
1.279467642945064654e-09
1.537242904305458069e-03
1.356694338028319180e-05
9.546869250698364340e-07
2.408181899227201939e-06
8.736547231674194336e-01
6.924201846122741699e-01
5.572211812250316143e-04
7.438889704644680023e-03
7.514988453749538166e-08
1.484378986060619354e-02
4.082972649484872818e-03
3.766552358865737915e-02
3.795669181272387505e-04
5.677127838134765625e-02
1.105731469579041004e-03
3.817274868488311768e-01
2.163433964597061276e-05
2.598771750926971436e-01
3.582974895834922791e-02
1.967735961079597473e-02
1.052711886586621404e-04
3.416354843466251623e-07
1.946440352185163647e-05
1.318232632427362994e-12
7.993028702912852168e-06
4.500526934862136841e-02
4.490384832024574280e-02
5.594895355898188427e-07
1.894341221486683935e-05
2.119141390721779317e-05
3.498389944434165955e-02
3.463154137134552002e-01
1.623506247997283936e-01
1.358887384412810206e-04
6.546826625708490610e-05
3.670323193073272705e-01
1.727205328643321991e-02
2.346991561353206635e-03
3.921618917956948280e-04
1.048927078954875469e-04
1.768134348094463348e-02
7.057678885757923126e-03
1.562015735544264317e-03
7.427692413330078125e-02
1.979602500796318054e-02
5.157077312469482422e-02
4.262340371496975422e-05
4.720643162727355957e-02
2.980849519371986389e-02
3.115894272923469543e-03
4.421313107013702393e-02
2.458169497549533844e-02
6.632608346990309656e-07
2.679609926417469978e-03
5.916420377616304904e-06
6.995385047048330307e-05
5.684770712832687423e-06
1.596508361399173737e-02
6.164151127450168133e-04
4.556890111416578293e-03
7.771498076181160286e-07
9.756494364410173148e-06
8.404793217778205872e-03
1.803152449429035187e-02
6.633639335632324219e-02
2.778673730790615082e-02
5.817027762532234192e-03
5.064913466412690468e-07
2.508728066459298134e-04
2.713840454816818237e-02
6.183260120451450348e-03
2.588475821539759636e-03
3.249987457820679992e-06
1.730136945843696594e-02
8.072180435192422010e-08
4.904611967504024506e-03
3.007984254509210587e-03
1.695596612989902496e-02
4.637778270989656448e-03
6.727469563484191895e-01
5.972124934196472168e-01
2.913559321314096451e-03
1.867103856056928635e-04
1.794283627532422543e-03
4.450029109648312442e-07
2.632228188303997740e-06
1.115090526582207531e-06
1.165636442601680756e-02
6.737044895999133587e-05
7.114739730695873732e-08
4.131444752281110411e-12
6.489846782642416656e-06
5.740122869610786438e-04
2.752662869170308113e-03
1.205123402178287506e-02
2.102105878293514252e-03
6.532965898513793945e-01
1.490483060479164124e-02
1.060697138309478760e-01
1.389208192925650565e-10
1.162636635854141787e-06
4.903267472400330007e-05
4.717096984386444092e-01
8.496248163282871246e-03
5.569304921664297581e-04
1.597827533259987831e-03
2.657793447724543512e-05
2.961265010981151136e-07
9.591886773705482483e-03
3.506658831611275673e-03
2.890128083527088165e-02
1.952302000063355081e-07
9.253813715304204379e-08
2.450949239118926926e-07
1.269258355023339391e-04
4.234917651046998799e-05
9.499430889263749123e-04
6.559487432241439819e-03
1.355064809322357178e-01
2.822356327669695020e-05
1.243681013584136963e-01
1.019478077068924904e-05
4.163297126069664955e-05
7.822455927453120239e-07
1.990729998624374275e-07
4.843630194664001465e-01
6.356269295793026686e-05
6.606565960964871920e-08
1.233173608779907227e+00
2.644166350364685059e-03
5.289233755320310593e-03
6.176223158836364746e-01
2.679211866052355617e-05
1.516448613256216049e-02
8.420930802822113037e-02
1.631519080547150224e-05
5.779027938842773438e-03
4.251670464873313904e-02
6.003617891110479832e-04
1.519549172371625900e-03
1.099019423127174377e-01
7.974704494699835777e-04
8.202996253967285156e-01
1.621878007426857948e-03
1.761865019798278809e-01
8.999033598229289055e-04
3.671889891847968102e-03
4.850807272305246443e-06
2.286117291077971458e-03
2.723736455664038658e-03
4.783643037080764771e-02
1.084194067857424670e-08
1.598116010427474976e-01
1.277174305869266391e-06
2.626019995659589767e-03
7.850765250623226166e-04
3.428960626479238272e-04
4.426383881650508556e-08
3.763363201869651675e-05
1.188973186572184204e-07
1.218879478983581066e-03
3.016054905824461230e-10
3.627255558967590332e-03
8.857270586304366589e-05
9.269833753933198750e-07
6.451495573855936527e-05
3.188285045325756073e-03
1.065958291292190552e-02
4.087412962689995766e-04
1.249868236482143402e-02
3.997092426288872957e-05
8.452204269815410953e-07
2.220024164500955521e-10
1.315990812145173550e-05
1.369411875562498437e-11
6.877288818359375000e-01
5.410481616854667664e-02
2.002387493848800659e-02
6.460510194301605225e-03
1.393888524034991860e-04
5.593607511400477961e-06
7.203267514705657959e-02
5.476149381138384342e-04
2.596352487671538256e-06
1.211487142427358776e-05
1.338802557438611984e-02
3.815638410742394626e-05
1.501827384345233440e-03
1.880273921415209770e-04
1.723643799778074026e-05
6.099960955907590687e-06
1.031746745109558105e+00
2.008666513120260788e-07
3.571941051632165909e-04
3.846467370749451220e-05
1.463457010686397552e-03
2.637200290337204933e-03
1.380491256713867188e-01
2.890598807425703853e-05
5.821044396725483239e-06
1.355114932266587857e-06
5.787307964055798948e-05
4.032594915770459920e-06
1.122230198234319687e-03
5.229317545890808105e-01
7.678206748096272349e-05
8.081107400357723236e-03
7.494078483432531357e-03
2.922927535564667778e-07
1.363941375166177750e-02
8.975097443908452988e-06
4.469147825147956610e-05
6.899368762969970703e-01
8.321754876305931248e-07
5.903379642404615879e-04
7.069239020347595215e-01
2.442864477634429932e-01
2.021362073719501495e-03
6.278289887973187433e-09
4.029248884762637317e-06
2.406572457402944565e-05
6.919206043676240370e-06
2.935949887614697218e-04
1.453539880458265543e-04
4.719308316707611084e-01
5.102636218070983887e-01
4.017253592610359192e-02
5.321434582583606243e-04
3.128323005512356758e-04
3.873079270124435425e-02
6.605436652898788452e-02
3.468335198704153299e-04
8.508071303367614746e-03
3.180728107690811157e-02
2.630668495839927346e-05
4.046603739261627197e-01
1.646824297495186329e-03
4.684707615524530411e-03
1.768842048477381468e-05
3.131862285954412073e-06
2.766486431937664747e-06
2.584576179742725799e-07
5.790840873487468343e-08
1.063336152583360672e-02
5.848698616027832031e-01
4.503937134359148331e-07
7.676463723182678223e-01
2.556663006544113159e-02
1.607938543202180881e-06
1.973567297682166100e-03
1.578444207552820444e-04
1.843050813477020711e-05
6.315774953691288829e-06
5.636138916015625000e-01
1.836376730352640152e-03
2.417547948425635695e-04
1.005613245069980621e-02
2.454676177876535803e-06
1.122040612244745716e-05
3.349270224571228027e-01
7.136019412428140640e-03
7.823674380779266357e-02
9.876994043588638306e-02
2.412964968243613839e-04
2.747855205598170869e-07
1.154945790767669678e-02
5.591427907347679138e-03
3.169250476275919937e-06
1.945177609741222113e-05
2.251233011484146118e-01
3.227958688512444496e-03
3.509691357612609863e-02
5.170854330062866211e-01
7.812454551458358765e-02
5.215282822572039900e-14
6.275257328525185585e-05
2.645794666022993624e-05
4.363436624407768250e-02
1.001160999294370413e-04
7.934087514877319336e-01
3.917689435184001923e-03
2.204535761848092079e-03
1.007831916213035583e-01
2.020140073000220582e-07
2.265868894755840302e-02
5.132748356118099764e-06
1.092148613679455593e-05
4.436621442437171936e-02
5.742421150207519531e-01
3.163445293903350830e-01
2.583124296506866813e-05
2.223542332649230957e-02
2.694613039493560791e-01
2.433102112263441086e-03
3.251634538173675537e-02
6.720783929381468624e-09
5.999306607051835272e-11
9.675529599189758301e-02
4.210640862584114075e-02
3.453786373138427734e-01
3.120484994724392891e-03
5.926451086997985840e-01
2.346307837797212414e-06
1.821591140469536185e-04
1.245734766125679016e-01
2.900254912674427032e-03
2.715636193752288818e-01
6.808062084019184113e-03
1.400806941092014313e-02
3.292665933258831501e-04
3.704577917233109474e-03
1.312669087201356888e-02
7.458888925611972809e-03
5.066855010227300227e-06
6.368176080286502838e-03
8.614507969468832016e-04
1.745183726598042995e-05
2.230192649221862666e-06
2.521721273660659790e-02
3.970515681430697441e-04
4.113767445087432861e-01
3.860677592456340790e-03
2.854734702850691974e-05
9.844068437814712524e-03
9.808766655623912811e-03
5.555786658078432083e-03
1.667742244899272919e-02
1.067262855940498412e-04
1.235073083080351353e-03
2.888252958655357361e-03
5.134208593517541885e-03
-0.000000000000000000e+00
-0.000000000000000000e+00
-0.000000000000000000e+00
-0.000000000000000000e+00
-0.000000000000000000e+00
-0.000000000000000000e+00
-0.000000000000000000e+00
-0.000000000000000000e+00
-0.000000000000000000e+00
-0.000000000000000000e+00
-0.000000000000000000e+00
-0.000000000000000000e+00
-0.000000000000000000e+00
-0.000000000000000000e+00
-0.000000000000000000e+00
-0.000000000000000000e+00
-0.000000000000000000e+00
-0.000000000000000000e+00
-0.000000000000000000e+00
-0.000000000000000000e+00
-0.000000000000000000e+00
-0.000000000000000000e+00
-0.000000000000000000e+00
-0.000000000000000000e+00
-0.000000000000000000e+00
-0.000000000000000000e+00
-0.000000000000000000e+00
-0.000000000000000000e+00
-0.000000000000000000e+00
-0.000000000000000000e+00
-0.000000000000000000e+00
-0.000000000000000000e+00
-0.000000000000000000e+00
-0.000000000000000000e+00
-0.000000000000000000e+00
-0.000000000000000000e+00
-0.000000000000000000e+00
-0.000000000000000000e+00
-0.000000000000000000e+00
-0.000000000000000000e+00
