1.656451615872356342e-07
5.976587999612092972e-06
4.417988463956135092e-07
1.966867148876190186e-01
1.344450982287526131e-03
4.385670181363821030e-03
1.611082255840301514e-02
1.263346639461815357e-04
1.473110169172286987e-01
4.879253916442394257e-03
5.430133498407485604e-08
9.337663068436086178e-04
2.096396747219841927e-05
1.269067979592364281e-06
1.491478644311428070e-03
9.018040262162685394e-03
1.559126758365891874e-05
1.195068080050987191e-06
7.141481091821333393e-06
3.977511078119277954e-02
2.465090074110776186e-05
4.673525989055633545e-01
3.993221092969179153e-03
3.928846120834350586e-01
1.372735368931898847e-05
1.340475631877779961e-03
1.347387558780610561e-03
5.231130489846691489e-05
1.587582677602767944e-01
1.239764060301240534e-07
7.207650014606770128e-07
3.724569976329803467e-01
1.077872235327959061e-03
3.665639042083057575e-06
6.105872453190386295e-04
3.220403194427490234e-02
5.307771971274632961e-06
2.429132014513015747e-01
4.867468029260635376e-02
1.888512315417756326e-07
3.259166987845674157e-05
9.889775355986785144e-06
1.948111048477585427e-06
1.047198893502354622e-03
7.886831648647785187e-03
6.030437070876359940e-03
6.526620388031005859e-01
1.842576544731855392e-03
1.521836034953594208e-02
1.074533884093398228e-05
2.553685917519032955e-04
2.163468525395728648e-05
2.295224070549011230e-01
5.123682022094726562e-01
5.150491488166153431e-04
1.035804953426122665e-02
4.201735066544642905e-07
7.250167254824191332e-05
7.534547876275610179e-06
9.140763431787490845e-03
2.452877610921859741e-01
4.499431088333949447e-05
1.603521057404577732e-03
5.842471867799758911e-02
3.926218778360635042e-05
3.129768418148159981e-03
1.030118346534436569e-05
2.076759665214922279e-05
3.698537359014153481e-03
4.984262585639953613e-01
8.278477471321821213e-04
1.462225802242755890e-02
1.120837509915872943e-06
6.184622907312586904e-05
3.802258288487792015e-05
1.227591656061122194e-05
4.078428074717521667e-02
1.054863929748535156e-01
7.467417890438809991e-05
1.979516819119453430e-03
6.434628367424011230e-02
4.712635418400168419e-04
8.033803169382736087e-05
1.918624038808047771e-04
3.096054540947079659e-03
1.723291643429547548e-04
7.732238373137079179e-06
1.264190883375704288e-03
4.571919329464435577e-03
2.886203446905710734e-06
5.501347004610579461e-06
1.036872249096632004e-02
3.167790709994733334e-04
3.336902856826782227e-01
1.661426213104277849e-04
4.784407792612910271e-04
1.866462753241648898e-06
6.939571467228233814e-04
9.341057011624798179e-05
7.557485369034111500e-04
2.450791271257912740e-06
3.390449332073330879e-03
5.412832979345694184e-05
3.906363417627289891e-05
5.714935250580310822e-04
3.161128237843513489e-02
1.125316557590849698e-04
7.357814908027648926e-02
2.155335096176713705e-06
6.935528363101184368e-04
3.765256906262948178e-06
1.541305147111415863e-02
9.576614946126937866e-03
1.058803522028028965e-03
7.789436727762222290e-03
1.849140289778006263e-06
6.131038389867171645e-05
4.576597712002694607e-04
9.488105234822796774e-08
3.569657206535339355e-01
1.071972474164795130e-05
7.159886081353761256e-06
5.058021997683681548e-05
4.578798078000545502e-03
1.623694261070340872e-04
6.356812605190498289e-07
2.346516354009509087e-03
3.157557557642576285e-07
6.411101639969274402e-05
2.773111336864531040e-04
1.321368836215697229e-05
1.662396607571281493e-05
7.612332410644739866e-05
7.020487828413024545e-06
1.427113264799118042e-02
9.105742909014225006e-03
6.030766526237130165e-04
6.787688562326366082e-06
2.554749138653278351e-03
2.370531111955642700e-01
5.904510544496588409e-05
7.130060195922851562e-01
3.409202618058770895e-04
1.785477506928145885e-03
4.836239895666949451e-05
5.312622059136629105e-03
6.344567984342575073e-03
1.414540410041809082e-01
4.502005685935728252e-05
5.831122689414769411e-05
1.511547015979886055e-03
1.620311422811937518e-06
1.772304358382825740e-06
1.359999831765890121e-02
7.490857933944994329e-10
4.922467470169067383e-01
3.164421068504452705e-03
4.085217951796948910e-04
3.234333780710585415e-05
1.023081222228938714e-05
8.580725640058517456e-03
1.581922289915382862e-03
2.353680087253451347e-03
7.421168265864253044e-05
2.263273578137159348e-03
9.177067279815673828e-01
2.915351185947656631e-03
5.176792546990327537e-05
4.710774868726730347e-02
8.811886073090136051e-04
5.750120151787996292e-03
1.830805013014469296e-05
5.553391529247164726e-04
1.451108837500214577e-03
9.160271729342639446e-04
3.910102464033116121e-08
7.300054421648383141e-04
2.309973642695695162e-04
5.787297823189874180e-07
6.310010794550180435e-03
3.712755278684198856e-04
3.249446153640747070e-01
3.715255879797041416e-04
2.353122454223921522e-06
4.982515292795142159e-06
2.326352298259735107e-01
2.538354694843292236e-02
3.735329664777964354e-04
3.037143498659133911e-03
3.767235612031072378e-04
1.901657693088054657e-02
6.509479135274887085e-03
7.662123069167137146e-03
2.393845788901671767e-04
7.636090740561485291e-04
2.680800753296352923e-05
2.108332409989088774e-04
3.644339507445693016e-03
7.144734581743250601e-07
7.304325890800100751e-07
1.659011468291282654e-05
1.844406324380543083e-05
2.076093551295343786e-05
1.036481000483036041e-03
4.249367520969826728e-06
1.468986738473176956e-04
1.511722919531166553e-03
7.685854507144540548e-05
1.058896072208881378e-02
1.874205917119979858e-01
2.706179111555684358e-05
1.071464568376541138e-01
3.904269542545080185e-03
5.225921540841227397e-06
5.682983464794233441e-05
1.297401171177625656e-02
3.231146256439387798e-04
8.116853423416614532e-04
2.852921315934509039e-04
2.827605977654457092e-02
1.427409006282687187e-03
9.969869861379265785e-04
1.263584636035375297e-06
7.009280125203076750e-06
5.754728335887193680e-04
1.184973880299367011e-04
2.849856019020080566e-02
1.602935662958770990e-04
3.030388324987143278e-04
1.321063041687011719e-01
1.132340985350310802e-03
3.160376218147575855e-05
5.743924702983349562e-06
1.805962994694709778e-03
4.196745430817827582e-05
8.945980516728013754e-05
1.476119214203208685e-04
3.757889317057561129e-06
6.202822178602218628e-02
8.568067569285631180e-04
1.638782327063381672e-03
1.873749792575836182e-01
1.652208622545003891e-03
9.262312516966630938e-08
9.650053107179701328e-04
4.627078596968203783e-04
1.928340861923061311e-05
3.827655382337979972e-05
2.997998672071844339e-05
3.471378982067108154e-02
1.111875036485798773e-07
4.600018201017519459e-06
2.488680649548768997e-03
1.272272667847573757e-03
1.467485278844833374e-01
2.759356983006000519e-03
-0.000000000000000000e+00
-0.000000000000000000e+00
-0.000000000000000000e+00
-0.000000000000000000e+00
-0.000000000000000000e+00
-0.000000000000000000e+00
-0.000000000000000000e+00
-0.000000000000000000e+00
-0.000000000000000000e+00
-0.000000000000000000e+00
-0.000000000000000000e+00
-0.000000000000000000e+00
-0.000000000000000000e+00
-0.000000000000000000e+00
-0.000000000000000000e+00
-0.000000000000000000e+00
-0.000000000000000000e+00
-0.000000000000000000e+00
-0.000000000000000000e+00
-0.000000000000000000e+00
