1.021764561848215180e-09
1.027924945162794756e-08
4.499874819430260686e-07
3.638957738876342773e-01
4.928561449050903320e-01
1.068738475441932678e-02
5.233881529420614243e-04
1.875263825058937073e-02
6.153972148895263672e-01
7.604301208630204201e-04
5.765740329621849014e-09
2.073360085487365723e-01
3.588910476537421346e-05
2.052747163361345883e-07
8.253226988017559052e-04
6.765510886907577515e-02
5.814242176711559296e-04
9.143570167680081795e-08
6.389375926119100768e-07
3.315657842904329300e-03
1.364201807518838905e-06
3.480257093906402588e-02
6.012231707572937012e-01
2.651112377643585205e-01
1.384973984386306256e-07
6.773751378059387207e-01
4.077794402837753296e-02
2.207644320151302963e-05
6.250959038734436035e-01
5.634256439179807785e-08
1.161804696891977073e-08
4.815415143966674805e-01
1.596043875906616449e-05
1.114148744818521664e-05
1.459231972694396973e-01
4.433460161089897156e-02
8.623328540124930441e-07
3.699292242527008057e-02
6.911538243293762207e-01
2.293782122433185577e-02
1.841952325776219368e-06
9.544177714815305080e-08
1.279923811381422638e-08
2.966679334640502930e-01
2.109088469296693802e-03
5.054979585111141205e-03
2.777253389358520508e-01
1.806472241878509521e-01
3.105666022747755051e-03
1.831638837757054716e-05
3.019053474417887628e-05
1.849387672336888500e-06
1.715380102396011353e-01
6.754001379013061523e-01
7.007205567788332701e-06
8.071604371070861816e-02
2.686905808957362751e-08
5.684247298631817102e-05
2.117460780937108211e-06
1.809405803214758635e-04
1.684358865022659302e-01
3.343963328461541096e-07
8.151704445481300354e-03
5.799247324466705322e-02
3.002664016094058752e-06
4.771252870559692383e-01
9.878363925963640213e-06
1.753828087203146424e-07
3.206000837963074446e-05
5.686991214752197266e-01
8.555021486245095730e-05
2.997736373799853027e-06
2.193742375311558135e-06
2.030350035056471825e-03
1.598121714778244495e-03
9.573536630114176660e-09
2.608604915440082550e-02
4.875404294580221176e-03
2.671663992259709630e-07
8.895440259948372841e-04
3.505649976432323456e-03
3.764053690247237682e-05
2.953948296635644510e-06
2.916903793811798096e-02
3.040897548198699951e-01
1.079855223906633910e-06
5.002646474849825609e-08
4.746658504009246826e-01
4.269812197890132666e-04
5.765157879977778066e-07
7.376632311206776649e-06
3.944053947925567627e-01
1.814056071452796459e-03
6.429465021938085556e-03
4.998889926355332136e-05
9.240044746547937393e-04
2.048953184896618041e-08
2.942939754575490952e-03
2.552511796238832176e-05
7.679254485992714763e-05
3.744369314517825842e-05
4.922853112220764160e-01
8.714681491255760193e-03
1.108277047023875639e-05
5.489395856857299805e-01
4.612524807453155518e-02
1.536515634506940842e-02
2.945669591426849365e-01
1.638583626117906533e-06
5.989115238189697266e-01
3.348635573274805211e-06
2.308704517781734467e-02
1.007746532559394836e-02
5.230288661550730467e-05
6.592317819595336914e-01
4.368274275634576043e-08
1.170553076690339367e-07
6.198426126502454281e-04
4.568627420820092766e-11
7.004978060722351074e-01
9.732958460517693311e-06
1.207474779221229255e-04
4.263546088623115793e-06
3.768887519836425781e-01
9.618496987968683243e-04
2.000723952733096667e-06
6.920595765113830566e-01
2.350816252771892323e-08
7.459179300894902553e-07
2.547317853895947337e-05
1.562879390348825837e-07
5.422180402092635632e-04
6.980476427997928113e-07
3.369313361645254190e-08
4.816290736198425293e-01
1.435493305325508118e-02
3.754147561267018318e-03
1.519923898740671575e-06
5.565682649612426758e-01
4.836665987968444824e-01
2.034198132605524734e-06
1.543122995644807816e-02
2.197646099375560880e-04
6.615342863369733095e-05
1.379372179144411348e-06
7.104757241904735565e-03
1.274206582456827164e-02
1.211070455610752106e-02
6.965780630707740784e-03
9.930347744102618890e-08
2.325740642845630646e-02
5.108920504426350817e-07
1.032716170357161900e-07
3.330419212579727173e-02
2.879386312715226381e-11
8.528166264295578003e-02
1.823919825255870819e-03
1.405453303959802724e-06
8.804050821709097363e-08
6.343916058540344238e-03
7.038278132677078247e-02
2.244002280349377543e-05
8.871004101820290089e-04
3.384018555152579211e-06
4.859912693500518799e-01
6.928473114967346191e-01
1.739756786264479160e-03
7.591602297907229513e-06
1.461729407310485840e-02
1.847017556428909302e-03
3.021533368155360222e-03
1.828447011575917713e-06
7.701114285737276077e-03
1.709954254329204559e-02
6.182555574923753738e-03
3.706063234076850677e-10
5.466268584132194519e-02
3.768574242712929845e-05
5.128526368025632109e-07
3.064927272498607635e-02
2.065366061287932098e-06
2.038845093920826912e-03
8.004712872207164764e-03
2.619431427319796057e-07
4.837208962271688506e-07
1.066679283976554871e-01
6.850165128707885742e-01
3.148857213091105223e-04
6.806441545486450195e-01
6.922869682312011719e-01
5.471521615982055664e-01
9.328848123550415039e-02
1.014032959938049316e-02
6.167910760268568993e-04
1.468542665243148804e-01
4.105220796191133559e-05
1.417453313479200006e-04
1.734473370015621185e-02
2.888768335651548114e-08
1.939844196385820396e-08
2.921615873674454633e-07
2.404225233476608992e-05
1.105042640119791031e-03
4.347495436668395996e-01
4.235388040285670286e-09
5.037391474616015330e-06
3.583383187651634216e-02
3.959687819587998092e-05
2.036594040691852570e-02
6.639482975006103516e-01
9.479143159296654630e-07
9.604061953723430634e-03
2.052821516990661621e-01
9.837377774601918645e-07
2.029996358032803982e-05
2.381091238930821419e-03
4.940494894981384277e-01
2.128184132743626833e-05
2.088054134219419211e-05
2.356984838843345642e-02
2.681870386004447937e-02
8.157235383987426758e-02
1.337892818753516622e-08
9.111817007578792982e-07
1.171661569969728589e-04
3.480244777165353298e-04
6.165233254432678223e-02
3.804481093538925052e-05
1.122596091590821743e-03
5.408072844147682190e-02
2.956797368824481964e-03
2.693856004043482244e-06
2.267735981149598956e-04
4.110733978450298309e-03
7.108211982995271683e-03
6.384851189977780450e-07
6.655524884990882128e-06
8.665486461723048706e-08
1.431930661201477051e-01
2.689507091417908669e-04
4.270584583282470703e-01
5.591225624084472656e-01
2.923599677160382271e-04
4.294122279979717405e-10
6.669446825981140137e-02
7.045913487672805786e-02
2.233217173852608539e-06
6.941457286302465945e-06
2.194820990553125739e-04
5.102551579475402832e-01
7.935140281915664673e-03
2.642092340465751477e-06
5.811142325401306152e-01
6.292940270213875920e-06
4.904117882251739502e-01
1.358683109283447266e-01
-0.000000000000000000e+00
-0.000000000000000000e+00
-0.000000000000000000e+00
-0.000000000000000000e+00
-0.000000000000000000e+00
-0.000000000000000000e+00
-0.000000000000000000e+00
-0.000000000000000000e+00
-0.000000000000000000e+00
-0.000000000000000000e+00
-0.000000000000000000e+00
-0.000000000000000000e+00
-0.000000000000000000e+00
-0.000000000000000000e+00
-0.000000000000000000e+00
-0.000000000000000000e+00
-0.000000000000000000e+00
-0.000000000000000000e+00
-0.000000000000000000e+00
-0.000000000000000000e+00
