6.424510478973388672e-01
2.424424979835748672e-03
8.959757979027926922e-04
1.502863829955458641e-03
6.730893999338150024e-02
2.766392529010772705e-01
9.884265018627047539e-04
7.943724393844604492e-01
9.197534993290901184e-03
4.878903031349182129e-01
5.520846571016591042e-06
2.262023091316223145e-01
2.807247340679168701e-01
1.363467890769243240e-02
7.723439931869506836e-01
6.562758088111877441e-01
1.082759499549865723e+00
8.401716500520706177e-02
4.307820563553832471e-05
9.744643568992614746e-01
7.884139567613601685e-02
4.865488111972808838e-01
2.935165166854858398e-01
4.297308921813964844e-01
7.504405975341796875e-01
2.531556487083435059e-01
2.402107268571853638e-01
5.320059717632830143e-04
3.826417773962020874e-02
4.164230450987815857e-02
8.332043290138244629e-01
2.563235163688659668e-01
1.701098401099443436e-03
8.398352292715571821e-06
6.825587153434753418e-01
7.585874795913696289e-01
8.245018398156389594e-05
6.565893534570932388e-03
4.726167768239974976e-02
2.534660398960113525e-01
1.540565676987171173e-02
1.094506122171878815e-02
6.794062256813049316e-01
3.800198435783386230e-01
5.272512435913085938e-01
6.628656387329101562e-01
3.276657313108444214e-03
1.066513955593109131e-01
9.608203172683715820e-01
1.333420276641845703e-01
5.933233499526977539e-01
1.149639964103698730e+00
8.106109686195850372e-03
6.344186663627624512e-01
5.154098272323608398e-01
6.711094465572386980e-05
1.351432176306843758e-03
9.273052960634231567e-02
2.321683019399642944e-01
5.633924007415771484e-01
3.860014975070953369e-01
6.829169392585754395e-01
6.944466233253479004e-01
7.546922564506530762e-01
4.460993409156799316e-02
1.114893108606338501e-01
4.325063433498144150e-03
1.835723817348480225e-01
6.686915159225463867e-01
4.724531248211860657e-02
1.307273656129837036e-01
2.752406895160675049e-01
8.561497926712036133e-02
1.071571707725524902e+00
1.605368964374065399e-02
6.793695967644453049e-03
1.200422197580337524e-01
1.721785068511962891e-01
2.182567259296774864e-03
2.345307916402816772e-01
8.902261257171630859e-01
1.165281414985656738e+00
2.695865929126739502e-01
3.034808323718607426e-04
1.102008938789367676e+00
8.126127719879150391e-02
7.605890035629272461e-01
9.780408442020416260e-02
1.090380191802978516e+00
3.965502381324768066e-01
3.174555301666259766e-01
7.207413315773010254e-01
3.482615947723388672e-02
1.330581456422805786e-01
9.065615595318377018e-04
6.938207149505615234e-01
4.459470510482788086e-04
1.019166946411132812e+00
6.800537109375000000e-01
6.809993982315063477e-01
6.940674185752868652e-01
6.935013532638549805e-01
9.097091853618621826e-03
8.129645586013793945e-01
9.583124518394470215e-02
1.300395349971950054e-03
2.008248120546340942e-02
5.900909900665283203e-01
6.282118556555360556e-05
6.992552429437637329e-02
1.973357945680618286e-01
6.161547303199768066e-01
6.084866821765899658e-03
2.421537879854440689e-03
4.099324047565460205e-01
5.511985719203948975e-02
7.388655543327331543e-01
7.521963561885058880e-04
8.180873990058898926e-01
9.749220311641693115e-02
9.150940924882888794e-02
3.386109528946690261e-05
6.667113211733521894e-06
7.693836688995361328e-01
7.206991910934448242e-01
1.656658132560551167e-04
1.899343580007553101e-01
5.541082937270402908e-03
3.704219162464141846e-01
3.082448430359363556e-02
1.883770897984504700e-02
2.588569521903991699e-01
8.588516712188720703e-01
1.073174327611923218e-01
5.774944555014371872e-03
3.245165944099426270e-02
2.268384378112386912e-06
5.849683657288551331e-03
7.112303376197814941e-02
7.092841267585754395e-01
3.456093668937683105e-01
1.258538067340850830e-01
7.988341152667999268e-02
7.079105377197265625e-01
1.731601208448410034e-01
1.543637961149215698e-01
3.967294560425216332e-06
7.228712439537048340e-01
9.565860091242939234e-05
2.133265603333711624e-03
1.848285028245300055e-04
2.339035272598266602e-04
6.300013065338134766e-01
1.332026273012161255e-01
7.982698082923889160e-01
9.596313238143920898e-01
6.910671591758728027e-01
2.515719737857580185e-03
5.089479684829711914e-01
1.019624061882495880e-03
5.724968016147613525e-02
8.072840049862861633e-03
4.179445207118988037e-01
3.248511575293377973e-06
1.941194199025630951e-02
7.179309614002704620e-03
5.358580350875854492e-01
7.326711416244506836e-01
6.339957714080810547e-01
5.690071582794189453e-01
2.107863500714302063e-02
8.114069933071732521e-04
1.229734066873788834e-02
6.760966777801513672e-02
2.610673755407333374e-02
4.634424149990081787e-01
6.923466324806213379e-01
4.845293164253234863e-01
7.604732513427734375e-01
2.077038152492605150e-05
3.145071386825293303e-04
1.480713039636611938e-01
2.562486380338668823e-02
5.388482809066772461e-01
2.249515615403652191e-03
2.979844063520431519e-02
3.601760044693946838e-02
9.742467403411865234e-01
2.503200173377990723e-01
6.385297747328877449e-04
3.921333849430084229e-01
4.568006992340087891e-01
3.941433876752853394e-02
7.066712379455566406e-01
1.006608307361602783e-01
2.433594614267349243e-01
4.691294208168983459e-02
2.577478007879108191e-04
5.564823281019926071e-03
1.076946500688791275e-04
2.541675865650177002e-01
5.634452681988477707e-04
1.409125775098800659e-01
6.686688661575317383e-01
1.698199510574340820e-01
1.094915986061096191e+00
6.278728693723678589e-02
4.768959581851959229e-01
1.154753379523754120e-02
3.208144903182983398e-01
1.189731210470199585e-01
8.483891189098358154e-02
4.409893602132797241e-02
2.503354251384735107e-01
1.162242703139781952e-02
7.997132837772369385e-02
6.240460872650146484e-01
1.602887990884482861e-03
1.372260786592960358e-02
5.333099011295416858e-07
8.113716542720794678e-02
5.522782802581787109e-01
3.369168639183044434e-01
2.164053171873092651e-01
6.618446707725524902e-01
5.716137588024139404e-02
7.896736860275268555e-01
1.124934032559394836e-01
2.379786223173141479e-02
6.853516697883605957e-01
8.189707994461059570e-03
3.016942553222179413e-02
2.107107266783714294e-02
1.610551774501800537e-01
1.296040788292884827e-02
9.308311343193054199e-01
6.275718212127685547e-01
7.575345039367675781e-01
6.972260475158691406e-01
3.245584368705749512e-01
3.533144295215606689e-02
9.269095608033239841e-05
8.430532813072204590e-01
9.391183406114578247e-02
1.051040308084338903e-04
1.858680397272109985e-01
4.740901589393615723e-01
1.938274316489696503e-02
1.624847389757633209e-02
1.953578293323516846e-01
8.491680026054382324e-01
4.782043769955635071e-02
6.825986504554748535e-01
3.207279741764068604e-02
1.181840896606445312e-01
6.620726585388183594e-01
6.581292152404785156e-01
1.036776065826416016e+00
4.838779568672180176e-01
4.091707170009613037e-01
9.062290787696838379e-01
7.766158320009708405e-03
6.361778941936790943e-04
5.187757611274719238e-01
8.480556011199951172e-01
2.479878021404147148e-03
4.842087626457214355e-03
5.303056240081787109e-01
1.335081309080123901e-01
3.181514912284910679e-04
3.088202141225337982e-02
1.076202560216188431e-02
1.368647906929254532e-02
3.368184566497802734e-01
1.846580207347869873e-01
3.725858926773071289e-01
1.167916972190141678e-02
5.972089171409606934e-01
2.310834126546978951e-03
1.160635232925415039e+00
4.563490301370620728e-02
8.434318900108337402e-01
2.975169420242309570e-01
1.762867323122918606e-03
2.176267206668853760e-01
1.552277952432632446e-01
3.493732307106256485e-03
1.032496318221092224e-01
4.780288338661193848e-01
1.411106735467910767e-01
6.869558095932006836e-01
1.025434024631977081e-02
5.390737056732177734e-01
1.688795397058129311e-03
1.410531699657440186e-01
4.996642470359802246e-03
2.101673036813735962e-01
2.751284511759877205e-03
8.192420005798339844e-02
2.989088296890258789e-01
5.799718783237040043e-04
4.680052101612091064e-01
7.128273695707321167e-02
2.162759378552436829e-02
1.807938814163208008e-01
1.138714253902435303e-01
2.504478616174310446e-04
6.474184989929199219e-02
1.009525638073682785e-02
7.892264053225517273e-03
9.787145853042602539e-01
4.976867139339447021e-01
1.042228468577377498e-04
6.592286378145217896e-02
1.128268614411354065e-02
4.817412627744488418e-05
1.528653651475906372e-01
1.146743306890130043e-03
5.830072760581970215e-01
1.346400356851518154e-03
7.046663761138916016e-01
2.101730741560459137e-02
1.610092446208000183e-02
8.313136640936136246e-05
3.852190971374511719e-01
6.643849611282348633e-01
1.835560239851474762e-02
2.430141344666481018e-02
7.795848846435546875e-01
9.173471927642822266e-01
1.359654963016510010e-02
3.081239461898803711e-01
5.020549297332763672e-01
3.017262816429138184e-01
6.765867471694946289e-01
3.513469547033309937e-02
7.825005450285971165e-04
1.513210535049438477e-01
7.150043845176696777e-01
6.607645750045776367e-02
3.956484943046234548e-05
2.128362059593200684e-01
1.672031939961016178e-04
7.613879442214965820e-01
6.155633926391601562e-01
7.098443508148193359e-01
6.520352791994810104e-03
8.854148536920547485e-02
3.181514912284910679e-04
6.873195171356201172e-01
6.821846961975097656e-01
8.060068823397159576e-03
1.835723817348480225e-01
4.247092510922811925e-05
3.053559362888336182e-01
6.865149736404418945e-01
3.140965849161148071e-02
6.359329223632812500e-01
7.002769112586975098e-01
9.148357808589935303e-02
5.414513871073722839e-04
6.660144310444593430e-03
2.706690132617950439e-02
2.077149692922830582e-03
1.832389533519744873e-01
5.484152585268020630e-03
7.761387825012207031e-01
4.539176879916340113e-04
6.427428722381591797e-01
2.788803074508905411e-03
7.568179717054590583e-05
3.394348314031958580e-03
1.373650785535573959e-02
9.268837748095393181e-04
9.594793937139911577e-07
5.026762664783746004e-06
6.399808824062347412e-02
4.581756889820098877e-02
5.374093353748321533e-02
8.263811469078063965e-03
1.642829738557338715e-02
9.238898754119873047e-01
1.903662574477493763e-03
2.016664445400238037e-01
1.336536854505538940e-01
2.221461087465286255e-01
2.278033047914505005e-01
1.254342775791883469e-02
1.371728926897048950e-01
3.158321604132652283e-02
2.131171757355332375e-03
9.441527072340250015e-04
1.813094317913055420e-01
1.420205086469650269e-02
5.284683108329772949e-01
1.210665702819824219e-02
4.970402922481298447e-03
3.182775154709815979e-02
2.753210428636521101e-04
7.525483965873718262e-01
6.300013065338134766e-01
3.735644221305847168e-01
2.736896835267543793e-02
1.768980437191203237e-04
5.331692695617675781e-01
2.526819298509508371e-04
1.659650355577468872e-02
2.651356160640716553e-01
3.023952245712280273e-01
6.109443306922912598e-01
1.150605082511901855e-01
9.544923086650669575e-04
3.782249093055725098e-01
2.684625685214996338e-01
1.172022074460983276e-01
1.666715741157531738e-01
3.064053356647491455e-01
1.502463817596435547e-01
9.214904308319091797e-01
1.978874951601028442e-02
6.988115310668945312e-01
1.273487210273742676e-01
1.807938814163208008e-01
6.313109993934631348e-01
1.012605521827936172e-02
1.151926117017865181e-03
8.877643995219841599e-05
1.092164777219295502e-03
8.483891189098358154e-02
1.649331352382432669e-06
3.446252271533012390e-02
1.093973219394683838e-02
1.006425738334655762e+00
1.875524991191923618e-03
2.107863500714302063e-02
5.281731486320495605e-02
5.647216312354430556e-05
8.102153986692428589e-02
6.565893534570932388e-03
1.385336555540561676e-02
1.318116555921733379e-03
2.606958696560468525e-05
1.209361944347620010e-02
6.352614760398864746e-01
2.673970162868499756e-01
1.536421041237190366e-04
6.636491417884826660e-01
1.602057926356792450e-02
8.746127784252166748e-02
2.855704588000662625e-05
4.800165072083473206e-02
2.581861568614840508e-03
4.824869756703265011e-05
2.337890304625034332e-02
8.805886027403175831e-04
5.319144576787948608e-02
2.969540655612945557e-02
3.055800199508666992e-01
1.908872723579406738e-01
1.853739321231842041e-01
6.328451563604176044e-04
5.220652744174003601e-02
4.037497937679290771e-01
4.785900935530662537e-02
8.101624436676502228e-03
5.229657888412475586e-01
2.847971580922603607e-02
5.786686087958514690e-04
1.755954623222351074e-01
6.514967978000640869e-02
8.794736117124557495e-02
2.887830510735511780e-02
1.850172691047191620e-02
3.363647731021046638e-03
1.244922503829002380e-01
5.005348324775695801e-01
4.475130438804626465e-01
4.840764030814170837e-02
1.945507675409317017e-01
1.157214865088462830e-03
2.120833657681941986e-02
9.924117475748062134e-03
9.157592430710792542e-03
2.188276499509811401e-02
2.304126322269439697e-02
6.351705815177410841e-05
3.821071004495024681e-03
2.499189227819442749e-02
5.107540637254714966e-02
8.029420673847198486e-02
4.916680511087179184e-03
4.838104844093322754e-01
3.941433876752853394e-02
1.320174038410186768e-01
7.783999200910329819e-03
2.158256173133850098e-01
2.551321995269972831e-05
8.880764245986938477e-01
5.855575203895568848e-01
3.518326953053474426e-02
2.427565492689609528e-02
1.143766753375530243e-02
1.019877418875694275e-01
3.000611439347267151e-02
6.545811295509338379e-01
6.550889927893877029e-03
1.606324338354170322e-03
1.941023394465446472e-02
3.199539706110954285e-02
1.553175621666014194e-03
8.284981250762939453e-01
2.286860644817352295e-01
2.868777811527252197e-01
7.567591667175292969e-01
3.437188919633626938e-03
7.082199454307556152e-01
2.925930311903357506e-04
4.685008898377418518e-02
1.815523020923137665e-02
3.984918352216482162e-03
3.929120430257171392e-04
1.855805981904268265e-03
1.154402047395706177e-01
1.832989305257797241e-01
5.957020521163940430e-01
3.314003348350524902e-02
9.140071459114551544e-03
1.476252919019316323e-06
8.514825999736785889e-02
8.723746985197067261e-02
8.456521034240722656e-01
6.152115383883938193e-05
3.036159463226795197e-02
6.542608737945556641e-01
2.737884521484375000e-01
3.387283086776733398e-01
2.321683019399642944e-01
8.985187491816759575e-07
9.083049371838569641e-03
6.431492567062377930e-01
6.804935401305556297e-05
7.358606457710266113e-01
4.313349127769470215e-01
3.389137238264083862e-02
2.522722184658050537e-01
7.059437036514282227e-01
1.217877864837646484e-02
2.729510702192783356e-02
9.062743186950683594e-02
1.075771570205688477e+00
7.865484803915023804e-05
1.234827213920652866e-03
5.560287833213806152e-01
1.276999153196811676e-02
1.051200777292251587e-01
2.705421447753906250e-01
2.917167246341705322e-01
1.851758547127246857e-02
6.697444319725036621e-01
5.193234537728130817e-04
1.026049256324768066e-02
3.240657225251197815e-02
7.223868966102600098e-01
1.851187087595462799e-02
1.992153823375701904e-01
5.476884325616993010e-06
9.202271699905395508e-02
5.040243268013000488e-01
6.731818914413452148e-01
1.454069614410400391e-01
5.966008827090263367e-02
2.970132790505886078e-02
3.546741604804992676e-01
3.356767876994126709e-07
3.717371873790398240e-05
4.992048256099224091e-03
7.601764798164367676e-02
2.999811805784702301e-02
2.994574606418609619e-01
3.027423983439803123e-03
1.013835426419973373e-03
2.332188785076141357e-01
9.168639034032821655e-02
4.221035167574882507e-02
4.270642250776290894e-02
6.684693694114685059e-01
4.099348932504653931e-02
3.937489236705005169e-04
2.008834155276417732e-03
9.768791496753692627e-03
5.502377152442932129e-01
4.030680656433105469e-01
2.863722145557403564e-01
6.701533198356628418e-01
4.701454341411590576e-01
1.324681215919554234e-03
1.072265004040673375e-04
9.151030778884887695e-01
9.186915121972560883e-05
1.476277969777584076e-02
3.009119816124439240e-02
7.633226364850997925e-02
5.587022304534912109e-01
1.474177837371826172e-01
3.772832453250885010e-01
2.152908826246857643e-03
5.549900531768798828e-01
6.144270300865173340e-03
6.101606413722038269e-04
1.819624751806259155e-01
2.078106394037604332e-03
6.095941364765167236e-02
1.492648571729660034e-01
5.036514401435852051e-01
7.906039827503263950e-04
1.573354165884666145e-05
4.530230071395635605e-04
1.829178072512149811e-03
3.362111980095505714e-03
1.380737274885177612e-01
5.520861595869064331e-03
7.598384283483028412e-03
9.062530100345611572e-02
1.136853247880935669e-01
2.206812798976898193e-01
5.543593317270278931e-03
8.445572853088378906e-02
7.604562044143676758e-01
1.127159893512725830e-01
6.117895841598510742e-01
1.521524041891098022e-01
6.987124215811491013e-03
1.636614501476287842e-01
5.276622772216796875e-01
1.575398724526166916e-03
2.761106705293059349e-03
4.874450266361236572e-01
6.631630659103393555e-02
5.718117952346801758e-01
3.146466100588440895e-03
3.523867462718044408e-06
5.966925024986267090e-01
2.456547319889068604e-02
3.576496988534927368e-02
7.521489806094905362e-06
2.536299638450145721e-03
3.265549242496490479e-01
1.210859138518571854e-02
1.013834118843078613e+00
1.060378670692443848e+00
3.270923718810081482e-02
5.035102963447570801e-01
1.396104507148265839e-02
5.899699926376342773e-01
4.779445827007293701e-01
2.665385305881500244e-01
1.965170204639434814e-01
2.641514539718627930e-01
6.856455802917480469e-01
1.317239366471767426e-03
2.324430624867090955e-06
2.698917984962463379e-01
2.720231749117374420e-02
1.931708157062530518e-01
8.138562440872192383e-01
5.523823201656341553e-02
1.138714253902435303e-01
4.373319745063781738e-01
1.390281617641448975e-01
6.814971566200256348e-01
7.035176735371351242e-03
1.019972711801528931e-01
1.144248247146606445e-01
5.435115098953247070e-01
6.923466324806213379e-01
1.333042746409773827e-03
4.124026373028755188e-02
5.381315946578979492e-03
4.973318278789520264e-01
4.529745280742645264e-01
5.710186545826445581e-09
1.452490985393524170e-01
1.692094095051288605e-02
1.327627897262573242e-01
6.669636070728302002e-02
7.414100766181945801e-01
1.113390553086901491e-07
2.828663960099220276e-02
7.359618544578552246e-01
1.679998636245727539e-02
2.756647206842899323e-02
6.155633926391601562e-01
5.199319720268249512e-01
2.719646133482456207e-02
8.337999135255813599e-02
1.850574649870395660e-02
6.754285097122192383e-02
8.335942029953002930e-02
5.061320587992668152e-02
1.279624528251588345e-03
7.231828756630420685e-03
3.157362341880798340e-02
9.174625389277935028e-03
3.770785927772521973e-01
2.870414173230528831e-04
2.464891644194722176e-03
4.948856830596923828e-01
4.946642816066741943e-01
1.947910152375698090e-02
4.503926336765289307e-01
7.998915016651153564e-02
4.998722579330205917e-04
1.161458953902183566e-06
1.539612072519958019e-03
1.626663282513618469e-02
2.633516851346939802e-04
6.500192880630493164e-01
4.572617355734109879e-03
8.868855366017669439e-05
1.654936522245407104e-01
7.504730224609375000e-01
1.308512687683105469e-02
1.005839034914970398e-01
5.236400291323661804e-03
1.729060336947441101e-02
3.350194171071052551e-02
7.768431942167808302e-07
2.318282952273875708e-07
4.057518243789672852e-01
1.325869560241699219e-01
1.074770232662558556e-03
4.358420893549919128e-02
3.274956950917840004e-03
1.630879193544387817e-02
5.900909900665283203e-01
6.756590008735656738e-01
9.097091853618621826e-03
1.335250735282897949e-01
2.310072034597396851e-01
1.893479493446648121e-04
1.938274316489696503e-02
1.903040893375873566e-02
4.508390557020902634e-03
1.081789255142211914e+00
1.376083344221115112e-01
7.892264053225517273e-03
6.491860747337341309e-01
2.864578366279602051e-01
1.956174075603485107e-01
6.445138454437255859e-01
5.124167352914810181e-02
1.038886785507202148e+00
1.542972022434696555e-04
2.685822073544841260e-05
3.136043087579309940e-04
7.884072065353393555e-01
3.533144295215606689e-02
5.122562646865844727e-01
7.890963926911354065e-03
8.019783417694270611e-04
3.799660801887512207e-01
1.878997236490249634e-01
9.312888979911804199e-02
3.513569384813308716e-02
1.129240393638610840e-01
9.062290787696838379e-01
3.454295219853520393e-03
1.930019352585077286e-04
7.044207304716110229e-02
4.844748228788375854e-02
1.343235373497009277e-01
1.070277214050292969e+00
4.812823981046676636e-02
3.973332941532135010e-01
3.375412523746490479e-01
9.696163237094879150e-02
2.013834752142429352e-02
2.169304527342319489e-02
1.044129654765129089e-01
2.827385067939758301e-01
1.088973972946405411e-02
6.582939624786376953e-01
6.553903222084045410e-05
1.150638679973781109e-03
5.497594363987445831e-03
8.312520571053028107e-03
1.298070128541439772e-04
4.861697927117347717e-02
6.008264026604592800e-04
6.407233327627182007e-02
1.575366186443716288e-04
4.625867307186126709e-01
6.146693340269848704e-05
2.630166010931134224e-03
2.247552387416362762e-03
1.372260786592960358e-02
1.597286202013492584e-02
1.541179139167070389e-03
4.924416914582252502e-02
3.208594629541039467e-03
6.418449878692626953e-01
4.258643686771392822e-01
1.596464775502681732e-02
5.388724058866500854e-02
5.441895499825477600e-02
1.124063055613078177e-04
1.208864897489547729e-01
7.559925783425569534e-03
1.336085144430398941e-02
2.934556640684604645e-02
6.042642891407012939e-02
5.326632782816886902e-02
3.354966174811124802e-03
1.944799125194549561e-01
7.766158320009708405e-03
4.927907721139490604e-04
4.244413971900939941e-01
6.905755996704101562e-01
7.613773345947265625e-01
1.403681337833404541e-01
2.659339010715484619e-01
2.469131946563720703e-01
1.069872498512268066e+00
2.244780262117274106e-06
7.504271268844604492e-01
1.165293997473781928e-05
2.704275539144873619e-04
1.326825097203254700e-02
4.851549238082952797e-05
1.037855099639273249e-07
1.264734578398929443e-06
2.182871568948030472e-03
2.716508461162447929e-03
1.261773463490101221e-09
5.361254811286926270e-01
6.733590396379440790e-08
1.993451625992292975e-08
2.699869483535621839e-08
3.804157313425093889e-05
1.544914767146110535e-02
1.623390562599524856e-04
5.125480238348245621e-03
2.884953469038009644e-02
2.330300509929656982e-01
1.649191253818571568e-04
4.976670257747173309e-03
2.268749102950096130e-02
6.304168701171875000e-01
1.809072273317724466e-05
3.299389845778932795e-07
6.366167326632421464e-07
1.992180820309386036e-08
2.757517993450164795e-01
6.237921305000782013e-03
8.239151793532073498e-05
1.342824816674692556e-06
3.361145806124454793e-09
1.124033927917480469e-01
4.909511804580688477e-01
5.915811129852954764e-08
4.953072406351566315e-03
1.703209280967712402e-01
6.364227831363677979e-02
4.754479229450225830e-02
1.589397652423940599e-05
1.490099776901843143e-07
6.264333724975585938e-01
7.276234100572764874e-05
9.397875517606735229e-02
4.902391731739044189e-01
1.680650001389949466e-07
4.311116063036024570e-04
6.923604607582092285e-01
1.651250571012496948e-01
1.284830531897429573e-12
1.250946149230003357e-02
6.353774040235293796e-08
3.863812381155184994e-08
3.817854667431674898e-05
1.750859245657920837e-02
2.328169466636609286e-05
4.308667200803029118e-08
8.973184823989868164e-01
7.868020013290788484e-09
2.259770735690835863e-05
1.808012020774185658e-04
3.486604782665381208e-06
2.019120752811431885e-01
5.537011660635471344e-03
1.887876379669251037e-07
3.334733843803405762e-01
9.619322699494503581e-11
1.636614790186285973e-03
7.250826605798010860e-09
8.831344312056899071e-04
8.136838078498840332e-01
8.144850730895996094e-01
1.022366341203451157e-03
8.601645939052104950e-03
5.634103436022996902e-04
4.932332103635417297e-06
1.048274993896484375e+00
4.754619453706254717e-07
7.348704338073730469e-02
1.103569573501772538e-07
6.139650849945610389e-07
6.684905849397182465e-03
1.639909041895037944e-10
9.007065091282129288e-05
3.386278152465820312e-01
4.003383219242095947e-05
1.104774128179997206e-04
1.982817775569856167e-05
4.300578031688928604e-03
3.584327548742294312e-02
2.172017097473144531e-02
2.017979510128498077e-03
1.817898720446464722e-08
7.157996762543916702e-03
6.669636070728302002e-02
1.947958171367645264e-01
3.749431110918521881e-03
8.374776427899632836e-08
1.126657139138842467e-06
1.181528717279434204e-02
6.705625992253771983e-07
9.127148950938135386e-05
1.094492077827453613e-01
7.902515335445059463e-07
1.360099297016859055e-03
1.263751801161561161e-05
1.580845605531067122e-06
5.593259402303374372e-07
6.209877729415893555e-01
6.450769605981232502e-12
7.338545918464660645e-01
4.866306024808864095e-09
7.176781218731775880e-05
1.373994946479797363e-01
1.297782104003886161e-09
6.797927198931574821e-05
6.917236447334289551e-01
3.935788292437791824e-03
1.346281617879867554e-01
2.605553308967500925e-04
5.318650975823402405e-02
4.211285098421058137e-09
1.366677861369680613e-05
5.650440471072215587e-08
5.534950275887240423e-11
1.409357878401351627e-06
1.015098765492439270e-03
1.297635299124522135e-05
7.985594129422679543e-05
2.952913860099215526e-07
8.120392885757610202e-05
2.247849106788635254e-01
3.974252846091985703e-03
3.297674655914306641e-01
4.161112941801548004e-03
2.728184917941689491e-03
6.972056347876787186e-03
1.389816607115790248e-04
2.133813221007585526e-03
5.757232793257571757e-05
4.664644002914428711e-01
1.067293510459421668e-06
2.118413222618187319e-10
6.998267769813537598e-02
1.220620106323622167e-05
8.251889795064926147e-02
2.757835984230041504e-01
6.203859470588213298e-08
1.491593252467282582e-06
6.301497220993041992e-01
4.787194484379142523e-04
3.475196361541748047e-01
1.699630916118621826e-01
5.346053466200828552e-02
6.851639045635238290e-05
2.860464337572921067e-05
3.650641813874244690e-02
1.043375208973884583e-02
1.831104441407660488e-06
2.513062208890914917e-04
1.837246090872213244e-04
7.653067111968994141e-01
1.119446366715237673e-07
7.399723529815673828e-01
3.081747126998379827e-05
2.065331585754393018e-07
4.013351572211831808e-04
2.643995583057403564e-01
1.256389396075974219e-06
2.472069812938570976e-03
4.808703693015559111e-07
1.026132512293997934e-08
2.200431562960147858e-02
3.048245096579194069e-03
7.876490570879468578e-10
2.310955278517212719e-05
3.077016735915094614e-04
5.769690233137225732e-06
1.612726300954818726e-01
6.479834765195846558e-02
1.485018618404865265e-02
5.039133554873842513e-09
1.067511945507249038e-07
1.126733550904646108e-07
1.103762951970566064e-05
6.197047233581542969e-01
8.007179498672485352e-01
6.307411240413784981e-06
6.176072020025458187e-06
2.908205380663275719e-03
1.650078229431528598e-05
1.910319328308105469e-01
4.093992913567490177e-07
1.439020561520010233e-04
2.441173819534014910e-06
8.002560585737228394e-03
8.624405860900878906e-01
9.137625098228454590e-01
2.694164613625815718e-10
9.434626235815812834e-07
3.271121680736541748e-01
2.065419964492321014e-02
6.889417418278753757e-04
1.887190592242404819e-05
3.439716820139437914e-04
2.749889346179840155e-13
6.506714820861816406e-01
1.755243574734777212e-04
2.946920692920684814e-01
4.852114319801330566e-01
5.587080664781751693e-08
7.012250423431396484e-01
9.256076793917600298e-08
2.530812285840511322e-02
3.939166665077209473e-03
3.133469447493553162e-02
1.743203550577163696e-01
8.014615082707621241e-10
1.221111193299293518e-01
2.343639789614826441e-05
9.780639410018920898e-02
2.457220666110515594e-02
3.006864571943879128e-03
3.148327959934249520e-05
2.728834152221679688e-01
1.585612818598747253e-02
1.126404881477355957e+00
1.679383058217354119e-05
8.058728999458253384e-04
1.020470019597041755e-08
1.830935758562191040e-07
1.014603867588448338e-06
4.629792238119989634e-05
1.070769428679341218e-07
2.075967751443386078e-02
3.682934766402468085e-05
3.986757993698120117e-01
2.246805466711521149e-03
1.589267980307340622e-03
4.129585118306522418e-09
6.743840458511840552e-06
4.531093873083591461e-04
4.801819566637277603e-03
3.789381655683321526e-11
7.890003871580120176e-06
2.909679164275758012e-09
2.112980235224881653e-09
3.825941519153275294e-08
1.350768725387752056e-03
1.647830686124507338e-05
3.394531086087226868e-02
2.310955278517212719e-05
5.467506525747012347e-06
4.308667200803029118e-08
5.812982271891087294e-05
4.650109622161835432e-05
1.663672264839988202e-06
6.519551277160644531e-01
1.246323436498641968e-02
2.352361567318439484e-03
2.118413222618187319e-10
5.026826402172446251e-04
3.570362707705498906e-07
5.232357652857899666e-04
2.877113001886755228e-04
2.815725747495889664e-04
6.624899015150731429e-06
2.005497764384633896e-12
2.100620331475511193e-04
2.771530205336603103e-07
2.072495135507779196e-06
1.271695015020668507e-03
1.175880315713584423e-03
2.837939828168600798e-04
9.279055120714474469e-06
1.116116527555277571e-05
1.624922733753919601e-03
1.847363222395870253e-07
5.220879334956407547e-03
1.631657687539700419e-05
5.624553523375652730e-06
1.065011993050575256e-01
7.868020013290788484e-09
2.754907200142042711e-06
3.143745029923761258e-12
1.295416041102726012e-07
2.817971108015626669e-05
2.404740051531462086e-08
2.016063081100583076e-05
1.193409149280455495e-09
3.625619137892499566e-05
7.378932878054911271e-07
4.591363482177257538e-03
2.494031605237978511e-06
5.165928541828179732e-06
7.886908133514225483e-05
5.075528286397457123e-03
4.622040316462516785e-03
1.125371113630535547e-06
1.048696594807552174e-05
7.936744317316168917e-11
5.925103607751225354e-08
7.146937605284620076e-06
5.980297146379598416e-07
2.502721035853028297e-04
1.015372981783002615e-04
2.722585804804111831e-06
3.407291671031487112e-10
1.809252612292766571e-02
5.720430985093116760e-03
4.750284435012415429e-15
1.644929034227970988e-05
1.680650001389949466e-07
7.453442085534334183e-03
7.158101311688369606e-08
2.065331585754393018e-07
1.234413473866879940e-03
2.641432729433290660e-05
3.740908810868859291e-03
1.919421492857509293e-07
1.451679039746522903e-02
4.099999088793992996e-03
1.836627916418365203e-08
3.475796594987201615e-10
4.064895642308385959e-11
1.701831024547573179e-05
2.797839670165558346e-06
4.034231096738949418e-06
1.483280095271766186e-03
1.030612565955379978e-05
9.848700463771820068e-02
2.672036178410053253e-03
8.194403926609084010e-05
6.139650849945610389e-07
7.696616812609136105e-04
6.307411240413784981e-06
7.957224624988157302e-06
3.077016735915094614e-04
1.622172072529792786e-02
2.272510230541229248e-01
1.005864934995770454e-03
1.973058388102799654e-04
1.161916770797688514e-05
1.492648269049823284e-03
6.790860425098799169e-06
1.261773463490101221e-09
7.554709445685148239e-03
4.194381108391098678e-05
3.190120523299810884e-08
5.740904816775582731e-05
1.335052947979420424e-04
1.327535026351966962e-10
6.452456091210478917e-06
2.387614586041308939e-06
4.806404560804367065e-02
2.328362315893173218e-04
1.407263425790006295e-07
2.143361710338353987e-09
8.271370461443439126e-05
6.838432000222383067e-06
5.006502848118543625e-03
2.251151265397766110e-09
1.284830531897429573e-12
6.624362214324719389e-08
4.354866905487142503e-05
2.615695166241494007e-06
2.795207081362605095e-03
1.222775608766824007e-04
1.556927742285552085e-08
9.396332461619749665e-05
6.365569774061441422e-03
4.324609041213989258e-01
1.334017724730074406e-06
2.829063124954700470e-02
7.181487490015570074e-06
4.767549980897456408e-04
2.903446693380828947e-05
2.197028670103406967e-10
5.230639129877090454e-02
4.228923877747092774e-09
4.235038630895360257e-08
4.986755541835918848e-08
2.912203315645456314e-03
3.446051977107345010e-08
1.798910034267464653e-06
4.433752476273866705e-09
6.241924762725830078e-01
5.691319704055786133e-02
2.807939017657190561e-05
1.521725190301026487e-09
5.515450084203621373e-06
2.106351644215465058e-07
3.774923698074417189e-07
3.920018672943115234e-03
5.284069920890033245e-04
2.674992138054221869e-04
2.061040286207571626e-04
7.591372195747680962e-06
3.129604010609909892e-05
3.840429417323321104e-05
1.468295340600889176e-05
2.462814174819527580e-09
1.738986838972778060e-06
5.789807182736694813e-04
1.990226883208379149e-04
1.132195101560817818e-10
8.142209798097610474e-02
6.367962341755628586e-04
2.327300080651184544e-06
5.664362312529647170e-10
8.535539382137358189e-04
3.647018798069723289e-10
1.243011909537017345e-03
5.997131112962961197e-03
4.368676990270614624e-02
8.115949867715244181e-07
5.076696723699569702e-02
1.503512561321258545e-01
1.279301213799044490e-04
5.622785910964012146e-02
4.932332103635417297e-06
3.014038084074854851e-04
6.377093377523124218e-04
8.940715633798390627e-05
1.297309398651123047e-01
3.287328872829675674e-03
5.796121058665448800e-07
1.108158085116883740e-05
1.241737231612205505e-02
6.169926564325578511e-06
9.256076793917600298e-08
2.211669743701349944e-05
3.677630593301728368e-05
2.041308325715363026e-04
1.330687082372605801e-04
6.203859470588213298e-08
1.160481915576383471e-04
2.934683347120881081e-03
5.039133554873842513e-09
1.795003772713243961e-03
1.383659906650791527e-07
2.090997804771177471e-05
1.305490059166913852e-06
9.487166607868857682e-10
2.690474332212033914e-07
2.660607060533948243e-05
2.880157157778739929e-02
8.170135146201573662e-08
1.782942214049398899e-03
4.712396730610635132e-07
6.018337899149628356e-07
4.005896414582821308e-07
4.812962288269773126e-05
5.327085818862542510e-05
3.641103859990835190e-03
7.548187568318098783e-05
3.831748074389906833e-08
1.525711645911087544e-08
8.078602149907965213e-06
3.155649872496724129e-03
1.873201131820678711e-02
1.026132512293997934e-08
8.662914829926648963e-09
1.943542738445103168e-04
6.586319045709387865e-07
1.139343366958200932e-03
9.568024844641698223e-11
7.767476745357271284e-06
3.539906501259793004e-08
7.266785814863396809e-06
6.493928026429784950e-07
7.697813271079212427e-05
7.698021829128265381e-03
1.334346166004252154e-06
4.721393906947923824e-07
1.129134616348892450e-04
1.281059667235240340e-07
5.615281462669372559e-01
5.133634060621261597e-02
2.357680583372712135e-03
5.338880004757129427e-09
6.711143942084163427e-05
6.767848730087280273e-01
4.311438033255399205e-07
4.733770489692687988e-01
3.675230397792716985e-10
1.729043833620380610e-05
1.906692486954852939e-04
8.899901295080780983e-04
1.932396799020352773e-06
5.422964932222384959e-06
2.764609519090299727e-07
4.611290693283081055e-01
1.313231109634216409e-06
7.873288154769397806e-07
1.133656587626319379e-05
3.710581513587385416e-04
4.698983728885650635e-01
1.308143883943557739e-02
6.163346394896507263e-02
2.449379069730639458e-03
1.409709154964744471e-10
1.255564275197684765e-04
5.878659710288047791e-02
4.185040597803890705e-05
1.402318594045937061e-04
1.719872234389185905e-04
3.716145101861911826e-06
1.546532846987247467e-03
2.370642793181332308e-09
1.748171962390188128e-05
5.085457116365432739e-03
2.198486763518303633e-04
5.268325656652450562e-02
1.680796124503558531e-08
4.542477654467802495e-06
3.029960207641124725e-02
1.342763425782322884e-06
2.710021135499118827e-06
5.052769847679883242e-05
2.399158802290912718e-06
2.694164613625815718e-10
4.261921660031475767e-08
2.015239559113979340e-03
3.285192395896530115e-10
4.603745037456974387e-05
2.270376899105031043e-05
1.982246059924364090e-03
5.396340414881706238e-02
9.478596039116382599e-04
3.252215683460235596e-04
3.823740826192079112e-06
3.284383798018097878e-03
1.838258185671293177e-07
1.318282301099316101e-07
1.049355720169842243e-03
1.603130134753882885e-03
4.211285098421058137e-09
2.390753943473100662e-04
4.630545154213905334e-04
2.465137731633149087e-05
1.431623708469942358e-08
9.206545352935791016e-02
5.396934575401246548e-04
5.172807350754737854e-02
1.088684784683602302e-11
3.864847822114825249e-03
9.760418324731290340e-04
7.828623347450047731e-05
5.544487066799774766e-06
3.255509946029633284e-04
2.642018898768583313e-06
1.404030081175733358e-05
2.007226049900054932e-01
1.107395663857460022e-01
1.586360326655267272e-06
3.574464470148086548e-03
1.455299556255340576e-01
1.380246103508397937e-04
1.793580736375588458e-06
1.463823355152271688e-05
4.711750705155282049e-07
3.038869181182235479e-04
1.453954155294923112e-05
2.200517483288422227e-04
6.575685256393626332e-05
1.171438498204224743e-06
2.919191333106141428e-09
7.567971493926961557e-08
4.378174897283315659e-03
1.516373138166215995e-10
7.719164386799093336e-06
1.820888201109482907e-06
6.176072020025458187e-06
1.448607072234153748e-04
3.486908042305003619e-07
5.904277511348254848e-09
3.299389845778932795e-07
3.007613713634782471e-09
1.449433271773159504e-03
1.047439582180231810e-05
4.471244210435543209e-06
9.304436332513432717e-09
-0.000000000000000000e+00
-0.000000000000000000e+00
-0.000000000000000000e+00
-0.000000000000000000e+00
-0.000000000000000000e+00
-0.000000000000000000e+00
-0.000000000000000000e+00
-0.000000000000000000e+00
-0.000000000000000000e+00
-0.000000000000000000e+00
-0.000000000000000000e+00
-0.000000000000000000e+00
-0.000000000000000000e+00
-0.000000000000000000e+00
-0.000000000000000000e+00
-0.000000000000000000e+00
-0.000000000000000000e+00
-0.000000000000000000e+00
-0.000000000000000000e+00
-0.000000000000000000e+00
-0.000000000000000000e+00
-0.000000000000000000e+00
-0.000000000000000000e+00
-0.000000000000000000e+00
-0.000000000000000000e+00
-0.000000000000000000e+00
-0.000000000000000000e+00
-0.000000000000000000e+00
-0.000000000000000000e+00
-0.000000000000000000e+00
-0.000000000000000000e+00
-0.000000000000000000e+00
-0.000000000000000000e+00
-0.000000000000000000e+00
-0.000000000000000000e+00
-0.000000000000000000e+00
-0.000000000000000000e+00
-0.000000000000000000e+00
-0.000000000000000000e+00
-0.000000000000000000e+00
