7.518065162003040314e-03
1.601698932063300163e-05
6.328647136688232422e-01
2.876928192563354969e-06
5.666478872299194336e-01
4.916830584988929331e-05
2.770132596197072417e-05
2.953529474325478077e-05
1.126469229348003864e-03
2.147525228792801499e-04
6.815914995968341827e-03
1.143897697329521179e-02
6.747632026672363281e-01
5.034091472625732422e-01
5.503777629201067612e-07
1.340770268143387511e-06
2.497715456684090896e-07
2.225866410299204290e-05
5.883568525314331055e-01
7.063121884129941463e-04
3.805431127548217773e-01
2.389496657997369766e-03
1.818995770008768886e-05
1.791594177484512329e-02
1.998961567878723145e-01
1.088237389922142029e-01
9.975676221074536443e-05
8.065293659456074238e-04
2.987945335917174816e-04
3.846281766891479492e-01
1.494780590292066336e-04
3.746167197823524475e-02
2.905438304878771305e-04
5.301837921142578125e-01
8.126369118690490723e-02
3.591837958083488047e-05
4.169665917288511992e-04
2.577161649242043495e-03
7.896318286657333374e-02
4.292911663651466370e-02
1.758559606969356537e-02
5.732476115226745605e-01
8.121919381665065885e-05
1.897430629469454288e-03
6.529860943555831909e-02
5.931534767150878906e-01
3.622011840343475342e-01
2.929530467099539237e-07
4.769669548210231369e-09
7.405852642250465578e-08
5.999598503112792969e-01
6.870553493499755859e-01
2.612460521049797535e-04
2.876002192497253418e-01
1.387002412229776382e-04
2.026852234848774970e-05
6.811828825448174030e-06
5.770823955535888672e-01
1.205575093626976013e-02
8.719670004211366177e-04
3.358288109302520752e-01
6.517916917800903320e-01
1.786348968744277954e-02
4.434005720639448700e-14
1.548161094433453400e-06
4.941066144965589046e-04
4.312844872474670410e-01
7.662252523005008698e-03
1.772312968969345093e-01
1.913314554258249700e-05
8.173121750587597489e-05
2.774936333298683167e-02
7.434829324483871460e-02
6.039524674415588379e-01
3.203488813596777618e-05
4.338249254942638800e-06
1.157123278971994296e-06
6.963164806365966797e-01
4.563771653920412064e-05
6.063241362571716309e-01
1.991529762744903564e-01
5.462999343872070312e-01
1.551579087972640991e-01
9.990876168012619019e-02
1.167514594271779060e-03
1.247469917871057987e-04
8.830684627980645018e-09
4.078973688592668623e-06
7.818072917871177197e-04
1.447467599064111710e-02
2.285678237676620483e-01
8.164265374865919966e-10
1.004660589387640357e-05
1.384519237035419792e-07
9.545942395925521851e-02
2.433748096227645874e-01
1.022983225993812084e-03
2.532105520367622375e-02
7.735804319381713867e-01
1.959456064071218861e-08
1.188085600733757019e-01
4.022195062134414911e-04
4.109110705030616373e-06
3.537387251853942871e-01
8.210294254240579903e-06
4.386516394561112975e-08
2.825666172157070832e-07
4.981204256182536483e-06
2.717707306146621704e-03
4.535254240036010742e-01
2.915252372622489929e-02
3.040271811187267303e-02
1.806204020977020264e-02
1.605739630758762360e-02
5.176680861040949821e-04
4.268535599112510681e-02
1.185813744086772203e-04
1.398443127982318401e-04
8.313789032399654388e-03
5.830893132952041924e-05
5.187637638300657272e-03
3.146332164760679007e-05
1.227722503244876862e-02
2.357385819777846336e-03
6.770277619361877441e-01
1.107262521982192993e-01
3.567006438970565796e-02
1.555273425765335560e-03
2.586464583873748779e-01
9.931310415267944336e-01
1.607113517820835114e-02
6.411592662334442139e-02
1.314733773469924927e-01
6.448190212249755859e-01
1.539144665002822876e-03
2.350171208381652832e-01
6.861329674720764160e-01
3.788554749917238951e-05
2.202372997999191284e-03
1.299160905182361603e-02
8.820960065349936485e-04
3.507455438375473022e-02
7.025636296020820737e-05
4.143945407122373581e-03
6.479003001004457474e-03
1.076193433254957199e-02
1.076080724596977234e-01
1.814939594169118209e-07
1.230806857347488403e-01
6.904644966125488281e-01
1.501868516206741333e-01
4.303889274597167969e-01
2.598453363589214860e-07
2.139037314918823540e-05
1.603791606612503529e-04
2.768176048994064331e-02
2.898412942886352539e-01
1.127280938817420974e-06
5.624788999557495117e-01
9.300000383518636227e-04
9.649597632233053446e-05
2.459126699250191450e-04
1.590786967426538467e-03
9.335608920082449913e-04
1.382135794703032161e-10
3.922760151908732951e-05
3.171668504364788532e-05
1.089626029133796692e-01
1.870556385256350040e-03
3.533716499805450439e-01
1.052203006111085415e-04
6.951583623886108398e-01
1.553128808736801147e-01
9.848510380834341049e-04
1.601242161086702254e-06
3.967481553554534912e-01
7.087268680334091187e-02
2.655537173268385231e-06
2.475684881210327148e-02
5.455015897750854492e-01
3.764696593862026930e-04
1.720813289284706116e-02
7.148823755187549978e-10
4.070166125893592834e-02
1.540643861517310143e-03
2.196523141151374148e-08
1.465265639126300812e-03
4.212454892694950104e-03
3.950391146645415574e-06
8.591062426567077637e-01
8.280075292077526683e-08
1.066339135169982910e+00
1.022876262664794922e+00
2.180699630116578192e-05
1.085867406800389290e-03
2.569462521933019161e-04
1.539141125977039337e-02
1.052274728863267228e-05
2.789546735584735870e-02
3.329674480482935905e-03
1.008952975273132324e+00
7.975722110131755471e-05
2.645821571350097656e-01
1.782772317528724670e-02
8.284282415615962236e-08
7.954240572871640325e-06
9.829611826717155054e-07
1.513939583674073219e-03
5.930825182076659985e-07
1.889348459371831268e-05
6.923681497573852539e-02
8.516427874565124512e-02
1.790202077245339751e-06
7.221210002899169922e-01
6.565371155738830566e-02
3.196492325514554977e-03
6.298445214270032011e-07
3.138288110494613647e-02
3.482539341348456219e-07
6.209210678935050964e-02
1.286927727051079273e-06
1.185748428106307983e-01
2.433554800518322736e-05
1.614835858345031738e-01
8.317467290908098221e-05
4.315636679530143738e-02
3.069786727428436279e-01
7.948937127366662025e-05
1.414192651871815087e-10
2.361742190259974450e-05
7.699298113584518433e-02
3.066908335313200951e-03
2.450060856062918901e-04
1.144368574023246765e-01
2.197187393903732300e-01
4.317678976804018021e-04
4.234642983647063375e-05
7.141079986467957497e-04
9.750510798767209053e-05
1.884486118797212839e-05
2.537035048007965088e-01
3.968679904937744141e-02
1.288456473957921844e-06
1.828369422582909465e-04
1.641675084829330444e-01
8.105559778925908176e-09
4.912242591381072998e-01
1.096555497497320175e-02
4.539202000386488578e-11
5.472238063812255859e-01
8.376443875022232533e-04
1.568996958667412400e-05
1.589819930813973770e-06
1.825011395339970477e-06
4.260232448577880859e-01
1.879717111587524414e-01
9.415332897333428264e-06
1.579435593157541007e-05
5.298674702644348145e-01
2.527650073170661926e-02
6.662435043836012483e-05
4.625738598406314850e-03
9.889009594917297363e-01
4.397424927446991205e-04
2.498267916962504387e-03
3.285629749298095703e-01
2.375225158175453544e-04
2.843315005302429199e-01
4.586744010448455811e-01
8.594200946390628815e-03
3.754461431526578963e-05
1.228174686431884766e+00
3.981076879426836967e-04
3.739218115806579590e-01
2.588682342320680618e-03
4.253698477896250552e-07
9.102731011807918549e-03
1.680096685886383057e-01
6.615700840484350920e-07
1.046748802764341235e-04
3.977660423259976596e-09
2.639509721902300043e-10
1.392730791121721268e-02
7.010371191427111626e-04
6.327245235443115234e-01
5.559068545699119568e-02
2.440870775899384171e-05
3.812816203208058141e-06
2.989386674016714096e-03
5.389980077743530273e-01
6.697299480438232422e-01
2.797183096408843994e-01
9.242256637662649155e-04
1.692728574198554270e-06
3.069286793470382690e-02
5.223188400268554688e-01
1.143083348870277405e-02
3.160578780807554722e-04
6.542751789093017578e-01
7.757555693387985229e-02
4.403223395347595215e-01
1.357030496001243591e-02
1.268013193111983128e-06
4.601684922818094492e-04
6.632328677369514480e-07
9.254687256543547846e-07
3.444404304027557373e-01
1.304634565713058691e-06
9.181555509567260742e-01
5.954032894806005061e-05
3.496886347420513630e-04
7.950084209442138672e-01
4.233533050864934921e-03
2.745712101459503174e-01
2.018891791522037238e-05
1.311438700213329867e-05
3.652547820820473135e-05
3.565895836800336838e-03
2.642855633894214407e-06
6.618434190750122070e-02
3.225179898436181247e-05
3.342754673212766647e-03
1.571770175360143185e-03
1.993203768506646156e-03
3.366193368492531590e-07
6.900894921272993088e-03
4.891619086265563965e-02
1.528295115349465050e-06
2.185873985290527344e-01
3.406715989112854004e-01
1.037067770957946777e-01
6.955497519811615348e-05
5.886929631233215332e-01
6.719855446135625243e-05
4.564036801457405090e-02
8.793715238571166992e-01
1.028477400541305542e-02
8.552554994821548462e-03
5.164178833365440369e-02
4.286382347345352173e-02
1.209320726047735661e-05
2.157040871679782867e-03
2.160128060495480895e-04
4.352814357844181359e-05
5.980293750762939453e-01
2.572772359599184711e-07
2.697632339732081164e-07
1.017210706777404994e-05
9.097396105062216520e-05
3.686207928694784641e-04
2.527326842027832754e-06
1.128609073930419981e-04
3.151755834096547915e-08
1.065053857018938288e-05
8.728686218262282637e-09
4.566010553389787674e-03
5.981639333185739815e-06
3.845599712803959846e-04
1.178500941023230553e-03
1.787889658544372651e-07
1.172404608951183036e-05
8.873060164220347712e-13
2.519280428714409936e-07
9.466225653886795044e-02
6.623828317970037460e-03
4.302583932876586914e-01
7.613597512245178223e-01
5.117984983371570706e-05
3.360430127941071987e-04
2.947496771812438965e-01
1.644791066646575928e-01
1.808673232517321594e-06
1.684613972902297974e-01
1.871148924692533910e-06
3.714431822299957275e-01
2.876914513763040304e-04
1.712379744276404381e-04
4.695661962032318115e-01
7.513616085052490234e-01
5.081093404442071915e-04
6.709033328888835968e-09
8.277304470539093018e-03
3.228741511702537537e-02
1.728782805798800837e-08
3.501662577036768198e-04
1.132149307636609592e-08
6.030132770538330078e-01
5.321740731596946716e-02
2.177175506949424744e-02
4.155757414991967380e-05
6.388942711055278778e-03
8.651993084640707821e-06
1.597928255796432495e-02
3.830714821815490723e-01
1.290662959218025208e-02
8.995779603719711304e-02
1.217981427907943726e-01
2.381413802504539490e-02
1.456604450941085815e-01
3.553702299541328102e-06
5.855118797626346350e-05
6.633250974118709564e-03
4.915547966957092285e-01
2.672142873052507639e-04
5.679620504379272461e-01
5.397936105728149414e-01
4.541046655504032969e-05
1.899069407954812050e-03
2.114199846982955933e-01
1.344666955560569477e-08
3.354520769789814949e-03
6.900842189788818359e-01
1.383463153615593910e-03
1.236878915733541362e-06
1.062439736188025563e-07
1.258147808158582848e-09
7.077451300574466586e-06
1.557630300521850586e-02
1.396473380737006664e-04
1.496636867523193359e-02
8.805058151483535767e-02
8.663178618917299900e-07
2.556327283382415771e-01
3.071331593673676252e-05
2.982735531986691058e-05
2.761563360691070557e-01
4.115880653262138367e-02
4.869583353865891695e-04
2.481808181187261653e-08
4.433068633079528809e-01
5.815106630325317383e-01
3.665640178951434791e-05
2.018831111490726471e-02
6.793892383575439453e-01
2.671937923878431320e-03
5.324495024979114532e-03
2.041961997747421265e-01
1.553057131786772516e-06
6.827351450920104980e-01
9.535408020019531250e-01
1.914777606725692749e-01
9.915134685511972634e-11
3.845071420073509216e-02
9.731815953273326159e-05
7.628055755048990250e-05
2.536703050282085314e-06
5.389988928072853014e-06
8.976753801107406616e-03
3.265549312345683575e-04
1.127350702881813049e-01
6.843431037850677967e-06
1.028325175866484642e-03
5.210741619521286339e-06
1.047023683786392212e-01
1.318608298106482835e-07
1.312565000262111425e-04
4.711016998726336169e-08
2.409322860330576077e-06
9.733122396937687881e-07
1.065446376800537109e+00
5.422775188890227582e-07
1.250348635949194431e-03
2.477987669408321381e-02
8.214209083234891295e-05
5.356372892856597900e-02
2.188724279403686523e-01
3.505099713802337646e-01
8.130112290382385254e-01
3.867642488330602646e-03
1.539575159549713135e-01
9.423567098565399647e-05
2.836477942764759064e-03
2.736343958531506360e-06
8.656147718429565430e-01
2.269619144499301910e-04
6.645494431722909212e-05
6.431261897087097168e-01
3.783284046221524477e-05
2.864130735397338867e-01
8.338287443621084094e-05
5.176587728783488274e-04
7.812951707819593139e-07
3.565490260371007025e-06
7.429341971874237061e-02
3.646661571110598743e-05
6.878322456032037735e-04
2.953101992607116699e-01
1.130953751271590590e-04
4.352263212203979492e-01
7.991401851177215576e-02
6.772900819778442383e-01
9.032794237136840820e-01
2.722754466333299206e-08
6.246353387832641602e-01
1.714749487291555852e-06
3.333486383780837059e-04
7.688774417147214990e-07
1.124476175755262375e-02
1.495975302532315254e-03
5.991023182868957520e-01
2.267781943082809448e-01
9.072203934192657471e-02
7.812523961092665559e-09
8.689028618391603231e-06
2.226856537163257599e-03
1.001740557171615364e-07
2.114164317390532233e-06
5.719609248444612604e-07
4.081701627001166344e-04
2.282398045063018799e-01
1.847069337964057922e-02
1.224025338888168335e-01
2.525812685489654541e-01
5.161815010978898499e-07
4.180885553359985352e-01
6.625397190873627551e-07
2.264193296432495117e-01
2.177283022319898009e-05
3.969512363255489618e-07
8.822206160052914470e-11
2.157708195227314718e-06
3.310276940464973450e-02
3.184136221534572542e-05
4.812005136045627296e-05
6.217811107635498047e-01
9.739981889724731445e-01
2.028558254241943359e-01
3.744685323908925056e-03
1.378306478727608919e-06
3.786379843950271606e-02
5.937976762652397156e-02
6.677396297454833984e-01
5.995164159685373306e-03
5.744097754359245300e-03
3.692690050229430199e-03
3.688981523737311363e-03
7.926000282168388367e-03
2.453755140304565430e-01
6.780410408973693848e-01
2.750964267761446536e-05
5.505393743515014648e-01
1.594532805029302835e-04
6.857008934020996094e-01
7.637121081352233887e-01
8.078787686827126890e-06
7.026931643486022949e-01
9.757778025232255459e-05
8.581391572952270508e-01
6.655378732830286026e-03
5.167481303215026855e-02
6.803342141211032867e-03
3.191410899162292480e-01
6.308848261833190918e-01
2.420863438601372764e-07
1.679321371739206370e-06
8.053547353483736515e-04
1.706012767499487381e-06
8.175616264343261719e-01
6.590887159109115601e-02
1.859576150309294462e-05
3.023237548768520355e-02
1.676519459579139948e-04
6.145270958768378478e-09
9.681310653686523438e-01
1.429407596588134766e-01
1.903876960277557373e-01
7.169221589720109478e-06
1.269211566068406682e-06
1.092689633369445801e-01
5.746362148784101009e-05
5.219119414687156677e-02
7.474668323993682861e-03
7.923582415969576687e-06
3.739780822797911242e-07
9.199182987213134766e-01
1.905108541250228882e-01
6.285074353218078613e-01
7.305804640054702759e-02
3.901422955095767975e-03
9.449660778045654297e-02
9.944379416992887855e-05
2.025398862315341830e-04
1.210588775575160980e-02
2.025417197728529572e-04
6.080193445086479187e-02
2.493271082639694214e-01
3.814025549218058586e-04
5.808691305730917520e-09
7.987412810325622559e-01
4.541168891591951251e-05
3.157514333724975586e-01
6.745977997779846191e-01
5.454918742179870605e-02
1.652990430593490601e-01
3.189775270584505051e-06
4.756627138704061508e-03
4.059214188600890338e-05
3.363166979397647083e-05
1.226570020662620664e-04
1.108653903007507324e+00
6.381263233379286248e-07
2.979390228574629873e-05
7.654066197574138641e-03
2.448238991200923920e-02
3.492203904897905886e-05
2.901844709413126111e-06
1.595612616256403271e-06
9.727630764245986938e-02
4.315412342548370361e-01
1.329929102212190628e-03
1.402748674154281616e-01
7.091382145881652832e-01
2.152951806783676147e-02
4.844238787882204633e-07
4.139445256441831589e-03
1.182069468086410780e-06
2.705691754817962646e-02
3.693145845318213105e-05
8.106032609939575195e-01
6.130556329253522563e-08
3.156857332214713097e-03
1.711781152380353888e-07
2.769554853439331055e-01
1.326664205407723784e-04
4.981803242117166519e-03
4.193763015791773796e-04
8.822514116764068604e-02
6.067194789648056030e-02
5.746482610702514648e-01
3.832328366115689278e-04
3.382227831139061891e-08
3.185093362390034599e-07
1.889059421955607831e-05
1.055757024914782960e-06
1.604962162673473358e-04
3.714431822299957275e-01
6.059510997147299349e-05
6.640171408653259277e-01
2.121780440211296082e-02
8.445745334029197693e-03
3.078296780586242676e-01
2.282172317791264504e-06
4.460065392777323723e-04
4.557408094406127930e-01
6.842794418334960938e-01
4.677073661696340423e-08
3.897396538832254009e-07
2.277434468269348145e-01
1.865964680910110474e-01
4.318659775890409946e-04
5.059223040007054806e-04
1.592778135091066360e-04
8.847987046465277672e-04
1.921280500027933158e-06
9.118258276430424303e-06
2.597885031718760729e-04
1.010341104120016098e-03
7.822359293641056865e-06
9.033104788613854907e-07
3.119049826636910439e-03
3.411055104152183048e-06
2.702974528074264526e-02
1.231576884919149961e-08
3.193731009960174561e-01
2.963690494652837515e-04
1.566044431910995627e-07
4.823031645173614379e-07
1.678531803190708160e-02
1.151782635133713484e-05
4.451985660125501454e-07
1.086746603817800860e-08
9.292589500546455383e-03
1.531223242636770010e-04
1.171713229268789291e-03
2.966332137584686279e-01
1.193141448311507702e-03
7.716935215285047889e-07
5.917749404907226562e-01
7.294809818267822266e-01
1.860576681792736053e-02
1.129757674789289013e-05
5.021444849262479693e-06
1.366523429169319570e-05
5.874739485989266541e-07
5.562536716461181641e-01
2.627245521580334753e-06
6.178748607635498047e-01
6.078742842419160297e-08
6.218650937080383301e-02
5.604937076568603516e-01
6.172028861328726634e-06
2.242355942726135254e-01
1.400183886289596558e-01
2.034142312368203420e-07
4.559831359074451029e-05
1.926731900312006474e-03
2.587264020803559106e-07
5.198779007287157583e-08
1.712749153375625610e-01
1.618255919311195612e-05
3.799391444772481918e-03
7.135509699583053589e-02
3.909020423889160156e-01
8.236953616142272949e-01
2.233154082205146551e-04
1.780338207026943564e-04
6.345897912979125977e-03
8.116943645291030407e-04
2.229897305369377136e-02
5.526036955416202545e-03
8.777225275480304845e-07
1.933561637997627258e-02
7.187096052803099155e-04
1.404407230438664556e-04
1.312320382567122579e-04
7.048720717430114746e-01
3.004470983114515548e-08
7.416278719902038574e-01
3.856997936964035034e-03
6.622145175933837891e-01
9.148771641775965691e-04
1.402520553028807626e-07
6.084332198952324688e-06
3.126792726106941700e-04
2.213128060102462769e-01
2.228705957531929016e-02
1.038950800895690918e+00
1.989551535672151594e-12
1.299779687542468309e-04
3.624049574136734009e-02
2.041132748126983643e-01
1.947891316376626492e-03
7.672743436160089914e-07
2.770034654986375244e-07
1.484925486147403717e-02
1.472381409257650375e-02
6.027081981301307678e-04
2.955938907689414918e-05
5.378314017434604466e-05
9.663452953100204468e-02
6.655625700950622559e-01
2.127534628471039468e-07
3.479180335998535156e-01
4.648387432098388672e-03
4.649238893178475607e-12
1.352744996547698975e-01
3.087491817765908309e-09
7.305948529392480850e-04
2.330662209715228528e-05
2.126826004200665921e-08
3.320420533418655396e-02
3.393350198166444898e-06
1.559691727161407471e-01
2.055212669074535370e-02
3.439207375049591064e-02
3.660109639167785645e-02
1.592625826597213745e-01
5.997309870942046928e-10
9.072203934192657471e-02
2.383635319347376935e-06
6.822194457054138184e-01
4.253006977705808822e-07
3.005530161317437887e-04
1.505704596638679504e-02
4.980030003935098648e-03
2.073510695481672883e-04
5.715482257073745131e-05
4.987360924246786453e-08
9.161458729067817330e-05
6.937186121940612793e-01
2.334185955632506193e-09
3.690740157935579191e-09
6.597465276718139648e-01
8.032578974962234497e-03
6.843181909061968327e-04
1.185575911222258583e-06
6.758342981338500977e-01
4.664574936032295227e-02
1.067967176437377930e+00
2.233154082205146551e-04
2.820561081171035767e-02
9.887715801596641541e-03
2.964532177429646254e-04
9.685932658612728119e-03
1.698617561487480998e-04
4.667226672172546387e-01
1.984235314012039453e-05
4.565069502859842032e-06
1.038232439896091819e-04
2.202909672632813454e-05
2.614993155002593994e-01
2.024436295032501221e-01
6.033925728843314573e-06
4.285318776965141296e-03
4.069700371474027634e-04
1.495384931331500411e-04
1.949848774529527873e-05
1.236512343893991783e-05
1.531289584022488270e-08
2.141216993331909180e-01
6.657964695477858186e-05
6.123977325245277825e-09
1.149571843966912255e-11
1.548994532640790567e-07
1.823348575271666050e-03
2.324521119589917362e-05
1.218508884903712897e-07
1.034194065141491592e-05
1.755894481902942061e-05
8.771499395370483398e-01
8.744718797970563173e-05
2.269619144499301910e-04
5.270696032400046249e-11
6.625397190873627551e-07
1.078430977941025048e-05
3.332039713859558105e-01
1.424024347215890884e-03
3.052036845474503934e-05
3.288173675537109375e-01
1.329287715634563938e-05
6.338675739243626595e-04
1.438991911709308624e-02
4.869583353865891695e-04
1.047023683786392212e-01
6.622145175933837891e-01
1.048141717910766602e-02
4.378562579177014413e-08
4.091685637831687927e-03
2.880155807361006737e-05
3.102117043454200029e-04
3.613364242482930422e-04
3.172007272951304913e-04
3.082415461540222168e-01
6.038378046469006222e-07
1.400183886289596558e-01
5.976265072822570801e-01
8.693626114109065384e-06
1.902076415717601776e-02
4.834485480387229472e-06
1.093812584877014160e+00
1.046498088186353925e-08
3.918002589031743810e-10
6.071156859397888184e-01
1.915354368975386024e-05
3.623421662268810906e-06
8.356515479590598261e-08
4.114612005650997162e-03
1.357432338409125805e-03
4.352263212203979492e-01
3.097845911979675293e-01
9.638343954065931030e-07
9.144814043793303426e-07
9.324707207269966602e-04
9.889181455946527421e-06
1.920920908451080322e-01
8.478377014398574829e-03
4.787975549697875977e-01
1.110531329118202848e-07
4.637914896011352539e-02
4.903012886643409729e-04
5.542309944317480586e-10
1.513955183440884866e-08
1.866094884462654591e-03
2.200380464500995004e-07
6.164735555648803711e-01
1.573135023136273958e-06
4.561801906675100327e-04
8.037447929382324219e-02
6.427010521292686462e-03
6.927440990693867207e-04
1.638070098124444485e-04
4.018500745296478271e-01
8.222354352938054944e-09
5.774382036179304123e-03
7.006938457489013672e-01
9.565328973337727803e-09
2.233779430389404297e-01
6.558282375335693359e-01
1.902772784233093262e-01
8.368091641841601813e-08
6.599624175578355789e-04
7.758144056424498558e-05
1.326387666367168094e-09
1.266949402634054422e-04
2.121780440211296082e-02
7.051148553927077955e-09
4.436583549249917269e-05
8.993323490358307026e-07
2.546873929532011971e-06
8.281043051283631939e-08
2.699268050491809845e-03
7.651506662368774414e-01
7.253580843098461628e-04
5.849530225532362238e-06
3.119049826636910439e-03
6.796771883964538574e-01
3.753082182811340317e-06
8.582101762294769287e-02
7.952059968374669552e-05
5.907970666885375977e-01
2.654684472247481608e-09
1.693973217697930522e-06
1.052041072398424149e-03
3.744176775217056274e-02
1.404942740919068456e-04
3.360252230777405202e-05
7.358764410018920898e-01
9.168614633381366730e-03
1.584666733833728358e-06
4.974003881216049194e-03
1.371448519194018445e-07
5.672112456522881985e-05
4.945716937072575092e-04
6.138604283332824707e-01
3.258222136537369806e-07
1.169182010926306248e-03
8.337097096955403686e-05
2.096498608589172363e-01
3.653658786788582802e-04
2.018831111490726471e-02
6.704866536892950535e-04
8.011854439973831177e-02
8.447966683888807893e-05
9.562460263623506762e-07
7.026026338508017943e-08
7.305804640054702759e-02
1.599775701761245728e-01
2.555314893015747657e-07
1.505433116108179092e-03
1.927774974319618195e-06
1.060519367456436157e-02
4.692408721894025803e-03
9.041866724146530032e-05
6.532138650072738528e-05
1.822705008089542389e-02
1.633571577258408070e-03
6.431261897087097168e-01
1.571731672811438330e-06
2.438180148601531982e-03
9.497570729877224949e-09
3.544098348129409715e-09
2.950423095171572641e-06
7.654066197574138641e-03
8.148873242852516796e-11
1.376797058583179023e-06
3.426825394853949547e-03
6.551736593246459961e-02
4.171803448116406798e-05
7.281779517143149860e-07
8.485066871344315587e-09
4.737511005714623025e-08
1.919918227940797806e-03
9.901994466781616211e-02
4.115880653262138367e-02
1.347399916085123550e-06
5.149682983756065369e-04
5.325534857547609136e-07
2.349364949623122811e-04
2.538805254914677789e-08
4.875516879110364243e-06
9.743173122406005859e-01
3.584797959774732590e-03
5.057895183563232422e-01
5.608724430203437805e-03
5.438016523839905858e-05
9.944379416992887855e-05
3.981847548857331276e-04
6.996201700530946255e-04
5.284809390104783233e-07
6.772900819778442383e-01
1.712749153375625610e-01
6.876228781038662419e-06
1.858441578406200279e-08
1.164302602410316467e-02
2.581072351404145593e-07
5.530097041628323495e-05
9.656354086473584175e-04
1.111035817302763462e-04
7.931081199785694480e-06
3.698769509792327881e-01
1.093155071139335632e-01
1.865964680910110474e-01
8.189525502189098916e-09
2.846306870196713135e-07
5.681235194206237793e-01
2.787893265485763550e-02
4.466195946406514850e-08
4.461863078176975250e-03
1.883398363133892417e-05
8.257195353507995605e-02
5.547713488340377808e-02
1.368874609470367432e-01
3.578462079167366028e-02
1.390736579196527600e-04
6.041096448898315430e-01
7.923582415969576687e-06
6.997748017311096191e-01
2.408605155324039515e-07
9.900588989257812500e-01
1.431999553460627794e-04
1.222782702825497836e-05
9.927000064635649323e-06
7.281435454586926426e-09
3.136712184641510248e-04
3.721913695335388184e-02
6.925475001335144043e-01
8.046098082559183240e-05
5.314471721649169922e-01
1.509346247985376976e-07
2.018535286188125610e-01
4.940628173244476784e-07
2.770892751868814230e-05
4.845504164695739746e-01
2.623965730890631676e-03
2.845280396286398172e-04
5.550522804260253906e-01
7.730055134743452072e-03
1.176401157863438129e-03
4.529495924998627743e-07
1.627006862570112844e-11
1.655202545225620270e-02
2.947088214568793774e-04
4.681652626459253952e-06
4.405755102634429932e-01
4.315596888773143291e-04
6.524224271942102860e-09
2.296358905732631683e-02
9.040454149178422938e-12
1.034361775964498520e-03
8.349529653787612915e-02
3.741955652003525756e-07
1.470709110051870994e-09
2.176073381275449303e-15
6.248915013912226257e-12
8.949809853220358491e-07
1.436602730109370896e-07
2.211013273509254695e-12
6.123977325245277825e-09
1.054309774190187454e-02
1.308055885829162435e-08
5.414929660219058860e-07
3.941506179216958117e-07
1.162038174018498182e-10
1.459935738239437342e-04
2.216534085164312273e-06
1.174858255126309814e-08
1.399144949204567112e-11
1.989865704672411084e-04
4.652125935535877943e-04
1.821359001041855663e-05
4.349126214719944983e-08
6.479554176330566406e-01
3.380029201507568359e-01
1.021637956455379026e-07
1.901961468320223503e-06
9.379245158314120090e-10
1.020681872354600728e-10
3.259066864848136902e-02
1.962281004352917080e-09
5.479945386355211667e-09
5.319844484329223633e-01
2.498687081242678687e-06
1.364368290523998439e-05
4.901710148885740637e-10
5.492724608480159532e-10
4.950340837240219116e-03
5.993817012495128438e-06
1.179676255560480058e-04
1.385187673114476881e-13
1.618433816474862397e-05
1.133218749415666748e-13
8.659286937669208317e-14
9.519951618131017312e-07
1.843418573344024480e-08
2.560065468060201965e-06
2.201323325012882748e-11
1.097039542541367041e-10
1.218508884903712897e-07
2.159226642106659710e-05
1.781554015423125747e-09
3.078311294757440919e-07
7.687627601171698188e-08
1.807951957744080573e-05
7.019100303295999765e-05
6.101209874032065272e-05
2.115615457296371460e-02
5.437247467586850402e-14
8.797387067716044839e-07
5.592227635825564036e-12
1.257105353147380811e-08
1.300305427776038414e-07
1.136154215782880783e-02
1.137383853766493758e-09
3.693058359122147749e-11
6.658977724782744190e-08
1.603885947665251166e-11
3.226269909646362066e-04
3.206465771654620767e-05
2.656166616361588240e-04
1.647482683608814114e-08
1.089707538485527039e-01
2.501616336303413846e-06
9.071489912457764149e-04
5.839457511901855469e-01
1.103807534263978596e-07
1.793075909972685622e-08
4.160356947835452956e-09
4.903012886643409729e-04
1.338499947451055050e-03
1.746443158481270075e-04
9.071663242821159656e-08
6.407565474510192871e-01
2.558386711370985722e-07
2.968092189803428482e-07
1.049464754032669589e-05
2.077166669778307551e-07
1.120229057960386854e-06
1.003446881142622260e-09
2.080899896839127905e-08
2.123317797628199166e-13
6.436953015054314164e-08
4.137478697430196917e-07
4.154528809863222705e-08
5.201595286052906886e-06
1.234760955370976234e-16
2.581947433633047240e-10
2.377867069913719433e-10
2.389749133726581931e-04
1.364721491370346484e-08
1.045226752371952728e-11
2.604483415780123323e-05
2.338605781915248372e-06
4.607101436704397202e-05
4.402004477079002331e-13
3.444404304027557373e-01
9.044309572103781392e-12
2.417067298665642738e-05
1.306591798311274033e-06
1.584288518720312032e-15
4.621710628271102905e-02
3.532184544852157160e-09
2.517380416393280029e-01
3.164037642999772970e-10
5.865740124136209488e-03
6.130456313258036971e-06
2.647168366820551455e-05
2.461611359194648685e-09
2.799773746176015266e-08
5.891835352933583181e-10
8.696286007761955261e-03
1.984696140766573080e-08
1.507815682207092056e-13
9.540818135533868372e-11
1.470742283515846793e-08
6.893569661770015955e-06
3.267050260546966456e-06
9.967163379365207021e-12
3.750787735956606639e-10
5.760746046856723979e-11
1.533392151031875983e-07
1.963092466361615607e-10
8.189525502189098916e-09
7.304390123863413464e-07
8.275986775226062964e-13
1.903106006118093774e-10
1.305150271946331486e-05
5.909591826308568940e-12
1.112583092321983713e-08
9.363644719123840332e-01
5.438563553498976244e-13
3.628386184573173523e-05
4.794276531328023339e-09
8.477787196170538664e-05
2.654684472247481608e-09
6.757283687268801978e-15
2.783439122140407562e-03
2.401195344989281999e-12
4.623088240623474121e-02
8.589940989622846246e-05
4.332552552223205566e-01
4.754451410349247453e-08
2.289589351445187049e-11
1.023624562890290690e-08
7.622676101437519947e-11
6.825979799032211304e-03
1.727804531392873599e-11
7.908832281827926636e-02
1.301359464633833340e-08
9.538452871993285953e-08
5.259371249621835887e-08
8.941567557485541329e-07
5.318904368323273957e-05
7.259447011165320873e-04
4.434579610824584961e-01
5.027768202126026154e-05
8.253076657638303004e-07
1.198548149616840419e-09
3.480639425106346607e-04
7.289462783388600542e-11
3.004233528614008719e-10
6.260338081265359733e-11
1.313783286605030298e-07
1.039423659676685929e-05
3.117469873359368648e-07
4.718729851305170087e-10
9.825195945722953184e-08
1.551909651607275009e-02
5.387124474509619176e-06
6.977310404181480408e-04
1.686225118646689225e-06
5.176495015621185303e-02
9.824157817545781102e-14
1.391576097375946119e-05
1.392558260704390705e-06
2.703914884477853775e-03
7.735006511211395264e-04
4.564829580999685277e-08
9.351354837417602539e-02
2.639075773913646117e-06
1.441224711015820503e-03
1.882218522951006889e-03
9.385564327239990234e-01
4.554380694798965123e-08
1.185575911222258583e-06
1.571990083903074265e-03
3.707051679513462261e-11
1.919367775826685829e-08
8.886004779218303895e-12
1.052042320370674133e-01
1.340077271372308587e-09
5.947672354622568491e-10
2.541390676924493164e-05
1.658548862906172872e-04
2.827014013509487889e-12
2.869204223168719814e-12
1.199536256990541006e-07
1.129196931515252800e-07
4.329658020996163259e-10
1.445148778422833402e-09
2.625158944391525750e-11
2.461815811693668365e-02
2.181049723049000022e-07
1.356942362917834544e-07
1.548994532640790567e-07
3.532461123540997505e-04
2.155346345844577627e-09
4.916914857037990583e-13
5.511681063809226178e-13
5.719172186218202114e-04
1.555273425765335560e-03
8.490702748531475663e-05
8.409077054238878191e-06
1.043655111876255759e-13
1.521999060116741020e-08
6.343944696709513664e-04
9.248039714293554425e-05
1.627563615329563618e-04
2.141040022252127528e-04
5.593012701865518466e-07
2.105349922176813493e-11
4.879815995728620237e-11
3.765487781492993236e-05
8.715839612705167383e-06
2.274154553560947534e-08
4.048361151944845915e-04
3.259828865176395141e-11
2.254983555758371949e-04
1.381179753900951823e-10
3.001929260790348053e-03
1.125133053392346483e-08
2.526134721847483888e-06
2.266325876965069597e-10
3.626615926623344421e-02
1.330354142820011631e-11
3.428750857710838318e-02
3.315040045449206899e-15
1.059833210775851242e-11
8.500622243445832282e-06
2.259073517052456737e-05
1.128621551771402665e-08
5.707877193117383285e-08
1.392841397773736389e-07
1.449441970180487260e-05
5.907158993068151176e-06
4.942411906085908413e-04
1.526052351152884512e-08
1.453003193319091224e-07
2.137967927695605397e-11
5.244983336538666663e-10
2.946520964997034753e-07
1.236512343893991783e-05
2.775121927261352539e-01
1.666841248360029226e-10
1.333973358441653545e-07
3.898402610502671450e-06
1.715524740575347096e-05
3.742073658941080794e-06
2.464180326455789327e-08
4.529495924998627743e-07
7.465014277840964496e-07
5.503174804744048743e-08
5.535994205274619162e-06
1.059438272932311520e-05
3.575646405806764960e-05
2.740587297012098134e-05
2.902138930949149653e-06
1.010122687716830114e-07
3.499530960154872972e-12
1.727646825600004377e-08
7.961507886648178101e-02
6.317352418960808791e-09
2.795924558540718863e-07
6.058095605112612247e-04
9.408527403138577938e-04
2.529196851952519864e-10
1.396722382196458057e-06
8.183403110706422012e-07
2.698626738739662301e-11
5.929423618766804793e-13
2.868431620299816132e-04
7.956354759058870130e-13
2.651903585615400516e-08
1.014514139363598133e-09
1.865729191489183016e-15
6.067693902878090739e-07
2.893414752236367349e-08
2.209889316873159260e-05
6.976644396781921387e-01
1.020081727420851792e-10
4.341845400631427765e-03
6.059137359261512756e-02
8.811090083327144384e-05
5.087897079647518694e-05
1.217346042394638062e-01
1.142768422141671181e-03
1.382135794703032161e-10
1.338819194396378975e-10
9.900588989257812500e-01
9.040454149178422938e-12
3.877322463097243599e-09
1.259861983271548524e-05
1.851730165071785450e-03
3.013876583198016323e-13
1.114706336124982045e-07
1.332241539309109157e-10
2.825953693275096157e-08
1.190485818369779736e-06
1.853413959906902164e-05
2.378524754931277130e-08
8.395007711214930168e-08
4.052783879160415381e-06
3.299654438571053561e-10
3.291344419231734264e-10
4.649238893178475607e-12
5.406473337597750284e-13
1.806187697184213903e-07
4.762576555350506169e-09
1.602657728749790067e-10
8.645312163935159333e-07
1.789400726556777954e-02
2.281784539093223430e-09
6.918344297446310520e-06
3.116081281895333177e-10
1.455694473406765610e-06
3.143694993923418224e-05
4.559533044812269509e-05
1.253387497957003660e-11
9.416666580364108086e-05
4.927403970955701595e-12
1.009206346963553713e-11
5.108206551085459068e-07
2.453572935101622221e-12
1.266716509462639806e-07
1.019880827516317368e-02
2.131369683411321603e-06
2.216930283793772105e-07
6.110119077362696771e-10
8.148873242852516796e-11
1.307121255678111993e-08
9.037683717906475067e-03
4.861981928172554035e-09
1.933991855551653316e-11
2.061126055195927620e-03
1.218457706272602081e-03
2.714837421535776230e-07
3.504156609324127203e-07
9.497570729877224949e-09
3.588432884171766091e-10
1.014532529097778024e-07
5.123452410771278664e-06
1.229358986165607348e-06
1.150538675833215341e-13
1.478290038124663308e-12
4.285318776965141296e-03
1.165515115530979529e-07
2.588094787370209815e-07
1.169947255402803421e-02
2.962775802473061049e-09
2.325274001124810752e-10
1.883398363133892417e-05
1.087435208546594367e-08
2.644657270955974582e-10
1.606059996106523613e-08
8.128792083894609277e-11
1.712507568299770355e-02
1.746836980620614099e-10
5.414013421606300724e-12
2.299481272061143500e-09
-0.000000000000000000e+00
-0.000000000000000000e+00
-0.000000000000000000e+00
-0.000000000000000000e+00
-0.000000000000000000e+00
-0.000000000000000000e+00
-0.000000000000000000e+00
-0.000000000000000000e+00
-0.000000000000000000e+00
-0.000000000000000000e+00
-0.000000000000000000e+00
-0.000000000000000000e+00
-0.000000000000000000e+00
-0.000000000000000000e+00
-0.000000000000000000e+00
-0.000000000000000000e+00
-0.000000000000000000e+00
-0.000000000000000000e+00
-0.000000000000000000e+00
-0.000000000000000000e+00
-0.000000000000000000e+00
-0.000000000000000000e+00
-0.000000000000000000e+00
-0.000000000000000000e+00
-0.000000000000000000e+00
-0.000000000000000000e+00
-0.000000000000000000e+00
-0.000000000000000000e+00
-0.000000000000000000e+00
-0.000000000000000000e+00
-0.000000000000000000e+00
-0.000000000000000000e+00
-0.000000000000000000e+00
-0.000000000000000000e+00
-0.000000000000000000e+00
-0.000000000000000000e+00
-0.000000000000000000e+00
-0.000000000000000000e+00
-0.000000000000000000e+00
-0.000000000000000000e+00
