2.876702249050140381e-01
8.678541332483291626e-02
3.692391317144938512e-07
3.069490194320678711e-04
1.988449692726135254e-02
5.697403103113174438e-04
6.791251897811889648e-01
7.412989735603332520e-01
3.071751848437997978e-07
3.051846986636519432e-03
8.050667494535446167e-02
8.477358818054199219e-01
1.714595779776573181e-02
3.098026354564353824e-06
7.758539915084838867e-01
1.116389870643615723e+00
2.495127318979939446e-06
2.699486017227172852e-01
1.542835235595703125e-01
1.397808546244050376e-06
1.072010844945907593e-01
9.006592035293579102e-01
4.803908268513623625e-06
6.272147595882415771e-02
6.162248253822326660e-01
6.327530741691589355e-01
2.131367176771163940e-01
2.031318843364715576e-02
4.252966391504742205e-05
6.224644184112548828e-01
6.875300407409667969e-01
5.412806570529937744e-02
1.524690072983503342e-03
2.572506673459429294e-06
1.103353722948195725e-13
1.161355176009237766e-04
5.216841772198677063e-02
1.488046161830425262e-02
6.268347501754760742e-01
6.839664578437805176e-01
9.086322825169190764e-05
5.056023364886641502e-04
1.656052656471729279e-03
3.496116260066628456e-03
5.863822698593139648e-01
5.119284391403198242e-01
5.903554558753967285e-01
5.548925399780273438e-01
3.834161162376403809e-01
1.155646592378616333e-01
3.903976874426007271e-03
4.905025009065866470e-03
8.900600485503673553e-03
7.345325946807861328e-01
1.084715485572814941e+00
4.040748998522758484e-02
6.738008260726928711e-01
4.271524772047996521e-02
6.314085423946380615e-02
6.912190914154052734e-01
6.787909269332885742e-01
6.292049288749694824e-01
1.739950291812419891e-02
1.849317806772887707e-03
1.312397718429565430e-01
7.087320089340209961e-02
3.636765177361667156e-04
1.352484790828611949e-09
7.612389326095581055e-02
1.746122393342375290e-07
6.352118253707885742e-01
2.268969183205626905e-05
2.704037427902221680e-01
4.408572173986158305e-09
2.133391063807721366e-08
1.782401159289292991e-05
1.078341841697692871e+00
7.022343575954437256e-02
3.902836889028549194e-02
5.679256916046142578e-01
1.089839544147253036e-02
1.678006810834631324e-04
1.386785358190536499e-01
2.947385291918180883e-05
2.510220474505331367e-05
6.435780619540309999e-07
3.080510068684816360e-03
5.075554847717285156e-01
7.256238404806936160e-06
3.541000187397003174e-02
5.118381977081298828e-01
6.354748620651662350e-05
2.579739391803741455e-01
3.029799461364746094e-01
3.038314580917358398e-01
1.024370118975639343e-01
2.046323418617248535e-01
1.164322532713413239e-02
6.973715827029991488e-09
1.225778535008430481e-01
6.090096831321716309e-01
7.390669907181290910e-06
1.460257731378078461e-02
5.069169402122497559e-01
3.178244233131408691e-01
3.044254379346966743e-03
8.178452029824256897e-03
1.907586818560957909e-03
1.210064440965652466e-01
1.035127341747283936e-01
9.371174871921539307e-02
7.763259112834930420e-02
6.827725172042846680e-01
5.224261805415153503e-02
1.885199546813964844e-02
3.808590117841959000e-04
9.386864490807056427e-03
9.083671611733734608e-04
8.448946475982666016e-01
6.674067844869568944e-05
5.948588252067565918e-02
5.930243134498596191e-01
2.531560361385345459e-01
3.705543279647827148e-01
1.277706146240234375e+00
1.735832483973354101e-05
2.252077162265777588e-01
2.864697598852217197e-04
1.748556941747665405e-01
9.579360485076904297e-04
1.119010567665100098e+00
7.194856405258178711e-01
8.144461389747448266e-06
2.201595753431320190e-01
1.484807021915912628e-02
8.953383803600445390e-05
3.260470926761627197e-02
3.785589441918091325e-08
1.557328701019287109e-01
3.091991529799997807e-04
6.066373083740472794e-03
5.119023427369029378e-09
3.699975048565562474e-11
6.932181119918823242e-01
1.888582250103354454e-03
1.141540054231882095e-02
3.361794352531433105e-01
1.852767355740070343e-02
6.205635070800781250e-01
3.131899833679199219e-01
2.391366024312446825e-06
4.890180207439698279e-05
2.342632859945297241e-01
7.079657316207885742e-01
1.795752495527267456e-01
4.445403465069830418e-05
2.274642611155286431e-05
1.081779003143310547e+00
2.535552710014599143e-07
4.835284054279327393e-01
1.499546468257904053e-01
3.381290007382631302e-03
4.587785154581069946e-02
4.119923114776611328e-01
1.965598203241825104e-03
7.052472233772277832e-02
6.057079434394836426e-01
5.293414592742919922e-01
1.265461929142475128e-02
5.824125409126281738e-01
3.339664835948497057e-04
6.171348690986633301e-01
2.997631579637527466e-02
6.311947107315063477e-01
1.762825195328332484e-05
1.966307908296585083e-01
4.441850818693637848e-03
3.263949155807495117e-01
1.782424806151539087e-04
1.910979626700282097e-03
4.253269135951995850e-01
1.586823294985606481e-08
2.169598042964935303e-01
3.697631359100341797e-01
6.758661866188049316e-01
3.633639216423034668e-01
6.707310676574707031e-02
3.424030244350433350e-01
7.111469749361276627e-04
7.481201319023966789e-04
1.973049491643905640e-01
4.972738679498434067e-03
7.924483157694339752e-03
7.257509827613830566e-01
9.478745566227075869e-11
1.069316267967224121e+00
2.428562038403470069e-05
1.021015524864196777e+00
1.413348363712430000e-03
1.194344647228717804e-02
1.495524346828460693e-01
6.929948085598880425e-06
9.135992149822413921e-04
6.558932065963745117e-01
6.794786453247070312e-01
1.726632118225097656e-01
3.272286057472229004e-01
3.650667667388916016e-01
3.534141778945922852e-01
3.739862586371600628e-04
8.129096031188964844e-01
2.424828559160232544e-01
3.188052141922526062e-05
3.100322186946868896e-01
1.987070427276194096e-04
5.013653542846441269e-03
1.469118297100067139e-01
1.992471814155578613e-01
7.642864584922790527e-01
2.272844463586807251e-01
3.903899192810058594e-01
1.861364580690860748e-05
1.545444130897521973e-01
6.866178512573242188e-01
3.129077553749084473e-01
4.015574455261230469e-01
3.178397566080093384e-02
2.612920361571013927e-04
1.801710724830627441e-01
2.386351581662893295e-03
1.946193333424162120e-05
2.620896884764079005e-05
6.301711797714233398e-01
6.314509510993957520e-01
4.861134570091962814e-03
8.614789694547653198e-02
4.158234298229217529e-01
1.610914319753646851e-01
8.128672242164611816e-01
3.135615770588628948e-05
8.009186387062072754e-01
1.776432782207848504e-06
4.689622670412063599e-02
2.076135016977787018e-02
6.916018575429916382e-02
1.414015287082293071e-07
1.563739031553268433e-02
3.049483597278594971e-01
2.109546447172760963e-03
8.129095286130905151e-02
1.284272968769073486e-02
1.314624678343534470e-02
2.230953872203826904e-01
5.927407741546630859e-01
9.830005466938018799e-02
9.870590247373911552e-07
4.421450495719909668e-01
2.263286346532167315e-12
1.148831564933061600e-03
7.319155847653746605e-04
1.016474068164825439e-01
8.800768852233886719e-02
1.713757514953613281e-01
7.553634792566299438e-02
2.146293520927429199e-01
2.084779739379882812e-02
1.768043823540210724e-02
7.301493315026164055e-05
6.880202889442443848e-01
1.502477765083312988e+00
4.366187453269958496e-01
8.933355388762720395e-09
1.224657893180847168e-02
7.026693224906921387e-02
3.409426426514983177e-03
2.739821076393127441e-01
2.487348765134811401e-02
3.515302389860153198e-02
2.217989861965179443e-01
9.071189165115356445e-01
6.175863146781921387e-01
2.468011225573718548e-04
1.270066015422344208e-02
3.709188997745513916e-01
3.951254766434431076e-03
6.468509127444121987e-06
1.231203317642211914e+00
9.729569554328918457e-01
2.641982987938717997e-08
4.257822001818567514e-05
1.575545138621237129e-05
3.531955778598785400e-01
3.402203321456909180e-02
1.246446929872035980e-02
6.054069399833679199e-01
1.935807168483734131e-01
4.758837074041366577e-02
2.684056060388684273e-03
6.996570825576782227e-01
6.348485350608825684e-01
9.682086706161499023e-01
7.260572910308837891e-01
5.077670812606811523e-01
5.325071215629577637e-01
1.580820381641387939e-01
6.445646286010742188e-01
9.863812476396560669e-03
8.939300641941372305e-06
7.222574949264526367e-01
5.282756686210632324e-02
8.463070844300091267e-05
1.374740749597549438e-01
7.565163541585206985e-03
5.620297789573669434e-01
1.480999162595253438e-05
7.124461978673934937e-02
5.388903021812438965e-01
1.405617013006121852e-06
1.672225594520568848e-01
4.522081613540649414e-01
9.831913061475461291e-10
9.619139134883880615e-02
6.910266876220703125e-01
6.782122909498866647e-06
2.039064653217792511e-03
1.397764682769775391e-01
1.840477210635071970e-07
8.966569293988868594e-05
3.194595774402841926e-05
1.021648524329066277e-03
8.467335646855644882e-06
6.149172186851501465e-01
6.995847076177597046e-02
2.277567051351070404e-03
6.935338377952575684e-01
6.469991207122802734e-01
6.058448459953069687e-03
6.550287362188100815e-03
6.699109077453613281e-01
6.464022397994995117e-01
2.093436866998672485e-01
3.780215606093406677e-02
6.184564828872680664e-01
6.982764229178428650e-03
2.884552627801895142e-02
8.089771727100014687e-04
3.627776503562927246e-01
2.283891035403939895e-06
3.338505625724792480e-01
3.820158168673515320e-02
3.861961960792541504e-01
3.338655531406402588e-01
1.211296766996383667e-03
2.286683022975921631e-02
1.214794309589706245e-08
2.597779035568237305e-01
1.690147619228810072e-04
3.627707774285227060e-04
7.811484336853027344e-01
3.367247432470321655e-02
2.528088589315302670e-05
9.572721319273114204e-05
9.729770570993423462e-02
1.227502798428758979e-04
4.745420068502426147e-02
2.477507591247558594e-01
4.321020562201738358e-03
2.688328623771667480e-01
8.211242556571960449e-01
3.255135715007781982e-01
3.029932081699371338e-01
6.905465573072433472e-02
3.987331390380859375e-01
1.427054870873689651e-03
1.939757466316223145e-01
5.398431420326232910e-01
2.161461859941482544e-01
1.146105527877807617e-01
1.046530064195394516e-02
4.650709797715535387e-06
1.018725484609603882e-01
1.575958579778671265e-01
3.175182428094558418e-05
1.994802187255118042e-05
2.303923807289720571e-08
2.472669393682735972e-06
5.732961297035217285e-01
5.647689249599352479e-07
1.092152670025825500e-02
6.526727811433374882e-04
3.115552291274070740e-02
2.919325083894364070e-07
2.384324967861175537e-01
6.507415771484375000e-01
4.396928548812866211e-01
3.879610002040863037e-01
3.615221008658409119e-03
1.491520743002183735e-05
5.934591870754957199e-03
9.794388897716999054e-03
2.308765539860146987e-10
8.472672700881958008e-01
6.029186465639213566e-07
7.141878008842468262e-01
6.554815769195556641e-01
5.861291289329528809e-01
8.629301786422729492e-01
2.263601927552372217e-04
1.167828738689422607e-01
3.023025163528814119e-09
1.139288302510976791e-03
2.246691292384639382e-05
5.823376704938709736e-04
1.581850739285073359e-08
3.822378857876174152e-06
2.295063138008117676e-01
1.440402003936469555e-03
1.049213915393920615e-05
8.888163392839487642e-06
8.194126712623983622e-05
1.003355234861373901e-01
5.811407044529914856e-02
5.057196831330657005e-04
4.390298727230401710e-06
1.885199546813964844e-02
2.302984739799285308e-06
6.213839054107666016e-01
7.951641455292701721e-03
1.762805482030671556e-06
3.738252213224768639e-03
4.553474718704819679e-05
5.634528292830509599e-07
2.760465431492775679e-04
2.610236965119838715e-02
5.535795253308606334e-07
1.386733143590390682e-03
4.256764426827430725e-03
8.292047048996664671e-09
5.977747440338134766e-01
1.054701581597328186e-02
1.610894173609267455e-06
4.820265520066868703e-09
8.572739898227155209e-05
7.751200464554131031e-04
6.889498394002657733e-08
5.644206404685974121e-01
8.992005314212292433e-05
1.220055256823115997e-08
4.700868430518312380e-06
3.272089362144470215e-01
2.528088589315302670e-05
5.190240964293479919e-02
2.576109864094178192e-06
3.182415468927501934e-07
2.858655713498592377e-02
1.037656693370081484e-05
2.384436470492801163e-07
3.886007834807969630e-05
6.970956176519393921e-02
9.312486326962243766e-06
8.386829722439870238e-05
3.315664594992995262e-03
1.312543645326513797e-05
7.085208892822265625e-01
1.847633160650730133e-03
9.905871702358126640e-04
5.622975528240203857e-03
3.532241098582744598e-04
1.562943565659224987e-03
2.834932412952184677e-03
1.828411594033241272e-03
3.063769327127374709e-06
1.495062633694033138e-06
3.931101877242326736e-03
8.744646765990182757e-05
6.452481604579674013e-11
1.353787630796432495e-02
4.572892464693723014e-07
1.912222505779936910e-04
1.782401159289292991e-05
2.180284354835748672e-05
1.120516662922454998e-05
1.149528738864091792e-08
8.144461389747448266e-06
5.884021520614624023e-03
6.839467287063598633e-01
3.060474373928201430e-10
3.368155658245086670e-01
2.836135216057300568e-02
1.197518599838076625e-06
3.737331426236778498e-04
1.657298300415277481e-03
4.162387049291282892e-04
5.349699563339527231e-07
3.326300978660583496e-01
1.040153074427507818e-05
5.324528373762404954e-09
6.505292162728437688e-07
2.932157926261425018e-02
3.098026354564353824e-06
1.632315616006962955e-05
1.161355176009237766e-04
1.018725484609603882e-01
8.771684370003640652e-04
1.901684910990297794e-03
3.014011781488079578e-05
1.117988722398877144e-05
2.722226781770586967e-06
8.984915912151336670e-04
5.221557330514770001e-06
7.929720915853977203e-03
2.462317752360831946e-05
1.280603441955463495e-06
2.456660013194778003e-07
7.066345959901809692e-02
2.885521332984808396e-08
2.717755023695644923e-06
3.425125896683312021e-06
2.447651468173717149e-07
1.495938931839191355e-06
6.644292473793029785e-01
1.340718380760108630e-08
1.587456278502941132e-02
2.565683132615959039e-08
4.748697222112241434e-07
2.071900053124409169e-05
3.396136492028745124e-07
1.011226231639739126e-07
4.125658422708511353e-02
4.320608973503112793e-01
5.976704955101013184e-01
3.155612573027610779e-02
6.623654365539550781e-01
6.422609090805053711e-03
1.905319280922412872e-03
1.164322532713413239e-02
1.332449210167396814e-05
5.037906230427324772e-04
1.274579062737757340e-05
1.247786940439254977e-08
1.234786140003052424e-07
2.496313303709030151e-03
8.106350898742675781e-01
4.087672010064125061e-02
3.651089386380590440e-08
1.524592041969299316e-01
3.674310619317111559e-06
2.467464841902256012e-02
1.864222576841711998e-05
1.523774862289428711e-02
5.132946968078613281e-01
8.745647966861724854e-03
1.286715178139274940e-05
3.938394133001565933e-03
2.813604772090911865e-01
1.916761547327041626e-01
2.901449624914675951e-05
1.470363058615475893e-04
1.545220840171168675e-07
3.067062352783977985e-04
3.910793111572274938e-08
3.821893187705427408e-04
5.934048985523077135e-08
6.458797454833984375e-01
3.499385456962045282e-07
1.012419909238815308e-02
7.458499567292165011e-06
1.052369334502145648e-04
8.523019641870632768e-05
2.367979148402810097e-03
3.932870185963110998e-06
2.196526516229369008e-08
1.234283928397417185e-07
8.833985276623934624e-08
4.179579627816565335e-05
2.710955217480659485e-03
2.839878998628364570e-09
1.689497679471969604e-01
1.075125671923160553e-02
3.271820787631440908e-07
5.719699431210756302e-03
3.712841945002764987e-08
7.565163541585206985e-03
3.974456712603569031e-02
3.120509088039398193e-01
1.658260356634855270e-03
1.173064401172041471e-08
2.136025796062313020e-05
9.604617616787436418e-07
8.974405005574226379e-03
2.232945561408996582e-01
1.081587630324065685e-03
1.773597517740199692e-07
4.165560007095336914e-02
4.893331151833990589e-06
1.906150970398812206e-08
1.051356548487092368e-07
4.173050456302007660e-06
1.302994351135566831e-04
7.410987019538879395e-01
1.126542410929687321e-04
5.181852975510992110e-05
1.079662179108709097e-04
7.774786353111267090e-01
2.273582992984302109e-07
1.397808546244050376e-06
2.526403530822562971e-10
3.548247739672660828e-03
1.542518883943557739e-01
7.127512162696802989e-06
3.974823355674743652e-01
3.811685601249337196e-04
7.465708255767822266e-02
3.845245373668149114e-06
1.469118297100067139e-01
6.439372301101684570e-01
6.172803640365600586e-01
1.309709399938583374e-01
1.590651832472644855e-09
1.734018617582933075e-08
1.695671471679816023e-06
6.030744314193725586e-01
7.410749822156503797e-05
2.687863446772098541e-02
3.848987034871242940e-05
5.779430866241455078e-01
6.741963443346321583e-05
5.679256916046142578e-01
1.964316531655185827e-08
5.366930899697308632e-09
3.050766736123478040e-06
3.934177104383707047e-03
4.911191063001751900e-04
8.494363166391849518e-03
1.155466139316558838e-01
3.032041284711795015e-10
6.627736687660217285e-01
1.414015287082293071e-07
4.225726053118705750e-02
1.101118163205683231e-03
4.875010848045349121e-01
6.912993788719177246e-01
8.050667494535446167e-02
5.088836550712585449e-01
3.579680109396576881e-03
1.782424806151539087e-04
8.125066983666329179e-07
3.221879005432128906e-01
1.054102471975681965e-09
4.260081186657771468e-05
2.465990473865531385e-05
1.635218504816293716e-04
4.630299226846545935e-04
1.805701031116768718e-04
6.181753706187009811e-04
3.308334648609161377e-01
4.036413884023204446e-05
1.861364580690860748e-05
1.387727365909086075e-06
9.600950789945272845e-08
2.023907291004434228e-04
5.479010939598083496e-01
2.215740270912647247e-03
2.229116489615989849e-06
2.683190861716866493e-03
9.867439985100645572e-06
6.090096831321716309e-01
6.125628146946837660e-07
3.820158168673515320e-02
2.711446285247802734e-01
1.614473035260743927e-07
1.463848320781835355e-06
1.213551331602502614e-05
2.038745394727925486e-09
6.559436321258544922e-01
7.694287225604057312e-03
5.695824697613716125e-02
1.538618334961938672e-06
1.350644652120536193e-06
7.037714123725891113e-01
8.939300641941372305e-06
2.397614065557718277e-03
2.686732386791845784e-06
6.901915412527159788e-07
1.281101955100893974e-03
3.448171913623809814e-01
2.434928774164291099e-06
1.111721485358430073e-05
2.333017619093880057e-05
4.674105942249298096e-01
5.092511698603630066e-02
5.450602038763463497e-04
1.910932724058511667e-06
3.188052141922526062e-05
9.502978315367727191e-08
8.763689994812011719e-01
9.468742064200341702e-06
1.408005656511335246e-10
6.990607082843780518e-02
1.338623464107513428e-03
6.526692211627960205e-02
6.584640126675367355e-03
2.736964449286460876e-02
2.360816142754629254e-05
2.396690397290512919e-04
1.114763179543842853e-07
1.379717832605820149e-05
2.078068107366561890e-01
2.014753967523574829e-01
9.504471165655559162e-08
1.791326394595671445e-05
3.193710464984178543e-03
1.462089858250692487e-05
1.314625702798366547e-02
7.787953677507175598e-07
1.539068529382348061e-03
3.770165335481578950e-08
9.801822714507579803e-03
7.453584112226963043e-05
2.488667964935302734e-01
6.711201422149315476e-06
1.284573320299386978e-02
1.860842807218432426e-03
9.832089745032135397e-06
1.291913986206054688e-01
6.839152320026187226e-07
6.957029104232788086e-01
3.343255259096622467e-03
1.330373033958665019e-10
3.047390468418598175e-02
3.241985570639371872e-03
3.217891207896173000e-05
6.908823251724243164e-01
3.648270194389624521e-06
2.355713804718106985e-04
8.193922440113965422e-06
5.838546712766401470e-05
7.822412953828461468e-06
8.742711088416399434e-08
5.340907573699951172e-01
5.892292782664299011e-02
6.326936483383178711e-01
2.587186827440746129e-05
1.384922885335981846e-03
4.965208427165634930e-05
1.172962903976440430e+00
7.731935977935791016e-01
3.780407905578613281e-01
6.077997386455535889e-04
8.220641873776912689e-03
8.696742952452041209e-06
6.402125954627990723e-01
3.229646943509578705e-03
5.020534396171569824e-01
4.175206422805786133e-01
4.020855340058915317e-05
2.656896072039671708e-07
1.137080762418918312e-04
1.275660353712737560e-03
2.075194460715579226e-10
6.831957958638668060e-03
1.431126179340935778e-06
3.956300765275955200e-02
1.279094874462316511e-07
3.037785291671752930e-01
2.095236777677200735e-05
2.947020530700683594e-02
1.348632281406025868e-07
1.649993006139993668e-03
2.253932505846023560e-02
3.029757142066955566e-01
1.995942182838916779e-02
1.347259385511279106e-04
1.789205125533044338e-04
9.576214849948883057e-02
6.630693078041076660e-01
1.142725795507431030e-01
1.187580525875091553e-01
6.995611786842346191e-01
9.495600312948226929e-02
2.774496897472999990e-05
8.810044164420105517e-06
2.025327266892418265e-04
4.420124355419829953e-08
3.631819784641265869e-01
7.256238404806936160e-06
3.998741249233717099e-06
3.200876008691011521e-08
5.326889222487807274e-04
8.335353136062622070e-01
3.917870670557022095e-02
9.908035281114280224e-06
1.544659957289695740e-02
6.750478496542200446e-05
1.057942867279052734e+00
2.398213148117065430e-01
1.228240504860877991e-02
4.428587257862091064e-01
3.213968127965927124e-03
8.406430482864379883e-02
7.157468795776367188e-01
6.827135570347309113e-03
7.540398836135864258e-02
9.217070788145065308e-02
2.959956526756286621e-01
1.445970684289932251e-02
4.930773656042219955e-08
1.212010979652404785e-01
2.256943844258785248e-05
2.153910827473737299e-06
5.293414592742919922e-01
2.034601010382175446e-02
3.165133297443389893e-03
7.809846661984920502e-03
7.980501395650207996e-04
9.772929549217224121e-02
3.782268986105918884e-02
4.862608611583709717e-01
1.005448475480079651e-01
3.765436849789693952e-05
1.242327289219247177e-05
5.216715362621471286e-05
5.442290421342477202e-05
6.544838845729827881e-02
7.551183080067858100e-05
3.334357738494873047e-01
6.176062822341918945e-01
1.699356827884912491e-03
1.004162803292274475e-01
1.702178716659545898e-01
9.195892512798309326e-02
1.075717434287071228e-02
5.210676230490207672e-03
4.777149856090545654e-02
1.088036656379699707e+00
1.634138925510342233e-06
5.550350761041045189e-04
1.884741068352013826e-04
1.253559887409210205e-01
5.258334334939718246e-03
2.776992693543434143e-02
1.745508370731840841e-06
2.245726529508829117e-03
9.706815704703330994e-03
2.322749793529510498e-02
5.370852351188659668e-01
4.949283320456743240e-03
3.254836797714233398e-01
2.658316493034362793e-01
7.250258326530456543e-02
2.277567051351070404e-03
7.166339782997965813e-04
2.919698308687657118e-04
3.085100091993808746e-03
6.147541105747222900e-02
9.493313264101743698e-04
1.602595299482345581e-02
1.459539681673049927e-01
6.928257789695635438e-05
3.033171935840073274e-08
6.893948316574096680e-01
6.748917512595653534e-03
9.475838392972946167e-03
1.477285991313692648e-06
4.209498316049575806e-02
6.097639015933964401e-06
3.805030584335327148e-01
2.006495837122201920e-03
7.117891907691955566e-01
1.726632118225097656e-01
8.903222084045410156e-01
2.500453265383839607e-03
7.036096602678298950e-02
2.736807800829410553e-04
3.130229115486145020e-01
2.847321704030036926e-02
1.696512252092361450e-01
6.780992150306701660e-01
1.563848491059616208e-04
1.859009414911270142e-01
9.337849020957946777e-01
1.086880502043641172e-06
4.713414609432220459e-02
3.968414664268493652e-01
7.700359821319580078e-02
2.101742103695869446e-02
2.491234738499770174e-07
8.011631667613983154e-02
6.858785171061754227e-03
3.307757899165153503e-02
3.259947299957275391e-01
1.748832017183303833e-01
9.310765564441680908e-02
6.777687072753906250e-01
4.914569854736328125e-01
1.639368087053298950e-01
1.161922365427017212e-01
1.849842723459005356e-03
3.496116260066628456e-03
1.181371771963313222e-06
2.734589390456676483e-02
5.864900723099708557e-02
1.287311315536499023e-01
1.128150761360302567e-04
4.575349390506744385e-02
2.378917038440704346e-01
5.504352450370788574e-01
1.537748845294117928e-03
7.847553491592407227e-02
1.128908526152372360e-02
5.257779359817504883e-02
1.886860840022563934e-02
4.543286195257678628e-06
1.678006810834631324e-04
8.194658160209655762e-02
9.408304691314697266e-01
1.079883542843163013e-03
1.399578601121902466e-01
6.391098257154226303e-03
6.805940866470336914e-01
6.642733812332153320e-01
2.112553838459763078e-13
2.856380045413970947e-01
6.377016543410718441e-04
6.913377046585083008e-01
2.973738359287381172e-03
1.382845803163945675e-03
5.971483588218688965e-01
2.668318666110280901e-05
2.526302356272935867e-03
3.835358470678329468e-02
1.590884849429130554e-02
3.099574678344652057e-05
1.010989427566528320e+00
1.568142175674438477e-01
1.007171068340539932e-02
7.435969018843024969e-05
3.073787689208984375e-02
1.330956001766026020e-03
3.999847173690795898e-02
4.143982368987053633e-05
5.204451829195022583e-02
4.914132952690124512e-01
6.948214173316955566e-01
1.820543184294365346e-05
6.130586266517639160e-01
3.393816202878952026e-02
1.349336802959442139e-01
4.887687563896179199e-01
4.116532462128397185e-11
9.697453677654266357e-02
5.271476879715919495e-02
3.289887390565127134e-04
3.136541461572051048e-03
5.535680247525931463e-10
1.496558040380477905e-01
4.516950139077380300e-05
2.704031765460968018e-01
4.514580359682440758e-05
4.212623028188033913e-10
1.139665953814983368e-03
2.295449972152709961e-01
5.246173241175711155e-04
6.352118253707885742e-01
6.472189426422119141e-01
6.587408279301598668e-05
2.100259065628051758e-01
5.169652402400970459e-03
3.534094393253326416e-01
2.422970533370971680e-02
6.300768852233886719e-01
6.361348927021026611e-02
2.104336768388748169e-01
5.532109737396240234e-01
3.175182428094558418e-05
1.235096278833225369e-04
6.169071048498153687e-02
4.669469892978668213e-01
5.582494735717773438e-01
3.679871857166290283e-01
2.333943918347358704e-02
7.082719821482896805e-03
3.691515667014755309e-05
4.975162446498870850e-01
2.244603354483842850e-03
6.244009733200073242e-02
8.194271326065063477e-01
3.493671101750805974e-05
3.470510616898536682e-02
1.735312253003939986e-06
2.299285188200883567e-05
1.022449731826782227e+00
1.073340922594070435e-01
1.446766054868930951e-05
6.760576367378234863e-01
7.766878115944564342e-04
4.127005040645599365e-01
2.043117210268974304e-02
1.132856687036110088e-05
2.029961797234136611e-05
5.563351805903948843e-05
1.294019222259521484e-01
1.716151088476181030e-02
1.807629269023891538e-05
2.130405851730188260e-10
1.879254728555679321e-01
9.474506229162216187e-02
9.572721319273114204e-05
5.961809754371643066e-01
1.251895679160952568e-03
7.254281081259250641e-04
2.754876315593719482e-01
4.200266003608703613e-01
3.374542295932769775e-02
5.799823999404907227e-01
6.610613316297531128e-02
2.578257746188583610e-11
3.178244233131408691e-01
7.516078352928161621e-01
2.694488763809204102e-01
3.280830979347229004e-01
5.343103408813476562e-01
1.952404383998018744e-12
7.134995030355639756e-07
7.811484336853027344e-01
5.934591870754957199e-03
4.675832577049732208e-03
9.299818277359008789e-01
1.845773681998252869e-02
4.138225689530372620e-03
8.713144809007644653e-03
8.360228821402415633e-05
3.696568310260772705e-01
6.893198490142822266e-01
9.780708933249115944e-04
1.186282187700271606e-02
5.428466200828552246e-01
6.102472078055143356e-03
3.410477656871080399e-04
3.955158172175288200e-04
7.786668720655143261e-04
2.234236449003219604e-01
5.162659363122656941e-05
1.144904613494873047e+00
4.254643321037292480e-01
8.289645847980864346e-06
1.285642534494400024e-01
1.889078468084335327e-01
4.686718806624412537e-03
3.692391317144938512e-07
1.013146042823791504e+00
7.746326673441217281e-07
1.021551593316516460e-11
1.357122231274843216e-02
8.027096986770629883e-01
4.220584928989410400e-01
1.907356381416320801e-01
2.615749537944793701e-01
1.812972943298518658e-03
1.032378911972045898e+00
6.739125251770019531e-01
2.006255044761928730e-06
5.299921613186597824e-04
4.164679694440565072e-07
9.981483162846416235e-05
6.698449254035949707e-01
6.134583149105310440e-03
7.000725269317626953e-01
2.187583231716416776e-05
3.951833059545606375e-04
8.340355008840560913e-03
1.326493732631206512e-02
1.518753124400973320e-03
6.767565396970098845e-10
6.371868221322074533e-05
6.054238765500485897e-04
5.314029986038804054e-04
2.390345036983489990e-01
3.820389807224273682e-01
3.472127020359039307e-02
1.107502654194831848e-01
3.310675024986267090e-01
4.262432048562914133e-05
4.517761990427970886e-04
1.945469081401824951e-01
4.703550599515438080e-03
1.021680794656276703e-02
5.577118135988712311e-03
2.401769459247589111e-01
9.056724081801803550e-08
2.627760986797511578e-04
1.167594920843839645e-03
2.299714396940544248e-04
4.765358269214630127e-01
1.984752714633941650e-02
2.946760356426239014e-01
1.312397718429565430e-01
1.775405183434486389e-02
6.184564828872680664e-01
2.180710285902023315e-01
7.004634141921997070e-01
1.483036612626165152e-05
1.737447977066040039e-01
3.762636333703994751e-05
1.152374825323931873e-04
4.950236156582832336e-02
4.561501145362854004e-01
1.739070005714893341e-02
2.971374306071083993e-05
2.467979304492473602e-02
4.091737270355224609e-01
1.216822769492864609e-03
4.058140516281127930e-02
1.020961935864761472e-04
1.844061911106109619e-01
3.501455299556255341e-03
1.238896846771240234e-01
9.717223793268203735e-02
5.374364089220762253e-03
2.035917532339226454e-05
1.021462492644786835e-03
1.132660778239369392e-03
5.411480665206909180e-01
2.328066676855087280e-01
3.594315946102142334e-01
8.836558088660240173e-03
7.560994029045104980e-01
9.333934634923934937e-03
1.266101899091154337e-04
6.232247222214937210e-03
2.124601602554321289e-01
4.323730710893869400e-03
3.121410124003887177e-02
5.519818514585494995e-02
7.247227709740400314e-03
6.133029460906982422e-01
1.640492992009967566e-04
3.433823883533477783e-01
1.064605358988046646e-02
3.415606915950775146e-03
5.299831391312181950e-04
4.836010280996561050e-03
8.257858753204345703e-01
9.027197957038879395e-04
5.282756686210632324e-02
5.563725717365741730e-03
1.926452387124300003e-04
1.514627728793627170e-10
2.272302845085505396e-05
1.417842213413678110e-05
1.761380019615899073e-08
2.385377883911132812e-03
2.290212941166713811e-12
3.590522566810250282e-03
2.610043156892061234e-05
7.489641120628220960e-06
7.435766747221350670e-05
2.524276351323351264e-05
8.737976313568651676e-04
1.453069126000627875e-05
9.421551367267966270e-04
1.035223642920080067e-10
1.334376516751945019e-03
4.150069435127079487e-04
4.868891210207948461e-07
2.756970873818431755e-09
1.178240381705109030e-06
6.929038166999816895e-01
5.692883278243243694e-04
2.602659515105187893e-04
4.421176072355592623e-06
7.564730185549706221e-05
3.585222074775629153e-08
2.043066826828976446e-09
3.497524012345820665e-04
3.978753966293879785e-07
4.937237245030701160e-04
1.184399245346412499e-10
9.924131205707453773e-08
2.467524632811546326e-02
3.169859610352432355e-07
5.737152832807623781e-07
2.793763065710663795e-03
3.717857453011674806e-06
3.203267340268212138e-08
6.476956286860513501e-07
6.099000573158264160e-02
2.191291059716604650e-05
1.817183755338191986e-02
3.313419801997952163e-05
1.007103081792593002e-02
3.923107215086929500e-06
4.734547172716152552e-13
8.922589477151632309e-04
1.163498018286190927e-05
1.697519837762229145e-05
2.488024165359092876e-06
3.822378857876174152e-06
9.981601323261202197e-09
4.064073786139488220e-03
7.658377398911397904e-06
5.966565804556012154e-04
2.481476144566840958e-07
2.986202503052481916e-07
2.562515248882846208e-07
6.004828173900023103e-05
3.583707730285823345e-04
3.475276380777359009e-02
5.906277874601073563e-05
1.321468356962895996e-08
3.527876455336809158e-03
1.305854041129350662e-02
5.676548971678130329e-05
1.148103969171643257e-03
5.408777870030689883e-09
2.120029239449650049e-05
1.452859258279204369e-03
5.545886233448982239e-05
1.107640843838453293e-02
3.183125052601099014e-03
2.222967809828446661e-09
3.564760787412524223e-03
1.610841718502342701e-04
9.738410078341530607e-09
1.866308957687579095e-05
9.637948096496984363e-05
2.252709840888655890e-08
8.077388629317283630e-03
1.893345870485063642e-05
2.400987852979596937e-08
1.463796506868675351e-04
2.261382155120372772e-02
8.947879076004028320e-03
3.017195937538019734e-10
2.719255462579894811e-06
1.410973982274299487e-05
2.405533159617334604e-04
1.945024414453655481e-04
9.471465455135330558e-05
1.155526399612426758e+00
5.845004579896340147e-06
8.842027746140956879e-03
3.473964461591094732e-04
1.473300345242023468e-02
6.650558114051818848e-02
4.252661165082827210e-05
8.241085708141326904e-02
1.331449675490148365e-05
1.339983766307506485e-11
9.582581114955246449e-04
1.671779318712651730e-03
1.173686468973755836e-03
1.613257722965499852e-06
1.759425938274716827e-11
4.110082518309354782e-03
2.969135787928012249e-12
2.116661335094249807e-06
6.761564873158931732e-05
3.484422268229536712e-05
1.006278154136452940e-07
5.955000119683973026e-07
1.876193164207506925e-05
8.350781399713014252e-07
4.514602380822907435e-07
8.957383101915183943e-07
1.539478264749050140e-02
1.884733792394399643e-03
5.626225174637511373e-05
3.171933349221944809e-04
1.587831803817607579e-07
4.168762461631558836e-05
7.114848813216667622e-06
9.059575859282631427e-06
6.846612166100385366e-09
7.341022012496978277e-08
2.412771755189169198e-05
2.461851181578822434e-06
3.699358375186534431e-09
6.831943437646259554e-07
1.022462965920567513e-03
3.871905792038887739e-04
2.304551571796764620e-06
6.609508418478071690e-04
1.921385410241782665e-05
2.606826456030830741e-05
2.128271958667937724e-08
4.716716706752777100e-03
3.076654626056551933e-03
9.509244700893759727e-04
3.430977812968194485e-06
2.038786135472037131e-07
1.247566272510880481e-09
3.074047528207302094e-02
2.794879022985696793e-03
4.558255022857338190e-04
3.116055727005004883e-01
1.228782162070274353e-02
1.451185089536011219e-04
1.204254260755988071e-07
1.391017867717891932e-04
2.773837447166442871e-01
7.509948773076757789e-05
4.301560111343860626e-04
1.850017870310693979e-04
3.850705616059713066e-05
1.162008445021456282e-08
2.447651468173717149e-07
3.394083469174802303e-04
2.917837798595428467e-01
2.028720480495849188e-08
3.896857379004359245e-05
2.417213651462191137e-11
2.028245035035070032e-06
8.330504409968852997e-03
9.387390455231070518e-04
9.701775270514190197e-04
2.273496590987633681e-07
3.941709175705909729e-02
4.835585265539066313e-10
2.841408604581374675e-05
1.881669504655292258e-07
2.917218080256134272e-05
1.410080130881397054e-05
1.160429892479442060e-04
2.972580865025520325e-02
5.107824563310714439e-06
3.177766129374504089e-02
2.720482734730467200e-05
1.201271082607036078e-08
2.297605306011973880e-07
5.398723762482404709e-03
4.512457177042961121e-03
1.668839599005877972e-03
1.163983251899480820e-03
5.002379566576564685e-06
1.260867866221815348e-04
3.559048536772024818e-06
1.246761967195197940e-04
3.030793050129432231e-05
3.054692115256329998e-06
2.032382144534494728e-05
8.399327953156898730e-07
1.364015474791813176e-06
1.046061152010224760e-04
2.938311594036235874e-09
4.604414105415344238e-01
1.178552978672087193e-03
1.640508884293012670e-07
2.028751745820045471e-02
6.883155583636835217e-05
2.283533103764057159e-04
1.555114522489020601e-06
6.871599733671018839e-09
7.278649150066485163e-08
1.252684392966330051e-03
2.513720858132728608e-07
1.910932724058511667e-06
2.493216015864163637e-04
5.547416037643415621e-08
8.885229476618405897e-07
3.666031407192349434e-04
6.901915412527159788e-07
2.284076660871505737e-01
4.193068598397076130e-04
3.067283541895449162e-04
3.231447749385552015e-07
6.152480840682983398e-03
2.710955217480659485e-03
1.674809318501502275e-04
1.782590879884082824e-05
6.525513017550110817e-04
9.743399568833410740e-04
4.279789891370455734e-07
2.434252819512039423e-04
3.549254188328632154e-06
1.198433019453659654e-04
1.179112936370074749e-03
2.033431082963943481e-04
1.466801404603756964e-05
2.907354210037738085e-04
5.491565389093011618e-05
1.067827921360731125e-03
3.335649580549215898e-06
2.678433060646057129e-02
2.625907212495803833e-02
9.051456686393066775e-07
1.577423859089321923e-06
1.714655809337273240e-05
4.538844677881570533e-08
3.435748396896087797e-08
1.086758638848550618e-04
8.502680575475096703e-04
2.291450509801506996e-04
3.498797377687878907e-05
2.930658103347805188e-13
2.136328475899063051e-05
2.674423376447521150e-05
2.534636005293577909e-04
4.502356797456741333e-02
1.488029723986983299e-03
7.348407991230487823e-03
1.825812432798556983e-06
5.652237534523010254e-01
3.605024889111518860e-03
2.717755023695644923e-06
5.508500180440023541e-06
2.949917106889188290e-04
4.287015795707702637e-01
-0.000000000000000000e+00
-0.000000000000000000e+00
-0.000000000000000000e+00
-0.000000000000000000e+00
-0.000000000000000000e+00
-0.000000000000000000e+00
-0.000000000000000000e+00
-0.000000000000000000e+00
-0.000000000000000000e+00
-0.000000000000000000e+00
-0.000000000000000000e+00
-0.000000000000000000e+00
-0.000000000000000000e+00
-0.000000000000000000e+00
-0.000000000000000000e+00
-0.000000000000000000e+00
-0.000000000000000000e+00
-0.000000000000000000e+00
-0.000000000000000000e+00
-0.000000000000000000e+00
-0.000000000000000000e+00
-0.000000000000000000e+00
-0.000000000000000000e+00
-0.000000000000000000e+00
-0.000000000000000000e+00
-0.000000000000000000e+00
-0.000000000000000000e+00
-0.000000000000000000e+00
-0.000000000000000000e+00
-0.000000000000000000e+00
-0.000000000000000000e+00
-0.000000000000000000e+00
-0.000000000000000000e+00
-0.000000000000000000e+00
-0.000000000000000000e+00
-0.000000000000000000e+00
-0.000000000000000000e+00
-0.000000000000000000e+00
-0.000000000000000000e+00
-0.000000000000000000e+00
