4.947452107444405556e-04
3.966251824749633670e-05
3.150357864797115326e-03
1.361694812774658203e+00
4.778279736638069153e-02
2.529019862413406372e-02
1.716327853500843048e-03
6.539418973261490464e-05
8.439809083938598633e-01
1.735684275627136230e-02
1.806697109714150429e-03
1.109690368175506592e-01
1.747193783521652222e-01
8.187920600175857544e-02
4.221791923046112061e-01
1.010477423667907715e+00
6.874110549688339233e-02
9.392231004312634468e-05
4.537206166332907742e-07
1.166504621505737305e-01
3.135024011135101318e-01
7.307142019271850586e-01
1.302392482757568359e+00
3.112365258857607841e-03
2.801916562020778656e-03
2.226465195417404175e-02
6.672841118415817618e-05
4.838612949242815375e-05
3.805573582649230957e-01
8.709263987839221954e-03
6.724301725625991821e-02
7.796271443367004395e-01
1.425398420542478561e-02
8.819562935968860984e-05
8.219055086374282837e-02
6.754422783851623535e-01
5.597166018560528755e-04
2.689428441226482391e-02
6.822757422924041748e-03
2.681349404156208038e-02
8.437066525220870972e-02
9.304078295826911926e-03
2.526586285966914147e-05
6.038163304328918457e-01
4.623457323759794235e-03
2.512761764228343964e-02
3.242191076278686523e-01
1.268898367881774902e+00
3.534711897373199463e-01
4.909882247447967529e-01
6.502097845077514648e-01
1.199790312966797501e-05
1.502841264009475708e-01
1.093905448913574219e+00
9.464440867304801941e-03
1.491958498954772949e-01
1.583023811690509319e-03
8.505335450172424316e-02
1.151110082864761353e-01
3.188583627343177795e-02
2.519919723272323608e-02
5.333147011697292328e-03
7.128239274024963379e-01
6.335337162017822266e-01
3.833386301994323730e-02
6.022242903709411621e-01
5.890980537515133619e-05
8.091766503639519215e-04
1.222263963427394629e-04
7.270253896713256836e-01
4.836013913154602051e-02
1.391615867614746094e-01
1.022563409060239792e-02
1.619317680597305298e-01
4.183965548872947693e-02
7.366961333900690079e-03
3.624923154711723328e-02
1.206344179809093475e-02
7.182959467172622681e-02
3.740541934967041016e-01
1.397369895130395889e-03
9.948520921170711517e-03
6.607685089111328125e-01
1.938895694911479950e-02
7.776343822479248047e-01
4.089234396815299988e-03
6.988238310441374779e-04
9.410770535469055176e-01
3.227091838198248297e-06
7.122221177269238979e-07
6.655129982391372323e-05
9.913088381290435791e-02
1.533148884773254395e-01
5.020401626825332642e-02
1.845391525421291590e-04
2.758231163024902344e-01
6.844466406619176269e-05
2.491675550118088722e-03
8.301602210849523544e-04
2.467333106324076653e-04
4.665444430429488420e-04
1.139385700225830078e+00
1.925690621137619019e-01
6.991630196571350098e-01
6.346677243709564209e-02
7.676056623458862305e-01
1.614490058273077011e-03
8.037540912628173828e-01
1.272915452718734741e-01
3.690698649734258652e-04
4.989177687093615532e-04
4.724244773387908936e-02
2.311838790774345398e-02
3.072789695579558611e-05
4.635211080312728882e-02
2.381531667197123170e-04
1.520920523034874350e-05
1.641692826524376869e-03
7.362822316281381063e-07
6.750314682722091675e-02
4.229647219181060791e-01
6.898534297943115234e-01
9.445823729038238525e-03
7.684707641601562500e-01
1.060781651176512241e-03
5.625977064482867718e-04
7.207715511322021484e-01
3.012822702430639765e-08
1.159477606415748596e-01
1.924176067113876343e-01
4.016003804281353951e-04
6.338146328926086426e-02
6.805440187454223633e-01
1.357515884592430666e-06
2.471071109175682068e-02
2.437927527353167534e-03
4.159080982208251953e-02
3.723108675330877304e-03
7.699318528175354004e-01
7.045096158981323242e-01
5.466971546411514282e-02
1.178281784057617188e+00
4.052515607327222824e-03
3.843772411346435547e-01
4.881219647359102964e-04
3.338825702667236328e-01
2.165298312902450562e-01
1.138522386550903320e+00
1.968949218280613422e-04
1.167904492467641830e-02
2.311795833520591259e-05
8.683854275659541599e-07
4.768028110265731812e-02
3.998700529336929321e-03
1.389384306094143540e-05
4.928296208381652832e-01
6.875355243682861328e-01
1.220111007569357753e-04
8.201124146580696106e-03
1.026854477822780609e-02
2.062207495328038931e-04
1.900944625958800316e-04
2.356192417209967971e-04
9.745271503925323486e-02
2.715999186038970947e-01
9.120154976844787598e-01
1.542320009320974350e-03
5.292543210089206696e-03
6.482887268066406250e-02
3.599106669425964355e-01
1.785450265742838383e-03
3.887141247105319053e-06
6.945627927780151367e-01
1.094208583235740662e-01
2.625980705488473177e-04
7.563202525489032269e-04
6.843418478965759277e-01
2.466926127672195435e-01
1.855467853602021933e-04
6.642117500305175781e-01
1.909332722425460815e-02
1.569127562106586993e-05
8.142627775669097900e-02
7.831995189189910889e-02
7.711762445978820324e-04
5.564198493957519531e-01
4.574279785156250000e-01
5.276819691061973572e-02
2.567493021488189697e-01
6.810106635093688965e-01
6.603423971682786942e-04
3.795134127140045166e-01
1.786131761036813259e-03
6.396071314811706543e-01
1.562055200338363647e-01
6.938579026609659195e-03
3.049350634682923555e-04
5.959120988845825195e-01
1.109899767470778897e-05
7.245489541674032807e-05
2.407008139471145114e-07
1.600727846380323172e-04
1.714630052447319031e-02
1.074393019080162048e-01
8.664176566526293755e-04
1.060258131474256516e-02
2.092516515403985977e-03
1.213968498632311821e-04
1.207605004310607910e-01
3.651968017220497131e-02
5.776830366812646389e-04
6.654849858023226261e-04
3.981389999389648438e-01
2.488492615520954132e-02
1.628891974687576294e-01
6.836575269699096680e-01
3.465995192527770996e-01
4.259199704392813146e-05
6.399122532457113266e-03
7.438693940639495850e-02
1.263035368174314499e-02
8.214140543714165688e-04
2.669051173143088818e-05
9.813212091103196144e-04
6.113318800926208496e-01
5.544707775115966797e-01
1.014809727668762207e+00
3.581514954566955566e-02
2.717392926570028067e-04
6.718052625656127930e-01
4.968481063842773438e-01
4.066170658916234970e-04
1.013464689254760742e+00
5.315106362104415894e-03
1.162443222710862756e-04
1.207347027957439423e-03
7.360330782830715179e-04
9.577815234661102295e-02
2.025604993104934692e-01
2.378777116537094116e-01
2.447499930858612061e-01
4.913916885852813721e-01
2.077514082193374634e-01
5.415157065726816654e-04
3.943114578723907471e-01
1.850968459621071815e-03
1.780275488272309303e-04
1.246602623723447323e-03
7.600209210067987442e-05
2.935473918914794922e-01
1.253710687160491943e-02
3.568005561828613281e-02
2.982245385646820068e-02
6.915119886398315430e-01
3.915301561355590820e-01
6.104523316025733948e-02
-0.000000000000000000e+00
-0.000000000000000000e+00
-0.000000000000000000e+00
-0.000000000000000000e+00
-0.000000000000000000e+00
-0.000000000000000000e+00
-0.000000000000000000e+00
-0.000000000000000000e+00
-0.000000000000000000e+00
-0.000000000000000000e+00
-0.000000000000000000e+00
-0.000000000000000000e+00
-0.000000000000000000e+00
-0.000000000000000000e+00
-0.000000000000000000e+00
-0.000000000000000000e+00
-0.000000000000000000e+00
-0.000000000000000000e+00
-0.000000000000000000e+00
-0.000000000000000000e+00
