1.087383031845092773e+00
7.509766146540641785e-03
4.248235225677490234e-01
2.897843951359391212e-03
4.542933766060741618e-06
7.602454570587724447e-05
2.627003192901611328e-02
4.570241272449493408e-01
2.603607252240180969e-03
4.897731123492121696e-04
1.005918085575103760e-01
2.447700798511505127e-01
3.262162790633738041e-04
1.061770217347657308e-05
4.889884166914271191e-06
3.768577054142951965e-02
1.344659831374883652e-03
6.943527460098266602e-01
3.041859269142150879e-01
2.873476743698120117e-01
1.227099448442459106e-02
2.355353683233261108e-01
8.406841754913330078e-01
5.750911831855773926e-01
2.150104264728724957e-04
3.118472397327423096e-01
1.203404099214822054e-04
4.156965189849870512e-07
3.089094758033752441e-01
1.000799059867858887e+00
3.053154051303863525e-02
7.651645541191101074e-01
1.817423617467284203e-03
3.587465733289718628e-02
5.243559479713439941e-01
4.686854708779719658e-07
6.710066199302673340e-01
3.954201191663742065e-02
2.000498175621032715e-01
3.836962394416332245e-03
5.186110734939575195e-02
5.967577099800109863e-01
6.859773993492126465e-01
6.094850897789001465e-01
9.155200719833374023e-01
7.232418656349182129e-02
6.364442873746156693e-03
8.247345103882253170e-04
3.097680024802684784e-02
1.068111858330667019e-03
4.088371351826936007e-04
2.294811010360717773e-01
3.321141600608825684e-01
3.279901036098292755e-13
2.753684483468532562e-02
9.074991941452026367e-01
7.276251912117004395e-02
8.285224437713623047e-03
2.898362581618130207e-04
9.724064916372299194e-02
4.807280004024505615e-01
6.861776928417384624e-04
7.301050573005340993e-07
1.343150157481431961e-02
6.891537904739379883e-01
8.758381605148315430e-01
2.674304246902465820e-01
1.046016532927751541e-02
1.284721642732620239e-01
3.659295141696929932e-01
6.922975182533264160e-01
6.635511517524719238e-01
3.175987785652978346e-06
9.422530420124530792e-04
6.882281303405761719e-01
1.215949580073356628e-01
4.977045655250549316e-01
8.787676692008972168e-02
3.682850394397974014e-03
3.659880906343460083e-02
6.736324727535247803e-02
4.390968978404998779e-01
1.606754813110455871e-05
6.858692504465579987e-03
2.862287759780883789e-01
6.392776221036911011e-02
1.859691366553306580e-02
1.791482232511043549e-02
2.439036499708890915e-03
1.395791303366422653e-03
2.691976726055145264e-01
1.598868072032928467e-01
2.943225577473640442e-02
8.027155399322509766e-01
2.465780824422836304e-03
1.718307435512542725e-01
1.414220832884893753e-06
3.161654472351074219e-01
1.901111332699656487e-03
2.837089300155639648e-01
4.670868747780332342e-06
4.530172795057296753e-03
8.564090356230735779e-03
1.769796386361122131e-02
2.450548484921455383e-02
2.626154199242591858e-02
2.248172415420413017e-03
4.366264641284942627e-01
1.330326922470703721e-04
4.911759868264198303e-03
6.208345890045166016e-01
1.954085975885391235e-01
7.542803287506103516e-01
1.392037235200405121e-02
1.988056756090372801e-04
1.130200326442718506e-01
2.194070816040039062e-02
1.303488621488213539e-03
3.374833147972822189e-03
3.544116334524005651e-04
2.253344804048538208e-01
5.546224713325500488e-01
6.658924818038940430e-01
4.768184423446655273e-01
1.616930514574050903e-01
1.344477534294128418e-01
9.162741899490356445e-02
4.575754702091217041e-01
6.666779518127441406e-01
2.092879731208086014e-04
3.371766209602355957e-02
1.175345778465270996e-01
1.588613144122064114e-03
5.361587926745414734e-02
5.170281092148343305e-09
1.058555245399475098e+00
7.969980686902999878e-02
3.700691377162002027e-05
4.937178132990993618e-08
9.336856007575988770e-02
1.056583691388368607e-02
5.335336923599243164e-01
3.684198111295700073e-02
1.641245908103883266e-04
2.413370879366993904e-03
3.549695014953613281e-01
4.134228947805240750e-05
5.829870235174894333e-03
5.389486551284790039e-01
6.367274522781372070e-01
8.495342029846142395e-08
9.113650768995285034e-02
5.064968019723892212e-02
1.979154348373413086e-01
1.978925801813602448e-02
3.365026414394378662e-01
7.527440786361694336e-01
4.197647795081138611e-02
2.213700327047263272e-06
6.481853127479553223e-01
8.580438443459570408e-04
1.016135096549987793e+00
1.149432182312011719e+00
3.054754249751567841e-02
5.029944777488708496e-01
6.817602515220642090e-01
1.285782735794782639e-02
1.185504879686050117e-04
2.410277204489830183e-07
6.536412239074707031e-02
3.081805631518363953e-02
8.554230630397796631e-02
8.940455736592411995e-04
1.830825805664062500e-01
2.187151908874511719e-01
1.147908740676939487e-03
3.742033243179321289e-02
1.116861767513910308e-07
2.069511538138613105e-04
2.897697687149047852e-01
6.946688294410705566e-01
8.107943087816238403e-02
1.555930823087692261e-02
1.577804051339626312e-02
3.043939173221588135e-01
2.217047512531280518e-01
7.408842444419860840e-02
6.641951799392700195e-01
8.713623285293579102e-01
1.274096071720123291e-01
1.537986271671343275e-08
1.917940974235534668e-01
1.020895689725875854e-01
7.488943338394165039e-01
5.301467776298522949e-01
9.709740988910198212e-03
9.537715959595516324e-05
3.137988448143005371e-01
2.186460051234462298e-06
5.560355782508850098e-01
4.880415201187133789e-01
8.603658080101013184e-01
1.422545523382723331e-03
8.233362808823585510e-03
4.647232592105865479e-03
4.804018735885620117e-01
6.076510180719196796e-05
1.016718149185180664e-01
1.792682260274887085e-01
3.587400913238525391e-02
1.143922803703567581e-10
1.251310855150222778e-01
8.430507150478661060e-04
4.070642171427607536e-05
1.762807816267013550e-01
3.442863523960113525e-01
2.099981904029846191e-01
2.439686504658311605e-04
2.856409701053053141e-04
5.351220257580280304e-03
1.257827389054000378e-04
7.258810102939605713e-02
1.310142781585454941e-02
6.578016281127929688e-01
4.787480235099792480e-01
6.239817142486572266e-01
7.871948480606079102e-01
6.040414834984630943e-09
2.220092266798019409e-01
5.872158408164978027e-01
6.832703948020935059e-01
2.463730871677398682e-01
5.304044847775912785e-08
5.138810724020004272e-02
4.395608901977539062e-01
6.867638789117336273e-03
5.829241275787353516e-01
1.196399927139282227e-01
9.806774854660034180e-01
8.503349704369611572e-07
3.047932311892509460e-02
2.259898632764816284e-01
1.697625615634024143e-03
1.088983774185180664e+00
6.431470625102519989e-03
8.018518239259719849e-02
7.303585292106617999e-09
3.936846852302551270e-01
5.533166974782943726e-02
2.500157989561557770e-02
6.155322771519422531e-03
4.965487718582153320e-01
8.390258066356182098e-03
6.747692823410034180e-01
2.127736661350354552e-05
4.196029156446456909e-03
2.092738598585128784e-01
5.514789904736971948e-07
5.103788375854492188e-01
1.887899488210678101e-01
5.579882264137268066e-01
3.869622945785522461e-01
8.281769114546477795e-04
2.282110217493027449e-04
8.290275931358337402e-01
4.821529273613123223e-06
9.106586873531341553e-02
1.211981326341629028e-01
2.829009294509887695e-02
6.587259769439697266e-01
1.041548421198967844e-05
9.264271855354309082e-01
7.438140769977508171e-09
8.570235804654657841e-04
8.572627052672032733e-08
9.913266694638878107e-06
2.864897847175598145e-01
1.677774853305891156e-04
8.184983581304550171e-02
6.586229428648948669e-03
4.423496723175048828e-01
3.245173254981637001e-03
3.056230256333947182e-03
7.430374622344970703e-01
6.270661950111389160e-01
2.978670001029968262e-01
1.048681497573852539e+00
4.328163266181945801e-01
6.952773779630661011e-03
1.345363911241292953e-03
6.928668022155761719e-01
1.806003227829933167e-02
4.450060427188873291e-01
2.070594578981399536e-01
7.360051199611916672e-07
3.199065849184989929e-02
1.787473559379577637e-01
1.058965426636859775e-04
1.369183223687286954e-06
2.923465672211023048e-06
1.812946200370788574e-01
6.532552838325500488e-02
4.399941861629486084e-02
4.466391354799270630e-02
2.727428376674652100e-01
1.307801459915935993e-03
7.235932350158691406e-02
2.628456801176071167e-02
2.845827351549701234e-09
6.562933325767517090e-01
6.927913427352905273e-01
5.653614997863769531e-01
9.880706667900085449e-02
3.299467498436570168e-03
4.143280908465385437e-03
2.005274780094623566e-02
1.008504748344421387e+00
1.753750211719307117e-08
1.353419013321399689e-02
1.977722942829132080e-01
2.788484096527099609e-01
1.566736027598381042e-03
9.512160420417785645e-01
4.226199686527252197e-01
2.328060800209641457e-03
1.640761365706566721e-05
6.957202404737472534e-02
4.547815735111981894e-10
1.361924648284912109e+00
3.109412172186409862e-10
1.267702486984489951e-06
8.396057784557342529e-02
5.978435873985290527e-01
1.805095962481573224e-05
2.525629103183746338e-01
2.995310351252555847e-02
4.398617744445800781e-01
6.938362717628479004e-01
7.481356710195541382e-02
3.271314203739166260e-01
5.459143519401550293e-01
2.470916369929909706e-03
4.616606980562210083e-02
6.365531682968139648e-02
9.455994367599487305e-01
8.894421905279159546e-02
5.314663425087928772e-02
5.047122240066528320e-01
3.014531359076499939e-02
1.435787708032876253e-04
4.371212124824523926e-01
1.715819686651229858e-01
8.425469510257244110e-03
2.460850588977336884e-02
1.982984940696042031e-05
1.825091615319252014e-02
4.127144813537597656e-01
1.942558446899056435e-03
1.879460469353944063e-04
2.249174565076828003e-02
2.660951912403106689e-01
3.134830892086029053e-01
4.747428596019744873e-01
1.039157879745289392e-07
5.351174157112836838e-03
5.787063855677843094e-03
1.395385515934322029e-05
7.004214808148390148e-08
6.091599971114192158e-06
5.930298008024692535e-03
2.074822696158662438e-04
5.691871592716779560e-06
1.731228898279368877e-03
2.121937577612698078e-04
4.752770066261291504e-01
2.223858423531055450e-02
3.315681358799338341e-03
5.781212239526212215e-04
1.203710344270803034e-04
4.330802312324522063e-07
8.247900495916837826e-08
1.966619789600372314e-01
6.527174991788342595e-05
5.852644797414541245e-03
4.796347930096089840e-04
1.874038025562185794e-05
4.549289941787719727e-01
3.269861266016960144e-02
5.751708522439002991e-04
1.777250468730926514e-01
4.671036890613322612e-08
4.542920738458633423e-03
3.787836432456970215e-02
3.694665059447288513e-02
1.395519757352303714e-05
2.281446941196918488e-04
5.729324817657470703e-01
5.815102718770503998e-03
8.095424855127930641e-04
6.191648840904235840e-01
2.023531415034085512e-04
7.833768177079036832e-05
4.909263178706169128e-02
1.437688915757462382e-04
1.084490679204463959e-02
2.459726289316677139e-08
2.881715590774547309e-05
6.147283129394054413e-04
2.270099148154258728e-02
4.338647425174713135e-02
7.879096301621757448e-06
6.168222171254456043e-05
1.858768169768154621e-03
6.414920687675476074e-01
3.441004446358419955e-05
9.139017201960086823e-03
5.894738435745239258e-01
1.317268516868352890e-02
3.683701506815850735e-04
7.835678011178970337e-02
6.072879303246736526e-03
2.233089134097099304e-02
4.946932196617126465e-01
6.052354350686073303e-03
6.793168836338736583e-07
2.700637578964233398e-01
2.321364730596542358e-02
2.505798637866973877e-01
1.286802671529585496e-06
1.994927646592259407e-03
1.171450037509202957e-02
2.091317128360969946e-06
2.126996842544137678e-11
5.946385860443115234e-01
1.201657578349113464e-02
8.285116200568154454e-05
1.574959419667720795e-02
1.151959622802678496e-06
1.505223568528890610e-03
3.668298731440700067e-08
5.677011609077453613e-01
1.424742978997528553e-03
1.011959757306613028e-04
2.521354872442316264e-06
1.760793267749249935e-03
1.121299341320991516e-03
1.997389986740927270e-08
4.614254285115748644e-04
3.951474703001167654e-09
2.788492020044941455e-05
4.034847567169208560e-09
1.132310777902603149e-01
4.203576743602752686e-01
1.593301313107531314e-08
4.344709159340709448e-04
1.916652108775451779e-04
1.538843935122713447e-04
2.056753146462142467e-06
3.231421487726038322e-06
3.292193650850094855e-05
2.489403188228607178e-01
5.678248591721057892e-03
3.911279607564210892e-03
1.218768060207366943e-01
3.940541773772565648e-06
1.812946200370788574e-01
5.318900548445526510e-06
2.167720231227576733e-05
2.333358861505985260e-02
2.717773616313934326e-01
6.873075962066650391e-01
1.365103798889322206e-07
2.916182279586791992e-01
8.552890270948410034e-02
6.898944320710143074e-06
3.998926840722560883e-03
6.244014948606491089e-04
9.031470835907384753e-05
1.756333746016025543e-03
4.127181600779294968e-03
6.589719653129577637e-01
5.279591679573059082e-01
2.629351911309640855e-06
8.077738881111145020e-01
3.320150775834918022e-03
3.284669220447540283e-01
4.072939977049827576e-02
5.714353173971176147e-03
5.571244750171899796e-03
3.426521066884902211e-09
4.089972208021208644e-05
1.171112759038805962e-03
7.477184990420937538e-04
1.258170902729034424e-01
7.917457818984985352e-02
7.813031673431396484e-01
1.200990936922607943e-06
3.093214786531461868e-07
2.241063304245471954e-02
2.658150196075439453e-01
1.169467270374298096e-01
6.110813021659851074e-01
4.028009641388052842e-07
3.076377809047698975e-01
3.570625185966491699e-02
1.070651132613420486e-02
2.480071783065795898e-02
6.906734051881358027e-05
7.924274541437625885e-05
6.720974296331405640e-02
3.148609306663274765e-03
3.674654863061732613e-06
2.039129321929067373e-05
3.119412064552307129e-01
1.596465040165639948e-07
1.265391574634122662e-06
2.962781190872192383e-01
5.377214165491750464e-06
8.419174264417961240e-06
2.213768602814525366e-04
1.084610540419816971e-02
1.691857760306447744e-04
8.931449883675668389e-06
1.410476670571370050e-05
1.913379871210096894e-11
4.111869202461093664e-06
9.106586873531341553e-02
4.962880484526976943e-05
4.206136986613273621e-02
2.133863225006749076e-10
1.398507156409323215e-03
1.048427000641822815e-01
1.958998590707778931e-01
2.006138209253549576e-03
2.586026675999164581e-04
3.105879295617341995e-04
8.387349545955657959e-02
5.836529284715652466e-02
1.002193727311917471e-11
8.013857528567314148e-03
3.164226189255714417e-02
6.038615993020357564e-06
3.247048198318225332e-06
7.245564859204023378e-08
2.818304055836051702e-04
6.341117853025934892e-08
4.449716210365295410e-01
1.256667701454716735e-06
3.849116265773773193e-01
1.152458018623292446e-03
1.119275912642478943e-01
1.492089813837083057e-05
2.035991346929222345e-04
9.896228909492492676e-01
1.132701618189457804e-05
5.639469027519226074e-01
5.920043122387141921e-07
1.088041790353599936e-05
4.740071296691894531e-01
3.723512236319947988e-07
5.385879742192400954e-09
7.368476130068302155e-03
3.909913823008537292e-02
3.792951349169015884e-03
5.853398470208048820e-04
2.431667671771720052e-04
1.624604454264044762e-03
2.405885905027389526e-01
5.478731822222471237e-03
6.910691445227712393e-05
6.305924616754055023e-03
1.968208886682987213e-02
8.184960620383208152e-07
7.037383913993835449e-01
2.281686756759881973e-04
2.450393289327621460e-01
1.753181219100952148e-02
1.627219717192929238e-06
1.148312631994485855e-02
6.210419815033674240e-04
4.182860720902681351e-04
1.396049112081527710e-01
2.258967128909716848e-07
1.621940828044898808e-05
3.000968834385275841e-03
8.496944606304168701e-02
1.086807176470756531e-01
2.185451677405580995e-07
1.697514926490839571e-05
6.896985769271850586e-01
1.703647831163834780e-05
1.662444323301315308e-02
4.861563444137573242e-01
2.245537507405970246e-05
1.733327805995941162e-01
8.810844155959784985e-04
2.535592913627624512e-01
1.120193928727530874e-07
5.389486551284790039e-01
7.069075703620910645e-01
2.561869294481766701e-08
1.184002161026000977e-01
8.823759555816650391e-01
7.082349061965942383e-01
1.555775874294340611e-03
1.124543778132647276e-04
6.827638018876314163e-03
1.617155596613883972e-02
3.971936106681823730e-01
2.720813155174255371e-01
3.201792060281150043e-05
2.203304575232323259e-06
1.596331596374511719e-03
6.491353269666433334e-05
6.245597600936889648e-01
4.269019582281430303e-10
1.949445344507694244e-02
9.386511692355270498e-07
1.395641267299652100e-01
2.648056149482727051e-01
1.560851465910673141e-02
1.658775508403778076e-01
1.934141037054359913e-04
3.655831387732177973e-04
1.174437556983320974e-06
4.217186942696571350e-04
1.269710808992385864e-02
1.162408302946005278e-08
6.163367256522178650e-02
2.013980746269226074e-01
2.290290547534823418e-03
6.546678543090820312e-01
1.649016290903091431e-01
1.518108638798310039e-09
1.713131678116042167e-05
4.635625518858432770e-03
6.327853043330833316e-06
3.809022484347224236e-03
2.777944132685661316e-02
5.031637192587368190e-05
6.426773696555088122e-11
1.605486249900422990e-05
6.287345886230468750e-01
4.521375149488449097e-02
1.124034897657111287e-04
1.360504180192947388e-01
7.612023353576660156e-01
1.259331777691841125e-02
7.257810466398950666e-06
4.586727172136306763e-02
5.251477123238146305e-04
2.615761877677869052e-05
4.922794550657272339e-02
9.594525396823883057e-02
5.747419199906289577e-04
3.130420669913291931e-02
2.420919388532638550e-02
2.432069413771387190e-05
3.964147530496120453e-03
1.179011655040085316e-03
1.839380558976699831e-08
4.942004978656768799e-01
6.821997165679931641e-01
1.542690861970186234e-02
7.922449003672227263e-05
1.245036944746971130e-01
4.506834782660007477e-03
2.439232543110847473e-02
2.479378281350363977e-06
3.427684532653074712e-06
2.179203554987907410e-02
9.781640528672141954e-07
1.608899678103625774e-03
3.867768682539463043e-04
1.236664741964543790e-12
6.068350194254890084e-05
1.294257398694753647e-02
3.502996638417243958e-03
1.971507224141078041e-08
1.040067058056592941e-03
2.870626747608184814e-01
7.840299590111676764e-12
9.236027002334594727e-01
4.335896298289299011e-02
1.643956420593895018e-05
2.118622069247066975e-05
1.563467376399785280e-04
2.052234560251235962e-01
4.947574343532323837e-03
8.491919189691543579e-02
3.737756516784429550e-03
3.810869762673974037e-03
3.805655241012573242e-01
7.870691945410790424e-12
2.558436803519725800e-02
6.636863108724355698e-03
1.309961680817650631e-05
2.634898014366626740e-02
1.835438795387744904e-02
6.936395764350891113e-01
8.810844155959784985e-04
2.788492020044941455e-05
2.542934613302350044e-03
3.819550925543424569e-11
3.256169706583023071e-02
6.427382004403625615e-08
5.531767606735229492e-01
5.385879742192400954e-09
9.820115519687533379e-04
4.702849388122558594e-01
2.537604304961860180e-04
7.864408940076828003e-02
3.845015075057744980e-03
1.215453259646892548e-02
1.261140347708078480e-08
9.507023692131042480e-01
8.840691298246383667e-04
4.340431769378483295e-05
4.351437389850616455e-01
2.813808992505073547e-02
8.303372561931610107e-02
6.441267132759094238e-01
7.291247602552175522e-03
7.178158266469836235e-04
1.682021468877792358e-02
9.586432980768222478e-09
1.033906452357769012e-02
7.304496830329298973e-04
1.458842456340789795e-01
1.356619395664893091e-05
9.496200073044747114e-05
7.296493649482727051e-02
4.034847567169208560e-09
2.276195942840786302e-07
6.277138891164213419e-05
6.739104986190795898e-01
1.561178396514151245e-05
1.418128376826643944e-03
3.003348865604493767e-05
9.090417879633605480e-04
3.033701330423355103e-03
3.150132950395345688e-03
1.318906288361176848e-05
1.038414359092712402e+00
8.275773525238037109e-01
3.438054745411034396e-12
2.143824100494384766e-01
1.474258601665496826e-01
8.740858733654022217e-02
7.616791129112243652e-01
1.478154558753885794e-07
2.817572467029094696e-02
2.192781073972582817e-03
8.995227515697479248e-03
1.647566794417798519e-03
1.453030336051597260e-06
2.654931545257568359e-01
9.278183570131659508e-04
2.010350362979806960e-05
7.556323427706956863e-03
2.462966403982136399e-05
5.037513801653403789e-07
2.945835702121257782e-03
6.871917867101728916e-04
3.905769204720854759e-03
1.286802671529585496e-06
2.338170772418379784e-03
4.182860720902681351e-04
4.303632676601409912e-01
2.729790615774163598e-09
6.583706126548349857e-04
4.524311721324920654e-01
2.022088523290221929e-07
3.664251882582902908e-03
6.788552403450012207e-01
1.982550509274005890e-02
4.053981328411282448e-08
2.055533841485157609e-04
1.822441930698914803e-07
1.931328824866795912e-06
1.756603829562664032e-02
3.363272844580933452e-05
2.142179027941892855e-06
3.125041127204895020e-01
3.284669220447540283e-01
5.235575437545776367e-01
1.395641267299652100e-01
4.429423809051513672e-02
6.815787404775619507e-03
6.829803586006164551e-01
1.626965968171134591e-04
2.880437374114990234e-01
6.012550875311717391e-05
3.336080312728881836e-01
1.203710344270803034e-04
1.204212382435798645e-01
1.618072390556335449e-01
6.239522463147295639e-06
7.374312728643417358e-03
5.659669041633605957e-01
9.055953705683350563e-05
2.038509228441398591e-05
1.152003005699953064e-05
1.343369833193719387e-03
5.655342860677592398e-09
1.012115404819269315e-07
1.965972614925703965e-06
5.384035110473632812e-01
7.801492232829332352e-03
2.126996842544137678e-11
1.867778678388276603e-07
3.316482063382863998e-03
3.038102113350760192e-05
2.567108254879713058e-03
8.052685856819152832e-02
7.570087909698486328e-03
1.240298673510551453e-01
1.125236614996083517e-08
2.308762632310390472e-03
2.991808045749166922e-08
9.438013876206241548e-06
1.588029116392135620e-01
6.035554409027099609e-02
6.907784211307443911e-08
5.437174811959266663e-03
9.999028407037258148e-03
3.883659373968839645e-04
5.180580774322152138e-04
2.158543467521667480e-01
1.584574249591241824e-08
2.164449774966215045e-08
4.301203042268753052e-02
3.950386599171906710e-06
1.031131541822105646e-04
7.166916131973266602e-02
6.936613321304321289e-01
8.334665745496749878e-02
1.046210050582885742e+00
3.312120388727635145e-04
3.999890395789407194e-05
4.656522069126367569e-04
1.510183140635490417e-02
4.562785923480987549e-01
1.703184793720724510e-12
4.417656734585762024e-02
9.913693368434906006e-02
6.095048354914922584e-10
6.912242174148559570e-01
6.784607172012329102e-01
2.993537927977740765e-04
1.060439972206950188e-03
7.099180221557617188e-01
3.329561091959476471e-03
5.607063416391611099e-03
5.765992227679817006e-06
5.084399580955505371e-01
3.165174126625061035e-01
2.961804270744323730e-01
9.263142198324203491e-02
2.621157467365264893e-01
4.837732994928956032e-04
4.671802371740341187e-02
1.790606379508972168e-01
4.195039218757301569e-05
3.941008150577545166e-01
2.269392833113670349e-03
2.604883909225463867e-01
6.593146324157714844e-01
2.792006134986877441e-01
2.020596563816070557e-01
3.251529037337497208e-12
1.161445197794819251e-05
4.421167076884557900e-08
9.233739227056503296e-02
6.036984734237194061e-03
3.858273625373840332e-01
5.712885240427567624e-07
3.675829768180847168e-01
1.866096863523125648e-04
1.259331777691841125e-02
1.078621670603752136e-01
9.460210800170898438e-02
1.624604454264044762e-03
2.597786874503071886e-08
1.463419039282598533e-07
1.965180970728397369e-02
3.201792060281150043e-05
4.983319712437150883e-08
1.726716407574713230e-03
1.591761596500873566e-03
5.332466214895248413e-03
9.083985901270352770e-07
6.130563997430726886e-05
1.242744588125788141e-06
1.480481587350368500e-02
1.117111518979072571e-01
7.276188135147094727e-01
5.741044878959655762e-04
2.733808942139148712e-02
7.708032429218292236e-02
9.257408964913338423e-05
1.423409867129521444e-05
6.947988140382221900e-07
1.475735334679484367e-04
1.287735626101493835e-02
2.069773375988006592e-01
1.828112602233886719e-01
4.027191152999876067e-06
1.172584961750544608e-05
1.109603513032197952e-02
1.703647831163834780e-05
3.394473324647151458e-08
7.312499918043613434e-03
9.324656247144957888e-08
1.920999726280570030e-03
4.138057120144367218e-03
2.624970674514770508e-01
4.126081168651580811e-01
2.156741684302687645e-03
1.888289524742958747e-08
6.309341642918298021e-06
4.885687303612940013e-05
1.259352546185255051e-02
3.317950963973999023e-01
4.044844955205917358e-02
3.503107000142335892e-04
1.067358880391111597e-05
1.297067198902368546e-02
1.295944063173237737e-08
3.799063051701523364e-05
1.600747418706305325e-05
4.546272568404674530e-03
1.320143812336027622e-03
3.500328660011291504e-01
6.355724930763244629e-01
5.068656429648399353e-02
4.019587941002100706e-04
8.588632941246032715e-02
1.067753997631371021e-03
2.546686120331287384e-02
3.046421334147453308e-04
1.425469690730096772e-06
4.252785583958029747e-05
1.977722942829132080e-01
1.296022627502679825e-02
2.206969656981527805e-05
1.728726238070521504e-05
6.881149411201477051e-01
1.078657945186023426e-07
6.146715022623538971e-03
2.051333431154489517e-04
2.590217813849449158e-02
4.983763119525974616e-06
1.323797391705738846e-07
2.842651009559631348e-01
1.131588071584701538e-01
5.172593593597412109e-01
5.824136314913630486e-04
4.741252945805740637e-10
4.074309486895799637e-03
1.518108638798310039e-09
8.828919380903244019e-02
1.177551373839378357e-01
3.478274113177803883e-09
6.308104493655264378e-04
1.528359651565551758e-01
3.664626565296202898e-04
6.303387284278869629e-01
3.058661520481109619e-01
3.125200793147087097e-02
1.430782079696655273e-01
2.586026675999164581e-04
8.004818228073418140e-04
3.381390706636011600e-04
5.186690948903560638e-03
9.750346180226188153e-06
1.832981780171394348e-02
7.181929051876068115e-02
2.944412699434906244e-04
2.223592251539230347e-02
8.830204023979604244e-04
3.757649958133697510e-01
1.315709523623809218e-04
2.509876750877992890e-10
6.066697239875793457e-01
1.731907256496967307e-10
1.060816645622253418e-02
8.474869537167251110e-04
1.987199531868100166e-03
5.783876776695251465e-01
5.492507480084896088e-03
6.913091540336608887e-01
3.275624811649322510e-01
3.799860477447509766e-01
9.986607730388641357e-02
3.274391591548919678e-02
4.606858491897583008e-01
5.471287965774536133e-01
4.384490281950093049e-08
1.664973050355911255e-02
5.189099465496838093e-04
8.340350538492202759e-02
1.098662614822387695e+00
1.252807191320925995e-08
5.740118026733398438e-01
6.763533689081668854e-03
2.874668862204998732e-04
1.140950178779576163e-08
1.157126007456099615e-06
2.240043540950864553e-04
2.266637721959341434e-07
1.632686145603656769e-02
1.560851465910673141e-02
9.274452924728393555e-03
3.165660245940671302e-06
2.208526991307735443e-02
1.192913651466369629e-01
9.461579322814941406e-01
4.226644523441791534e-04
1.014440536499023438e+00
2.023531415034085512e-04
3.738236031836095208e-08
1.121228281408548355e-02
1.312073145527392626e-04
3.183416649699211121e-02
1.645595878362655640e-01
2.912653435487300158e-04
1.332040992565453053e-04
3.449293217272497714e-05
3.270655579399317503e-04
6.199599057435989380e-02
9.007477201521396637e-04
2.041208744049072266e-02
3.221182823181152344e-01
1.113703206101490650e-06
6.504714488983154297e-01
2.638327350723557174e-05
1.630002260208129883e-02
1.128478813916444778e-02
2.008323463087435812e-07
1.236921176314353943e-03
5.443270318210124969e-03
9.457798455514421221e-07
7.407871453324332833e-05
1.132310777902603149e-01
2.428589854389429092e-03
7.128039669623831287e-06
4.422176166918312390e-12
4.168307483196258545e-01
5.165966227650642395e-03
6.179707590490579605e-03
2.191544473171234131e-01
3.432267531752586365e-02
1.627721451222896576e-02
1.471551209688186646e-01
3.767835795879364014e-01
1.302487701177597046e-01
9.985718131065368652e-02
3.606430441141128540e-02
3.336595892906188965e-01
5.246317982673645020e-01
1.342057798225937404e-09
5.632315576076507568e-02
5.995630381061545222e-11
1.244004379259422421e-04
9.492075150774326175e-06
1.614309148862957954e-03
1.181594626586957020e-07
3.025966510176658630e-02
5.456719994544982910e-01
8.636187994852662086e-04
5.624045797958387993e-07
9.606714729271104147e-11
6.629558881032782125e-12
2.293365687364712358e-04
1.078960392624139786e-02
5.508802747300478586e-09
1.312096156551312287e-12
2.448160119072895213e-09
1.811278052628040314e-04
4.346505738794803619e-03
2.921559882906876737e-07
9.953705593943595886e-03
2.450969427414406709e-09
1.552875687593768816e-06
9.262304812018840039e-11
1.934746762799477438e-08
3.525249894664739259e-06
1.149145464296452701e-05
1.535044624745296460e-08
1.249815113624208607e-06
3.668138219836691860e-07
3.508256748318672180e-02
2.210807055234909058e-03
8.352519786924972323e-10
1.608309685252606869e-05
6.071155439713038504e-06
8.315452646456833463e-07
1.570227503577825701e-09
4.288255948253771876e-12
3.428499894653214142e-06
2.918913727626204491e-03
4.910809730063192546e-05
4.437845051288604736e-01
6.228752434253692627e-02
1.438254257664084435e-03
4.994882037863135338e-04
4.468984116101637483e-08
7.864828512538224459e-05
6.605227012187242508e-03
4.475410264603851829e-07
2.300172855029813945e-05
1.923347765775407225e-12
4.883874880033667321e-13
1.822441930698914803e-07
7.850405381759628654e-06
3.758202637982321903e-10
6.937370926607400179e-07
1.375359715893864632e-05
1.207632521982304752e-06
1.068737506866455078e-01
4.980215453542768955e-05
1.439409703016281128e-02
1.595384819665923715e-04
4.753294646775430010e-08
1.929515304043699642e-13
1.694311868050135672e-05
5.610258085653185844e-06
1.821050653234124184e-03
4.107407036713084381e-08
3.834371864795684814e-01
4.051776159030850977e-06
2.016409998759627342e-04
1.895824789244215935e-05
2.779289047794009093e-07
5.517388981671547676e-14
1.085353196206284565e-10
1.990844111787737347e-08
9.681161493062973022e-03
1.510183140635490417e-02
4.016928840428590775e-03
3.924701630353411019e-08
2.108679764205589890e-04
9.603617172615486197e-07
8.276933804154396057e-03
6.091599971114192158e-06
1.970131415873765945e-04
9.376163845331575430e-09
2.370170477661304176e-06
2.708706002552130343e-11
8.400704700761707500e-07
3.925541022908873856e-05
5.402738523230254941e-08
5.725220644792194946e-12
2.133618363586720079e-05
2.004208283779007616e-07
1.802923179639037699e-07
1.091902158805169165e-04
4.419115721248090267e-04
7.475699530914425850e-04
2.999302523676306009e-06
5.897803930565714836e-06
7.154680788516998291e-02
4.693411597145313863e-07
1.956758310939221701e-08
3.340285275044152513e-07
6.218802882358431816e-04
2.842651009559631348e-01
1.917058733980070429e-10
4.916503559798002243e-03
1.344120391877368093e-04
1.072085287887603045e-04
3.131345147266983986e-04
1.246300200818950543e-07
2.041727304458618164e-03
8.928596042096614838e-03
8.472250556224025786e-06
4.240424931049346924e-02
9.405121090821921825e-06
3.461534288362599909e-05
5.117351854766472030e-13
3.929115831851959229e-03
2.489217513357289135e-05
3.138052306894678622e-06
1.523576938780024648e-04
3.328828024677932262e-04
6.421436555683612823e-04
1.252807191320925995e-08
5.570157668444153387e-09
3.327646069806178275e-08
1.407569106959272176e-05
4.280463326722383499e-05
5.401551334216492251e-06
1.506033935584127903e-03
6.092806259516692080e-10
5.310028195381164551e-01
4.622166538403860159e-11
1.755520934239029884e-04
1.034590386552736163e-04
4.177032315055839717e-05
1.178512292199229705e-07
1.515016192570328712e-03
5.330806516212760471e-07
7.368140813923673704e-06
1.344065531156957150e-03
1.476345770061016083e-02
5.488207666104472082e-09
1.193429561681114137e-04
2.192060928791761398e-04
7.628292451045126654e-07
2.727889442111219864e-11
1.466840586772377719e-07
2.229299752798397094e-06
2.850322634913027287e-04
3.565392034943215549e-07
2.078360372692600322e-09
1.325933844782412052e-04
7.353070374804815401e-10
6.796146035194396973e-01
7.738862706219151733e-08
5.203462933422997594e-06
5.108178447699174285e-05
7.748014922981383279e-07
1.199890721181873232e-05
1.205233298242092133e-02
1.516972552053630352e-04
1.220297417603433132e-03
1.511933514848351479e-03
9.090417879633605480e-04
3.431044559576434949e-09
9.763943671714514494e-05
1.080600917339324951e-01
6.273800368106208225e-10
1.277355841011740267e-05
2.181098352593835443e-06
2.498335334166768007e-07
9.443455383006948978e-06
2.249637134354998125e-07
1.669456066444308107e-11
8.620685548521578312e-06
3.251506702772744006e-11
1.239881967194378376e-04
6.383743286132812500e-01
7.696456123085226864e-06
2.594082434370648116e-05
1.077853431508124515e-10
2.729790615774163598e-09
1.303991186432540417e-03
3.015149374618886213e-08
8.461745437671197578e-08
2.442025288473814726e-04
7.614430160174379125e-06
3.068415634334087372e-02
3.697256906889379025e-04
9.438013876206241548e-06
7.950225011654765694e-08
1.600136456545442343e-04
1.306559424847364426e-03
3.819412668235599995e-04
7.395075168460607529e-03
5.394961632987360645e-08
6.479947842308320105e-06
1.925631798803806305e-02
1.673282386036589742e-04
1.386276853736490011e-04
2.813572663740160351e-08
5.979448047810365097e-08
6.338514157988583975e-10
1.164208129011967685e-06
2.925509943452198058e-05
3.482654210529290140e-05
1.585094651090912521e-05
1.110732547604520448e-10
2.167720231227576733e-05
7.851442518358453526e-08
2.188597818530979566e-06
2.847516443580389023e-03
3.357785171829164028e-04
3.292919270592165049e-09
1.139086336365835450e-08
9.354454050480853766e-06
4.658343095798045397e-04
3.414876991882920265e-03
6.591055393218994141e-01
6.405563326552510262e-04
7.488812769906871836e-08
6.368401045619975775e-06
5.072399744676658884e-06
2.373746858796987880e-11
4.918522608932107687e-05
3.921427996829152107e-04
3.875843656436783746e-12
5.037513801653403789e-07
1.401936914771795273e-02
2.935566669748368440e-07
4.489419097808422521e-06
6.536216242238879204e-04
2.287065843120217323e-03
5.342241493622168491e-08
1.038742902892408893e-05
1.604142084943305235e-06
6.154695597615500446e-08
8.651192765682935715e-04
5.606588125228881836e-01
1.658707333263009787e-06
7.558914383309911500e-09
2.789641148410737514e-04
1.402229998781479026e-09
7.128039669623831287e-06
3.808620022027753294e-05
4.011749479104764760e-05
1.358194094791542739e-05
2.284903075633337721e-07
3.781606892516720109e-06
1.331062521785497665e-04
1.105503528719964379e-07
3.556745176158671029e-11
6.418091058731079102e-01
2.713764843065291643e-04
4.787250804105802615e-11
9.661918506026268005e-03
7.949097491355416878e-10
6.086158066409552703e-08
2.143789812336649447e-09
7.188677787780761719e-02
1.610258770767813985e-08
2.779121859930455685e-05
6.902549648657441139e-04
1.465998138883151114e-05
1.360504180192947388e-01
2.003530119587537683e-10
6.863495218567550182e-05
3.957643930334597826e-04
9.572856924933148548e-07
6.327853043330833316e-06
3.393421173095703125e-01
9.238139390945434570e-01
1.750977753545157611e-05
6.649777787970378995e-06
1.851433655247092247e-03
5.612069508060812950e-04
7.986898708622902632e-06
3.915092250394991424e-09
5.934975743293762207e-01
1.004239637404680252e-02
6.210645096871303394e-06
7.432881742715835571e-03
2.409331318631302565e-05
4.876586172031238675e-05
8.206347702071070671e-04
8.801729563856497407e-06
7.245257620525080711e-07
4.752175736255637162e-11
1.014440536499023438e+00
1.342057798225937404e-09
4.459395422600209713e-04
3.750858131035261778e-12
6.500245319784880849e-08
8.361179789062589407e-05
9.050421567735611461e-07
3.141232591588050127e-04
5.600275798656184634e-08
1.279391290154308081e-05
3.192648887634277344e-01
3.232407569885253906e-02
1.903525571833597496e-06
1.127251607613288797e-07
1.811091351555660367e-06
8.413209798163734376e-06
2.214856749560567550e-06
7.870691945410790424e-12
1.907360033803762178e-11
2.713103697260521585e-07
8.023886977071015281e-08
1.041917219168908559e-08
3.132431913854816230e-08
3.830444766208529472e-04
8.908300660550594330e-04
1.302006421610713005e-04
1.199227245285428012e-10
1.396231204271316528e-01
3.231496066291583702e-07
6.274160114116966724e-06
7.782392203807830811e-04
2.275721453770529479e-05
1.283789054066803575e-14
5.852222442626953125e-03
1.755264911196263711e-08
1.679415078115198412e-07
1.169727300293743610e-03
3.666201564556104131e-08
6.270298058552725706e-07
1.199646666646003723e-02
2.726527448260185338e-09
3.729490854311734438e-04
1.126045212629378511e-08
2.047270131200207288e-09
4.010908305644989014e-02
1.919979900121688843e-01
6.530551672767614946e-07
8.809453220237628557e-07
1.514445386874285759e-07
1.591342311257903930e-07
3.041148488591716159e-08
1.151908577412541490e-06
1.833772600434713240e-08
4.968819484929554164e-05
2.057839232350033853e-08
-0.000000000000000000e+00
-0.000000000000000000e+00
-0.000000000000000000e+00
-0.000000000000000000e+00
-0.000000000000000000e+00
-0.000000000000000000e+00
-0.000000000000000000e+00
-0.000000000000000000e+00
-0.000000000000000000e+00
-0.000000000000000000e+00
-0.000000000000000000e+00
-0.000000000000000000e+00
-0.000000000000000000e+00
-0.000000000000000000e+00
-0.000000000000000000e+00
-0.000000000000000000e+00
-0.000000000000000000e+00
-0.000000000000000000e+00
-0.000000000000000000e+00
-0.000000000000000000e+00
-0.000000000000000000e+00
-0.000000000000000000e+00
-0.000000000000000000e+00
-0.000000000000000000e+00
-0.000000000000000000e+00
-0.000000000000000000e+00
-0.000000000000000000e+00
-0.000000000000000000e+00
-0.000000000000000000e+00
-0.000000000000000000e+00
-0.000000000000000000e+00
-0.000000000000000000e+00
-0.000000000000000000e+00
-0.000000000000000000e+00
-0.000000000000000000e+00
-0.000000000000000000e+00
-0.000000000000000000e+00
-0.000000000000000000e+00
-0.000000000000000000e+00
-0.000000000000000000e+00
