8.443846702575683594e-01
6.756860613822937012e-01
1.194140058942139149e-03
3.220127522945404053e-01
8.199769467864825856e-07
2.629443315527169034e-06
1.773807108402252197e-01
1.377927660942077637e-01
3.357567766215652227e-05
9.196211583912372589e-03
6.102366447448730469e-01
1.826192368753254414e-03
1.130130112869665027e-05
5.125352367758750916e-02
7.192243337631225586e-01
6.032545934431254864e-05
9.004582650959491730e-03
4.851615056395530701e-02
1.048265218734741211e+00
6.515538319945335388e-03
4.977443218231201172e-01
6.016704440116882324e-01
1.185761019587516785e-02
2.860530912876129150e-01
6.876596212387084961e-01
3.660440146923065186e-01
4.081072509288787842e-01
1.790735498070716858e-02
9.466058108955621719e-04
5.262500140815973282e-03
6.863808035850524902e-01
4.648144245147705078e-01
9.443241287954151630e-05
3.347877736814552918e-06
3.528900910168886185e-03
4.264445602893829346e-01
1.365790423005819321e-02
6.153260916471481323e-02
5.899859070777893066e-01
8.884999901056289673e-03
8.227930068969726562e-01
3.352940380573272705e-01
4.281779751181602478e-03
2.470991387963294983e-02
9.300734847784042358e-03
1.235695704817771912e-01
3.048042708542197943e-05
4.676374197006225586e-01
1.172602772712707520e-01
5.899677635170519352e-04
1.694670915603637695e-01
6.335342526435852051e-01
6.935521028935909271e-03
1.494169584475457668e-03
2.347087138332426548e-05
4.271028935909271240e-01
3.052942827343940735e-02
4.649630188941955566e-01
3.317244052886962891e-01
8.660031855106353760e-02
9.712839126586914062e-02
1.909471675753593445e-02
7.036115974187850952e-03
6.300472617149353027e-01
3.831708431243896484e-01
4.856086373329162598e-01
1.308541777689242736e-05
6.341479420661926270e-01
5.538797378540039062e-01
6.033339886926114559e-04
2.043286561965942383e-01
3.369422554969787598e-01
3.308938117697834969e-03
3.566863536834716797e-01
5.201173424720764160e-01
1.262957375729456544e-04
4.696521955338539556e-06
6.194314453750848770e-03
6.923437714576721191e-01
2.297263145446777344e-01
3.338912129402160645e-01
6.382284164428710938e-01
4.625636339187622070e-01
1.354687754064798355e-02
2.632640132560482016e-07
2.742618024349212646e-01
1.170938267023302615e-04
2.260202745674178004e-04
2.346730604767799377e-02
2.069270610809326172e-01
6.575512543349759653e-07
4.645557403564453125e-01
4.080378916114568710e-03
7.186938542872667313e-03
6.105365697294473648e-03
2.193539572203917487e-08
6.293676495552062988e-01
4.237798750400543213e-01
6.409275531768798828e-02
3.339507430791854858e-02
6.821783781051635742e-01
5.982041358947753906e-01
9.231104195350781083e-05
3.996684402227401733e-02
1.015339851379394531e+00
3.319381448818603531e-06
6.349774450063705444e-02
3.158795833587646484e-01
5.726510882377624512e-01
1.619051094166934490e-03
7.201077789068222046e-02
7.660147093702107668e-05
4.612658023834228516e-01
6.328253657557070255e-04
9.002155065536499023e-02
6.724314391613006592e-02
6.831274032592773438e-01
7.899578809738159180e-01
3.708623523834830849e-07
4.941385388374328613e-01
8.716907352209091187e-02
7.051279544830322266e-01
4.476943612098693848e-01
4.202051204629242420e-04
1.523892581462860107e-01
7.919134222902357578e-04
7.927367687225341797e-01
5.389358997344970703e-01
9.978005886077880859e-01
1.666068471968173981e-02
2.607628107070922852e-01
4.067333042621612549e-01
6.606927514076232910e-01
1.345825032331049442e-03
1.881942444015294313e-05
6.776236891746520996e-01
9.450474753975868225e-04
1.020127534866333008e-01
1.297917962074279785e-01
9.192860871553421021e-02
1.529165636748075485e-02
6.850957870483398438e-01
6.885753870010375977e-01
1.440137177705764771e-01
1.717835105955600739e-02
4.864708462264388800e-04
6.406928896903991699e-01
6.587664636015233555e-09
4.402590170502662659e-02
3.551122546195983887e-01
7.511668652296066284e-02
3.123357295989990234e-01
8.837572485208511353e-02
4.011425077915191650e-01
6.077199941501021385e-04
6.150269135832786560e-02
1.426764130592346191e-01
2.218193549197167158e-04
2.041810657829046249e-03
1.531315892934799194e-01
6.840234398841857910e-01
4.245492164045572281e-03
7.971391677856445312e-01
5.829925612488295883e-06
4.079242899024393409e-07
1.533169150352478027e-01
6.405003659892827272e-05
1.226201187819242477e-03
5.983299389481544495e-02
1.533177047967910767e-01
1.002793942461721599e-05
2.593280514702200890e-04
1.807288354029878974e-04
1.968713104724884033e-01
6.784252822399139404e-02
3.953815030399709940e-05
2.566545084118843079e-02
2.260050678160041571e-06
6.889630556106567383e-01
1.105785631807520986e-04
2.894745953381061554e-02
6.558619737625122070e-01
1.631032228469848633e-01
6.906960159540176392e-02
2.015480995178222656e-01
4.348886609077453613e-01
7.547833919525146484e-01
3.746640577446669340e-04
5.135346651077270508e-01
5.295322835445404053e-02
2.561018764972686768e-01
6.839811801910400391e-01
3.803379237651824951e-01
6.381267905235290527e-01
1.760148916218895465e-05
4.229405522346496582e-02
2.542126551270484924e-02
1.415631473064422607e-01
3.226172178983688354e-03
4.496051697060465813e-04
4.888190031051635742e-01
1.653549224138259888e-01
4.480728805065155029e-01
2.770730759948492050e-03
6.663615107536315918e-01
3.181795775890350342e-02
3.622423857450485229e-02
5.186735987663269043e-01
3.903251141309738159e-02
1.102548321796348318e-05
4.679989814758300781e-02
3.507168889045715332e-01
8.413796126842498779e-02
3.814661409705877304e-03
9.880953002721071243e-04
2.679322957992553711e-01
8.418093919754028320e-01
6.745781302452087402e-01
1.264840648218523711e-06
1.407725177705287933e-02
8.073164150118827820e-03
4.142572581768035889e-01
8.304381370544433594e-02
7.801359891891479492e-02
5.836720112711191177e-03
3.346017897129058838e-01
6.124626845121383667e-02
2.872895274776965380e-04
2.607069611549377441e-01
1.446727692382410169e-04
9.105724096298217773e-01
6.859170198440551758e-01
2.904231427237391472e-03
2.278089959872886539e-05
9.207613766193389893e-02
2.772221341729164124e-02
2.641268819570541382e-02
2.875027991831302643e-02
5.343754962086677551e-02
1.234338134527206421e-01
6.809576298110187054e-04
3.138408530503511429e-03
8.305103401653468609e-04
3.304847329854965210e-02
9.963057935237884521e-03
3.168523311614990234e-01
7.854171842336654663e-02
1.755295544862747192e-01
7.022083997726440430e-01
3.737393617630004883e-01
5.985742807388305664e-01
6.338526592486459776e-09
6.924737691879272461e-01
5.685957670211791992e-01
5.195913254283368587e-04
1.160089595941826701e-04
8.876253366470336914e-01
4.665512125939130783e-03
8.032585978507995605e-01
6.252463907003402710e-02
3.278310643509030342e-03
3.575567097868770361e-04
6.581622362136840820e-01
7.576654851436614990e-02
2.083437493638484739e-07
2.023043809458613396e-03
1.148259341716766357e-01
8.401540517807006836e-01
2.344297617673873901e-01
2.393975481390953064e-02
7.205201545730233192e-04
3.104995470494031906e-03
1.179026160389184952e-02
3.268690407276153564e-02
5.613456293940544128e-02
6.079236865043640137e-01
4.983377829194068909e-02
4.216236993670463562e-02
3.699612021446228027e-01
1.097014844417572021e-01
3.826307511189952493e-05
7.924910634756088257e-03
4.224022559355944395e-04
9.067066013813018799e-03
4.140288801863789558e-04
2.025648355484008789e-01
6.911730766296386719e-01
8.499955583829432726e-08
4.217575117945671082e-02
6.738208639944787137e-07
5.030161142349243164e-01
4.477612674236297607e-01
6.193005442619323730e-01
2.962052226066589355e-01
1.799277242753305472e-07
5.070731043815612793e-02
4.972379803657531738e-01
2.173246741294860840e-01
7.382074743509292603e-02
8.094093948602676392e-02
4.140056204050779343e-03
4.381478205323219299e-02
2.770361006259918213e-01
1.781366616487503052e-01
2.572747170925140381e-01
1.191641986370086670e-01
9.801422129385173321e-05
4.777110219001770020e-01
1.868607103824615479e-02
4.725430116647721945e-13
8.620492299087345600e-04
9.138874593190848827e-04
1.187879683506309902e-09
2.053312659263610840e-01
2.365916880080476403e-04
1.428257237421348691e-04
1.862466894090175629e-02
4.733029752969741821e-02
8.300523273646831512e-03
2.781766670523211360e-05
3.711101470571520622e-08
9.059360623359680176e-01
6.385906338691711426e-01
6.020422205210707034e-08
3.191211223602294922e-01
1.430089469067752361e-05
2.140324003994464874e-02
3.725508693605661392e-03
3.493458279990591109e-05
6.972708433750085533e-06
4.089077711105346680e-01
2.696097828447818756e-03
3.580149412155151367e-01
6.852230289950966835e-04
1.421083360910415649e-01
9.307771921157836914e-03
4.242572933435440063e-02
3.621049017965560779e-06
7.456871215254068375e-03
7.088531844834378148e-11
3.990950528532266617e-03
1.413741707801818848e-02
2.027245926683463040e-07
1.171306427568197250e-02
1.060492992401123047e+00
1.407269883202388883e-04
4.102429747581481934e-01
4.470670130103826523e-03
3.054617263842374086e-05
2.881119726225733757e-04
4.883261620998382568e-01
6.325749836832983419e-06
5.243527237325906754e-03
7.749708890914916992e-01
4.070092472829855978e-06
2.988250926136970520e-04
1.102188369259238243e-03
1.970888115465641022e-04
5.677513399859890342e-05
9.193739242618903518e-05
4.013629222754389048e-04
2.620613574981689453e-01
2.462546378374099731e-01
3.464331166469492018e-05
8.018626831471920013e-04
4.928607344627380371e-01
1.752963925127914990e-07
2.708302636165171862e-04
2.097126841545104980e-01
1.821388751268386841e-01
3.794933110475540161e-02
1.116107523557730019e-05
4.223659038543701172e-01
3.969042445532977581e-04
2.953029820673691574e-07
1.020355739456135780e-05
1.194803044199943542e-02
1.190567900266614743e-06
2.324433836520256591e-07
8.202807180168747436e-07
1.379819121211767197e-03
5.516567826271057129e-01
1.059579091133855400e-07
3.495199605822563171e-03
1.336723566055297852e-01
5.310098640620708466e-05
5.668088761012768373e-06
2.183398930355906487e-03
3.503934666514396667e-02
9.330757166026160121e-06
3.665946796536445618e-02
4.798557162284851074e-01
1.228962779045104980e+00
6.403753161430358887e-01
2.761830546660348773e-05
2.258863423776347190e-05
1.662241970734612551e-06
8.064143359661102295e-03
6.874904632568359375e-01
2.971766591072082520e-01
1.275493468710919842e-05
1.270155459642410278e-01
8.250849787145853043e-04
2.159086987376213074e-02
4.585110247135162354e-01
1.348014771938323975e-01
2.449574507772922516e-02
2.987096081596973818e-08
6.672766804695129395e-01
6.977461278438568115e-03
2.796553540974855423e-03
6.924834847450256348e-01
1.181631162762641907e-02
1.555812923470512033e-05
3.556328825652599335e-03
2.916303571964817820e-07
2.453138314706393430e-08
7.245962321758270264e-02
1.769075606716796756e-04
7.040860652923583984e-01
1.108369324356317520e-02
6.005365094097214751e-07
2.525690793991088867e-01
1.135106563568115234e+00
8.052652701735496521e-03
6.470503285527229309e-05
8.098487854003906250e-01
3.746513426303863525e-01
2.519982160720246611e-07
1.406193332513794303e-04
1.917452812194824219e-01
1.925918459892272949e-01
1.552673871628940105e-03
8.461384481961431447e-09
1.729053854942321777e-01
2.546387258917093277e-03
2.393771661445498466e-03
1.625773869454860687e-02
4.243302941322326660e-01
1.428604219108819962e-02
6.055186502635478973e-03
2.357562631368637085e-02
3.018440492451190948e-02
1.173220854252576828e-02
3.032453150808578357e-06
7.530682720243930817e-03
4.813891053199768066e-01
6.516747089335694909e-05
2.344477223232388496e-03
2.957648038864135742e-02
2.907517254352569580e-01
7.195409601479241246e-09
2.240272760391235352e-01
1.212718524038791656e-02
2.173079550266265869e-01
4.054484888911247253e-03
7.045588493347167969e-01
2.482166048139333725e-03
3.452267646789550781e-01
3.942068293690681458e-02
2.512050867080688477e-01
9.406275749206542969e-01
7.013330105110071599e-06
2.265239367261528969e-03
8.800689244026216329e-08
1.458644494414329529e-02
1.123671531677246094e-01
9.615538232310427702e-08
4.620988368988037109e-01
1.824872381985187531e-02
2.999543175974395126e-05
1.004272028803825378e-01
4.734015419671777636e-06
2.163258614018559456e-03
8.530929088592529297e-01
1.101340353488922119e-01
6.176840066909790039e-01
1.797995719243772328e-05
2.048419082711916417e-05
1.331636030954541638e-05
1.842238605022430420e-01
1.846216619014739990e-01
1.933441162109375000e-01
2.487030578777194023e-04
6.916441768407821655e-02
2.745052552199922502e-05
8.949730545282363892e-02
1.625476181507110596e-01
2.885952417273074389e-04
2.118153497576713562e-04
3.206475079059600830e-01
5.569998919963836670e-02
4.679408073425292969e-01
1.578903119359154061e-09
9.794825688004493713e-03
7.439300534315407276e-04
9.949843287467956543e-01
5.997016560286283493e-04
1.642927090870216489e-04
8.710772817721590400e-06
6.059305742383003235e-04
3.531644120812416077e-03
4.568025069318082387e-09
6.287567666731774807e-04
1.094107346943928860e-06
1.088409662246704102e+00
3.705667381836974528e-07
8.902989975467789918e-06
3.875657128560305864e-08
2.065265825024198421e-08
2.680554018752445700e-07
3.353672623634338379e-01
5.281203426420688629e-03
1.180656836368143559e-03
2.882046997547149658e-01
3.306747530587017536e-04
1.157495262305019423e-06
1.125872880220413208e-01
2.159400082746287808e-06
3.427552292123436928e-03
8.533380605513229966e-05
1.166997477412223816e-02
1.157709062099456787e-01
1.284475684165954590e+00
5.553997587412595749e-03
1.583681628108024597e-02
1.833878457546234131e-01
6.037941147951642051e-06
1.531503535807132721e-02
3.978818313044030219e-06
4.393174094730056822e-06
2.769486172837787308e-06
5.236211563897086307e-06
4.309088457375764847e-03
2.547100884839892387e-04
3.210216760635375977e-02
1.761061284923925996e-04
8.290308713912963867e-01
3.972352016717195511e-03
4.787885700352489948e-04
1.316380803473293781e-06
1.440137177705764771e-01
2.487972676753997803e-01
1.323546632193028927e-03
4.579550921916961670e-01
8.651171445883676370e-11
6.203324431908185943e-08
6.190011650323867798e-02
8.273816092696506530e-06
2.934639109298586845e-03
3.342061827424913645e-04
2.165985107421875000e-02
6.495285779237747192e-02
3.162575662136077881e-01
4.739546217024326324e-03
2.113145228577195667e-06
1.077418029308319092e-01
2.485334407538175583e-03
8.391449451446533203e-01
7.693714820788954967e-08
9.962131734937429428e-04
3.954980969429016113e-01
1.107135042548179626e-01
3.742814296856522560e-04
4.645557403564453125e-01
1.224890056050753628e-08
5.839741230010986328e-01
5.938844697084277868e-05
4.173886845819652081e-04
3.657135721368831582e-06
8.729174624022562057e-06
7.301510436263924930e-07
1.234836381627246737e-04
2.536323620006442070e-03
2.137971967458724976e-01
2.772569871467567282e-07
1.653191006312226818e-08
1.189009519293904305e-03
2.996608614921569824e-01
7.056570649147033691e-01
5.514400601387023926e-01
1.191372517496347427e-03
1.039383649826049805e+00
9.590375423431396484e-01
6.096328143030405045e-04
6.257277709664776921e-05
1.857228577136993408e-01
1.033540721982717514e-02
2.395625226199626923e-03
6.588272452354431152e-01
6.112279515946283937e-05
1.541547244414687157e-03
8.596706390380859375e-01
1.400250475853681564e-04
5.888491868972778320e-01
4.935877919197082520e-01
3.671155869960784912e-02
2.845691889524459839e-02
7.152798352763056755e-04
3.098812699317932129e-02
2.893546025006799027e-07
2.983357727526225744e-10
1.554413756821304560e-05
1.187905013466661330e-06
2.687471508979797363e-01
3.657932281494140625e-01
2.658345270901918411e-03
1.191019862890243530e-01
6.197876334190368652e-01
3.661053180694580078e-01
5.278651588014326990e-05
8.332510292530059814e-02
4.090150818228721619e-02
4.176395237445831299e-01
5.000347271561622620e-02
1.023859552695682851e-09
1.011381158605217934e-03
4.052539225085638463e-06
2.173779466829728335e-05
3.268365561962127686e-02
4.989013075828552246e-03
5.919213919014509884e-08
2.391760423779487610e-02
7.004200330840149036e-09
2.024476416409015656e-02
6.614009737968444824e-01
1.672897301614284515e-02
1.255469687748700380e-04
2.593171894550323486e-01
5.878601223230361938e-02
1.003105309791862965e-03
2.248430252075195312e-02
9.948057595465797931e-06
6.874290704727172852e-01
1.651716530323028564e-01
1.621587318368256092e-03
3.338912129402160645e-01
2.084106393158435822e-02
1.685546012595295906e-04
4.734867980005219579e-05
4.480745303681032965e-07
1.332046114839613438e-03
6.695242973364656791e-06
6.337772309780120850e-02
3.449798747897148132e-02
2.899838378652930260e-03
1.389398967148736119e-04
7.909319996833801270e-01
7.725678682327270508e-01
1.374199928250163794e-04
1.232665381394326687e-04
3.851504880003631115e-04
2.863468369469046593e-03
7.112005846465763170e-07
9.507401088626465935e-09
9.291816949844360352e-01
8.228085353039205074e-04
1.237899251282215118e-02
5.401408076286315918e-01
4.843905480811372399e-05
1.413632999174296856e-04
7.573653128929436207e-04
8.075633049011230469e-01
1.286940097808837891e+00
4.816996010958973784e-07
7.205201545730233192e-04
1.442015171051025391e-02
3.869515061378479004e-01
5.294992320159508381e-07
8.408178389072418213e-02
4.520384967327117920e-02
3.210641807527281344e-05
1.124174706637859344e-02
4.285591542720794678e-01
1.435289392247796059e-03
4.244585870765149593e-04
1.584552675485610962e-01
8.928510375483256212e-09
1.413733884692192078e-02
3.035835397895425558e-04
2.802748349495232105e-05
8.381320163607597351e-03
9.529702360566716379e-09
1.087546625058166683e-04
1.524097621440887451e-01
1.004200811394184711e-07
9.331110817356602638e-08
5.800163149833679199e-01
2.718890357300551841e-08
7.913591616670601070e-06
1.310374960303306580e-02
4.284198803361505270e-05
5.605972837656736374e-04
5.736123323440551758e-01
1.157029718160629272e-01
3.005474805831909180e-01
1.505325712969352026e-06
2.347087138332426548e-05
1.302106556977378204e-05
2.442784534650854766e-06
1.265175887965597212e-05
5.136190652847290039e-01
2.266582548618316650e-01
2.193539572203917487e-08
1.788853257894515991e-01
4.271864308975636959e-04
1.270152907818555832e-02
3.957871794700622559e-01
1.289738416671752930e-01
3.509825170040130615e-01
2.976244501769542694e-02
5.947143435478210449e-01
1.130130112869665027e-05
7.838287353515625000e-01
9.443241287954151630e-05
2.025648355484008789e-01
1.376521307975053787e-03
2.446127831935882568e-01
6.755058734597696457e-07
3.980025276541709900e-02
4.991050809621810913e-02
4.466064739972352982e-03
1.524342660559341311e-04
4.685861468315124512e-01
1.594253350049257278e-03
3.650717262644320726e-04
2.268532171001425013e-06
2.530054771341383457e-04
2.073413431644439697e-01
1.335592269897460938e-01
3.934329450130462646e-01
9.960327297449111938e-03
4.080818598595215008e-07
4.484890669118613005e-04
4.752710810862481594e-04
1.234021474374458194e-04
2.384458109736442566e-02
1.594822242623195052e-05
8.445894122123718262e-01
2.941740676760673523e-04
1.900340896099805832e-03
1.339973323047161102e-02
1.896193996071815491e-02
6.860626399429747835e-06
6.986004114151000977e-01
2.920603156089782715e-01
4.539492130279541016e-01
5.538797378540039062e-01
3.221726510673761368e-04
3.120987557281296176e-08
1.218696124851703644e-03
1.135239228606224060e-01
8.662972599267959595e-03
6.023336709404247813e-07
5.631431005895137787e-03
2.958766743540763855e-02
5.080451816320419312e-02
3.817627206444740295e-03
1.287693748963647522e-06
9.616297669708728790e-03
1.867846772074699402e-02
4.334845580160617828e-03
7.352060638368129730e-04
1.763609647750854492e-01
1.477506756782531738e-02
4.010007157921791077e-02
7.812110185623168945e-01
5.946573310211533681e-06
1.912305451696738601e-04
2.969251945614814758e-03
4.420751647558063269e-04
2.073019823001231998e-05
4.695320385508239269e-04
6.917133331298828125e-01
1.796616998035460711e-04
2.060239445711431472e-08
7.249088585376739502e-02
5.651422725350130349e-06
1.626616418361663818e-01
2.065633816528134048e-05
4.969656001776456833e-03
8.491872576996684074e-04
9.547507390379905701e-03
7.081505941641808022e-07
1.508676859884872101e-06
5.872966647148132324e-01
5.298146632526368194e-08
7.704005241394042969e-01
3.895652014762163162e-03
3.945222488255240023e-05
1.067563220858573914e-01
4.601649474352598190e-03
1.757086487486958504e-03
8.835943043231964111e-02
4.561198147712275386e-05
2.220734131697099656e-05
1.540338644190342166e-06
1.390920281410217285e-01
1.065908789634704590e+00
6.863850951194763184e-01
3.995926585048437119e-03
1.106237713247537613e-02
1.446727692382410169e-04
4.990238812752068043e-05
7.743333578109741211e-01
6.630551815032958984e-01
2.441054789414920378e-07
1.248652824870077893e-05
6.098259240388870239e-03
6.965629495425673667e-08
3.888742029666900635e-01
5.361156165599822998e-02
6.650171279907226562e-01
7.106096148490905762e-01
2.439399063587188721e-02
1.622510608285665512e-03
6.636052858084440231e-03
1.289577875286340714e-02
4.374435171484947205e-02
9.447151422500610352e-01
1.051878929138183594e-01
9.025163948535919189e-02
7.543537765741348267e-03
1.808199798688292503e-03
2.482420653104782104e-01
2.205273881554603577e-02
6.798438727855682373e-02
1.074077337980270386e-01
1.320021993933551130e-07
5.874013368156738579e-05
6.032545934431254864e-05
1.718386658467352390e-03
6.384434103965759277e-01
4.290533717721700668e-03
8.927303552627563477e-02
1.681309044361114502e-01
3.083954453468322754e-01
1.836618903325870633e-04
5.177883803844451904e-02
3.703508377075195312e-01
3.070176262554014102e-06
6.150269135832786560e-02
2.216355502605438232e-02
1.397827290929853916e-03
5.408891468050569529e-08
1.439582109451293945e-01
1.620791226741857827e-05
5.788290582131594419e-05
6.753271818161010742e-01
1.290660142898559570e+00
1.260392423318990041e-06
1.398777030408382416e-02
1.454554439987987280e-04
6.038135325070470572e-05
1.756751953507773578e-05
7.614076137542724609e-01
3.240566328167915344e-02
4.919870197772979736e-02
1.674594568612519652e-05
3.052942827343940735e-02
3.804341703653335571e-02
2.249795579700730741e-05
2.423655092716217041e-01
1.050485181622207165e-03
2.388470165897160769e-04
2.461559623479843140e-01
1.686315772531088442e-05
3.111356363660888746e-06
1.105785631807520986e-04
5.698285531252622604e-03
2.159854024648666382e-02
2.275144215673208237e-03
6.642966732250954465e-10
4.365580528974533081e-02
5.189970135688781738e-03
2.629021108150482178e-01
1.497014611959457397e-01
2.662248448359605391e-07
1.388961682096123695e-04
3.637896180152893066e-01
2.244790783151984215e-03
2.383298426866531372e-02
1.888833381235599518e-02
6.612661760300397873e-03
1.826192368753254414e-03
2.696481766179203987e-03
4.660817864987620851e-07
5.560096502304077148e-01
5.469555258750915527e-01
1.955126076936721802e-01
9.697090135887265205e-04
7.100761649780906737e-07
4.051581709063611925e-05
5.387073848396539688e-03
1.911757588386535645e-01
2.758258581161499023e-01
4.843896627426147461e-01
5.723366737365722656e-01
2.218193549197167158e-04
3.984200884588062763e-05
5.787036418914794922e-01
1.568228981341235340e-06
8.287304081022739410e-03
6.479826569557189941e-01
3.160462379455566406e-01
6.746226456016302109e-03
2.043286561965942383e-01
2.415642738342285156e-01
1.148259341716766357e-01
5.420749783515930176e-01
2.833949625492095947e-01
1.457327016396448016e-04
1.794961281120777130e-03
4.799855407327413559e-03
3.166715614497661591e-04
4.135565832257270813e-02
5.616201758384704590e-01
7.276841788552701473e-04
2.774098515510559082e-01
1.013983726501464844e+00
6.683988613076508045e-05
2.825718547683209181e-04
3.481152653694152832e-01
2.189140617847442627e-01
1.264840648218523711e-06
3.181107786076609045e-06
3.172141909599304199e-01
6.510096788406372070e-01
8.943543070927262306e-04
6.787184476852416992e-01
6.926521062850952148e-01
3.356701938628248172e-08
1.224225386977195740e-02
3.444077679887413979e-03
1.658535748720169067e-02
3.123357295989990234e-01
5.226386245340108871e-03
3.600339405238628387e-04
8.238494046963751316e-06
1.676851243246346712e-04
1.070112804882228374e-03
6.808052062988281250e-01
7.082685478962957859e-04
5.393657367676496506e-03
4.419694334956147941e-07
8.902808278799057007e-02
9.912983775138854980e-01
1.259284093976020813e-02
5.770485401153564453e-01
2.953973705643875292e-07
1.450127165298908949e-04
6.661843508481979370e-02
1.191910923807881773e-04
2.542972862720489502e-01
7.783023640513420105e-03
3.408356010913848877e-02
1.976808011531829834e-01
2.801159918308258057e-01
2.879569137803628109e-06
9.082179749384522438e-04
1.266184495761990547e-03
6.059772968292236328e-01
8.525368757545948029e-04
3.645386314019560814e-03
5.845994874835014343e-02
1.936060834850650281e-05
1.401983350515365601e-01
1.186659097671508789e+00
6.294440031051635742e-01
2.069249004125595093e-02
1.892191823571920395e-03
1.074609928764402866e-03
2.135626971721649170e-01
1.153907626867294312e-01
1.087496336549520493e-02
1.509232205876287480e-08
1.509227187668216175e-09
9.048453718423843384e-02
6.797023957005876582e-07
8.537504925243410980e-08
6.070906971578082789e-11
2.306050873812637292e-06
2.679849897546660031e-09
1.074560373126587365e-06
5.659748694597510621e-06
9.331110817356602638e-08
4.563553375191986561e-04
1.197668723762035370e-02
5.294587026583030820e-07
2.973419843677049812e-10
1.005939580500125885e-02
5.428216809377772734e-07
1.809938294172752649e-05
1.001264280375835369e-07
2.422387751721544191e-06
1.038561968016438186e-04
9.108121157623827457e-04
3.752086641384266841e-09
3.945181403786079954e-10
8.246107609011232853e-05
6.143817154224961996e-05
2.740534488111734390e-03
1.418344108827795935e-08
3.237156676050290116e-08
1.815522846300154924e-04
1.986919902265071869e-03
5.729482290917076170e-05
2.203543836287735758e-08
5.823444393371346450e-09
2.519743247830774635e-05
4.410091403173055369e-09
5.300760719251229602e-08
4.863507641061914910e-08
1.438579261302947998e-01
1.090305068451868920e-09
2.766807085663458565e-07
1.510111987590789795e-02
6.274023326113820076e-04
9.403896547155454755e-05
1.330195502358133552e-12
2.330946699657943100e-05
1.693021476967260242e-04
1.392300822772085667e-03
6.321905487993717543e-08
8.523220323963798251e-11
4.425999497459365273e-12
1.538677133794408292e-05
5.633077118545770645e-03
2.633967766119127418e-10
2.953029820673691574e-07
7.414370770675304811e-07
1.051621802616864443e-04
2.000133918045321479e-06
3.969084616528562037e-08
5.011108441976830363e-05
3.047387690457981080e-05
9.456058478463091888e-07
1.950434595346450806e-02
7.906683641145662023e-11
7.793061627126007807e-07
1.337233754838962341e-07
3.005907819897402078e-05
3.181371139362454414e-04
4.208962433040142059e-03
2.293022660637689114e-09
9.100258324679089128e-09
1.988924025475569124e-10
2.140677301213145256e-03
2.280698572576511651e-05
1.148622110486030579e-02
3.270878195762634277e-01
2.243705530418083072e-04
5.509337186813354492e-01
2.008938281505834311e-06
3.843193212560436223e-07
4.806956712855026126e-05
4.122630227357149124e-03
4.954296528580925951e-09
6.631963515246752650e-06
7.223542866086063441e-07
1.173220854252576828e-02
3.786330353250377811e-06
2.262593170598847792e-07
4.516271303600660758e-07
1.769358068704605103e-01
7.260845450218766928e-06
1.233904458786128089e-05
1.010163214232306927e-05
1.400776454829610884e-06
1.454050943721085787e-04
2.259297531281845295e-07
2.325714376638643444e-06
3.917969593203451950e-07
1.783172046998515725e-05
2.191806380835714663e-08
1.091915983124636114e-04
1.125555834732949734e-03
1.866069825788921333e-14
2.731532324105501175e-03
2.043008180407923646e-06
1.661324799060821533e-01
3.007517755031585693e-02
2.895573288697050884e-06
7.742590241832658648e-06
1.054100096098409267e-07
4.895302219143360389e-11
5.058480383013375103e-05
5.503556721464519796e-08
5.929338658461347222e-05
1.141271670348942280e-03
2.967544612819672523e-11
5.469555258750915527e-01
7.697971682318893727e-08
5.393806077336193994e-07
6.189966807141900063e-04
1.151346813027531724e-13
4.647328751161694527e-06
1.437815058125124779e-06
2.620551822474226356e-05
2.059251164610031992e-05
9.765412869455758482e-07
1.618482656340347603e-06
1.985940940585351200e-07
7.476922291971277446e-06
8.882858537617721595e-08
1.050130121749148771e-11
1.660024548377769804e-11
1.145865462603978813e-05
1.517352793598547578e-04
9.409069356980381826e-11
1.678110095326701412e-07
1.067360599904532137e-08
1.346697681583464146e-04
9.522974869469180703e-05
5.859408993273973465e-04
1.944936911968397908e-06
1.224890056050753628e-08
1.173306154669262469e-04
5.162644534095761628e-09
8.600248406764876563e-07
7.640562671440420672e-08
1.519231545898946933e-06
6.000844240188598633e-01
4.370219176053069532e-05
1.249668285518978905e-10
8.406638517044484615e-05
1.788555437087779865e-07
6.965629495425673667e-08
8.009969354461077273e-10
4.865810275077819824e-03
4.263175590324408404e-09
3.590184496715664864e-05
2.069824311945467343e-08
4.086554981768131256e-04
3.973749755914468551e-07
2.916504144668579102e-01
4.143887199461460114e-04
3.057091264054179192e-03
4.943288001157952749e-10
2.189767656091134995e-08
8.987121463688296785e-11
5.226840585237368941e-06
3.043811602765345015e-08
4.517759322197889560e-08
1.546235987916588783e-03
3.265189207013463601e-06
1.145604066550731659e-03
8.155588293448090553e-04
1.924879252910614014e-01
9.624465747037902474e-06
7.204834400909021497e-05
4.146337509155273438e-03
5.905373967607374652e-10
6.247479973353620153e-07
1.092161880933417706e-07
8.530625095204413810e-09
4.887265386059880257e-04
8.916059596231207252e-05
6.485960852842254099e-07
1.540236439723230433e-06
2.681968908291310072e-05
1.100434133149974514e-06
1.436462402343750000e-01
1.365099102258682251e-01
8.146177278831601143e-04
1.429220075621628894e-10
3.246390260756015778e-04
4.299403633922338486e-03
2.097684331238269806e-02
1.383867493132129312e-04
1.470428105676546693e-04
1.235153293237090111e-03
3.715608501806855202e-03
1.220789253711700439e-01
3.750910691451281309e-04
9.183376096189022064e-03
1.407269883202388883e-04
1.706045120954513550e-01
4.711839451942978485e-08
9.978368353813493741e-08
2.196639115936704911e-06
1.278159288631286472e-06
1.262088122899740483e-08
4.225957766175270081e-02
9.123316324632924079e-09
7.846499272545770509e-08
2.080490958178415895e-05
1.106335093936650082e-05
1.018424427456920967e-06
1.331474663857079577e-06
2.079293848211705154e-09
1.438674007658846676e-05
1.920940206900922931e-08
2.725014880411436025e-08
3.207785775884985924e-04
2.619523406028747559e-01
2.257332237798337360e-10
3.432306984905153513e-04
9.261992204301350284e-07
3.153757688778568991e-06
1.116107523557730019e-05
1.440736141500309486e-10
9.695975109934806824e-03
2.699992139587603646e-11
3.343767218666471308e-07
3.628677913702915703e-10
4.905975401925388724e-06
4.311212031902350583e-13
1.225438085384666920e-03
8.657594919204711914e-01
3.725796705111861229e-03
1.234021474374458194e-04
2.861293523892527446e-06
1.471077091991901398e-03
4.308188528145961982e-10
1.629997359309243166e-09
7.778377039358019829e-04
4.702804435510188341e-04
1.077533117495477200e-03
2.021138527652510675e-07
1.566464379720855504e-05
2.004348331752225931e-08
4.777646367415400164e-08
6.607074465136975050e-05
3.496041927064652555e-06
7.776170605211518705e-06
1.582182794809341431e-01
1.407341301273845602e-07
1.086649970005737487e-08
4.041337888338603079e-06
6.828361620137002319e-06
2.169882878661155701e-03
6.347366188208525273e-09
1.488102299163074349e-07
8.750599622726440430e-02
1.784862601198256016e-03
1.585715114771346634e-09
7.800300954841077328e-05
7.735493018704020507e-13
6.951834663482259202e-10
8.429091025163870654e-08
5.588562999037094414e-07
1.404844169883290306e-06
4.651161376386880875e-03
4.356388308224268258e-05
7.360882136708823964e-06
5.533802749368987861e-08
3.958157357430991397e-09
7.033231086097657681e-04
8.953145006671547890e-04
1.449269038111822283e-09
2.307715703864232637e-06
1.752963925127914990e-07
3.507184609770774841e-02
4.859865398998408637e-09
6.091516697779297829e-04
1.334462649538181722e-05
9.130807302426546812e-05
1.091667763830628246e-05
1.147210468843695708e-06
6.697256565093994141e-01
4.949356835481921735e-08
4.505741223692893982e-02
1.092237744160229340e-05
2.893546025006799027e-07
2.487259052941226400e-06
2.898375896620564163e-05
2.391405178059358150e-05
4.017473474959842861e-05
1.477227306168060750e-05
3.237669443478807807e-05
5.961210626992397010e-05
7.546780258417129517e-02
5.226469966146396473e-06
5.146143848833162338e-07
1.428379547974145680e-08
3.571659908629953861e-05
1.449763260552572319e-07
1.058535277843475342e-01
9.094800916500389576e-04
1.293337049901310820e-06
4.315571686674957164e-07
2.234650310128927231e-06
1.909263804554939270e-02
5.849852300343627576e-07
1.725165406242012978e-03
8.251138297055149451e-07
9.877824140858137980e-07
4.273411485788969344e-11
1.170687158325023347e-11
4.480973458953485533e-08
1.113682401410187595e-06
4.381298494990915060e-04
2.900640448319502518e-12
4.351643729023635387e-04
3.681888571804847743e-08
3.567038947949185967e-05
2.478024177253246307e-02
1.522739912616088986e-04
7.082685478962957859e-04
9.406117605976760387e-04
4.430349469184875488e-01
1.654835386943886988e-06
3.691211531986482441e-05
1.727159484289586544e-03
4.098873432667460293e-06
1.632283783692400903e-06
3.320528864860534668e-01
3.345011267811059952e-03
6.943804025650024414e-02
1.072381152766865853e-07
4.976377240382134914e-04
5.425163358449935913e-02
3.865951672196388245e-03
3.550442168489098549e-03
2.922377316281199455e-04
7.195409601479241246e-09
1.480279365750902798e-08
9.590375423431396484e-01
1.023859552695682851e-09
9.447741322219371796e-04
5.255237134349499684e-09
4.414448540046578273e-07
3.457577986409887671e-05
1.229995405083172955e-06
3.454416000749915838e-04
6.041322823946426723e-12
7.426255166365081095e-08
2.674713730812072754e-03
1.238166075199842453e-02
1.580836283210373949e-06
4.554389452096074820e-04
1.077585949360582163e-07
1.880726152592160361e-08
8.763494342565536499e-02
2.348615817027166486e-04
2.214175992776290514e-06
1.021771167870610952e-04
1.245659575488389237e-07
4.466375880252115849e-11
4.725430116647721945e-13
1.550005013228883399e-09
2.752735099420533516e-06
1.283396056095398308e-09
7.297885604202747345e-04
5.128916200192179531e-06
5.098459501806651417e-11
8.428120054304599762e-06
6.344614575937157497e-07
2.136561233783140779e-04
2.427736660592927365e-07
1.386358868330717087e-03
4.741697921417653561e-05
1.558294798087445088e-06
1.843135493118097656e-07
8.865225709087098949e-08
1.006272658705711365e-01
1.036318337810371304e-07
7.406631974404831453e-10
2.368599598412401974e-05
1.668924221043255329e-09
4.396653093863278627e-04
6.952412257010820440e-11
8.887685112313192803e-07
3.056242712773382664e-04
1.480642458773218095e-05
1.850838884820404928e-06
8.037065714597702026e-02
2.351547891521477140e-06
5.943231258243031334e-07
2.942626906587975100e-07
2.935524605618411442e-07
6.642966732250954465e-10
2.426407945677055977e-06
1.035062905430095270e-05
1.381698893965221941e-06
9.315928028996722787e-10
3.613774242694489658e-05
2.266510576009750366e-01
2.802467497531324625e-05
1.260060467757284641e-03
6.245872555155074224e-06
4.459392130229389295e-06
1.054026415658881888e-05
2.199740492869750597e-06
1.050485181622207165e-03
1.919329770316835493e-05
1.440861378796398640e-04
9.253791621866014339e-10
2.449589737807400525e-05
7.068128979881294072e-07
2.940140075224917382e-05
3.960533615475492208e-13
1.364394708325278316e-09
3.464331166469492018e-05
1.204383721642443561e-07
6.224831849976908416e-07
1.322174625784100499e-06
1.582789788123761809e-09
1.234836381627246737e-04
1.320106384810060263e-04
8.063654604484327137e-06
1.333386055193841457e-03
1.692426536692437367e-07
2.089034751406870782e-05
1.259331527947438190e-09
6.553887575864791870e-02
5.663732736138626933e-07
-0.000000000000000000e+00
-0.000000000000000000e+00
-0.000000000000000000e+00
-0.000000000000000000e+00
-0.000000000000000000e+00
-0.000000000000000000e+00
-0.000000000000000000e+00
-0.000000000000000000e+00
-0.000000000000000000e+00
-0.000000000000000000e+00
-0.000000000000000000e+00
-0.000000000000000000e+00
-0.000000000000000000e+00
-0.000000000000000000e+00
-0.000000000000000000e+00
-0.000000000000000000e+00
-0.000000000000000000e+00
-0.000000000000000000e+00
-0.000000000000000000e+00
-0.000000000000000000e+00
-0.000000000000000000e+00
-0.000000000000000000e+00
-0.000000000000000000e+00
-0.000000000000000000e+00
-0.000000000000000000e+00
-0.000000000000000000e+00
-0.000000000000000000e+00
-0.000000000000000000e+00
-0.000000000000000000e+00
-0.000000000000000000e+00
-0.000000000000000000e+00
-0.000000000000000000e+00
-0.000000000000000000e+00
-0.000000000000000000e+00
-0.000000000000000000e+00
-0.000000000000000000e+00
-0.000000000000000000e+00
-0.000000000000000000e+00
-0.000000000000000000e+00
-0.000000000000000000e+00
