2.715991020202636719e+01
3.949093933105468750e+02
2.566618156433105469e+01
3.904559850692749023e+00
1.227034912109375000e+02
2.513847351074218750e+00
3.168510246276855469e+01
2.101807373046875000e+03
5.365426025390625000e+02
5.214032173156738281e+00
5.099332809448242188e+01
2.914857101440429688e+01
4.350691833496093750e+02
5.926563110351562500e+02
1.126303176879882812e+02
3.271174621582031250e+01
1.119654235839843750e+02
1.814310302734375000e+02
7.847334594726562500e+02
1.419923901557922363e+00
8.016298675537109375e+01
2.892135620117187500e+01
4.335091781616210938e+01
1.129919586181640625e+02
4.203535079956054688e+01
1.867843508720397949e+00
1.131997222900390625e+02
7.158445739746093750e+01
3.810161113739013672e+00
2.710539245605468750e+02
3.413174057006835938e+01
2.309568214416503906e+01
8.915454864501953125e+01
1.265991926193237305e+00
2.711327075958251953e+00
3.028637409210205078e+00
9.056066131591796875e+01
2.216395416259765625e+02
6.557188720703125000e+02
3.680189514160156250e+01
2.364145517349243164e+00
5.883524169921875000e+02
3.433694076538085938e+01
7.985119628906250000e+01
2.837207555770874023e+00
4.993538856506347656e+00
3.946725463867187500e+02
4.647093963623046875e+01
6.368999481201171875e+00
1.905237197875976562e+01
9.056446075439453125e+00
6.185735321044921875e+01
6.712006835937500000e+02
4.728725433349609375e+00
5.704803848266601562e+01
1.601133942604064941e+00
1.762861442565917969e+01
3.035014038085937500e+02
2.068611621856689453e+00
2.073994576930999756e-01
2.398260533809661865e-01
7.693792343139648438e+00
9.184776306152343750e+01
9.976869964599609375e+01
2.398204088211059570e+00
1.293108825683593750e+02
9.447189331054687500e+00
9.336775970458984375e+01
1.093650283813476562e+02
1.729280352592468262e+00
2.212731599807739258e+00
2.835873365402221680e+00
9.897966766357421875e+01
8.399489135742187500e+02
1.950741271972656250e+02
3.053626716136932373e-01
1.464293575286865234e+01
1.066177368164062500e+02
2.802812099456787109e+00
4.104608297348022461e-01
3.162462463378906250e+02
3.223470926284790039e+00
3.468074798583984375e+01
4.955273056030273438e+01
7.203159332275390625e-01
2.391267299652099609e+00
9.507899780273437500e+02
3.312304077148437500e+02
3.919354248046875000e+02
2.023398132324218750e+02
1.479745635986328125e+02
1.076769924163818359e+01
8.208834075927734375e+01
6.044340133666992188e+01
6.468603134155273438e+00
1.577575683593750000e+02
1.851761102676391602e+00
4.150476684570312500e+02
7.055412530899047852e-01
3.003362178802490234e+00
1.070039844512939453e+01
4.008915405273437500e+02
7.199411010742187500e+02
4.892499923706054688e+01
6.262012863159179688e+01
2.019220352172851562e+00
1.102444381713867188e+02
1.510559204101562500e+03
5.370558547973632812e+01
3.485046863555908203e+00
1.102872943878173828e+01
6.974741935729980469e+00
5.018070678710937500e+02
7.422778930664062500e+02
4.119327926635742188e+01
1.898959197998046875e+02
1.186778106689453125e+02
3.844361877441406250e+02
8.659755249023437500e+02
3.054616689682006836e+00
1.058779373168945312e+02
1.575243186950683594e+01
6.477237701416015625e+01
1.498272094726562500e+03
4.951154327392578125e+01
2.116557359695434570e+00
2.147546577453613281e+01
4.654622192382812500e+02
1.056023597717285156e+01
3.017138099670410156e+01
7.711427001953125000e+02
1.813867187500000000e+02
6.612651824951171875e+01
1.637082099914550781e+01
1.748646974563598633e+00
6.014005661010742188e+00
3.336900939941406250e+02
1.348129028320312500e+03
2.416138671875000000e+03
9.972574462890625000e+02
3.954796600341796875e+01
1.366951538085937500e+03
3.429612121582031250e+02
5.250610351562500000e+02
1.804464721679687500e+01
8.369697570800781250e+01
1.562176666259765625e+02
1.095670166015625000e+02
5.694434165954589844e+00
3.712744140625000000e+01
9.776514053344726562e+00
2.396646575927734375e+02
1.132894897460937500e+03
3.714946746826171875e+01
2.925165100097656250e+02
4.268038749694824219e+00
3.736002731323242188e+01
1.528545654296875000e+03
6.449071502685546875e+01
3.537850618362426758e+00
8.437378883361816406e+00
8.031800842285156250e+01
3.086552246093750000e+03
1.127775756835937500e+03
2.380714416503906250e+01
1.215202148437500000e+03
4.013961181640625000e+02
2.846801757812500000e+03
7.283734741210937500e+02
6.257467746734619141e+00
1.428227615356445312e+01
2.649316406250000000e+01
4.427220458984375000e+02
1.628876831054687500e+03
2.740072631835937500e+02
1.303436756134033203e+00
8.855369567871093750e+01
7.250688476562500000e+02
1.342363166809082031e+01
1.721438446044921875e+02
4.298514404296875000e+02
1.738618850708007812e+01
7.331260681152343750e+01
1.575993537902832031e+01
1.435170292854309082e+00
1.890243148803710938e+01
6.792733154296875000e+02
1.043261962890625000e+03
3.575541259765625000e+03
6.038990478515625000e+02
7.703321075439453125e+01
1.781338958740234375e+02
9.688730621337890625e+01
2.798059692382812500e+02
8.585551261901855469e+00
1.614026641845703125e+01
5.634148788452148438e+01
4.076064682006835938e+01
1.555021572113037109e+01
1.220122051239013672e+01
5.203986740112304688e+01
4.692980346679687500e+02
1.171450042724609375e+02
6.520568847656250000e+02
1.487080383300781250e+02
1.758185267448425293e+00
1.524246215820312500e+02
2.912895263671875000e+03
8.467146301269531250e+01
1.724849700927734375e+01
7.622797966003417969e+00
1.446301574707031250e+02
3.805966949462890625e+01
6.363855590820312500e+02
8.575472831726074219e+00
2.434691467285156250e+02
1.082484817504882812e+01
4.717307128906250000e+03
6.917381286621093750e+01
3.855162560939788818e-01
5.929801635742187500e+02
5.181714630126953125e+01
4.202272033691406250e+01
3.415187011718750000e+03
1.036615142822265625e+02
4.427605152130126953e+00
1.654399414062500000e+02
3.177572509765625000e+03
4.184940814971923828e+00
6.176704025268554688e+01
3.253488922119140625e+01
4.423962707519531250e+02
2.322661132812500000e+02
4.980508804321289062e+00
1.222347140312194824e+00
4.149412631988525391e+00
1.949315429687500000e+03
2.954057312011718750e+02
1.495736999511718750e+02
1.836666259765625000e+02
1.006075954437255859e+01
2.292563964843750000e+03
3.556482696533203125e+01
1.477085018157958984e+01
7.954574584960937500e+00
2.952147102355957031e+01
2.046803474426269531e+01
6.734595489501953125e+01
5.267714977264404297e+00
5.738716888427734375e+01
7.846168518066406250e+01
6.221223144531250000e+02
3.338806152343750000e+02
4.233950424194335938e+01
7.034007568359375000e+02
6.233989715576171875e+00
7.886899566650390625e+01
3.888338378906250000e+03
2.729023742675781250e+02
8.603094100952148438e+00
4.499069213867187500e+01
1.386372833251953125e+02
2.760850830078125000e+03
7.846363525390625000e+02
8.126878356933593750e+01
3.858439025878906250e+02
5.723845214843750000e+02
3.190121582031250000e+03
1.568978515625000000e+03
4.987608909606933594e+00
5.333544921875000000e+01
5.038687515258789062e+01
3.394389038085937500e+02
4.761885681152343750e+02
3.675908203125000000e+02
2.393801450729370117e+00
2.992798156738281250e+02
3.748962402343750000e+02
5.332437515258789062e+00
6.615541992187500000e+02
4.547321319580078125e+01
3.375338363647460938e+01
3.546524353027343750e+02
9.079791069030761719e+00
4.261003494262695312e+00
1.732801246643066406e+01
1.030755493164062500e+03
7.759298706054687500e+02
1.402062866210937500e+03
1.288064575195312500e+02
4.658115005493164062e+01
2.873438415527343750e+02
5.496802520751953125e+01
6.135552597045898438e+01
1.338931369781494141e+01
4.658026885986328125e+01
1.872983703613281250e+02
2.615578002929687500e+02
2.031394004821777344e+01
2.520556068420410156e+01
1.457688999176025391e+01
1.314665649414062500e+03
1.362303009033203125e+02
5.538891983032226562e+01
1.663154449462890625e+02
7.779245972633361816e-01
3.134882545471191406e+01
2.470837402343750000e+03
1.212537002563476562e+02
2.511578798294067383e+00
3.737277269363403320e+00
5.010384559631347656e+00
1.099469146728515625e+02
7.619947052001953125e+01
2.808783340454101562e+01
1.848200988769531250e+01
6.409353637695312500e+01
2.546989746093750000e+02
5.947001953125000000e+02
8.272177577018737793e-01
3.541852111816406250e+02
4.303987884521484375e+01
3.902331542968750000e+01
2.029380187988281250e+02
1.589203491210937500e+02
2.743243217468261719e+00
1.419295883178710938e+01
1.808750000000000000e+02
7.850601673126220703e-01
2.826691246032714844e+01
4.628545379638671875e+01
6.771838378906250000e+01
5.541147613525390625e+01
6.597506523132324219e+00
1.607753276824951172e+00
4.860149383544921875e+00
6.158123168945312500e+02
2.512601776123046875e+02
2.474877624511718750e+02
4.115527954101562500e+02
2.250402832031250000e+01
1.738325073242187500e+03
2.305782928466796875e+02
2.090619468688964844e+01
1.969717216491699219e+01
4.165550231933593750e+01
6.339556884765625000e+01
7.221013641357421875e+01
1.919631004333496094e+00
6.544673156738281250e+01
3.429441070556640625e+01
3.937262725830078125e+01
4.963424377441406250e+02
7.145914459228515625e+01
2.932670211791992188e+01
1.491150259971618652e+00
1.283105163574218750e+02
9.098931274414062500e+02
2.685011291503906250e+02
1.697646713256835938e+01
9.634388923645019531e+00
4.447337036132812500e+02
1.406297912597656250e+02
2.498987304687500000e+03
7.632617950439453125e+00
3.465538940429687500e+02
1.191092205047607422e+01
1.506052978515625000e+03
6.388336563110351562e+01
1.443503022193908691e+00
1.650661926269531250e+02
4.129367828369140625e+01
2.287425613403320312e+01
4.141501953125000000e+03
5.774461746215820312e+01
2.309028148651123047e+00
4.619359436035156250e+02
3.064381103515625000e+03
3.363142013549804688e+01
1.132740631103515625e+02
8.793852539062500000e+02
4.186944961547851562e+01
6.719408416748046875e+01
8.625292778015136719e+00
1.371093273162841797e+00
3.730732202529907227e+00
4.967926940917968750e+02
1.957338867187500000e+02
5.234701538085937500e+02
4.305270080566406250e+02
2.618384170532226562e+01
2.969460449218750000e+02
1.779445838928222656e+01
1.600394134521484375e+02
4.899246692657470703e+00
3.184742736816406250e+01
4.128845596313476562e+01
1.158457183837890625e+02
3.479293823242187500e+00
1.919053077697753906e+01
3.735232925415039062e+01
2.538029632568359375e+02
1.548262329101562500e+03
4.173148727416992188e+01
2.241092681884765625e+02
2.752903699874877930e+00
1.887570495605468750e+02
5.014730468750000000e+03
4.576111221313476562e+01
2.384228229522705078e+00
6.378863334655761719e+00
2.049652099609375000e+01
6.789011230468750000e+02
9.747869873046875000e+02
4.377144622802734375e+01
7.553228759765625000e+02
1.799849700927734375e+02
3.498814941406250000e+03
1.165132080078125000e+03
1.450433015823364258e+00
4.076763153076171875e+01
1.572284793853759766e+01
9.014787292480468750e+01
2.658343505859375000e+03
1.352732696533203125e+02
7.612633705139160156e-01
8.713051605224609375e+01
5.139781494140625000e+02
5.488368034362792969e+00
2.141707153320312500e+02
3.195645446777343750e+02
1.876466560363769531e+01
1.912433471679687500e+02
2.070085525512695312e+01
1.651196956634521484e+00
3.784350872039794922e+00
2.101568115234375000e+03
2.472860839843750000e+03
2.204346191406250000e+03
4.718185119628906250e+02
3.621561813354492188e+01
2.046457061767578125e+02
4.253390502929687500e+01
2.502647094726562500e+02
1.723309326171875000e+01
6.500822448730468750e+01
5.052090072631835938e+01
2.891338500976562500e+02
1.056930637359619141e+01
1.702965545654296875e+01
3.458126068115234375e+01
1.989482421875000000e+02
4.062002258300781250e+02
5.713156738281250000e+02
1.159732360839843750e+02
2.798312664031982422e+00
3.265196838378906250e+02
3.602178710937500000e+03
1.194928741455078125e+02
2.307901573181152344e+01
3.856317520141601562e+00
5.047706909179687500e+02
2.523792419433593750e+02
3.052674804687500000e+03
8.425024032592773438e+00
8.366810913085937500e+02
4.415372085571289062e+01
7.517659667968750000e+03
1.212859573364257812e+02
1.443067193031311035e+00
5.589809570312500000e+02
3.301836776733398438e+01
4.827654266357421875e+01
7.165728515625000000e+03
1.731773529052734375e+02
3.153799295425415039e+00
3.375691833496093750e+02
5.338161621093750000e+03
2.674665069580078125e+01
3.070427246093750000e+02
4.104413757324218750e+02
3.035993041992187500e+02
1.491778259277343750e+02
6.927313804626464844e+00
1.241406917572021484e+00
4.805841922760009766e+00
2.333072998046875000e+03
4.419659423828125000e+02
7.844097290039062500e+02
2.509928894042968750e+02
2.095738983154296875e+01
1.298490844726562500e+03
1.075740909576416016e+01
1.005479812622070312e+02
6.106190681457519531e+00
2.069190597534179688e+01
5.759585189819335938e+01
9.013497161865234375e+01
1.098292255401611328e+01
6.130105590820312500e+01
