5.998643875122070312e+00
2.373858642578125000e+02
7.550487518310546875e+00
1.276428909301757812e+02
5.377132415771484375e+01
6.160998153686523438e+01
1.424980449676513672e+01
1.486021118164062500e+02
4.354042816162109375e+01
8.114873886108398438e+00
1.545349025726318359e+01
3.714428329467773438e+01
7.861848831176757812e+00
3.998133087158203125e+01
1.249535751342773438e+02
2.187561988830566406e+01
5.884163856506347656e+00
7.695648193359375000e+01
5.430558681488037109e+00
1.095963954925537109e+01
2.839324760437011719e+01
2.313833045959472656e+01
1.165868408203125000e+03
1.034298019409179688e+02
8.702055358886718750e+01
6.375197410583496094e+00
1.101459312438964844e+01
2.977921295166015625e+01
8.590493774414062500e+01
4.714355087280273438e+01
8.419789886474609375e+01
8.887155532836914062e+00
3.417685317993164062e+01
4.139935302734375000e+02
4.836846160888671875e+01
9.356761932373046875e+01
2.168504333496093750e+01
2.662936210632324219e+00
9.815952301025390625e+00
4.007508239746093750e+02
1.820683288574218750e+01
5.273305130004882812e+01
1.659963989257812500e+02
1.592680835723876953e+01
1.840423393249511719e+01
8.405330657958984375e+01
5.385126113891601562e+01
1.424189949035644531e+01
1.976246490478515625e+02
1.950594787597656250e+02
2.645462417602539062e+01
3.252843627929687500e+02
4.168463897705078125e+01
8.389481353759765625e+01
3.166522026062011719e+01
8.400532531738281250e+01
6.182660102844238281e+00
2.582749366760253906e+01
3.884159851074218750e+01
3.351862716674804688e+01
1.921188507080078125e+02
1.274883422851562500e+02
6.935023498535156250e+01
3.028681945800781250e+01
6.620098114013671875e+01
7.562186717987060547e+00
1.420823822021484375e+02
3.654738235473632812e+01
8.252713680267333984e-01
8.358580017089843750e+01
1.738518981933593750e+02
2.635436401367187500e+02
1.018804687500000000e+03
1.433132171630859375e+01
6.899444580078125000e+01
5.234820365905761719e+00
7.833702850341796875e+01
4.061863327026367188e+01
1.033962097167968750e+02
2.323998324573040009e-02
6.484363555908203125e+01
7.324114990234375000e+01
2.352684783935546875e+01
9.870985031127929688e+00
8.829132080078125000e+00
6.965576112270355225e-02
3.096496391296386719e+01
3.039605903625488281e+01
4.391452331542968750e+02
1.496212158203125000e+02
7.952134609222412109e+00
9.443228721618652344e+00
8.975812911987304688e+00
1.323829650878906250e+02
3.237665939331054688e+01
2.109604949951171875e+02
8.976337432861328125e+01
7.952051544189453125e+01
2.253296852111816406e+00
4.221980094909667969e+00
4.655200576782226562e+01
1.403553924560546875e+02
3.585878372192382812e+01
1.389774017333984375e+02
2.489926719665527344e+01
3.022006835937500000e+02
3.136650466918945312e+01
2.112840728759765625e+02
6.793038940429687500e+01
2.080127143859863281e+01
4.291388320922851562e+01
2.120539550781250000e+02
2.291505126953125000e+02
1.775791931152343750e+02
1.361045227050781250e+02
9.091527938842773438e+00
3.447702407836914062e+01
9.667762756347656250e+01
1.410458946228027344e+01
8.978553771972656250e+01
1.421363220214843750e+02
1.526313476562500000e+02
1.804254394531250000e+03
1.087219543457031250e+02
1.068192520141601562e+02
2.676010704040527344e+01
2.829379272460937500e+01
2.711088562011718750e+01
3.136748657226562500e+02
2.767097711563110352e+00
2.050653381347656250e+02
2.390320892333984375e+02
7.350302124023437500e+01
1.786846466064453125e+02
9.708169937133789062e+00
6.796009063720703125e+01
2.919765281677246094e+01
3.323378372192382812e+01
1.714838714599609375e+02
4.099335937500000000e+02
1.345536899566650391e+01
6.109102630615234375e+01
1.969864349365234375e+02
4.155923843383789062e+01
1.822964324951171875e+02
3.246243591308593750e+02
1.507372283935546875e+02
6.198498916625976562e+01
5.009760284423828125e+01
2.158403625488281250e+02
1.106863555908203125e+02
2.597980651855468750e+02
2.993711547851562500e+02
1.696747589111328125e+02
9.421239471435546875e+01
2.839641418457031250e+02
1.572779083251953125e+02
2.254458618164062500e+02
1.081763153076171875e+02
2.278935813903808594e+01
3.340487670898437500e+01
4.118191223144531250e+02
2.840831298828125000e+02
1.943276214599609375e+02
4.855285949707031250e+02
2.670631217956542969e+01
4.018907165527343750e+02
7.841078186035156250e+01
2.669891738891601562e+01
5.060821533203125000e+01
1.358776092529296875e+02
3.532225036621093750e+01
3.090409667968750000e+03
6.239835357666015625e+01
1.143498992919921875e+02
1.958466529846191406e+01
2.310337066650390625e+01
3.117863464355468750e+01
4.644882812500000000e+02
1.720341110229492188e+01
7.976712036132812500e+01
1.689468994140625000e+02
2.950209236145019531e+01
1.025580566406250000e+03
3.080305099487304688e+01
3.375505828857421875e+01
1.785768890380859375e+02
5.304289817810058594e+00
2.330659484863281250e+02
6.978419189453125000e+02
5.807178115844726562e+01
4.906248092651367188e+01
8.479225921630859375e+01
3.726919555664062500e+01
1.449764099121093750e+02
5.275169677734375000e+02
7.444594573974609375e+01
1.601165771484375000e+02
9.165140533447265625e+01
5.523364257812500000e+01
2.859497070312500000e+02
2.530613098144531250e+02
1.872581100463867188e+01
5.353217124938964844e+00
1.442135467529296875e+02
1.248874282836914062e+01
1.167734680175781250e+02
3.830661773681640625e+01
4.814436645507812500e+02
4.858274078369140625e+01
2.711106872558593750e+02
1.330832824707031250e+02
7.705264282226562500e+01
6.550632476806640625e+01
1.707754707336425781e+01
1.148246002197265625e+01
2.599174194335937500e+02
7.165640258789062500e+01
1.349436759948730469e+01
1.731333541870117188e+01
1.400834960937500000e+02
9.867618560791015625e+01
3.707621826171875000e+03
1.358177337646484375e+02
1.126108779907226562e+02
9.933540344238281250e+01
8.837191772460937500e+01
9.578346252441406250e+00
3.382413482666015625e+01
1.240651779174804688e+02
1.517868804931640625e+02
1.341413593292236328e+01
1.617662658691406250e+02
2.470557098388671875e+02
3.054301643371582031e+01
3.007649660110473633e+00
3.627182769775390625e+01
5.889032363891601562e+01
2.370510406494140625e+02
2.467397308349609375e+02
7.150453186035156250e+01
1.292522277832031250e+02
1.518269195556640625e+02
1.069039382934570312e+02
1.227232170104980469e+01
1.238943176269531250e+02
4.360983581542968750e+02
4.638045501708984375e+01
6.924090576171875000e+01
2.576595458984375000e+02
3.778643035888671875e+01
4.492275390625000000e+02
2.468603210449218750e+02
1.449987640380859375e+02
1.444107818603515625e+02
8.786756896972656250e+01
1.377817535400390625e+02
2.158123016357421875e+02
9.702899932861328125e+01
6.012405776977539062e+01
7.261686706542968750e+01
1.423475952148437500e+02
2.487131309509277344e+01
7.290179443359375000e+01
4.103631591796875000e+02
1.983795471191406250e+02
3.025616149902343750e+02
8.718427276611328125e+01
5.807323455810546875e+01
1.322055816650390625e+02
1.192908325195312500e+02
4.690457916259765625e+01
2.866324951171875000e+03
2.346149444580078125e+01
2.672731628417968750e+02
4.038773727416992188e+01
2.892169189453125000e+01
4.429723739624023438e+01
3.486996459960937500e+02
7.396480560302734375e+01
9.299256896972656250e+01
9.043391418457031250e+01
2.798441314697265625e+01
1.103246948242187500e+03
6.508457946777343750e+01
2.866661071777343750e+01
3.658731384277343750e+02
5.976968002319335938e+01
1.353167877197265625e+02
6.586956176757812500e+02
2.970940399169921875e+01
1.305885314941406250e+02
1.231037139892578125e+02
5.843108749389648438e+01
8.930084991455078125e+01
2.281909332275390625e+02
2.032182312011718750e+02
1.059727020263671875e+02
1.351419677734375000e+02
6.625135040283203125e+01
7.051732540130615234e+00
3.509389953613281250e+02
2.487793207168579102e+00
7.309598541259765625e+01
1.418820953369140625e+02
4.182173919677734375e+01
2.850521278381347656e+01
7.925173950195312500e+01
2.558202362060546875e+01
7.600437164306640625e+00
3.442854690551757812e+01
4.093961715698242188e+01
9.516374588012695312e+00
5.476027679443359375e+01
9.047961425781250000e+01
8.632404327392578125e+01
2.851747703552246094e+01
1.026132583618164062e+02
3.004607200622558594e+00
9.867813110351562500e+01
9.125399780273437500e+01
1.825162506103515625e+01
1.341544799804687500e+03
7.198416137695312500e+01
2.260868072509765625e+02
2.347468757629394531e+01
2.488432502746582031e+01
3.027771759033203125e+01
1.008766479492187500e+02
9.977372169494628906e+00
2.095799865722656250e+02
1.302136516571044922e+01
5.382014465332031250e+01
3.044876403808593750e+02
8.076939582824707031e+00
3.986142349243164062e+01
1.682020721435546875e+02
4.982137203216552734e+00
8.729988098144531250e+01
3.065407714843750000e+02
8.209903717041015625e+00
9.912603759765625000e+01
1.303962860107421875e+02
5.662379455566406250e+01
1.459808158874511719e+01
4.525234603881835938e+01
2.905686950683593750e+02
1.245439338684082031e+01
1.712808380126953125e+02
1.823944854736328125e+02
2.753265075683593750e+02
9.539620208740234375e+01
1.779078865051269531e+01
6.591318511962890625e+01
3.780776596069335938e+01
1.283176116943359375e+02
5.446580505371093750e+01
2.348381233215332031e+01
2.925291748046875000e+02
3.960137176513671875e+01
2.437508544921875000e+02
3.499114685058593750e+02
1.736992950439453125e+02
7.967507171630859375e+01
4.168060302734375000e+01
1.088039970397949219e+01
1.015498275756835938e+02
8.887274932861328125e+01
3.938914489746093750e+01
3.448719787597656250e+01
4.356430435180664062e+01
2.268011627197265625e+02
2.584911132812500000e+03
1.216377487182617188e+02
5.408320617675781250e+01
1.735923194885253906e+01
4.300762176513671875e+01
4.062693023681640625e+01
6.568065643310546875e+01
1.332007446289062500e+02
5.740437698364257812e+01
1.837260894775390625e+02
4.209526824951171875e+01
2.258588867187500000e+02
1.266344528198242188e+02
9.954048156738281250e+00
2.964002227783203125e+01
4.338425064086914062e+01
3.225972290039062500e+02
2.709927368164062500e+02
3.823482131958007812e+01
8.018695831298828125e+01
4.383626937866210938e+01
2.727836990356445312e+01
1.041351242065429688e+02
4.128946228027343750e+02
4.328382110595703125e+01
7.550050354003906250e+01
2.448442459106445312e+01
5.996066284179687500e+01
5.334224319458007812e+01
5.234325561523437500e+02
3.727715301513671875e+01
2.678882598876953125e+01
5.033074951171875000e+01
2.394812927246093750e+02
5.750633239746093750e+01
3.571761169433593750e+02
1.308143310546875000e+02
6.084244918823242188e+01
8.280039978027343750e+01
1.819370727539062500e+02
2.803361511230468750e+02
1.195618438720703125e+02
9.397810363769531250e+01
1.002788314819335938e+02
3.109664916992187500e+02
5.280568313598632812e+01
3.409249114990234375e+01
2.133576965332031250e+02
2.050122680664062500e+02
2.756748962402343750e+02
3.625318603515625000e+03
5.541161727905273438e+01
4.011139831542968750e+02
2.112574195861816406e+01
3.683014297485351562e+01
1.391894149780273438e+01
2.441422271728515625e+02
4.304688453674316406e+00
1.566273956298828125e+02
1.522997741699218750e+02
9.228874206542968750e+00
7.247753295898437500e+02
8.809614181518554688e+00
2.847196578979492188e+01
8.270299530029296875e+01
3.623697662353515625e+01
4.726186828613281250e+02
9.069527587890625000e+02
1.800853967666625977e+00
1.299149780273437500e+02
9.687989044189453125e+01
9.213853454589843750e+01
7.014241790771484375e+01
4.763822326660156250e+02
2.060397033691406250e+02
4.298175048828125000e+01
1.230948791503906250e+02
6.461156463623046875e+01
4.669699096679687500e+02
2.215951080322265625e+02
1.368812103271484375e+02
6.551499176025390625e+01
9.299263000488281250e+01
1.340885314941406250e+02
2.361249694824218750e+02
5.100998306274414062e+01
6.917026367187500000e+02
6.634588623046875000e+01
3.570519714355468750e+02
3.355618591308593750e+02
1.908979492187500000e+02
2.082288360595703125e+01
1.039015350341796875e+02
7.458227539062500000e+01
5.006002197265625000e+02
1.174656906127929688e+02
4.831053543090820312e+01
5.078903579711914062e+01
1.655313415527343750e+02
1.382674560546875000e+02
5.958045410156250000e+03
1.606906585693359375e+02
1.037724609375000000e+02
8.067278289794921875e+01
5.083861160278320312e+01
1.796549606323242188e+01
8.413092041015625000e+01
2.172630462646484375e+02
4.743794250488281250e+01
5.818422317504882812e+01
1.922257080078125000e+02
8.980849609375000000e+02
1.055790786743164062e+02
3.111619186401367188e+01
9.288044738769531250e+01
2.298792266845703125e+01
2.935559692382812500e+02
8.298040161132812500e+02
6.190739822387695312e+01
1.764649200439453125e+02
9.446464538574218750e+01
3.597210693359375000e+01
3.626769256591796875e+01
4.815980224609375000e+02
3.146943969726562500e+02
5.635948562622070312e+01
1.233378753662109375e+02
2.317948455810546875e+02
