2.431615447998046875e+01
2.356147003173828125e+02
3.868335723876953125e+01
1.056393051147460938e+02
1.497508850097656250e+02
1.988926544189453125e+02
1.906658172607421875e+01
2.701375732421875000e+02
1.040566787719726562e+02
2.944868087768554688e+01
2.261442947387695312e+01
5.408594131469726562e+01
1.140442943572998047e+01
5.418136215209960938e+01
3.226415100097656250e+02
3.191605758666992188e+01
3.988163757324218750e+01
2.853361816406250000e+02
3.983456420898437500e+01
3.254447937011718750e+01
6.261378479003906250e+01
4.714106559753417969e+00
1.147434814453125000e+03
3.004428291320800781e+01
3.793349304199218750e+02
2.547780036926269531e+01
4.797549247741699219e+00
1.599245166778564453e+01
1.585757141113281250e+02
3.849882507324218750e+01
1.145476531982421875e+02
5.978973388671875000e+01
1.114349439740180969e-01
1.079614639282226562e+00
1.597786407470703125e+02
2.059290008544921875e+02
1.643159790039062500e+02
1.308655023574829102e+00
4.885365009307861328e+00
6.602580566406250000e+02
7.898285984992980957e-02
3.318547821044921875e+01
1.360043487548828125e+02
8.665919303894042969e+00
8.048263937234878540e-02
2.325270690917968750e+02
4.941143798828125000e+01
4.280384445190429688e+01
6.282377929687500000e+02
5.601918945312500000e+02
7.138736724853515625e+01
1.035663604736328125e+02
9.938797760009765625e+01
6.101000976562500000e+01
3.305773925781250000e+01
8.617742919921875000e+01
9.531362056732177734e-01
4.927853012084960938e+01
3.802942276000976562e+01
8.224090576171875000e+01
1.473502044677734375e+02
2.058246917724609375e+02
1.018492050170898438e+02
1.533950042724609375e+02
3.623585815429687500e+02
3.564027404785156250e+01
5.593193969726562500e+02
4.925742340087890625e+01
5.078644275665283203e+00
3.636399536132812500e+02
5.918023071289062500e+02
5.200531005859375000e+02
4.810642395019531250e+02
1.162591457366943359e+00
2.132167663574218750e+02
1.459114646911621094e+01
1.772461242675781250e+02
6.460553169250488281e+00
5.001831054687500000e+02
1.357016563415527344e-01
7.824498748779296875e+01
1.565901641845703125e+02
5.835223197937011719e-02
3.893367350101470947e-01
3.044526576995849609e+00
7.105549573898315430e-01
6.527343750000000000e+01
2.593039512634277344e+00
1.134006469726562500e+03
4.014458923339843750e+02
2.382207661867141724e-02
4.293429553508758545e-01
1.233846473693847656e+01
2.293114471435546875e+02
6.599688529968261719e-02
4.044461059570312500e+02
8.600657653808593750e+01
8.011035919189453125e+01
3.934679269790649414e+00
3.608206272125244141e+00
1.790072174072265625e+02
8.420690917968750000e+01
9.156649780273437500e+01
1.582996215820312500e+02
8.751851654052734375e+01
9.963095703125000000e+02
1.210690593719482422e+01
3.626805725097656250e+02
1.376376037597656250e+02
6.297288894653320312e+01
7.391233825683593750e+01
6.894627075195312500e+02
4.119237976074218750e+02
7.161685791015625000e+02
3.582992248535156250e+02
1.074910259246826172e+01
1.227916946411132812e+02
2.644326477050781250e+02
4.341243362426757812e+01
4.194137878417968750e+02
7.170260009765625000e+02
2.731523742675781250e+02
2.188124511718750000e+03
6.917098045349121094e+00
5.390150146484375000e+02
1.558243713378906250e+02
6.906822204589843750e+01
4.998685359954833984e+00
1.752479370117187500e+03
6.518409729003906250e+00
5.525377197265625000e+02
9.327238769531250000e+02
2.338891923427581787e-01
2.033667325973510742e+00
1.765237236022949219e+01
9.787126159667968750e+01
1.007699279785156250e+02
4.549769878387451172e+00
7.709711914062500000e+02
1.158718627929687500e+03
2.152462452650070190e-01
2.430976295471191406e+01
2.112975006103515625e+02
6.816406250000000000e+01
1.717628538608551025e-01
1.175023803710937500e+03
3.520378112792968750e+02
1.443296051025390625e+02
1.499304504394531250e+02
7.917317504882812500e+02
4.573317565917968750e+02
2.124264221191406250e+02
9.629393310546875000e+02
1.202463607788085938e+02
2.262322692871093750e+02
6.373636474609375000e+02
1.289961700439453125e+02
3.794494628906250000e+02
2.147038116455078125e+02
2.076710700988769531e+01
9.448384094238281250e+01
8.141381225585937500e+02
6.173355102539062500e+02
7.046068725585937500e+02
1.329816528320312500e+03
1.090218963623046875e+02
1.642277221679687500e+03
1.709069671630859375e+02
5.951679229736328125e+01
1.585783386230468750e+02
4.571370544433593750e+02
8.685147094726562500e+01
3.788927734375000000e+03
3.370109558105468750e+00
3.335408325195312500e+02
4.293797302246093750e+01
2.867505073547363281e+01
2.958080768585205078e+00
1.909384155273437500e+03
7.602301597595214844e+00
1.074246444702148438e+02
5.637244873046875000e+02
1.548785567283630371e-01
3.908099651336669922e+00
6.768957519531250000e+01
4.519057846069335938e+01
6.970534667968750000e+02
4.694365501403808594e+00
7.368800048828125000e+02
1.006185913085937500e+03
9.306611120700836182e-02
3.415769958496093750e+01
1.142875366210937500e+02
4.680317687988281250e+01
1.945202499628067017e-01
2.112135742187500000e+03
8.731100463867187500e+01
6.402553100585937500e+02
1.595258789062500000e+02
1.163994522094726562e+02
1.146878295898437500e+03
6.426139068603515625e+01
8.874011230468750000e+01
4.941375255584716797e+00
3.072798767089843750e+02
1.782328414916992188e+01
3.964589309692382812e+01
4.153288650512695312e+01
1.553260620117187500e+03
3.661773681640625000e+01
4.173943786621093750e+02
2.261905670166015625e+02
1.682007446289062500e+02
1.970624084472656250e+02
6.715077209472656250e+01
4.509315872192382812e+01
8.490583496093750000e+02
1.873634033203125000e+02
7.010393524169921875e+01
9.116739654541015625e+01
2.726499328613281250e+02
9.721776580810546875e+01
5.231041992187500000e+03
9.978372573852539062e+00
5.780648803710937500e+02
6.234105224609375000e+02
1.662509918212890625e+02
9.096710205078125000e+00
4.218924331665039062e+01
9.867214965820312500e+01
3.287014770507812500e+02
3.729148101806640625e+01
4.088312387466430664e-01
1.877848744392395020e+00
1.487088012695312500e+02
1.379374027252197266e+01
2.480745506286621094e+01
1.404578590393066406e+01
7.537102661132812500e+02
5.686511840820312500e+02
2.956387996673583984e-01
3.598758697509765625e+01
1.348585662841796875e+02
1.670883789062500000e+02
8.341189473867416382e-02
3.532406616210937500e+02
1.146562622070312500e+03
8.900978851318359375e+01
1.979719238281250000e+02
9.129271850585937500e+02
1.520710601806640625e+02
5.461118164062500000e+02
9.153188476562500000e+02
9.306138610839843750e+01
4.192267150878906250e+02
1.450016326904296875e+02
2.026478424072265625e+02
3.912415466308593750e+02
2.830846252441406250e+02
1.501704101562500000e+02
1.407413940429687500e+02
1.988183898925781250e+02
1.072379760742187500e+02
1.464639892578125000e+02
1.348290527343750000e+03
3.338571472167968750e+02
1.458461425781250000e+03
2.050002441406250000e+02
1.441920623779296875e+02
5.084739685058593750e+02
4.230817871093750000e+02
5.197608947753906250e+01
4.067806640625000000e+03
7.938161849975585938e+00
1.381226562500000000e+03
1.498007202148437500e+02
4.847022628784179688e+01
1.713450622558593750e+01
1.041055664062500000e+03
2.762193870544433594e+01
1.308333282470703125e+02
2.046783599853515625e+02
2.812713980674743652e-01
3.395388841629028320e+00
2.498369445800781250e+02
5.449268722534179688e+01
1.153833007812500000e+03
7.693186283111572266e+00
3.159421997070312500e+02
1.205077026367187500e+03
2.003506124019622803e-01
7.457212829589843750e+01
1.600293426513671875e+02
8.715969085693359375e+01
1.647485196590423584e-01
9.597743530273437500e+02
2.664008483886718750e+02
5.384724731445312500e+02
3.086690368652343750e+02
1.595552368164062500e+02
2.021422767639160156e+01
3.181220397949218750e+02
3.445610809326171875e+01
7.851413726806640625e+01
4.898695983886718750e+02
5.563403320312500000e+01
8.389501571655273438e+00
1.020858154296875000e+02
9.711984252929687500e+01
2.054672050476074219e+01
3.349988937377929688e+01
8.611387634277343750e+01
1.040208721160888672e+01
1.076827697753906250e+02
4.920147399902343750e+02
6.668285369873046875e+01
1.799457855224609375e+02
4.174514160156250000e+02
1.363906860351562500e+01
3.674167175292968750e+02
3.661696472167968750e+02
1.701407623291015625e+01
1.381853393554687500e+03
2.920324707031250000e+01
1.383343505859375000e+03
9.055078125000000000e+01
2.044959831237792969e+01
1.545502662658691406e+01
2.818199157714843750e+02
2.385260391235351562e+01
5.648311767578125000e+02
2.764196205139160156e+01
1.792241483926773071e-01
1.051743388175964355e+00
2.036346817016601562e+01
4.751404953002929688e+01
3.298302612304687500e+02
3.686534881591796875e+00
1.591524810791015625e+02
6.340793457031250000e+02
1.546889245510101318e-01
4.028743743896484375e+01
9.608038330078125000e+01
8.190724182128906250e+01
5.196379497647285461e-02
6.640396118164062500e+01
5.788184814453125000e+02
4.242489242553710938e+01
3.943052978515625000e+02
5.891026000976562500e+02
1.437572631835937500e+03
2.730187606811523438e+01
1.546674652099609375e+02
5.564818954467773438e+01
8.206134796142578125e+01
2.527155151367187500e+02
2.579544639587402344e+01
3.344953536987304688e+01
9.166285400390625000e+02
4.884081268310546875e+01
4.953649902343750000e+02
9.351384277343750000e+02
3.505792846679687500e+02
2.657044677734375000e+02
6.323159408569335938e+01
5.366081237792968750e+01
3.151414184570312500e+02
1.236838455200195312e+02
1.643514251708984375e+02
7.938661956787109375e+01
1.019068908691406250e+02
4.057171936035156250e+02
2.861247070312500000e+03
9.019788742065429688e+00
8.333658599853515625e+01
8.872454833984375000e+01
1.287293090820312500e+02
1.564625453948974609e+01
1.857514190673828125e+02
1.241972198486328125e+02
1.276580352783203125e+02
8.916985473632812500e+02
5.362886786460876465e-01
1.965125560760498047e+00
4.593933410644531250e+02
5.261151504516601562e+01
7.747997283935546875e+01
1.067050170898437500e+01
8.994269409179687500e+02
6.804899902343750000e+02
1.581196337938308716e-01
9.749673843383789062e+00
5.058321380615234375e+01
3.201411437988281250e+01
1.087493896484375000e-01
1.061228271484375000e+03
1.946513671875000000e+02
9.324146270751953125e+01
1.430862426757812500e+02
1.565478515625000000e+02
3.456151428222656250e+02
4.174914245605468750e+02
3.177844238281250000e+02
5.609310150146484375e+01
9.946331024169921875e+01
4.998843688964843750e+02
6.718196105957031250e+01
6.504559936523437500e+02
5.133792114257812500e+02
8.572126007080078125e+01
1.217540512084960938e+02
2.862795410156250000e+02
5.451354370117187500e+02
3.581935424804687500e+02
2.903453979492187500e+02
1.636335906982421875e+02
1.214246704101562500e+03
1.291450500488281250e+02
7.427108764648437500e+01
8.682603149414062500e+02
9.212751464843750000e+02
3.367249145507812500e+02
6.201207519531250000e+03
3.002525329589843750e+00
1.422322143554687500e+03
1.361597290039062500e+02
1.025861434936523438e+02
5.999472141265869141e+00
1.130482910156250000e+03
3.739246368408203125e+00
1.294311523437500000e+02
3.605742797851562500e+02
1.960525661706924438e-01
3.108220577239990234e+00
4.578573608398437500e+01
4.828618621826171875e+01
2.181538238525390625e+02
4.021808624267578125e+00
1.422425415039062500e+03
2.658434326171875000e+03
8.560897409915924072e-02
5.101110458374023438e+01
9.297029113769531250e+01
1.284685516357421875e+02
1.120275557041168213e-01
1.907795288085937500e+03
3.188919372558593750e+02
1.265608444213867188e+02
2.209555511474609375e+02
2.929425964355468750e+02
2.360692382812500000e+03
6.085825347900390625e+01
4.430988159179687500e+02
3.918088912963867188e+01
1.309816284179687500e+02
1.525225524902343750e+02
1.063634796142578125e+02
6.465438842773437500e+01
2.182674560546875000e+03
2.595716667175292969e+01
6.995582275390625000e+02
6.702113647460937500e+02
4.157799072265625000e+02
7.561339569091796875e+01
1.521406707763671875e+02
1.388036804199218750e+02
1.504285766601562500e+03
1.882012481689453125e+02
1.901432189941406250e+02
1.394740753173828125e+02
3.417628479003906250e+02
1.743207092285156250e+02
8.323004882812500000e+03
7.103507995605468750e+00
3.610009155273437500e+02
3.735892028808593750e+02
1.216074600219726562e+02
7.436193943023681641e+00
9.370660400390625000e+01
1.079287796020507812e+02
6.063367462158203125e+01
2.649339904785156250e+02
8.928774595260620117e-01
4.040469169616699219e+00
3.636013793945312500e+02
7.357444000244140625e+01
1.468428649902343750e+02
1.221459102630615234e+01
1.081331787109375000e+03
1.658409301757812500e+03
2.433345615863800049e-01
2.706617164611816406e+01
8.314900207519531250e+01
7.263829040527343750e+01
9.739135950803756714e-02
1.286584960937500000e+03
8.455420532226562500e+02
1.194217376708984375e+02
3.572961120605468750e+02
7.245570068359375000e+02
