8.079443359375000000e+01
5.690137481689453125e+01
9.187773895263671875e+01
1.075307273864746094e+01
3.486829528808593750e+02
3.427171325683593750e+02
4.135757446289062500e+01
3.919188842773437500e+02
8.729431152343750000e+01
1.728828430175781250e+01
6.555490875244140625e+01
3.791246032714843750e+01
2.455717802047729492e+00
6.005999755859375000e+01
9.708808898925781250e+01
1.354138183593750000e+02
1.228165206909179688e+02
5.831158065795898438e+01
1.017525672912597656e+01
1.101485748291015625e+02
1.988760375976562500e+01
3.150152921676635742e+00
6.238687744140625000e+02
5.933372020721435547e+00
5.894887695312500000e+02
6.624536132812500000e+01
4.823263168334960938e+00
2.996236562728881836e+00
3.082033081054687500e+02
1.106464290618896484e+01
2.361582794189453125e+02
6.429247283935546875e+01
6.468791365623474121e-01
9.019154310226440430e-01
5.388869628906250000e+02
1.238949737548828125e+02
2.763522644042968750e+02
1.113791227340698242e+00
1.509166145324707031e+01
1.740251220703125000e+03
8.813776969909667969e-01
3.791539430618286133e+00
1.685652313232421875e+02
3.377290248870849609e+00
2.592663466930389404e-01
6.983005981445312500e+02
7.543505096435546875e+01
1.160008525848388672e+01
3.894165649414062500e+02
2.922185058593750000e+02
1.392143707275390625e+02
5.319988727569580078e+00
3.617717742919921875e+01
4.981339573860168457e-01
2.091784095764160156e+01
1.007098236083984375e+02
8.297138810157775879e-01
5.234551239013671875e+01
1.363870143890380859e+01
8.911698913574218750e+01
8.660078430175781250e+01
1.776165771484375000e+02
9.004803466796875000e+01
3.468477783203125000e+02
4.174013061523437500e+02
2.093874740600585938e+01
8.852606811523437500e+02
2.184838294982910156e+00
1.179241657257080078e+01
1.040056640625000000e+03
6.950942382812500000e+02
5.146040649414062500e+02
1.832801971435546875e+02
6.224703788757324219e-01
1.238341217041015625e+02
3.216751098632812500e+01
2.078259887695312500e+02
2.034069538116455078e+00
6.309816284179687500e+02
1.607103496789932251e-01
1.281325836181640625e+02
1.603949890136718750e+02
4.161933958530426025e-01
2.907085418701171875e-01
1.347957611083984375e+01
1.153780519962310791e-01
1.141488265991210938e+01
2.020128220319747925e-01
1.533344360351562500e+03
4.860192565917968750e+02
5.694832205772399902e-01
9.711713790893554688e-01
5.310592651367187500e+00
1.461091156005859375e+02
1.363226175308227539e-01
6.326986083984375000e+02
4.069568634033203125e+01
7.089688777923583984e+00
1.078488349914550781e+00
8.179285526275634766e-01
6.096862792968750000e+02
1.544897937774658203e+01
6.926363372802734375e+01
5.930825710296630859e+00
3.470873107910156250e+02
1.413322143554687500e+03
1.449588108062744141e+01
4.334373474121093750e+02
1.570052185058593750e+02
6.983931732177734375e+01
5.730638504028320312e+01
7.197182617187500000e+02
8.032958221435546875e+01
1.112260131835937500e+03
2.517128601074218750e+02
1.830670738220214844e+01
3.462836914062500000e+02
6.988832855224609375e+01
1.509806346893310547e+01
1.051239990234375000e+03
4.595447082519531250e+02
4.119075927734375000e+02
1.427306762695312500e+03
5.177688121795654297e+00
8.153416748046875000e+02
4.117899169921875000e+02
1.245507354736328125e+02
3.108263254165649414e+00
2.997032714843750000e+03
2.338839054107666016e+00
1.309706787109375000e+03
7.969760131835937500e+02
2.733388423919677734e+00
1.210932493209838867e+00
9.521662902832031250e+01
4.129194641113281250e+01
8.632121276855468750e+01
1.280439138412475586e+00
1.425415283203125000e+03
2.422925048828125000e+03
3.213143825531005859e+00
8.331923484802246094e+00
1.368671569824218750e+02
3.861335372924804688e+01
6.720332503318786621e-01
1.920142578125000000e+03
7.570586547851562500e+02
2.507953453063964844e+01
9.818909454345703125e+01
7.009842529296875000e+02
9.709649047851562500e+02
2.707972717285156250e+01
6.608849487304687500e+02
3.175672054290771484e+00
3.893471984863281250e+02
8.897943725585937500e+02
1.559174041748046875e+02
2.193599548339843750e+02
1.064466171264648438e+02
2.780143928527832031e+01
1.016679077148437500e+02
8.456810302734375000e+02
9.370338439941406250e+01
1.115633300781250000e+03
8.861726684570312500e+02
1.826900329589843750e+02
2.576640380859375000e+03
1.575872898101806641e+01
1.366145324707031250e+01
3.313371582031250000e+02
2.468186950683593750e+02
9.309435272216796875e+01
2.086319580078125000e+03
3.677636384963989258e+00
3.758788757324218750e+02
1.003596649169921875e+02
2.855879783630371094e+01
1.052610874176025391e+00
3.999551757812500000e+03
4.561113357543945312e+00
2.244882202148437500e+02
4.716363525390625000e+02
8.577510714530944824e-01
2.460009574890136719e+00
2.236091003417968750e+02
2.514628028869628906e+01
7.351420288085937500e+02
2.187661647796630859e+00
9.858590698242187500e+02
1.796952148437500000e+03
1.040024518966674805e+00
4.449490547180175781e+00
5.163912963867187500e+01
2.872561836242675781e+01
6.306971311569213867e-01
4.657935546875000000e+03
8.738555145263671875e+01
1.017746582031250000e+02
1.179999923706054688e+02
4.119906616210937500e+01
2.439985595703125000e+03
5.878112316131591797e+00
5.117573165893554688e+01
1.565860033035278320e+00
2.029862518310546875e+02
3.362497711181640625e+01
1.572392654418945312e+01
7.279641723632812500e+01
1.676780273437500000e+03
8.439425468444824219e+00
2.488057403564453125e+02
1.628491516113281250e+02
1.444174957275390625e+01
1.173648071289062500e+02
3.335213470458984375e+01
3.385274505615234375e+01
1.014320373535156250e+03
2.917634582519531250e+01
1.478392028808593750e+01
1.404902954101562500e+02
1.003225479125976562e+02
3.071830558776855469e+01
4.077547363281250000e+03
2.188969373703002930e+00
4.580802307128906250e+02
1.464643066406250000e+03
1.703068542480468750e+01
1.518312454223632812e+00
7.111750793457031250e+01
8.209201812744140625e+00
3.773211975097656250e+02
6.069126892089843750e+01
4.027734756469726562e+00
1.069761991500854492e+00
2.307260894775390625e+02
2.423408269882202148e+00
2.880583953857421875e+01
1.918422341346740723e+00
4.931868286132812500e+02
7.520192260742187500e+02
3.439292907714843750e+00
8.222023963928222656e+00
2.238602447509765625e+01
1.405419635772705078e+01
3.506670594215393066e-01
4.031017150878906250e+02
1.702185180664062500e+03
5.066565513610839844e+00
2.569510650634765625e+01
8.201251220703125000e+02
3.762423400878906250e+02
9.484420013427734375e+01
8.057622070312500000e+02
5.601766109466552734e+00
6.591802978515625000e+02
1.482380065917968750e+02
2.362220916748046875e+02
4.310086364746093750e+02
2.144292755126953125e+02
9.132271575927734375e+01
2.200132293701171875e+02
1.447356109619140625e+02
2.471594810485839844e+01
1.898504943847656250e+02
8.680489501953125000e+02
4.842607727050781250e+02
2.485918701171875000e+03
3.248573303222656250e+01
3.180194854736328125e+01
7.826882324218750000e+02
1.954342041015625000e+02
2.325150871276855469e+01
2.553908935546875000e+03
3.966193437576293945e+00
1.675199218750000000e+03
3.602899169921875000e+02
2.973089790344238281e+01
2.798310756683349609e+00
2.014441162109375000e+03
1.026250553131103516e+01
2.396772613525390625e+02
1.857689819335937500e+02
1.836476564407348633e+00
2.949162006378173828e+00
8.212098388671875000e+02
5.517338943481445312e+01
1.154022827148437500e+03
3.042693376541137695e+00
3.851755065917968750e+02
2.492775878906250000e+03
1.898106694221496582e+00
8.380301475524902344e+00
1.262371978759765625e+02
4.548170852661132812e+01
5.218414068222045898e-01
2.612566406250000000e+03
1.948623046875000000e+02
9.060604858398437500e+01
2.843580322265625000e+02
9.329654693603515625e+01
6.421055603027343750e+01
1.949074745178222656e+01
2.629879760742187500e+01
7.747680187225341797e+00
8.258190917968750000e+02
9.592472076416015625e+01
4.467787742614746094e+00
1.219084396362304688e+02
7.668435668945312500e+01
1.159537124633789062e+01
1.744525909423828125e+01
7.944167327880859375e+01
2.146618843078613281e+00
1.596671752929687500e+02
2.765960388183593750e+02
2.406860923767089844e+01
3.167497253417968750e+02
1.098812026977539062e+02
1.562733292579650879e+00
5.388532714843750000e+02
2.287302703857421875e+02
7.557225227355957031e+00
7.172976074218750000e+02
4.555363655090332031e+00
1.477558959960937500e+03
2.169513854980468750e+02
4.436677455902099609e+00
2.637814521789550781e+00
3.830243835449218750e+02
2.746542692184448242e+00
1.395192504882812500e+03
6.357972717285156250e+01
1.963872075080871582e+00
6.296887397766113281e-01
1.001336212158203125e+02
1.311158466339111328e+01
8.344180297851562500e+01
8.524518609046936035e-01
1.839057006835937500e+02
1.042803344726562500e+03
1.807690143585205078e+00
4.474471092224121094e+00
3.933408737182617188e+01
1.309810256958007812e+01
2.776667773723602295e-01
9.982336425781250000e+01
9.993485107421875000e+02
1.246102237701416016e+01
1.521230926513671875e+02
3.870568847656250000e+02
3.414791503906250000e+03
1.179764270782470703e+01
1.574861450195312500e+02
7.302983283996582031e+00
5.314271545410156250e+01
2.360977325439453125e+02
1.376504802703857422e+01
5.415480422973632812e+01
9.426086425781250000e+02
1.819735145568847656e+01
8.111298828125000000e+02
1.055455444335937500e+03
4.108076477050781250e+01
2.724638671875000000e+02
6.138957595825195312e+01
1.071331710815429688e+02
5.431586914062500000e+02
1.432241725921630859e+01
5.616682434082031250e+01
1.955713043212890625e+02
7.694145965576171875e+01
3.164563293457031250e+02
1.881980102539062500e+03
3.052753210067749023e+00
5.337426757812500000e+01
1.217910919189453125e+02
5.750267028808593750e+01
3.086950778961181641e+00
2.277669982910156250e+02
2.616122627258300781e+01
1.135800247192382812e+02
7.798740234375000000e+02
4.077579021453857422e+00
1.100113153457641602e+00
7.745903320312500000e+02
2.152491950988769531e+01
1.209239425659179688e+02
2.729012012481689453e+00
8.648311767578125000e+02
8.547083740234375000e+02
1.401507377624511719e+00
2.701306819915771484e+00
1.826245880126953125e+01
1.534729766845703125e+01
2.922197878360748291e-01
1.431668701171875000e+03
1.870782012939453125e+02
5.472159385681152344e+00
5.683673477172851562e+01
1.206341552734375000e+02
6.688491210937500000e+02
5.240280532836914062e+01
2.675419616699218750e+02
1.263080954551696777e+00
1.745312500000000000e+02
5.601504516601562500e+02
7.506544494628906250e+01
6.050548095703125000e+02
4.587414245605468750e+02
7.687058258056640625e+01
9.676235961914062500e+01
2.381019134521484375e+02
8.548429107666015625e+01
6.216989135742187500e+02
3.484527587890625000e+02
2.181907043457031250e+02
2.156843994140625000e+03
1.944433593750000000e+01
2.077367210388183594e+01
1.800713378906250000e+03
7.204973754882812500e+02
2.331552734375000000e+02
4.284892089843750000e+03
1.395912170410156250e+00
1.499144165039062500e+03
3.892540893554687500e+02
9.977427673339843750e+01
1.504232764244079590e+00
2.160108398437500000e+03
2.107066154479980469e+00
2.740206604003906250e+02
3.114396972656250000e+02
1.480764508247375488e+00
1.783247828483581543e+00
1.480332336425781250e+02
1.570296096801757812e+01
2.793349304199218750e+02
1.074469089508056641e+00
2.225838623046875000e+03
4.579790039062500000e+03
1.510441064834594727e+00
7.475072383880615234e+00
5.482377243041992188e+01
6.975270843505859375e+01
3.068348169326782227e-01
3.893545654296875000e+03
3.623724975585937500e+02
1.743065452575683594e+01
1.157931594848632812e+02
2.531918029785156250e+02
5.604985351562500000e+03
1.175790596008300781e+01
3.446409606933593750e+02
4.167307853698730469e+00
8.044722747802734375e+01
1.340996246337890625e+02
5.641737365722656250e+01
8.184889221191406250e+01
2.372763183593750000e+03
5.410099029541015625e+00
9.194745483398437500e+02
7.390664062500000000e+02
3.212575912475585938e+01
1.425007171630859375e+02
1.234332199096679688e+02
1.897001953125000000e+02
2.212074951171875000e+03
2.127970314025878906e+01
4.588478851318359375e+01
2.607338562011718750e+02
1.965030975341796875e+02
9.706398773193359375e+01
6.303485351562500000e+03
1.773206710815429688e+00
2.722400817871093750e+02
9.474799804687500000e+02
1.108305454254150391e+01
1.725597023963928223e+00
1.064520645141601562e+02
1.803669166564941406e+01
9.310422515869140625e+01
3.069676208496093750e+02
6.729313850402832031e+00
1.963857412338256836e+00
5.244555053710937500e+02
9.619471549987792969e+00
2.012045745849609375e+02
3.286965370178222656e+00
9.174299316406250000e+02
2.145132812500000000e+03
2.516397953033447266e+00
6.397299766540527344e+00
9.021986007690429688e+00
1.680101966857910156e+01
3.509877324104309082e-01
1.809966552734375000e+03
1.239567871093750000e+03
6.588929176330566406e+00
7.347821807861328125e+01
6.696394042968750000e+02
