1.568219661712646484e+01
1.252141189575195312e+02
4.565205001831054688e+01
7.238455772399902344e+00
2.163765907287597656e+00
2.365455055236816406e+01
2.019911193847656250e+01
7.198087158203125000e+02
4.139413833618164062e+01
1.800787811279296875e+02
5.228425979614257812e+01
4.046129608154296875e+01
2.542609214782714844e+01
5.760250091552734375e+01
2.432991485595703125e+02
5.730743885040283203e+00
1.552295875549316406e+01
2.284366226196289062e+01
5.492218017578125000e+01
3.228386640548706055e+00
1.059226150512695312e+02
8.222515869140625000e+01
6.187976360321044922e+00
2.230694732666015625e+02
4.719048690795898438e+01
1.205951080322265625e+02
2.154384422302246094e+01
5.739601612091064453e+00
6.217520236968994141e+00
1.611696243286132812e+01
5.923295021057128906e+00
1.848648834228515625e+01
1.872194647789001465e+00
2.540331840515136719e+01
1.050219879150390625e+02
2.262479782104492188e+01
1.204463768005371094e+01
1.057244033813476562e+02
1.447519989013671875e+02
1.374865722656250000e+01
8.410135269165039062e+00
8.114783477783203125e+01
3.974974870681762695e+00
2.550997543334960938e+01
1.561019515991210938e+01
1.347297477722167969e+01
2.756326293945312500e+02
2.849253463745117188e+01
3.350898742675781250e+02
1.319712219238281250e+02
2.102491569519042969e+01
1.217677841186523438e+02
2.693024597167968750e+02
2.661314010620117188e+01
3.753824615478515625e+01
2.773459625244140625e+01
3.316781616210937500e+01
1.252997314453125000e+03
5.801871418952941895e-02
1.139668300747871399e-01
9.291585922241210938e+00
3.408578109741210938e+01
2.811622619628906250e+01
1.686761856079101562e+01
3.147649765014648438e+01
8.003909301757812500e+01
1.838356018066406250e+01
1.665190124511718750e+01
9.907036590576171875e+01
2.336302757263183594e+01
4.515932798385620117e-01
3.092164039611816406e+00
1.636139297485351562e+01
1.451741699218750000e+03
8.521233367919921875e+01
3.105356407165527344e+01
6.199959278106689453e+00
7.718035888671875000e+01
3.137122726440429688e+01
3.806377947330474854e-01
8.052165222167968750e+01
2.995111227035522461e+00
7.736362814903259277e-01
3.934492797851562500e+02
6.616046142578125000e+01
2.231043624877929688e+01
2.002763977050781250e+02
1.387186126708984375e+02
2.102143707275390625e+02
5.558369064331054688e+01
7.992748260498046875e+01
4.107983589172363281e+00
3.716610717773437500e+01
4.208747482299804688e+01
2.693655395507812500e+01
7.297124481201171875e+01
3.576430082321166992e+00
2.358336639404296875e+02
9.374261856079101562e+00
4.004316711425781250e+01
1.250368118286132812e+01
8.718560791015625000e+01
2.841973266601562500e+02
4.746072006225585938e+01
3.892296791076660156e+00
4.086593627929687500e+01
1.022774658203125000e+02
1.103690795898437500e+03
1.032377719879150391e+01
8.617198181152343750e+01
6.691503906250000000e+01
4.614629364013671875e+01
1.100541076660156250e+02
1.790671844482421875e+02
2.849224853515625000e+02
3.416591644287109375e+01
4.531495285034179688e+01
5.544124221801757812e+01
1.240186309814453125e+02
3.035870170593261719e+01
2.645355415344238281e+01
7.406846046447753906e+00
2.271111679077148438e+01
1.439494018554687500e+03
7.209345245361328125e+01
2.361751747131347656e+01
6.174544334411621094e+00
1.245193405151367188e+02
1.426887969970703125e+02
9.932913780212402344e+00
2.615736389160156250e+02
9.081890869140625000e+01
1.049420547485351562e+01
1.277863998413085938e+02
1.741666412353515625e+02
1.815372276306152344e+01
5.764228439331054688e+01
2.914266357421875000e+02
6.184820556640625000e+02
2.165887298583984375e+02
4.452256774902343750e+01
1.749775848388671875e+02
9.408843231201171875e+01
1.321758728027343750e+02
1.009634628295898438e+02
5.547598266601562500e+01
9.847604370117187500e+01
2.713536071777343750e+01
1.293655548095703125e+02
2.000355834960937500e+02
3.126564407348632812e+01
1.061743240356445312e+02
4.775904541015625000e+02
3.280368804931640625e+01
1.069654388427734375e+02
1.475376892089843750e+02
6.949671936035156250e+01
1.655374145507812500e+03
6.879212379455566406e+00
7.675794982910156250e+01
2.154195785522460938e+01
7.331836700439453125e+01
5.960418701171875000e+02
2.297684478759765625e+02
3.914699707031250000e+02
2.770645751953125000e+02
1.329879760742187500e+02
2.267827453613281250e+02
1.519375610351562500e+02
7.188182067871093750e+01
9.965802192687988281e+00
1.836418724060058594e+01
7.498371887207031250e+01
1.758584228515625000e+03
1.797594146728515625e+02
9.426138305664062500e+01
7.003339290618896484e+00
1.357867889404296875e+02
2.103235168457031250e+02
8.023236846923828125e+01
1.163231048583984375e+02
3.559931182861328125e+01
1.783953285217285156e+01
9.745117187500000000e+01
2.446970672607421875e+02
8.212004089355468750e+01
1.030739517211914062e+02
2.292695770263671875e+02
8.670239868164062500e+02
1.714356994628906250e+02
3.813888931274414062e+01
4.619694900512695312e+01
6.843599700927734375e+01
1.110159378051757812e+02
4.154431152343750000e+01
1.339033412933349609e+01
1.147181777954101562e+02
3.395604705810546875e+01
6.167446899414062500e+02
2.526881256103515625e+02
5.881865310668945312e+01
1.115589065551757812e+02
7.007209014892578125e+01
2.092582092285156250e+02
1.956256675720214844e+01
7.931916046142578125e+01
1.245240707397460938e+02
2.386374755859375000e+03
1.453406143188476562e+01
4.010318603515625000e+02
2.343718338012695312e+01
1.312688598632812500e+02
6.320009708404541016e+00
4.630483627319335938e+01
5.034663772583007812e+01
8.480396270751953125e+01
1.057232952117919922e+01
3.316631164550781250e+02
8.801179885864257812e+00
7.017396926879882812e+00
2.371726226806640625e+02
4.046809005737304688e+01
1.876886177062988281e+01
1.422422119140625000e+03
9.413179779052734375e+01
3.013494682312011719e+01
5.719974040985107422e+00
3.703251647949218750e+02
5.417873001098632812e+01
8.887347221374511719e+00
5.353234767913818359e+00
1.172969131469726562e+02
2.165540313720703125e+01
1.684746398925781250e+02
7.788879394531250000e+01
1.000425262451171875e+02
3.321285400390625000e+02
1.142318954467773438e+02
4.167979812622070312e+01
2.973646926879882812e+01
1.583460235595703125e+01
2.053759307861328125e+02
1.607042884826660156e+01
4.860408604145050049e-01
3.769910049438476562e+01
6.298419570922851562e+01
2.367337799072265625e+01
9.865052032470703125e+01
2.552619018554687500e+02
1.358949432373046875e+02
6.423031616210937500e+01
1.329739685058593750e+02
2.177312011718750000e+02
1.871262168884277344e+01
1.702832946777343750e+02
1.474792480468750000e+02
9.730530548095703125e+01
1.854282470703125000e+03
1.363976860046386719e+01
1.299203491210937500e+02
8.753466606140136719e+00
1.020649032592773438e+02
4.271105346679687500e+02
1.013129730224609375e+02
2.628461608886718750e+02
9.630158233642578125e+01
2.227830505371093750e+02
2.211081390380859375e+02
2.038401031494140625e+02
2.752733039855957031e+01
1.558153057098388672e+01
6.918803405761718750e+01
4.825090026855468750e+01
6.628776855468750000e+02
2.978704833984375000e+02
1.439328002929687500e+02
3.369729995727539062e+01
7.123006439208984375e+01
1.586529350280761719e+01
1.288844299316406250e+02
2.120850563049316406e+01
3.942420196533203125e+01
3.059555435180664062e+01
3.751887512207031250e+01
2.572677307128906250e+02
6.860285186767578125e+01
1.896785888671875000e+02
1.746180419921875000e+02
2.633944396972656250e+02
2.426109123229980469e+01
4.724575424194335938e+01
7.675020599365234375e+01
2.159922599792480469e+01
3.177276229858398438e+01
5.305678939819335938e+01
1.947497940063476562e+01
9.614047241210937500e+01
8.016308593750000000e+01
6.167572631835937500e+02
2.514502105712890625e+02
1.574753952026367188e+01
2.497336425781250000e+02
1.513930358886718750e+02
2.208291053771972656e+01
3.042354774475097656e+01
1.790379333496093750e+01
4.645587921142578125e+01
1.374583129882812500e+03
2.601760673522949219e+01
8.712450408935546875e+01
9.990950584411621094e+00
2.023972988128662109e+00
9.493743896484375000e+00
1.160204792022705078e+01
1.529986419677734375e+02
1.066801548004150391e+01
8.462358856201171875e+01
2.624405860900878906e+01
9.775032806396484375e+01
1.767903208732604980e+00
8.217303466796875000e+01
8.911820983886718750e+01
7.319977760314941406e+00
2.388111419677734375e+02
1.414477691650390625e+02
9.954486083984375000e+01
2.738977909088134766e+00
1.772277259826660156e+01
8.200371742248535156e+00
3.193566894531250000e+01
6.328105926513671875e+00
3.561335372924804688e+01
1.076494979858398438e+01
7.547150421142578125e+01
1.325121917724609375e+02
5.213695907592773438e+01
1.359048004150390625e+02
1.368484802246093750e+02
7.065051269531250000e+01
2.552777099609375000e+01
3.023274421691894531e+01
1.423049163818359375e+02
3.209752273559570312e+01
8.891979217529296875e+00
7.017021179199218750e+01
1.849036979675292969e+01
7.791683959960937500e+01
5.269422531127929688e+01
1.019315490722656250e+02
2.623889770507812500e+02
4.460625839233398438e+01
4.289219665527343750e+01
1.896311950683593750e+02
8.697165679931640625e+01
7.805364131927490234e+00
3.007415008544921875e+01
5.560758590698242188e+01
1.883064575195312500e+03
2.984782409667968750e+01
3.492990112304687500e+02
2.566523742675781250e+01
2.616399230957031250e+02
2.299731445312500000e+01
2.658399963378906250e+02
2.185697555541992188e+01
9.126176452636718750e+01
1.822567367553710938e+01
1.159781723022460938e+02
7.650028991699218750e+01
4.574212265014648438e+01
1.453908386230468750e+02
5.394668579101562500e+01
1.341044998168945312e+01
2.425032714843750000e+03
7.092641448974609375e+01
6.560528564453125000e+01
5.231417083740234375e+01
3.335457763671875000e+02
2.329810180664062500e+02
1.267992782592773438e+01
2.633098144531250000e+02
2.598860931396484375e+01
7.778656959533691406e+00
1.605516204833984375e+02
5.356941604614257812e+01
3.136121559143066406e+01
1.324321136474609375e+02
1.503175201416015625e+02
2.002739562988281250e+02
1.866230468750000000e+02
3.103080749511718750e+01
4.594126129150390625e+01
4.218798065185546875e+01
4.656438827514648438e+01
7.990145111083984375e+01
3.125639724731445312e+01
8.439889526367187500e+01
1.664113616943359375e+02
3.558095092773437500e+02
7.322741699218750000e+01
7.884005737304687500e+01
1.660631408691406250e+02
5.723908081054687500e+02
5.943196105957031250e+01
7.017594909667968750e+01
6.248176574707031250e+01
1.565787048339843750e+02
3.216914794921875000e+03
1.254266500473022461e+00
6.525862884521484375e+01
3.115790748596191406e+01
2.614186477661132812e+01
1.352033081054687500e+02
1.602207336425781250e+02
5.289915771484375000e+02
2.332726440429687500e+02
7.495515441894531250e+01
3.759537048339843750e+02
2.643600158691406250e+02
1.665717315673828125e+01
3.543737411499023438e+01
3.454319763183593750e+01
1.703201293945312500e+01
2.403684326171875000e+03
1.621975708007812500e+02
6.363175392150878906e+00
7.002958774566650391e+00
7.923328399658203125e+01
6.093676376342773438e+01
3.640050888061523438e+01
9.830303955078125000e+01
7.014073371887207031e+00
2.562078475952148438e+01
2.177936248779296875e+02
7.773486328125000000e+01
5.002391433715820312e+01
2.891820983886718750e+02
3.968922729492187500e+02
5.687869262695312500e+02
1.117471923828125000e+02
2.334273529052734375e+01
6.541766357421875000e+01
3.266554260253906250e+01
2.268826293945312500e+01
4.875374984741210938e+01
3.536187362670898438e+01
9.005017852783203125e+01
1.967945098876953125e+02
3.472312622070312500e+02
3.852000427246093750e+02
5.837379455566406250e+01
5.984653091430664062e+01
1.342645874023437500e+02
2.023662872314453125e+02
4.833270263671875000e+01
1.393547058105468750e+02
2.339646301269531250e+02
3.804092773437500000e+03
2.140642356872558594e+01
6.891782226562500000e+02
2.006416320800781250e+01
3.118258666992187500e+02
1.262298660278320312e+02
2.077335662841796875e+02
6.616731262207031250e+01
2.581978759765625000e+02
4.919147109985351562e+01
6.131190185546875000e+02
7.769803619384765625e+01
6.088774871826171875e+01
2.950435485839843750e+02
1.985625457763671875e+01
1.529304027557373047e+01
2.830351074218750000e+03
1.870939025878906250e+02
7.661451721191406250e+01
3.437408828735351562e+01
4.433583679199218750e+02
1.898647613525390625e+02
7.118620300292968750e+01
6.093517303466796875e+01
9.830708312988281250e+01
1.485368156433105469e+01
1.537787780761718750e+02
5.472529220581054688e+01
8.068282318115234375e+01
4.144732971191406250e+02
1.578662261962890625e+02
2.595235900878906250e+02
4.043016815185546875e+01
2.971285247802734375e+01
1.462214660644531250e+02
7.227114677429199219e+00
1.808998107910156250e+01
9.209377288818359375e+00
2.066083908081054688e+01
1.867025146484375000e+02
1.535392913818359375e+02
7.330938110351562500e+02
3.425012817382812500e+02
