6.539913415908813477e-01
1.145191497802734375e+02
5.343217773437500000e+02
2.223573923110961914e+00
1.371447753906250000e+02
5.968072891235351562e+01
4.435606384277343750e+02
1.127295684814453125e+01
1.110473327636718750e+02
3.328144531250000000e+02
1.497305107116699219e+01
3.706394958496093750e+01
5.302313804626464844e+00
1.164313430786132812e+02
5.586619377136230469e+00
1.219886474609375000e+02
1.187055511474609375e+02
5.740795135498046875e-01
2.516493377685546875e+02
4.012590348720550537e-01
4.147970581054687500e+02
3.053169555664062500e+02
2.683083801269531250e+02
4.414520740509033203e+00
4.153920593261718750e+02
1.400015716552734375e+02
3.697564697265625000e+01
1.593739271163940430e+00
1.298745989799499512e+00
5.000729084014892578e+00
4.735740356445312500e+02
6.958894653320312500e+02
1.508541464805603027e+00
2.459495306015014648e+00
5.632215576171875000e+02
1.012381315231323242e+00
3.592232666015625000e+02
3.328374099731445312e+01
7.859580516815185547e+00
7.408849596977233887e-01
1.247768859863281250e+02
1.841004180908203125e+02
9.892472839355468750e+01
4.242422866821289062e+01
1.136670875549316406e+01
2.182595977783203125e+02
4.223962306976318359e+00
2.233146095275878906e+01
2.174833068847656250e+02
4.903936982154846191e-01
4.929644167423248291e-01
2.580464782714843750e+02
1.416492767333984375e+02
1.209651589393615723e+00
2.064237518310546875e+02
1.846175079345703125e+02
4.176553726196289062e+01
2.122518539428710938e+00
1.087740659713745117e+00
2.791740417480468750e+00
2.203776092529296875e+02
5.064644622802734375e+01
1.998767375946044922e+00
2.802028846740722656e+01
1.327133178710937500e+02
7.699246883392333984e+00
2.962524108886718750e+02
9.807468652725219727e-01
6.558304786682128906e+00
2.216722679138183594e+01
1.623573875427246094e+01
3.353993988037109375e+01
2.108164062500000000e+02
1.441567535400390625e+02
2.868598022460937500e+02
4.721826934814453125e+01
7.196547241210937500e+02
8.010671138763427734e-01
2.286792907714843750e+02
3.068709716796875000e+02
3.800837707519531250e+02
6.057127952575683594e+00
6.862788796424865723e-01
2.145226287841796875e+02
2.490775823593139648e+00
1.703843498229980469e+01
1.640153320312500000e+03
8.301385498046875000e+01
1.886128616333007812e+01
4.597054958343505859e+00
3.822793245315551758e+00
5.291561508178710938e+01
2.374052619934082031e+01
4.062366333007812500e+02
1.804422302246093750e+02
1.974435806274414062e+01
1.653732681274414062e+01
3.116726989746093750e+02
7.854366898536682129e-01
1.275621652603149414e+00
6.731041669845581055e-01
1.839127807617187500e+03
7.314248046875000000e+02
2.002222776412963867e+00
9.045202636718750000e+02
1.102361221313476562e+02
2.487124938964843750e+02
1.849497032165527344e+01
3.018503952026367188e+01
2.527556915283203125e+02
3.120763854980468750e+02
2.529747161865234375e+02
7.756373405456542969e+00
9.860546112060546875e+01
1.951618194580078125e+02
1.553891277313232422e+01
7.544530639648437500e+02
1.610308051109313965e+00
4.967274093627929688e+01
3.580769777297973633e+00
3.898018188476562500e+02
9.746635742187500000e+02
8.340334472656250000e+02
1.637579345703125000e+02
2.890056884765625000e+03
9.832852783203125000e+02
1.149095581054687500e+03
1.995423078536987305e+00
6.204854583740234375e+01
3.590755310058593750e+02
7.437633666992187500e+02
2.427602233886718750e+02
1.323238730430603027e+00
4.397388839721679688e+01
3.701268920898437500e+02
6.553513050079345703e+00
1.891292114257812500e+03
5.910083618164062500e+02
1.475309371948242188e+01
3.045283555984497070e+00
9.249226379394531250e+01
6.736557617187500000e+02
8.613563537597656250e+01
6.690279388427734375e+01
4.116761016845703125e+01
1.301761352539062500e+03
6.026170730590820312e+00
2.415025634765625000e+02
3.876491546630859375e+01
3.033811330795288086e+00
7.812255620956420898e-01
1.132527221679687500e+03
3.201227111816406250e+02
1.743895292282104492e+00
2.106572753906250000e+03
3.112239990234375000e+02
3.928226623535156250e+02
1.583960533142089844e+01
6.883786773681640625e+01
1.794751892089843750e+02
1.209288711547851562e+02
7.193367919921875000e+02
1.584053230285644531e+01
5.510302734375000000e+02
5.088214111328125000e+01
1.130244140625000000e+02
2.530263977050781250e+02
3.914335370063781738e-01
2.425661621093750000e+02
1.324307823181152344e+01
3.289099731445312500e+02
1.104360733032226562e+02
8.418001098632812500e+02
1.188907852172851562e+02
5.056699218750000000e+03
7.789088439941406250e+01
7.417253417968750000e+02
1.698381781578063965e+00
4.004954910278320312e+01
1.251467666625976562e+02
2.574343261718750000e+03
3.505628051757812500e+02
3.429342508316040039e+00
4.734394073486328125e+01
1.317921752929687500e+02
2.587757349014282227e+00
2.489154785156250000e+03
3.179074707031250000e+02
5.070979118347167969e+00
3.045685768127441406e+00
3.986594772338867188e+01
6.039716186523437500e+02
3.012138175964355469e+01
1.033407470703125000e+03
1.419267368316650391e+01
2.739416198730468750e+02
4.034539031982421875e+01
7.395952758789062500e+02
4.321267318725585938e+01
2.822695732116699219e+00
7.616050243377685547e-01
6.290004348754882812e+01
4.453012695312500000e+02
9.906913638114929199e-01
2.274035263061523438e+01
3.208221679687500000e+03
7.414260864257812500e+01
1.245865345001220703e+00
3.184918403625488281e+01
7.113997192382812500e+02
2.202232933044433594e+01
1.707076110839843750e+02
1.677772879600524902e+00
1.040377502441406250e+02
5.677890625000000000e+02
1.421512145996093750e+02
2.467398071289062500e+02
1.119914531707763672e+00
4.740832138061523438e+01
3.820053100585937500e+01
2.301326751708984375e+01
5.177656860351562500e+02
4.261951171875000000e+03
2.068138313293457031e+01
4.938207092285156250e+02
1.975239379882812500e+03
6.513372192382812500e+02
1.711970329284667969e+00
1.036819381713867188e+02
9.270284652709960938e+00
5.828133544921875000e+02
1.162742385864257812e+02
1.064681768417358398e+00
1.285645675659179688e+01
1.242186889648437500e+02
1.723267674446105957e+00
1.945529174804687500e+03
2.294691085815429688e+01
2.461602973937988281e+01
2.210777997970581055e+00
7.966361694335937500e+02
6.145457153320312500e+02
2.366453094482421875e+02
1.458270141601562500e+03
9.740912628173828125e+01
2.896568359375000000e+03
6.780450820922851562e+00
7.647065734863281250e+01
1.102194671630859375e+02
8.294489383697509766e-01
1.305760025978088379e+00
1.456514739990234375e+02
5.446165771484375000e+02
3.702146053314208984e+00
1.410173339843750000e+03
9.968275756835937500e+02
8.916397705078125000e+02
7.509975910186767578e+00
1.726820678710937500e+02
4.172280883789062500e+02
5.831267166137695312e+01
2.033893890380859375e+02
1.626459693908691406e+01
1.225320800781250000e+03
5.502536773681640625e+01
3.765241394042968750e+02
4.077134399414062500e+02
8.637195825576782227e-01
5.304976806640625000e+02
1.022998619079589844e+01
6.944096069335937500e+02
2.353555297851562500e+02
7.302321166992187500e+02
6.256706237792968750e+01
3.190336181640625000e+03
4.012744140625000000e+02
3.539123840332031250e+02
2.632180929183959961e+00
2.548980903625488281e+01
4.122595596313476562e+01
2.988962402343750000e+03
6.158855590820312500e+02
3.213957071304321289e+00
6.681570434570312500e+01
2.345305480957031250e+02
5.651075839996337891e+00
3.015604003906250000e+03
3.998327636718750000e+01
3.799037170410156250e+01
4.343934059143066406e+00
9.459638977050781250e+01
1.555868682861328125e+02
3.261378784179687500e+02
1.231411865234375000e+03
1.465671234130859375e+02
8.324237670898437500e+02
3.755064773559570312e+01
2.894158325195312500e+02
1.604796142578125000e+02
2.323726654052734375e+00
5.327082872390747070e-01
1.455804290771484375e+02
8.938842773437500000e+02
1.039572119712829590e+00
2.052650909423828125e+02
1.371117858886718750e+02
1.256810836791992188e+02
5.915698528289794922e+00
5.901875305175781250e+01
3.586720275878906250e+02
1.447782135009765625e+01
1.407962417602539062e+01
4.342640399932861328e+00
5.849371337890625000e+02
1.745414581298828125e+02
7.008121967315673828e+00
1.020446044921875000e+03
7.864552736282348633e-01
1.157823791503906250e+02
1.846577048301696777e+00
1.617147827148437500e+02
8.824909667968750000e+02
3.088903198242187500e+02
5.195049285888671875e+01
4.352570800781250000e+02
1.213523315429687500e+03
9.280141601562500000e+02
9.779832363128662109e-01
1.619579696655273438e+01
6.297512054443359375e+01
2.078756256103515625e+02
4.958254089355468750e+02
6.258221864700317383e-01
6.504122161865234375e+01
2.109048767089843750e+02
1.144234776496887207e+00
6.743322143554687500e+02
1.244337654113769531e+01
9.737656593322753906e+00
2.545726537704467773e+00
3.899384155273437500e+02
1.081780853271484375e+02
4.470690917968750000e+01
6.891333007812500000e+01
2.939904975891113281e+01
1.363600830078125000e+03
1.634946227073669434e+00
1.002722835540771484e+01
4.159286117553710938e+01
1.263476610183715820e+00
8.350213766098022461e-01
5.793621826171875000e+02
7.222702789306640625e+01
1.404630303382873535e+00
4.943926620483398438e+01
1.076638549804687500e+03
1.035920639038085938e+02
3.094320058822631836e+00
1.984828186035156250e+01
2.002238922119140625e+02
3.237447204589843750e+02
7.148941040039062500e+02
2.158874750137329102e+00
1.413480949401855469e+01
7.700189971923828125e+01
5.653644409179687500e+02
3.516654968261718750e+01
5.898989439010620117e-01
5.320983505249023438e+01
3.562324142456054688e+01
7.608082580566406250e+01
4.532684707641601562e+01
3.787361816406250000e+03
2.893500137329101562e+01
3.285693969726562500e+02
1.226718368530273438e+02
2.370275573730468750e+02
1.746798157691955566e+00
1.623239746093750000e+02
3.662753677368164062e+01
2.541437683105468750e+02
9.128369903564453125e+01
3.559479475021362305e+00
1.603226470947265625e+01
4.383160781860351562e+01
1.100980567932128906e+01
1.346248168945312500e+03
5.881790771484375000e+02
1.003112506866455078e+01
1.762038826942443848e+00
3.115895690917968750e+02
8.302868041992187500e+02
4.078600158691406250e+02
9.666452026367187500e+02
7.920852661132812500e+01
2.008492126464843750e+02
6.815266609191894531e+00
2.058802795410156250e+02
2.363234863281250000e+02
7.777311801910400391e-01
6.524470448493957520e-01
9.393134155273437500e+02
1.215301757812500000e+03
1.247478246688842773e+00
3.854620056152343750e+02
1.017816894531250000e+03
4.040573425292968750e+02
6.417893886566162109e+00
4.613248443603515625e+01
3.000926818847656250e+02
1.887593841552734375e+02
1.960206909179687500e+02
4.369937896728515625e+00
2.534514770507812500e+02
1.918358917236328125e+02
9.120551300048828125e+01
2.768247375488281250e+02
1.380335211753845215e+00
1.005231857299804688e+02
1.378847408294677734e+01
4.794852600097656250e+02
1.152637329101562500e+02
1.095696166992187500e+03
1.032354354858398438e+02
3.687601074218750000e+03
2.952608642578125000e+02
5.637269287109375000e+02
1.324144482612609863e+00
1.546511993408203125e+02
2.597633666992187500e+02
2.609450683593750000e+03
2.209376220703125000e+02
1.069838762283325195e+00
1.122919464111328125e+02
1.210176467895507812e+02
1.066786384582519531e+01
6.556929687500000000e+03
1.381844024658203125e+02
1.723512649536132812e+01
3.993677377700805664e+00
3.586052322387695312e+01
7.274008178710937500e+02
8.243836212158203125e+01
6.841604003906250000e+02
1.197208023071289062e+02
1.010801147460937500e+03
1.600590515136718750e+01
2.884909362792968750e+02
1.214674568176269531e+01
2.448760271072387695e+00
7.486084103584289551e-01
3.081123962402343750e+02
5.540228881835937500e+02
1.108256697654724121e+00
4.483180618286132812e+01
4.041617675781250000e+03
1.068363494873046875e+02
2.151730537414550781e+00
4.737838745117187500e+01
9.025436401367187500e+02
9.463491058349609375e+01
6.418146972656250000e+02
1.566661000251770020e+00
1.120573883056640625e+02
3.338876342773437500e+02
5.701141967773437500e+02
6.476129913330078125e+01
1.060942769050598145e+00
8.687758636474609375e+01
7.264649200439453125e+01
8.639501190185546875e+01
1.350209655761718750e+02
7.190036621093750000e+03
3.613434219360351562e+01
7.795245361328125000e+02
1.116602905273437500e+03
4.634251098632812500e+02
1.638859510421752930e+00
1.835923309326171875e+02
2.044718170166015625e+01
8.880708007812500000e+02
1.470897369384765625e+02
2.796349287033081055e+00
3.585306549072265625e+01
4.763759994506835938e+01
4.763593196868896484e+00
3.871355468750000000e+03
2.526401214599609375e+02
8.407472610473632812e+00
2.447730541229248047e+00
5.924904174804687500e+02
1.600812744140625000e+03
3.052183837890625000e+02
2.861085937500000000e+03
3.828141784667968750e+01
2.287627685546875000e+03
9.505504608154296875e+00
2.413062744140625000e+02
1.699337005615234375e+02
1.066315531730651855e+00
