5.680738449096679688e+01
2.671425247192382812e+01
5.839038085937500000e+02
3.441188812255859375e+01
1.401291809082031250e+02
1.842872810363769531e+01
4.010625305175781250e+02
1.366646270751953125e+02
2.370339660644531250e+02
3.066532592773437500e+02
7.057020568847656250e+01
8.926568984985351562e+00
3.018742752075195312e+01
7.547634124755859375e+01
7.831243133544921875e+01
7.037248229980468750e+01
1.435631561279296875e+02
1.439332885742187500e+02
1.803510589599609375e+02
5.836445236206054688e+01
8.303478240966796875e+01
1.054609603881835938e+02
2.108204345703125000e+02
1.923434066772460938e+01
2.378195190429687500e+02
1.966842498779296875e+02
5.646897506713867188e+01
2.181900329589843750e+02
1.135078430175781250e+01
2.131833648681640625e+01
1.035575790405273438e+02
5.254519042968750000e+02
1.152035140991210938e+02
4.349996566772460938e+00
6.958663940429687500e+02
1.583498573303222656e+01
9.714905395507812500e+02
2.978886795043945312e+01
1.904123687744140625e+02
2.142709732055664062e+01
1.186417312622070312e+02
2.631125793457031250e+02
3.801996231079101562e+01
7.661957740783691406e+00
2.036681556701660156e+01
1.538708190917968750e+02
6.915684223175048828e+00
1.387364196777343750e+01
1.424361419677734375e+02
1.686639308929443359e+00
1.034351348876953125e+01
1.464236145019531250e+02
3.022655639648437500e+02
9.741890716552734375e+01
1.411844329833984375e+02
6.671588897705078125e+01
1.455352935791015625e+02
5.994934463500976562e+01
6.386148452758789062e+00
7.189874053001403809e-01
2.443297119140625000e+02
2.839211273193359375e+01
6.433241271972656250e+01
5.456909942626953125e+01
1.624673004150390625e+02
9.244123458862304688e+00
1.335766448974609375e+02
8.935850143432617188e+00
2.991680145263671875e+01
5.034375610351562500e+02
1.417200565338134766e+01
2.282515525817871094e+01
3.304025878906250000e+02
1.033433914184570312e+02
2.474870147705078125e+02
9.128205108642578125e+01
5.402479248046875000e+02
1.424444675445556641e+00
5.204217529296875000e+02
2.008061676025390625e+02
1.588912963867187500e+02
2.917584228515625000e+01
1.447353172302246094e+01
2.009068298339843750e+02
6.652203559875488281e+00
1.593196105957031250e+02
2.226323486328125000e+03
8.140359497070312500e+01
1.055156250000000000e+02
1.793857955932617188e+01
2.122602462768554688e+00
2.109326171875000000e+02
1.005814361572265625e+01
1.377907562255859375e+02
1.751694030761718750e+02
1.187759971618652344e+01
5.190009307861328125e+01
8.990949249267578125e+01
4.146891593933105469e+00
1.004971408843994141e+01
8.979089736938476562e+00
7.670799560546875000e+02
5.760554199218750000e+02
1.128516082763671875e+02
5.833981323242187500e+02
5.279277038574218750e+01
2.347163391113281250e+02
3.065953979492187500e+02
8.277302551269531250e+01
1.314569244384765625e+02
7.448997192382812500e+02
1.492202453613281250e+02
6.335872268676757812e+01
6.440462493896484375e+01
2.037043762207031250e+02
4.997924423217773438e+01
3.199423522949218750e+02
8.591905212402343750e+01
5.888702392578125000e+01
2.180977325439453125e+02
1.441635284423828125e+02
2.868289794921875000e+02
5.338129882812500000e+02
1.788625030517578125e+02
7.961232299804687500e+02
5.854134521484375000e+02
3.962820739746093750e+02
1.071506805419921875e+02
1.005928497314453125e+02
3.467491455078125000e+02
2.006427001953125000e+02
1.734602661132812500e+02
1.365686798095703125e+02
3.146624374389648438e+01
6.207690429687500000e+02
1.175165710449218750e+02
2.566910644531250000e+03
3.035047607421875000e+02
3.314150695800781250e+02
3.986254882812500000e+01
2.667288970947265625e+01
1.094528808593750000e+03
4.328649139404296875e+01
2.687549018859863281e+01
2.181040763854980469e+01
4.295124206542968750e+02
4.104949569702148438e+01
6.913134002685546875e+01
3.093147659301757812e+01
1.176827926635742188e+02
4.639398574829101562e+01
6.349212646484375000e+02
4.570103759765625000e+02
9.203475189208984375e+01
1.267041992187500000e+03
1.854989166259765625e+02
5.964429321289062500e+02
2.845148620605468750e+02
2.420632934570312500e+02
2.502776489257812500e+02
5.126578979492187500e+02
4.705085754394531250e+02
3.134625549316406250e+02
4.027820129394531250e+02
2.307281341552734375e+02
1.245360641479492188e+02
2.236439056396484375e+02
7.023736000061035156e+00
2.823344726562500000e+02
3.934480285644531250e+02
1.276946945190429688e+02
6.805308532714843750e+01
9.137971801757812500e+02
2.540917510986328125e+02
2.447304199218750000e+03
1.786143646240234375e+02
4.225685729980468750e+02
1.149524383544921875e+02
1.280362854003906250e+02
1.495300140380859375e+02
7.511391601562500000e+02
3.633198242187500000e+02
1.414678649902343750e+02
2.578820800781250000e+01
2.523004455566406250e+02
1.647139930725097656e+01
4.800522949218750000e+03
2.324917907714843750e+02
3.005650634765625000e+02
5.349520492553710938e+01
1.641849517822265625e+01
1.266710937500000000e+03
3.014729309082031250e+01
6.695251464843750000e+02
2.815204238891601562e+01
1.540582885742187500e+02
2.191721649169921875e+02
2.633327026367187500e+02
3.139591789245605469e+01
1.261440734863281250e+02
1.088144073486328125e+02
1.809238433837890625e+01
4.211372985839843750e+02
3.582829236984252930e+00
1.523325157165527344e+01
9.648847656250000000e+02
4.215160369873046875e+01
1.448990631103515625e+01
2.131421051025390625e+02
4.166326599121093750e+02
3.001259422302246094e+01
1.785299072265625000e+02
2.053937339782714844e+01
9.411368560791015625e+01
4.714496154785156250e+02
8.001248931884765625e+01
1.867517547607421875e+02
1.489750366210937500e+02
4.384555816650390625e+01
1.095896728515625000e+03
5.057449817657470703e+00
2.183403930664062500e+02
1.613565795898437500e+03
9.169267272949218750e+01
4.229037780761718750e+02
1.339071533203125000e+03
3.853538818359375000e+02
2.072656097412109375e+02
5.403262939453125000e+02
1.497074699401855469e+01
2.114556732177734375e+02
9.982734680175781250e+01
1.073980865478515625e+02
9.490567779541015625e+01
2.062422180175781250e+02
2.637219047546386719e+01
3.129608642578125000e+03
1.216538619995117188e+01
2.208610076904296875e+02
4.188768386840820312e+01
3.655449523925781250e+02
7.257987060546875000e+02
1.237730865478515625e+02
2.595590820312500000e+02
1.589901885986328125e+02
8.526376953125000000e+02
1.136519699096679688e+02
2.506729316711425781e+01
1.078823623657226562e+02
2.413526725769042969e+01
9.167148590087890625e+01
5.116613006591796875e+01
6.029729003906250000e+02
4.242269897460937500e+01
8.095251464843750000e+02
3.386170959472656250e+02
9.774392089843750000e+02
5.539954376220703125e+01
4.674938354492187500e+02
3.190367736816406250e+02
1.252178955078125000e+02
1.097438278198242188e+02
2.425751800537109375e+02
1.088090209960937500e+03
1.115019836425781250e+02
2.744565124511718750e+02
2.858725891113281250e+02
2.820740318298339844e+01
4.531970214843750000e+02
9.324247741699218750e+01
1.615650329589843750e+02
6.725724029541015625e+01
5.659896850585937500e+02
1.082494659423828125e+02
1.614014404296875000e+03
5.484462890625000000e+02
1.606590728759765625e+02
1.545204315185546875e+02
8.792824554443359375e+01
1.562998504638671875e+02
5.922525024414062500e+02
3.864756774902343750e+02
1.549183959960937500e+02
8.341672515869140625e+01
2.164244232177734375e+02
7.433216094970703125e+01
3.705684570312500000e+03
7.664373779296875000e+01
2.585656127929687500e+02
1.520324859619140625e+02
2.559666824340820312e+01
2.184720153808593750e+02
1.405810394287109375e+02
5.078469848632812500e+02
5.585020828247070312e+01
3.583518981933593750e+02
2.019857940673828125e+02
9.048921966552734375e+01
9.356014251708984375e+01
1.314326095581054688e+01
3.595502471923828125e+01
4.871799468994140625e+01
7.833991699218750000e+02
1.366361331939697266e+01
1.373889312744140625e+02
4.301423645019531250e+01
2.750039367675781250e+02
5.340716934204101562e+01
3.342675781250000000e+02
1.838968048095703125e+02
5.171408843994140625e+01
1.353017520904541016e+01
2.336666679382324219e+01
6.650263061523437500e+02
1.356174316406250000e+02
1.576793861389160156e+01
4.586735229492187500e+02
5.266561889648437500e+01
1.599475250244140625e+02
4.431134796142578125e+01
6.675142669677734375e+01
1.840624542236328125e+02
2.213858642578125000e+02
3.793132019042968750e+01
2.972754821777343750e+02
7.695599365234375000e+02
2.836016235351562500e+02
3.713018035888671875e+01
3.772668075561523438e+01
1.657799835205078125e+02
9.318328094482421875e+01
4.591400146484375000e+02
2.797386932373046875e+01
8.671930694580078125e+01
2.693094177246093750e+02
1.164706611633300781e+01
1.546416503906250000e+03
6.391113758087158203e+00
1.244331283569335938e+02
5.963140869140625000e+01
1.514294738769531250e+02
5.716553497314453125e+01
9.207921028137207031e+00
8.783579826354980469e+00
5.606477737426757812e+01
3.864477233886718750e+02
2.295517921447753906e+01
4.044337272644042969e+00
4.384194564819335938e+01
3.326021194458007812e+00
8.798971557617187500e+01
3.889126892089843750e+02
2.242965240478515625e+02
8.739588928222656250e+01
2.133105659484863281e+01
4.335540466308593750e+02
1.171352844238281250e+02
7.479080963134765625e+01
1.531208190917968750e+02
2.514436187744140625e+02
4.517381896972656250e+02
3.625518798828125000e+02
6.402101135253906250e+01
3.048586273193359375e+01
1.619641418457031250e+02
2.628384704589843750e+02
1.245451583862304688e+02
6.913213348388671875e+01
1.022932510375976562e+02
8.588190917968750000e+02
9.264614105224609375e+01
7.083677673339843750e+01
1.428550903320312500e+03
1.818003082275390625e+02
4.038081665039062500e+02
2.208093719482421875e+02
2.841012573242187500e+02
1.953544769287109375e+02
6.413432006835937500e+02
1.025070190429687500e+01
1.562206115722656250e+02
5.112390518188476562e+01
4.446305541992187500e+02
2.519510650634765625e+01
8.807840728759765625e+01
1.442395935058593750e+02
2.910997314453125000e+03
3.058512268066406250e+02
7.275310516357421875e+01
7.645099639892578125e+01
2.026822357177734375e+02
1.230327148437500000e+03
1.955878753662109375e+02
1.795026397705078125e+02
1.278303680419921875e+02
1.312293853759765625e+02
7.662763214111328125e+01
7.960600280761718750e+01
2.136071624755859375e+02
6.389529418945312500e+01
5.699559402465820312e+01
3.857723693847656250e+02
1.490032714843750000e+03
7.622326850891113281e+00
3.284121093750000000e+02
4.976857604980468750e+02
8.163637084960937500e+02
1.527933197021484375e+02
1.951970977783203125e+02
3.774739685058593750e+02
5.224464111328125000e+02
2.013750610351562500e+02
5.174061203002929688e+01
4.481868591308593750e+02
2.844829406738281250e+02
1.900424194335937500e+02
2.055882263183593750e+02
4.479147720336914062e+01
1.450441589355468750e+02
4.010220031738281250e+02
1.369891204833984375e+02
6.141960144042968750e+01
8.374697875976562500e+02
8.808929443359375000e+01
2.174174804687500000e+03
4.112021789550781250e+02
4.367451171875000000e+02
7.503536987304687500e+01
6.795715942382812500e+02
2.698162841796875000e+02
7.943819580078125000e+02
3.936473693847656250e+02
5.832765579223632812e+01
1.453560791015625000e+02
4.506383666992187500e+02
1.508035430908203125e+02
7.513091796875000000e+03
1.000123214721679688e+02
8.537585449218750000e+01
6.214570617675781250e+01
2.620689964294433594e+01
1.386755981445312500e+03
1.053327255249023438e+02
1.906918945312500000e+02
7.934744262695312500e+01
4.360151977539062500e+02
7.300073242187500000e+01
1.048299102783203125e+02
1.474088954925537109e+01
4.190835952758789062e+01
1.131423187255859375e+02
1.066245346069335938e+02
6.051831054687500000e+02
1.588131809234619141e+01
9.477938842773437500e+01
1.364981445312500000e+03
2.170397338867187500e+02
9.842015838623046875e+01
4.100234069824218750e+02
8.632548828125000000e+02
9.400538635253906250e+01
4.548740539550781250e+02
1.147631759643554688e+02
2.160761566162109375e+02
3.415328979492187500e+02
3.622105407714843750e+02
6.167267608642578125e+01
1.951799621582031250e+02
1.828856353759765625e+02
1.613916137695312500e+03
8.059090423583984375e+01
7.503036499023437500e+01
2.611873291015625000e+03
2.184904479980468750e+02
1.376263916015625000e+03
9.006233520507812500e+02
2.801669006347656250e+02
4.446832580566406250e+02
9.489094848632812500e+02
2.864542007446289062e+01
5.038813476562500000e+02
2.133581542968750000e+02
3.855591430664062500e+02
7.656739807128906250e+01
2.848020019531250000e+02
4.090172195434570312e+01
6.256695800781250000e+03
1.411510162353515625e+02
1.443059997558593750e+02
3.040976715087890625e+01
3.687950744628906250e+02
2.029066040039062500e+03
1.756260833740234375e+02
6.824714965820312500e+02
1.000810089111328125e+02
9.476627197265625000e+02
1.701511535644531250e+02
1.287853240966796875e+02
1.900348205566406250e+02
4.846088409423828125e+01
