1.041602641344070435e-01
2.808009833097457886e-02
1.015014201402664185e-02
7.546262443065643311e-02
2.338763512670993805e-02
2.664403803646564484e-02
9.553820826113224030e-03
4.861933737993240356e-02
2.887664549052715302e-02
2.283906005322933197e-02
4.382080584764480591e-02
3.262205049395561218e-02
6.575693935155868530e-02
1.785404421389102936e-02
6.465789675712585449e-02
2.188910357654094696e-02
2.373074367642402649e-02
9.993961453437805176e-02
2.318270877003669739e-02
1.000005528330802917e-01
1.017522998154163361e-02
1.575653441250324249e-02
1.508213859051465988e-02
8.636888861656188965e-02
1.185579318553209305e-02
1.674248278141021729e-02
4.262708872556686401e-02
1.276413202285766602e-01
9.659215062856674194e-02
4.902445524930953979e-02
9.584757499396800995e-03
1.095290295779705048e-02
8.532665669918060303e-02
7.086137682199478149e-02
1.186923030763864517e-02
7.171276211738586426e-02
1.555803883820772171e-02
3.193984553217887878e-02
1.031295880675315857e-01
1.240946203470230103e-01
2.706226147711277008e-02
1.667218841612339020e-02
2.867556549608707428e-02
3.071216121315956116e-02
5.379414185881614685e-02
1.873211003839969635e-02
4.072638601064682007e-02
3.525301069021224976e-02
1.536749675869941711e-02
8.919927477836608887e-02
1.147833094000816345e-01
1.734248735010623932e-02
2.512806653976440430e-02
7.717771828174591064e-02
2.183987386524677277e-02
1.847114972770214081e-02
3.404302895069122314e-02
9.815697371959686279e-02
1.133624613285064697e-01
9.055935591459274292e-02
1.618205010890960693e-02
3.219847753643989563e-02
7.643953710794448853e-02
3.588841110467910767e-02
1.986806653439998627e-02
4.548308253288269043e-02
2.138770930469036102e-02
5.687504261732101440e-02
7.635819911956787109e-02
5.926082283258438110e-02
5.366075411438941956e-02
4.368281736969947815e-02
1.864838413894176483e-02
1.818138919770717621e-02
1.368485204875469208e-02
2.436203137040138245e-02
1.340938545763492584e-02
9.134507924318313599e-02
1.755231991410255432e-02
1.007813308387994766e-02
1.396471448242664337e-02
7.632681727409362793e-02
1.145016103982925415e-01
1.517938449978828430e-02
8.227420598268508911e-02
4.645665735006332397e-02
7.488714065402746201e-03
3.068872168660163879e-02
6.154577434062957764e-02
6.962089985609054565e-02
7.736645638942718506e-02
3.460387513041496277e-02
6.001466885209083557e-02
1.618157699704170227e-02
1.973810978233814240e-02
4.740132391452789307e-02
4.540612176060676575e-02
1.349936425685882568e-02
9.169842302799224854e-02
1.011353358626365662e-01
1.346144825220108032e-01
8.060194551944732666e-03
8.831693790853023529e-03
8.627566695213317871e-02
1.115752477198839188e-02
2.224328182637691498e-02
1.371519546955823898e-02
4.487232118844985962e-02
6.228031963109970093e-02
2.336083725094795227e-02
2.122229523956775665e-02
1.874816417694091797e-02
5.915523692965507507e-02
2.138436585664749146e-02
1.384348981082439423e-02
4.217690601944923401e-02
1.268331520259380341e-02
7.503774017095565796e-02
5.191893130540847778e-02
6.436668336391448975e-02
1.557912398129701614e-02
1.367472391575574875e-02
8.541412651538848877e-03
1.700302772223949432e-02
5.921589210629463196e-03
8.970575407147407532e-03
9.234863333404064178e-03
9.817519783973693848e-02
3.403367847204208374e-02
1.163760293275117874e-02
8.479276672005653381e-03
1.609025150537490845e-02
9.416951984167098999e-02
2.768157422542572021e-02
2.241611853241920471e-02
6.640520691871643066e-02
7.649485487490892410e-03
1.201946847140789032e-02
6.055625155568122864e-02
9.384387731552124023e-02
3.118961863219738007e-02
1.305535528808832169e-02
2.802156843245029449e-02
3.124867193400859833e-02
3.659592568874359131e-02
8.773629553616046906e-03
6.227747723460197449e-02
1.557403430342674255e-02
3.437072783708572388e-02
8.255628496408462524e-02
9.822595119476318359e-02
9.764233604073524475e-03
1.368729677051305771e-02
7.211998850107192993e-02
7.652294356375932693e-03
1.933238841593265533e-02
9.814317338168621063e-03
4.455972835421562195e-02
3.487539663910865784e-02
3.044576756656169891e-02
2.744824253022670746e-02
1.044200174510478973e-02
4.210039228200912476e-02
1.323501113802194595e-02
3.446611016988754272e-02
1.801133714616298676e-02
1.997155137360095978e-02
8.539783209562301636e-02
2.240458875894546509e-02
7.477053999900817871e-02
1.619534566998481750e-02
2.679786458611488342e-02
1.123544387519359589e-02
2.366847917437553406e-02
4.859410692006349564e-03
1.813868246972560883e-02
1.182449981570243835e-02
8.146343380212783813e-02
4.626137018203735352e-02
1.891012676060199738e-02
4.593156278133392334e-03
1.683070696890354156e-02
6.044329330325126648e-02
3.127875924110412598e-02
2.685558982193470001e-02
6.370190531015396118e-02
5.097441375255584717e-03
1.513911411166191101e-02
8.598838746547698975e-02
7.846070826053619385e-02
3.497795388102531433e-02
9.742115624248981476e-03
4.378770664334297180e-02
1.065662223845720291e-02
5.175511166453361511e-02
1.520445290952920914e-02
2.731059677898883820e-02
1.374413073062896729e-02
3.179408982396125793e-02
7.172361016273498535e-02
1.096968874335289001e-01
3.699267655611038208e-02
1.185859087854623795e-02
9.765652567148208618e-02
5.086859315633773804e-02
6.181959994137287140e-03
2.937029302120208740e-02
9.034545719623565674e-02
5.120021849870681763e-02
1.551291532814502716e-02
5.814441666007041931e-02
1.832846552133560181e-02
8.313119411468505859e-02
1.875791698694229126e-02
1.000855863094329834e-02
2.156272158026695251e-02
1.927873119711875916e-02
7.861884683370590210e-02
4.110488668084144592e-02
4.595762491226196289e-02
3.196378424763679504e-02
2.034616097807884216e-02
4.390291869640350342e-03
6.178114563226699829e-02
1.217018347233533859e-02
6.642632652074098587e-03
1.211786363273859024e-02
9.455848485231399536e-02
3.395863622426986694e-02
5.307056754827499390e-02
1.015568058937788010e-02
2.108788676559925079e-02
8.960187435150146484e-02
4.375914856791496277e-02
3.788126260042190552e-02
8.540645241737365723e-02
7.850741967558860779e-03
3.200981393456459045e-02
5.325869098305702209e-02
1.088404282927513123e-01
1.017399225383996964e-02
1.074936706572771072e-02
1.723797433078289032e-02
7.038574665784835815e-03
2.400483563542366028e-02
4.820028785616159439e-03
6.246135756373405457e-02
3.519451618194580078e-02
2.398975938558578491e-02
1.006864905357360840e-01
9.087365120649337769e-02
2.772661671042442322e-02
9.991717524826526642e-03
6.621804833412170410e-02
9.205811657011508942e-03
1.029899157583713531e-02
7.788380607962608337e-03
5.425342172384262085e-02
2.673528157174587250e-02
1.817362755537033081e-02
2.781869284808635712e-02
2.084539644420146942e-02
4.259410873055458069e-02
7.705659139901399612e-03
3.512662649154663086e-02
1.349885296076536179e-02
1.373613532632589340e-02
8.254642039537429810e-02
1.537600159645080566e-02
6.437480449676513672e-02
7.845850661396980286e-03
2.085601724684238434e-02
1.023916900157928467e-02
3.038021549582481384e-02
5.310698878020048141e-03
1.256382465362548828e-02
1.454702857881784439e-02
9.770900011062622070e-02
4.992169886827468872e-02
2.367834933102130890e-02
4.771722480654716492e-03
1.022764667868614197e-02
7.478988915681838989e-02
2.596919611096382141e-02
2.127050980925559998e-02
7.945084571838378906e-02
5.811182316392660141e-03
3.800546750426292419e-02
5.082825943827629089e-02
9.649848937988281250e-02
2.680799365043640137e-02
1.929034292697906494e-02
1.769513450562953949e-02
9.152142331004142761e-03
2.519440464675426483e-02
9.276047348976135254e-03
2.607777528464794159e-02
1.189876906573772430e-02
1.837048679590225220e-02
8.830914646387100220e-02
1.114191934466362000e-01
1.953811384737491608e-02
6.372336298227310181e-03
8.496501296758651733e-02
2.233377099037170410e-02
2.328204922378063202e-02
1.920514553785324097e-02
7.268320769071578979e-02
4.612476006150245667e-02
2.217244356870651245e-02
6.728741526603698730e-02
5.071409046649932861e-02
7.552743703126907349e-02
1.033361069858074188e-02
1.736641488969326019e-02
5.551778525114059448e-02
9.283695369958877563e-03
1.032348796725273132e-01
3.243005648255348206e-02
1.011088117957115173e-01
1.812698878347873688e-02
1.249640248715877533e-02
1.626084558665752411e-02
4.215679690241813660e-02
1.272628922015428543e-02
8.715076372027397156e-03
1.043502241373062134e-02
1.175447553396224976e-01
5.170673877000808716e-02
2.137123979628086090e-02
2.203268371522426605e-02
1.507646124809980392e-02
1.088700443506240845e-01
2.865734137594699860e-02
2.214564010500907898e-02
9.679187089204788208e-02
1.133417058736085892e-02
4.175597801804542542e-02
7.400000095367431641e-02
9.583596140146255493e-02
1.499659940600395203e-02
2.462786808609962463e-02
4.793919622898101807e-02
3.167404234409332275e-02
4.138072580099105835e-02
6.232379935681819916e-03
7.599397003650665283e-02
5.089620128273963928e-02
3.727748990058898926e-02
9.659657627344131470e-02
1.068084836006164551e-01
1.557444967329502106e-02
2.942255884408950806e-02
7.318670302629470825e-02
2.965565957129001617e-02
8.719772100448608398e-03
2.440074644982814789e-02
6.465573608875274658e-02
5.140301957726478577e-02
2.842014096677303314e-02
1.808130554854869843e-02
1.010587997734546661e-02
8.480499684810638428e-02
4.307235777378082275e-02
2.508910186588764191e-02
1.163053978234529495e-02
4.464206472039222717e-02
8.070880919694900513e-02
4.682936519384384155e-02
4.344533756375312805e-02
2.655179984867572784e-02
4.970355704426765442e-02
3.961265087127685547e-03
4.664403945207595825e-02
1.707505993545055389e-02
2.302417159080505371e-02
1.942018605768680573e-02
1.006055846810340881e-01
2.516960538923740387e-02
2.517288736999034882e-02
1.425068732351064682e-02
2.511828206479549408e-02
7.535973191261291504e-02
4.235715046525001526e-02
6.344657391309738159e-02
6.457782536745071411e-02
7.950350642204284668e-03
1.448779925704002380e-02
8.345292508602142334e-02
9.067930281162261963e-02
1.446224655956029892e-02
8.747671730816364288e-03
1.322437636554241180e-02
9.159181267023086548e-03
3.849898278713226318e-02
1.945946365594863892e-02
6.523237377405166626e-02
1.855842582881450653e-02
1.833067275583744049e-02
1.502581685781478882e-01
1.143524497747421265e-01
9.370883926749229431e-03
9.194662794470787048e-03
1.005748361349105835e-01
1.210842560976743698e-02
1.152403373271226883e-02
1.129441149532794952e-02
7.078980654478073120e-02
4.913144931197166443e-02
2.040409483015537262e-02
2.229928784072399139e-02
2.307205460965633392e-02
6.459271907806396484e-02
1.489383075386285782e-02
1.939717307686805725e-02
1.793961413204669952e-02
1.653126254677772522e-02
7.199465483427047729e-02
3.334280848503112793e-02
5.347034335136413574e-02
1.121998298913240433e-02
2.418743073940277100e-02
7.506418973207473755e-03
2.478829771280288696e-02
4.488376900553703308e-03
1.282920967787504196e-02
1.075674220919609070e-02
9.529366344213485718e-02
2.776287123560905457e-02
1.413916796445846558e-02
4.413507413119077682e-03
1.785803399980068207e-02
1.047818064689636230e-01
2.157540433108806610e-02
3.240301832556724548e-02
5.361728370189666748e-02
3.838354488834738731e-03
2.147505804896354675e-02
5.971534177660942078e-02
9.267861396074295044e-02
4.902987927198410034e-02
1.204584632068872452e-02
2.645911648869514465e-02
1.152654271572828293e-02
2.336073480546474457e-02
9.468954987823963165e-03
3.682788833975791931e-02
1.790199056267738342e-02
5.091903731226921082e-02
7.375822216272354126e-02
1.099387183785438538e-01
2.232285588979721069e-02
9.718726389110088348e-03
9.356328099966049194e-02
4.770589992403984070e-02
4.423848353326320648e-03
3.211701661348342896e-02
7.732798904180526733e-02
4.861163347959518433e-02
1.181189436465501785e-02
2.786518260836601257e-02
8.963209576904773712e-03
8.436382561922073364e-02
3.155649080872535706e-02
1.503728516399860382e-02
1.350856665521860123e-02
3.052943572402000427e-02
7.771391421556472778e-02
3.748425468802452087e-02
3.772130608558654785e-02
2.496755123138427734e-02
3.370466455817222595e-02
3.020834410563111305e-03
3.952902182936668396e-02
9.274308569729328156e-03
8.065505884587764740e-03
1.378204580396413803e-02
8.823365718126296997e-02
3.128422796726226807e-02
3.088807128369808197e-02
8.755602873861789703e-03
3.107455931603908539e-02
7.968045026063919067e-02
3.588617965579032898e-02
5.640643090009689331e-02
5.844009667634963989e-02
4.747878760099411011e-03
1.637384854257106781e-02
8.657934516668319702e-02
1.027398630976676941e-01
1.308503653854131699e-02
7.059682626277208328e-03
1.862205006182193756e-02
4.888606257736682892e-03
3.705587238073348999e-02
5.842052400112152100e-03
6.929587572813034058e-02
1.612261310219764709e-02
1.975706592202186584e-02
1.023374274373054504e-01
