9.648437500000000000e-01 7.265625000000000000e-01 8.281250000000000000e-01 4.687500000000000000e-01
9.765625000000000000e-01 6.692708333333333703e-01 7.890624999999998890e-01 4.218750000000000000e-01
9.804687500000000000e-01 6.562500000000000000e-01 8.020833333333333703e-01 4.187499999999999556e-01
9.804687500000000000e-01 6.354166666666666297e-01 7.942708333333333703e-01 3.937499999999999889e-01
9.843750000000000000e-01 6.328125000000000000e-01 7.526041666666667407e-01 3.843750000000000222e-01
9.687500000000000000e-01 8.828125000000000000e-01 8.098958333333332593e-01 4.843750000000000555e-01
9.570312500000000000e-01 9.166666666666667407e-01 7.968749999999998890e-01 4.812499999999999556e-01
9.531250000000000000e-01 9.453125000000001110e-01 7.890625000000000000e-01 4.781250000000000222e-01
9.531250000000000000e-01 9.427083333333334814e-01 7.630208333333332593e-01 4.906249999999999778e-01
9.492187500000000000e-01 9.609375000000000000e-01 7.630208333333333703e-01 4.843750000000000000e-01
9.257812500000000000e-01 9.322916666666665186e-01 8.958333333333333703e-01 6.343750000000000222e-01
9.179687500000000000e-01 9.322916666666665186e-01 9.218750000000000000e-01 6.499999999999999112e-01
8.906250000000000000e-01 9.140624999999998890e-01 9.244791666666666297e-01 6.906250000000000444e-01
8.984375000000000000e-01 9.062500000000000000e-01 9.453125000000000000e-01 6.843750000000000666e-01
8.867187500000000000e-01 8.697916666666667407e-01 9.479166666666666297e-01 6.968750000000000222e-01
9.062500000000000000e-01 9.166666666666666297e-01 9.453124999999998890e-01 8.843749999999999112e-01
9.179687500000000000e-01 9.192708333333333703e-01 9.348958333333333703e-01 9.312499999999999112e-01
9.218750000000000000e-01 9.192708333333332593e-01 9.348958333333332593e-01 9.499999999999999556e-01
9.140625000000000000e-01 9.114583333333332593e-01 9.192708333333333703e-01 9.718749999999999334e-01
8.984375000000000000e-01 9.062500000000000000e-01 9.036458333333334814e-01 9.781250000000000222e-01
