9.713541666666667407e-01 6.640624999999998890e-01 5.976562500000000000e-01 4.296875000000000000e-01
9.765625000000001110e-01 6.614583333333333703e-01 6.171875000000000000e-01 4.648437500000000000e-01
9.791666666666666297e-01 6.536458333333333703e-01 6.210937500000000000e-01 4.414062500000000000e-01
9.791666666666666297e-01 6.666666666666667407e-01 6.250000000000000000e-01 4.648437500000000000e-01
9.791666666666666297e-01 6.328125000000000000e-01 6.328125000000000000e-01 4.843750000000000000e-01
9.765625000000000000e-01 8.723958333333332593e-01 5.898437500000000000e-01 6.679687500000000000e-01
9.765625000000000000e-01 9.270833333333333703e-01 5.507812500000000000e-01 6.679687500000000000e-01
9.765625000000000000e-01 9.453125000000001110e-01 5.195312500000000000e-01 7.031250000000000000e-01
9.739583333333333703e-01 9.609375000000000000e-01 4.921875000000000000e-01 6.953125000000000000e-01
9.635416666666667407e-01 9.739583333333332593e-01 4.882812500000000000e-01 6.796875000000000000e-01
9.687500000000000000e-01 9.479166666666666297e-01 8.242187500000000000e-01 6.718750000000000000e-01
9.687500000000001110e-01 9.401041666666667407e-01 9.140625000000000000e-01 7.109375000000000000e-01
9.661458333333333703e-01 9.322916666666666297e-01 9.492187500000000000e-01 6.953125000000000000e-01
9.609375000000000000e-01 9.036458333333333703e-01 9.687500000000000000e-01 6.953125000000000000e-01
9.609375000000000000e-01 8.984375000000000000e-01 9.843750000000000000e-01 7.187500000000000000e-01
9.557291666666666297e-01 9.375000000000000000e-01 9.414062500000000000e-01 9.218750000000000000e-01
9.531249999999998890e-01 9.166666666666666297e-01 9.257812500000000000e-01 9.531250000000000000e-01
9.557291666666666297e-01 9.244791666666667407e-01 9.257812500000000000e-01 9.687500000000000000e-01
9.479166666666666297e-01 8.932291666666666297e-01 8.945312500000000000e-01 9.687500000000000000e-01
9.479166666666666297e-01 8.932291666666666297e-01 9.023437500000000000e-01 9.726562500000000000e-01
