9.718750000000000444e-01 6.343749999999999112e-01 3.697916666666666852e-01 6.015625000000000000e-01
9.718750000000000444e-01 6.343750000000000222e-01 3.802083333333333148e-01 5.976562500000000000e-01
9.718749999999999334e-01 6.375000000000000666e-01 3.723958333333332593e-01 5.820312500000000000e-01
9.781250000000000222e-01 6.250000000000000000e-01 3.750000000000000000e-01 5.859375000000000000e-01
9.749999999999999778e-01 6.187500000000000222e-01 3.723958333333333148e-01 5.820312500000000000e-01
9.749999999999999778e-01 8.874999999999999556e-01 4.869791666666666297e-01 6.640625000000000000e-01
9.749999999999998668e-01 9.562499999999999334e-01 5.208333333333333703e-01 6.875000000000000000e-01
9.718749999999999334e-01 9.531250000000000000e-01 5.312500000000000000e-01 7.226562500000000000e-01
9.625000000000000222e-01 9.625000000000001332e-01 5.625000000000000000e-01 7.382812500000000000e-01
9.593749999999999778e-01 9.749999999999999778e-01 5.911458333333332593e-01 7.460937500000000000e-01
9.625000000000000222e-01 9.812500000000000666e-01 8.854166666666665186e-01 8.242187500000000000e-01
9.593749999999999778e-01 9.687500000000001110e-01 9.401041666666667407e-01 8.046875000000000000e-01
9.531249999999998890e-01 9.624999999999999112e-01 9.609374999999998890e-01 8.242187500000000000e-01
9.500000000000000666e-01 9.593749999999999778e-01 9.713541666666666297e-01 8.398437500000000000e-01
9.437499999999999778e-01 9.531249999999998890e-01 9.791666666666666297e-01 8.320312500000000000e-01
9.343749999999999556e-01 9.093750000000000444e-01 9.583333333333333703e-01 9.375000000000000000e-01
9.281249999999999778e-01 9.031249999999999556e-01 9.531250000000000000e-01 9.570312500000000000e-01
9.249999999999998224e-01 8.781249999999999334e-01 9.427083333333332593e-01 9.570312500000000000e-01
9.093750000000000444e-01 8.562499999999999556e-01 9.322916666666667407e-01 9.648437500000000000e-01
9.093749999999999334e-01 8.406249999999999556e-01 9.322916666666667407e-01 9.687500000000000000e-01
