9.718750000000000444e-01 4.977678571428571508e-01 3.750000000000000000e-01 4.937499999999999667e-01
9.781249999999999112e-01 5.133928571428570953e-01 3.945312500000000000e-01 4.968750000000000666e-01
9.749999999999998668e-01 5.401785714285715079e-01 3.945312500000000000e-01 4.843750000000000000e-01
9.812499999999999556e-01 5.312500000000000000e-01 3.984375000000000000e-01 4.843750000000000000e-01
9.781249999999999112e-01 5.178571428571429047e-01 3.906250000000000000e-01 4.781250000000000222e-01
9.531250000000000000e-01 8.236607142857143016e-01 4.921875000000000000e-01 5.281250000000000666e-01
9.562500000000000444e-01 9.062500000000001110e-01 5.117187500000000000e-01 5.499999999999999334e-01
9.499999999999999556e-01 9.352678571428572063e-01 5.117187500000000000e-01 5.718749999999999112e-01
9.437500000000000888e-01 9.620535714285715079e-01 5.468750000000000000e-01 6.062499999999999556e-01
9.531250000000000000e-01 9.620535714285716189e-01 5.195312500000000000e-01 6.250000000000000000e-01
9.437499999999999778e-01 9.508928571428572063e-01 8.242187500000000000e-01 8.156250000000000444e-01
9.437499999999999778e-01 9.308035714285712858e-01 9.257812500000000000e-01 8.874999999999999556e-01
9.375000000000000000e-01 9.196428571428570953e-01 9.453125000000000000e-01 9.000000000000000222e-01
9.406250000000000444e-01 9.107142857142856984e-01 9.687500000000000000e-01 8.999999999999999112e-01
9.281250000000000888e-01 8.995535714285713969e-01 9.765625000000000000e-01 9.000000000000000222e-01
9.375000000000000000e-01 9.441964285714287142e-01 9.570312500000000000e-01 9.499999999999999556e-01
9.375000000000000000e-01 9.352678571428570953e-01 9.570312500000000000e-01 9.687500000000000000e-01
9.375000000000000000e-01 9.196428571428570953e-01 9.609375000000000000e-01 9.718750000000000444e-01
9.343749999999999556e-01 8.928571428571430157e-01 9.570312500000000000e-01 9.718750000000000444e-01
9.343749999999999556e-01 8.616071428571429047e-01 9.453125000000000000e-01 9.750000000000000888e-01
