9.791666666666666297e-01 5.156250000000000000e-01 4.749999999999999778e-01 7.343750000000000000e-01
9.869791666666666297e-01 5.250000000000000222e-01 4.687500000000000000e-01 7.265625000000000000e-01
9.869791666666666297e-01 4.874999999999999889e-01 4.937500000000000222e-01 7.656250000000000000e-01
9.895833333333332593e-01 4.781250000000000222e-01 5.124999999999999556e-01 7.890625000000000000e-01
9.895833333333332593e-01 4.843750000000000555e-01 5.156250000000000000e-01 7.929687500000000000e-01
9.791666666666667407e-01 8.031249999999998668e-01 5.499999999999999334e-01 8.593750000000000000e-01
9.739583333333333703e-01 9.187499999999999556e-01 5.437499999999999556e-01 8.515625000000000000e-01
9.687500000000001110e-01 9.468749999999999112e-01 5.406250000000000222e-01 8.632812500000000000e-01
9.687500000000001110e-01 9.562500000000000444e-01 5.593749999999999556e-01 8.750000000000000000e-01
9.427083333333333703e-01 9.656249999999999556e-01 5.374999999999999778e-01 8.437500000000000000e-01
9.817708333333332593e-01 9.406249999999999334e-01 8.562499999999999556e-01 8.671875000000000000e-01
9.791666666666666297e-01 9.406250000000000444e-01 9.281250000000000888e-01 8.593750000000000000e-01
9.713541666666667407e-01 9.281249999999999778e-01 9.468750000000001332e-01 8.671875000000000000e-01
9.661458333333333703e-01 9.281249999999999778e-01 9.531250000000000000e-01 8.671875000000000000e-01
9.557291666666666297e-01 9.187499999999999556e-01 9.531250000000000000e-01 8.671875000000000000e-01
9.687500000000000000e-01 9.218750000000000000e-01 9.499999999999999556e-01 9.335937500000000000e-01
9.687500000000000000e-01 9.062499999999998890e-01 9.312499999999999112e-01 9.609375000000000000e-01
9.609375000000000000e-01 8.937500000000000444e-01 9.343749999999999556e-01 9.648437500000000000e-01
9.427083333333332593e-01 8.843749999999999112e-01 9.218750000000000000e-01 9.765625000000000000e-01
9.088541666666667407e-01 8.281250000000000000e-01 9.124999999999998668e-01 9.726562500000000000e-01
