9.609375000000000000e-01 4.406250000000000444e-01 6.503906250000000000e-01 6.875000000000000000e-01
9.726562500000000000e-01 4.250000000000000444e-01 6.406250000000000000e-01 6.718750000000000000e-01
9.726562500000000000e-01 4.187499999999999556e-01 6.269531250000000000e-01 7.239583333333333703e-01
9.726562500000000000e-01 4.031249999999999556e-01 6.230468750000000000e-01 7.187500000000000000e-01
9.687500000000000000e-01 4.031250000000000111e-01 5.996093750000000000e-01 7.187500000000000000e-01
9.726562500000000000e-01 8.218749999999999112e-01 6.855468750000000000e-01 8.541666666666667407e-01
9.726562500000000000e-01 8.812499999999999778e-01 6.875000000000000000e-01 8.697916666666665186e-01
9.648437500000000000e-01 9.218750000000000000e-01 6.914062500000000000e-01 8.750000000000000000e-01
9.570312500000000000e-01 9.312500000000000222e-01 7.128906250000000000e-01 8.645833333333334814e-01
9.531250000000000000e-01 9.375000000000000000e-01 7.031250000000000000e-01 8.541666666666667407e-01
9.609375000000000000e-01 9.250000000000000444e-01 9.082031250000000000e-01 8.593750000000000000e-01
9.687500000000000000e-01 9.312500000000001332e-01 9.453125000000000000e-01 8.333333333333332593e-01
9.687500000000000000e-01 9.156249999999999112e-01 9.550781250000000000e-01 8.281250000000000000e-01
9.648437500000000000e-01 9.125000000000000888e-01 9.609375000000000000e-01 8.385416666666667407e-01
9.531250000000000000e-01 9.124999999999999778e-01 9.628906250000000000e-01 8.229166666666667407e-01
9.570312500000000000e-01 9.312499999999999112e-01 9.550781250000000000e-01 9.531250000000000000e-01
9.609375000000000000e-01 9.312500000000001332e-01 9.531250000000000000e-01 9.687500000000000000e-01
9.609375000000000000e-01 9.281250000000000888e-01 9.453125000000000000e-01 9.895833333333332593e-01
9.570312500000000000e-01 9.250000000000000444e-01 9.316406250000000000e-01 9.947916666666666297e-01
9.492187500000000000e-01 9.187499999999999556e-01 9.101562500000000000e-01 9.895833333333332593e-01
