9.609375000000000000e-01 7.500000000000000000e-01 6.374999999999999556e-01 4.508928571428572063e-01
9.726562500000000000e-01 7.734375000000000000e-01 6.906249999999999334e-01 4.508928571428571508e-01
9.765625000000000000e-01 7.526041666666667407e-01 6.843750000000000666e-01 4.441964285714286031e-01
9.843750000000000000e-01 7.708333333333332593e-01 7.156250000000000666e-01 4.352678571428571508e-01
9.804687500000000000e-01 7.473958333333333703e-01 7.093749999999999778e-01 4.241071428571429047e-01
9.687500000000000000e-01 9.088541666666666297e-01 7.218749999999999334e-01 6.339285714285713969e-01
9.726562500000000000e-01 9.348958333333333703e-01 7.125000000000001332e-01 6.674107142857143016e-01
9.726562500000000000e-01 9.609375000000001110e-01 7.000000000000000666e-01 6.964285714285713969e-01
9.726562500000000000e-01 9.661458333333333703e-01 6.875000000000000000e-01 7.232142857142856984e-01
9.726562500000000000e-01 9.609375000000000000e-01 6.281250000000000444e-01 7.500000000000000000e-01
9.765625000000000000e-01 9.557291666666667407e-01 8.781250000000000444e-01 7.678571428571429047e-01
9.726562500000000000e-01 9.531250000000001110e-01 9.250000000000000444e-01 7.656250000000000000e-01
9.687500000000000000e-01 9.531250000000001110e-01 9.468749999999999112e-01 7.566964285714286031e-01
9.609375000000000000e-01 9.505208333333334814e-01 9.499999999999998446e-01 7.366071428571427937e-01
9.570312500000000000e-01 9.505208333333333703e-01 9.656249999999999556e-01 7.276785714285713969e-01
9.453125000000000000e-01 9.505208333333333703e-01 9.499999999999999556e-01 9.263392857142856984e-01
9.453125000000000000e-01 9.453125000000000000e-01 9.499999999999998446e-01 9.531250000000000000e-01
9.414062500000000000e-01 9.505208333333333703e-01 9.437499999999999778e-01 9.687500000000000000e-01
9.218750000000000000e-01 9.505208333333333703e-01 9.249999999999999334e-01 9.732142857142858094e-01
9.140625000000000000e-01 9.453125000000000000e-01 9.124999999999999778e-01 9.732142857142858094e-01
