9.812499999999999556e-01 5.968750000000000444e-01 3.072916666666666852e-01 3.750000000000000000e-01
9.875000000000000444e-01 6.218749999999999556e-01 3.203124999999999445e-01 3.945312500000000000e-01
9.812499999999999556e-01 6.406250000000000000e-01 3.229166666666666297e-01 3.945312500000000000e-01
9.843750000000000000e-01 6.374999999999999556e-01 3.255208333333333148e-01 3.828125000000000000e-01
9.875000000000000444e-01 6.468750000000000888e-01 3.177083333333333148e-01 3.828125000000000000e-01
9.687500000000000000e-01 8.531249999999999112e-01 3.203124999999999445e-01 5.234375000000000000e-01
9.687500000000001110e-01 9.312499999999999112e-01 3.645833333333333148e-01 5.625000000000000000e-01
9.406250000000000444e-01 9.437500000000000888e-01 3.776041666666666297e-01 5.976562500000000000e-01
9.375000000000000000e-01 9.343749999999999556e-01 4.375000000000000000e-01 5.898437500000000000e-01
9.281250000000000888e-01 9.437499999999999778e-01 4.505208333333333148e-01 5.976562500000000000e-01
9.562499999999999334e-01 9.406250000000000444e-01 7.187500000000000000e-01 6.132812500000000000e-01
9.687500000000000000e-01 9.343750000000000666e-01 8.593750000000001110e-01 6.835937500000000000e-01
9.625000000000001332e-01 8.999999999999999112e-01 9.010416666666666297e-01 6.953125000000000000e-01
9.562500000000000444e-01 9.125000000000000888e-01 9.401041666666666297e-01 7.382812500000000000e-01
9.437499999999999778e-01 9.031249999999999556e-01 9.557291666666665186e-01 7.460937500000000000e-01
9.250000000000000444e-01 9.406249999999999334e-01 9.635416666666666297e-01 9.257812500000000000e-01
9.156250000000000222e-01 9.281250000000000888e-01 9.635416666666667407e-01 9.335937500000000000e-01
9.124999999999999778e-01 9.406249999999998224e-01 9.609375000000001110e-01 9.609375000000000000e-01
8.781250000000000444e-01 9.468749999999999112e-01 9.427083333333333703e-01 9.648437500000000000e-01
8.750000000000000000e-01 9.437500000000000888e-01 9.453125000000000000e-01 9.726562500000000000e-01
