9.791666666666666297e-01 5.874999999999999112e-01 5.625000000000000000e-01 5.494791666666666297e-01
9.765625000000000000e-01 6.062499999999999556e-01 5.885416666666666297e-01 5.468750000000000000e-01
9.817708333333333703e-01 6.156249999999999778e-01 5.885416666666666297e-01 5.703125000000000000e-01
9.869791666666666297e-01 6.374999999999999556e-01 5.781250000000000000e-01 5.468750000000000000e-01
9.843750000000000000e-01 6.062500000000000666e-01 5.937500000000000000e-01 5.729166666666667407e-01
9.661458333333333703e-01 8.937500000000000444e-01 6.510416666666667407e-01 6.875000000000000000e-01
9.609375000000000000e-01 9.406250000000000444e-01 6.354166666666666297e-01 6.692708333333332593e-01
9.583333333333333703e-01 9.593749999999999778e-01 6.302083333333332593e-01 6.588541666666666297e-01
9.505208333333333703e-01 9.625000000000000222e-01 6.093750000000000000e-01 6.666666666666666297e-01
9.348958333333332593e-01 9.718749999999999334e-01 6.093750000000000000e-01 6.562500000000000000e-01
9.453125000000000000e-01 9.718749999999999334e-01 7.708333333333332593e-01 7.343750000000000000e-01
9.479166666666667407e-01 9.593749999999999778e-01 9.114583333333334814e-01 7.604166666666667407e-01
9.427083333333332593e-01 9.593749999999999778e-01 9.479166666666667407e-01 7.500000000000000000e-01
9.375000000000000000e-01 9.531250000000000000e-01 9.583333333333334814e-01 7.630208333333333703e-01
9.348958333333333703e-01 9.499999999999999556e-01 9.687500000000000000e-01 7.682291666666666297e-01
9.114583333333333703e-01 9.468750000000001332e-01 9.375000000000000000e-01 9.531250000000001110e-01
9.140625000000001110e-01 9.593749999999998668e-01 9.375000000000000000e-01 9.687500000000000000e-01
8.958333333333332593e-01 9.375000000000000000e-01 9.166666666666667407e-01 9.713541666666666297e-01
9.010416666666666297e-01 9.124999999999999778e-01 8.906250000000000000e-01 9.791666666666666297e-01
8.802083333333333703e-01 9.062499999999998890e-01 8.906250000000000000e-01 9.843749999999998890e-01
