9.593749999999998668e-01 7.124999999999999112e-01 5.062499999999999778e-01 4.906250000000000333e-01
9.687499999999998890e-01 7.093749999999999778e-01 5.281249999999999556e-01 4.843750000000000000e-01
9.687500000000001110e-01 6.968749999999999112e-01 5.000000000000000000e-01 4.906249999999999778e-01
9.718749999999999334e-01 7.062499999999999334e-01 5.000000000000000000e-01 4.968750000000000666e-01
9.875000000000000444e-01 7.062499999999999334e-01 4.843750000000000000e-01 4.937500000000000222e-01
9.562500000000000444e-01 9.312500000000001332e-01 4.500000000000000111e-01 5.124999999999999556e-01
9.531250000000000000e-01 9.625000000000000222e-01 4.312499999999999667e-01 4.781250000000000222e-01
9.374999999999998890e-01 9.750000000000000888e-01 3.999999999999999667e-01 4.968749999999999556e-01
9.375000000000000000e-01 9.781250000000000222e-01 3.750000000000000000e-01 4.749999999999999778e-01
9.281249999999999778e-01 9.843750000000000000e-01 3.687500000000000222e-01 4.406249999999999334e-01
9.031249999999999556e-01 9.750000000000000888e-01 6.937500000000000888e-01 5.437499999999999556e-01
9.312500000000000222e-01 9.781249999999999112e-01 8.656249999999999778e-01 5.968750000000000444e-01
9.281250000000000888e-01 9.718750000000000444e-01 9.124999999999999778e-01 6.093750000000000000e-01
9.281250000000000888e-01 9.750000000000000888e-01 9.437500000000000888e-01 6.156249999999999778e-01
9.343749999999999556e-01 9.656250000000000666e-01 9.562500000000000444e-01 6.031250000000000222e-01
9.343750000000001776e-01 9.500000000000000666e-01 9.499999999999999556e-01 8.874999999999999556e-01
9.249999999999999334e-01 9.218750000000000000e-01 9.562500000000000444e-01 9.312500000000000222e-01
9.031250000000000666e-01 9.156249999999999112e-01 9.562500000000000444e-01 9.593749999999999778e-01
9.062500000000000000e-01 8.874999999999999556e-01 9.562500000000000444e-01 9.718750000000000444e-01
8.874999999999999556e-01 8.750000000000000000e-01 9.531250000000000000e-01 9.749999999999999778e-01
