9.749999999999998668e-01 4.218749999999999445e-01 5.749999999999999556e-01 1.468749999999999778e-01
9.906250000000000888e-01 4.593750000000000888e-01 5.625000000000000000e-01 1.500000000000000222e-01
9.906250000000000888e-01 4.843750000000000000e-01 5.656250000000000444e-01 1.375000000000000111e-01
9.875000000000000444e-01 4.812500000000000666e-01 5.812500000000000444e-01 1.531250000000000111e-01
9.875000000000000444e-01 4.781250000000000222e-01 5.781250000000000000e-01 1.437500000000000167e-01
9.749999999999999778e-01 8.906250000000000000e-01 6.999999999999999556e-01 3.218750000000000222e-01
9.687500000000000000e-01 9.343749999999999556e-01 7.312500000000000666e-01 3.625000000000000444e-01
9.656249999999999556e-01 9.468749999999999112e-01 7.624999999999999556e-01 4.156249999999999667e-01
9.687500000000000000e-01 9.687500000000000000e-01 7.750000000000000222e-01 4.250000000000000444e-01
9.656249999999999556e-01 9.750000000000000888e-01 7.906250000000000222e-01 4.375000000000000000e-01
9.593749999999998668e-01 9.593749999999999778e-01 9.156250000000000222e-01 5.468749999999998890e-01
9.562499999999999334e-01 9.468749999999999112e-01 9.406250000000001554e-01 5.812500000000000444e-01
9.343750000000000666e-01 9.218750000000000000e-01 9.531250000000000000e-01 5.937500000000000000e-01
9.406249999999999334e-01 9.062500000000001110e-01 9.562500000000000444e-01 6.093750000000000000e-01
9.406249999999999334e-01 8.750000000000000000e-01 9.593749999999999778e-01 6.093750000000000000e-01
9.187499999999999556e-01 9.562499999999999334e-01 9.562500000000000444e-01 8.312500000000000444e-01
9.031249999999999556e-01 9.562500000000000444e-01 9.531250000000000000e-01 9.062500000000000000e-01
8.906250000000000000e-01 9.499999999999999556e-01 9.531250000000000000e-01 9.375000000000000000e-01
8.812499999999999778e-01 9.468749999999999112e-01 9.281250000000000888e-01 9.531250000000000000e-01
8.875000000000000666e-01 9.437500000000000888e-01 9.125000000000000888e-01 9.687500000000000000e-01
