9.765624999999998890e-01 5.406249999999999112e-01 4.739583333333333703e-01 4.531250000000000000e-01
9.843750000000000000e-01 5.781250000000000000e-01 4.947916666666667407e-01 4.687500000000000000e-01
9.817708333333333703e-01 5.593749999999999556e-01 4.791666666666666297e-01 4.570312500000000000e-01
9.843750000000000000e-01 5.625000000000000000e-01 4.869791666666666852e-01 4.804687500000000000e-01
9.843750000000000000e-01 5.750000000000000666e-01 4.817708333333332593e-01 4.921875000000000000e-01
9.791666666666666297e-01 9.249999999999999334e-01 6.145833333333332593e-01 5.507812500000000000e-01
9.765624999999998890e-01 9.687500000000000000e-01 6.822916666666666297e-01 6.132812500000000000e-01
9.661458333333332593e-01 9.812499999999999556e-01 6.901041666666666297e-01 6.132812500000000000e-01
9.661458333333332593e-01 9.843750000000001110e-01 6.822916666666666297e-01 6.250000000000000000e-01
9.635416666666665186e-01 9.843750000000001110e-01 6.718750000000000000e-01 6.445312500000000000e-01
9.713541666666666297e-01 9.750000000000000888e-01 9.088541666666666297e-01 6.679687500000000000e-01
9.765624999999998890e-01 9.687500000000000000e-01 9.531250000000001110e-01 6.875000000000000000e-01
9.635416666666667407e-01 9.624999999999999112e-01 9.687500000000000000e-01 7.031250000000000000e-01
9.635416666666667407e-01 9.656249999999999556e-01 9.739583333333332593e-01 7.031250000000000000e-01
9.531250000000001110e-01 9.593750000000000888e-01 9.791666666666666297e-01 6.992187500000000000e-01
9.505208333333332593e-01 9.718750000000000444e-01 9.713541666666666297e-01 8.945312500000000000e-01
9.479166666666665186e-01 9.625000000000000222e-01 9.661458333333333703e-01 9.296875000000000000e-01
9.479166666666665186e-01 9.656250000000000666e-01 9.505208333333332593e-01 9.453125000000000000e-01
9.479166666666667407e-01 9.687500000000000000e-01 9.505208333333332593e-01 9.453125000000000000e-01
9.531249999999998890e-01 9.593749999999999778e-01 9.322916666666666297e-01 9.609375000000000000e-01
