9.625000000000000222e-01 4.687500000000000000e-01 4.875000000000000444e-01 5.651041666666666297e-01
9.718750000000000444e-01 4.718749999999999334e-01 5.218750000000000888e-01 5.651041666666667407e-01
9.687500000000000000e-01 4.687500000000000000e-01 5.124999999999999556e-01 5.364583333333333703e-01
9.749999999999999778e-01 4.718750000000000444e-01 5.125000000000000666e-01 5.494791666666666297e-01
9.718750000000000444e-01 4.718750000000000444e-01 5.156250000000000000e-01 5.442708333333332593e-01
9.781249999999999112e-01 8.843750000000001332e-01 4.593749999999999778e-01 6.119791666666666297e-01
9.781250000000001332e-01 9.437499999999999778e-01 4.499999999999999556e-01 5.911458333333333703e-01
9.750000000000000888e-01 9.499999999999999556e-01 4.874999999999999889e-01 5.859375000000000000e-01
9.687500000000000000e-01 9.593749999999999778e-01 4.874999999999999889e-01 5.963541666666666297e-01
9.531250000000000000e-01 9.687500000000000000e-01 4.625000000000000222e-01 5.807291666666666297e-01
9.593749999999998668e-01 9.562500000000000444e-01 8.250000000000000666e-01 7.526041666666667407e-01
9.499999999999999556e-01 9.375000000000000000e-01 9.031249999999999556e-01 7.968749999999998890e-01
9.375000000000000000e-01 9.312499999999999112e-01 9.406249999999999334e-01 8.307291666666666297e-01
9.093749999999999334e-01 9.156250000000001332e-01 9.625000000000000222e-01 8.203125000000000000e-01
8.937500000000000444e-01 9.156250000000001332e-01 9.656250000000000666e-01 8.333333333333331483e-01
9.031249999999999556e-01 9.343749999999999556e-01 9.593750000000000888e-01 9.505208333333334814e-01
9.031249999999999556e-01 9.312499999999999112e-01 9.531250000000000000e-01 9.713541666666666297e-01
8.812499999999998668e-01 9.156249999999999112e-01 9.156249999999999112e-01 9.713541666666666297e-01
8.781249999999998224e-01 9.000000000000001332e-01 9.187499999999999556e-01 9.739583333333332593e-01
8.468750000000000444e-01 8.843749999999999112e-01 9.031249999999999556e-01 9.817708333333331483e-01
