9.296875000000000000e-01 6.445312500000000000e-01 5.374999999999999778e-01 5.245535714285713969e-01
9.531250000000000000e-01 6.679687500000000000e-01 5.656249999999999334e-01 5.089285714285713969e-01
9.570312500000000000e-01 6.757812500000000000e-01 5.625000000000000000e-01 5.156250000000000000e-01
9.570312500000000000e-01 6.718750000000000000e-01 5.812500000000000444e-01 5.089285714285715079e-01
9.687500000000000000e-01 6.718750000000000000e-01 6.093750000000000000e-01 5.022321428571427937e-01
9.648437500000000000e-01 8.828125000000000000e-01 5.187500000000000444e-01 5.178571428571429047e-01
9.648437500000000000e-01 9.218750000000000000e-01 5.281249999999999556e-01 5.044642857142856984e-01
9.648437500000000000e-01 9.492187500000000000e-01 5.531250000000000888e-01 4.776785714285714524e-01
9.609375000000000000e-01 9.609375000000000000e-01 5.593750000000000666e-01 4.642857142857143016e-01
9.570312500000000000e-01 9.648437500000000000e-01 5.656249999999999334e-01 4.508928571428571508e-01
9.726562500000000000e-01 9.414062500000000000e-01 9.249999999999999334e-01 6.227678571428570953e-01
9.687500000000000000e-01 9.257812500000000000e-01 9.343750000000000666e-01 6.629464285714286031e-01
9.726562500000000000e-01 9.062500000000000000e-01 9.656249999999999556e-01 6.517857142857141906e-01
9.687500000000000000e-01 9.023437500000000000e-01 9.781250000000000222e-01 6.495535714285713969e-01
9.765625000000000000e-01 8.945312500000000000e-01 9.781250000000000222e-01 6.540178571428572063e-01
9.609375000000000000e-01 9.335937500000000000e-01 9.562500000000000444e-01 9.062499999999998890e-01
9.570312500000000000e-01 9.218750000000000000e-01 9.624999999999999112e-01 9.441964285714286031e-01
9.609375000000000000e-01 9.335937500000000000e-01 9.562499999999999334e-01 9.553571428571427937e-01
9.453125000000000000e-01 9.218750000000000000e-01 9.500000000000000666e-01 9.598214285714286031e-01
9.335937500000000000e-01 9.179687500000000000e-01 9.468750000000000222e-01 9.665178571428572063e-01
