9.791666666666667407e-01 6.125000000000000444e-01 6.601562500000000000e-01 6.437499999999999334e-01
9.895833333333332593e-01 6.062499999999999556e-01 6.054687500000000000e-01 6.656250000000000222e-01
9.895833333333332593e-01 6.062499999999999556e-01 6.015625000000000000e-01 6.406249999999998890e-01
9.895833333333332593e-01 5.937500000000000000e-01 6.132812500000000000e-01 6.531249999999999556e-01
9.895833333333332593e-01 5.937500000000000000e-01 6.093750000000000000e-01 6.656250000000000222e-01
9.869791666666666297e-01 8.406249999999999556e-01 6.015625000000000000e-01 6.718750000000001110e-01
9.869791666666666297e-01 9.312499999999999112e-01 6.523437500000000000e-01 6.750000000000000444e-01
9.817708333333333703e-01 9.562500000000000444e-01 6.093750000000000000e-01 6.343750000000000222e-01
9.817708333333333703e-01 9.718750000000000444e-01 6.601562500000000000e-01 6.218749999999999556e-01
9.739583333333332593e-01 9.750000000000000888e-01 6.484375000000000000e-01 5.843749999999999778e-01
9.687499999999998890e-01 9.499999999999999556e-01 8.906250000000000000e-01 7.031250000000000000e-01
9.661458333333333703e-01 9.406249999999999334e-01 9.335937500000000000e-01 7.312500000000000666e-01
9.583333333333332593e-01 9.343749999999999556e-01 9.609375000000000000e-01 7.500000000000000000e-01
9.531250000000000000e-01 9.218750000000000000e-01 9.765625000000000000e-01 7.531249999999999334e-01
9.348958333333333703e-01 9.093749999999999334e-01 9.843750000000000000e-01 7.499999999999998890e-01
9.531250000000000000e-01 9.437499999999999778e-01 9.765625000000000000e-01 8.906250000000001110e-01
9.427083333333333703e-01 9.468750000000000222e-01 9.804687500000000000e-01 9.281249999999999778e-01
9.348958333333332593e-01 9.374999999999998890e-01 9.804687500000000000e-01 9.375000000000000000e-01
9.114583333333332593e-01 9.343749999999999556e-01 9.804687500000000000e-01 9.531250000000000000e-01
9.010416666666666297e-01 9.250000000000000444e-01 9.765625000000000000e-01 9.499999999999999556e-01
