9.739583333333332593e-01 3.169642857142857539e-01 5.781250000000000000e-01 5.859375000000000000e-01
9.791666666666666297e-01 3.303571428571428492e-01 6.031250000000000222e-01 6.171875000000000000e-01
9.817708333333332593e-01 3.593749999999999445e-01 5.999999999999999778e-01 6.523437500000000000e-01
9.817708333333332593e-01 3.638392857142857539e-01 5.999999999999999778e-01 6.523437500000000000e-01
9.817708333333333703e-01 3.616071428571428492e-01 5.843749999999999778e-01 6.601562500000000000e-01
9.661458333333333703e-01 8.437500000000000000e-01 6.937499999999999778e-01 6.914062500000000000e-01
9.583333333333332593e-01 9.196428571428570953e-01 7.187500000000000000e-01 7.148437500000000000e-01
9.479166666666665186e-01 9.352678571428572063e-01 7.343750000000000000e-01 7.031250000000000000e-01
9.427083333333332593e-01 9.575892857142855874e-01 7.593750000000000222e-01 7.382812500000000000e-01
9.296875000000000000e-01 9.665178571428572063e-01 7.468749999999999556e-01 7.539062500000000000e-01
9.296874999999998890e-01 9.486607142857141906e-01 9.093749999999998224e-01 6.992187500000000000e-01
9.192708333333332593e-01 9.464285714285713969e-01 9.593749999999999778e-01 6.757812500000000000e-01
9.192708333333332593e-01 9.308035714285713969e-01 9.749999999999999778e-01 6.757812500000000000e-01
9.010416666666666297e-01 8.839285714285713969e-01 9.749999999999999778e-01 6.601562500000000000e-01
9.010416666666666297e-01 8.303571428571427937e-01 9.812499999999999556e-01 6.367187500000000000e-01
9.270833333333332593e-01 9.330357142857141906e-01 9.687500000000001110e-01 8.828125000000000000e-01
9.296875000000000000e-01 9.241071428571427937e-01 9.656249999999999556e-01 9.335937500000000000e-01
9.166666666666665186e-01 9.107142857142855874e-01 9.593749999999999778e-01 9.531250000000000000e-01
8.984374999999998890e-01 9.084821428571427937e-01 9.562500000000000444e-01 9.687500000000000000e-01
8.984375000000000000e-01 8.660714285714286031e-01 9.531250000000000000e-01 9.687500000000000000e-01
