9.882812500000000000e-01 6.132812500000000000e-01 5.989583333333332593e-01 8.437499999999998890e-01
9.843750000000000000e-01 6.328125000000000000e-01 5.885416666666666297e-01 7.812500000000001110e-01
9.804687500000000000e-01 6.289062500000000000e-01 5.677083333333332593e-01 7.343749999999998890e-01
9.882812500000000000e-01 6.250000000000000000e-01 5.729166666666666297e-01 6.770833333333333703e-01
9.843750000000000000e-01 5.976562500000000000e-01 5.781250000000000000e-01 6.588541666666666297e-01
9.843750000000000000e-01 8.554687500000000000e-01 6.015625000000000000e-01 6.354166666666666297e-01
9.843750000000000000e-01 8.906250000000000000e-01 6.041666666666666297e-01 6.276041666666666297e-01
9.882812500000000000e-01 9.140625000000000000e-01 5.677083333333333703e-01 6.484374999999998890e-01
9.843750000000000000e-01 9.375000000000000000e-01 5.260416666666667407e-01 6.380208333333333703e-01
9.843750000000000000e-01 9.570312500000000000e-01 5.052083333333333703e-01 6.536458333333333703e-01
9.765625000000000000e-01 9.101562500000000000e-01 8.619791666666667407e-01 8.255208333333333703e-01
9.765625000000000000e-01 9.062500000000000000e-01 9.296875000000000000e-01 8.593750000000000000e-01
9.726562500000000000e-01 9.023437500000000000e-01 9.505208333333333703e-01 8.776041666666666297e-01
9.726562500000000000e-01 8.710937500000000000e-01 9.583333333333334814e-01 8.619791666666666297e-01
9.570312500000000000e-01 8.632812500000000000e-01 9.687500000000000000e-01 8.489583333333332593e-01
9.453125000000000000e-01 9.140625000000000000e-01 9.635416666666666297e-01 9.296874999999998890e-01
9.062500000000000000e-01 9.140625000000000000e-01 9.635416666666665186e-01 9.375000000000000000e-01
9.179687500000000000e-01 9.179687500000000000e-01 9.531250000000000000e-01 9.531250000000000000e-01
9.218750000000000000e-01 9.257812500000000000e-01 9.427083333333334814e-01 9.583333333333333703e-01
8.789062500000000000e-01 9.140625000000000000e-01 9.375000000000001110e-01 9.583333333333333703e-01
