1.000000000000000000e+00 5.429687500000000000e-01 4.003906250000000000e-01 7.890625000000000000e-01
1.000000000000000000e+00 5.507812500000000000e-01 3.984375000000000000e-01 7.851562500000000000e-01
1.000000000000000000e+00 5.429687500000000000e-01 3.906250000000000000e-01 7.812500000000000000e-01
1.000000000000000000e+00 5.546875000000000000e-01 3.906250000000000000e-01 7.773437500000000000e-01
1.000000000000000000e+00 5.546875000000000000e-01 3.828125000000000000e-01 7.734375000000000000e-01
9.875000000000000444e-01 8.906250000000000000e-01 5.664062500000000000e-01 7.656250000000000000e-01
9.781250000000000222e-01 9.257812500000000000e-01 6.074218750000000000e-01 7.656250000000000000e-01
9.687500000000000000e-01 9.453125000000000000e-01 6.347656250000000000e-01 7.460937500000000000e-01
9.499999999999999556e-01 9.531250000000000000e-01 6.367187500000000000e-01 7.539062500000000000e-01
9.468749999999999112e-01 9.570312500000000000e-01 6.171875000000000000e-01 7.304687500000000000e-01
9.375000000000000000e-01 9.531250000000000000e-01 9.042968750000000000e-01 7.773437500000000000e-01
9.406250000000000444e-01 9.570312500000000000e-01 9.531250000000000000e-01 7.968750000000000000e-01
9.187499999999999556e-01 9.453125000000000000e-01 9.609375000000000000e-01 7.851562500000000000e-01
8.968749999999999778e-01 9.414062500000000000e-01 9.667968750000000000e-01 7.968750000000000000e-01
8.906250000000000000e-01 9.414062500000000000e-01 9.707031250000000000e-01 7.929687500000000000e-01
9.593750000000000888e-01 9.453125000000000000e-01 9.609375000000000000e-01 9.492187500000000000e-01
9.437500000000000888e-01 9.414062500000000000e-01 9.453125000000000000e-01 9.570312500000000000e-01
9.406250000000000444e-01 9.179687500000000000e-01 9.414062500000000000e-01 9.609375000000000000e-01
9.406250000000000444e-01 8.984375000000000000e-01 9.296875000000000000e-01 9.648437500000000000e-01
9.187499999999999556e-01 8.632812500000000000e-01 9.101562500000000000e-01 9.687500000000000000e-01
