9.937499999999999112e-01 6.406250000000000000e-01 4.921875000000000555e-01 4.124999999999999778e-01
9.937499999999999112e-01 6.210937500000000000e-01 5.000000000000000000e-01 4.499999999999999556e-01
9.937499999999999112e-01 6.601562500000000000e-01 4.531250000000000000e-01 4.531250000000000000e-01
9.937499999999999112e-01 6.601562500000000000e-01 4.427083333333333703e-01 4.718749999999999889e-01
9.937499999999999112e-01 6.406250000000000000e-01 4.531249999999999445e-01 4.343750000000000666e-01
9.875000000000000444e-01 8.632812500000000000e-01 5.416666666666666297e-01 5.906249999999999556e-01
9.843750000000000000e-01 9.375000000000000000e-01 5.781250000000000000e-01 6.593749999999999334e-01
9.656249999999999556e-01 9.453125000000000000e-01 5.963541666666666297e-01 6.749999999999999334e-01
9.375000000000000000e-01 9.609375000000000000e-01 6.223958333333332593e-01 6.499999999999999112e-01
9.250000000000000444e-01 9.609375000000000000e-01 6.562500000000000000e-01 6.156249999999999778e-01
9.562499999999999334e-01 9.648437500000000000e-01 8.671875000000000000e-01 7.687499999999999334e-01
9.593749999999999778e-01 9.687500000000000000e-01 9.244791666666667407e-01 7.781250000000000666e-01
9.562500000000000444e-01 9.531250000000000000e-01 9.401041666666666297e-01 7.718749999999998668e-01
9.468750000000000222e-01 9.453125000000000000e-01 9.583333333333334814e-01 7.718749999999999778e-01
9.218750000000000000e-01 9.257812500000000000e-01 9.635416666666667407e-01 7.406250000000000888e-01
9.124999999999999778e-01 9.375000000000000000e-01 9.531250000000000000e-01 8.750000000000000000e-01
9.218750000000000000e-01 9.414062500000000000e-01 9.479166666666665186e-01 9.093750000000000444e-01
9.187500000000000666e-01 9.296875000000000000e-01 9.479166666666666297e-01 9.343749999999999556e-01
9.250000000000000444e-01 9.218750000000000000e-01 9.427083333333333703e-01 9.499999999999999556e-01
9.281249999999998668e-01 9.335937500000000000e-01 9.479166666666666297e-01 9.562500000000000444e-01
