9.765625000000000000e-01 4.166666666666666852e-01 7.500000000000000000e-01 7.468749999999999556e-01
9.726562500000000000e-01 4.192708333333333148e-01 7.473958333333332593e-01 7.406249999999998668e-01
9.765625000000000000e-01 4.244791666666666852e-01 7.578125000000001110e-01 7.437499999999999112e-01
9.765625000000000000e-01 4.375000000000000000e-01 7.552083333333333703e-01 7.406249999999998668e-01
9.765625000000000000e-01 4.322916666666666852e-01 7.604166666666667407e-01 7.500000000000000000e-01
9.765625000000000000e-01 9.010416666666666297e-01 8.541666666666666297e-01 8.343749999999998668e-01
9.726562500000000000e-01 9.505208333333333703e-01 8.411458333333332593e-01 8.562499999999999556e-01
9.726562500000000000e-01 9.661458333333332593e-01 8.151041666666666297e-01 8.656250000000000888e-01
9.687500000000000000e-01 9.713541666666665186e-01 8.098958333333333703e-01 8.625000000000000444e-01
9.609375000000000000e-01 9.791666666666666297e-01 7.812500000000000000e-01 8.656249999999999778e-01
9.570312500000000000e-01 9.687500000000000000e-01 8.958333333333332593e-01 8.156250000000000444e-01
9.375000000000000000e-01 9.635416666666666297e-01 9.322916666666667407e-01 7.531250000000000444e-01
9.296875000000000000e-01 9.557291666666667407e-01 9.453125000000000000e-01 7.156249999999999556e-01
8.710937500000000000e-01 9.427083333333333703e-01 9.322916666666667407e-01 5.968750000000000444e-01
8.906250000000000000e-01 9.322916666666666297e-01 9.635416666666667407e-01 5.937500000000000000e-01
9.179687500000000000e-01 9.635416666666667407e-01 9.479166666666666297e-01 8.874999999999999556e-01
9.335937500000000000e-01 9.557291666666667407e-01 9.505208333333332593e-01 9.406250000000000444e-01
9.257812500000000000e-01 9.557291666666665186e-01 9.401041666666667407e-01 9.531250000000000000e-01
9.257812500000000000e-01 9.531250000000000000e-01 9.505208333333332593e-01 9.562499999999999334e-01
9.101562500000000000e-01 9.453125000000001110e-01 9.401041666666667407e-01 9.593749999999999778e-01
