9.635416666666667407e-01 5.351562500000000000e-01 6.979166666666666297e-01 5.062499999999999778e-01
9.661458333333333703e-01 5.468750000000000000e-01 7.005208333333333703e-01 4.937500000000000222e-01
9.661458333333333703e-01 5.351562500000000000e-01 6.640625000000000000e-01 4.968750000000000111e-01
9.687500000000000000e-01 5.507812500000000000e-01 6.510416666666666297e-01 5.124999999999999556e-01
9.713541666666666297e-01 5.429687500000000000e-01 6.276041666666667407e-01 5.000000000000000000e-01
9.479166666666666297e-01 8.593750000000000000e-01 8.203125000000000000e-01 7.187500000000001110e-01
9.427083333333333703e-01 9.414062500000000000e-01 8.671875000000000000e-01 7.093749999999999778e-01
9.505208333333332593e-01 9.570312500000000000e-01 8.645833333333333703e-01 7.031250000000000000e-01
9.192708333333333703e-01 9.570312500000000000e-01 8.489583333333333703e-01 6.937499999999999778e-01
9.140625000000000000e-01 9.648437500000000000e-01 8.411458333333334814e-01 6.843750000000000666e-01
9.479166666666668517e-01 9.687500000000000000e-01 9.609375000000001110e-01 6.875000000000000000e-01
9.531250000000001110e-01 9.648437500000000000e-01 9.739583333333333703e-01 6.875000000000000000e-01
9.453125000000001110e-01 9.648437500000000000e-01 9.765625000000000000e-01 6.687500000000000666e-01
9.375000000000000000e-01 9.570312500000000000e-01 9.843750000000000000e-01 6.687500000000000666e-01
9.140624999999998890e-01 9.492187500000000000e-01 9.843750000000000000e-01 6.749999999999999334e-01
9.296875000000000000e-01 9.570312500000000000e-01 9.791666666666667407e-01 9.093749999999999334e-01
9.218750000000000000e-01 9.492187500000000000e-01 9.791666666666667407e-01 9.468750000000001332e-01
9.114583333333332593e-01 9.492187500000000000e-01 9.713541666666667407e-01 9.625000000000001332e-01
9.062500000000000000e-01 9.414062500000000000e-01 9.713541666666667407e-01 9.687500000000000000e-01
9.036458333333333703e-01 9.414062500000000000e-01 9.609375000000001110e-01 9.718749999999999334e-01
