9.781250000000000222e-01 4.754464285714284921e-01 4.000000000000000222e-01 7.083333333333332593e-01
9.750000000000000888e-01 5.178571428571427937e-01 3.875000000000000666e-01 6.718750000000000000e-01
9.781250000000001332e-01 5.156250000000000000e-01 4.124999999999999778e-01 6.927083333333333703e-01
9.750000000000000888e-01 5.178571428571427937e-01 4.062500000000000000e-01 6.927083333333333703e-01
9.781249999999999112e-01 5.223214285714286031e-01 4.000000000000000222e-01 6.770833333333333703e-01
9.687500000000000000e-01 8.928571428571427937e-01 6.437499999999999334e-01 7.916666666666666297e-01
9.687500000000000000e-01 9.218750000000000000e-01 6.375000000000000666e-01 7.812500000000000000e-01
9.718750000000000444e-01 9.575892857142858094e-01 6.593750000000000444e-01 7.812500000000000000e-01
9.531250000000001110e-01 9.620535714285713969e-01 6.500000000000000222e-01 7.760416666666665186e-01
9.468750000000001332e-01 9.754464285714286031e-01 6.593749999999999334e-01 7.604166666666666297e-01
9.375000000000000000e-01 9.687500000000000000e-01 8.999999999999999112e-01 8.385416666666665186e-01
9.156250000000001332e-01 9.553571428571429047e-01 9.312500000000000222e-01 8.385416666666665186e-01
9.218750000000000000e-01 9.531250000000000000e-01 9.499999999999999556e-01 8.541666666666667407e-01
9.218750000000000000e-01 9.441964285714286031e-01 9.593750000000000888e-01 8.437500000000000000e-01
9.187499999999999556e-01 9.375000000000000000e-01 9.656249999999999556e-01 8.333333333333334814e-01
9.406250000000000444e-01 9.285714285714287142e-01 9.687500000000000000e-01 9.322916666666665186e-01
9.437499999999999778e-01 9.084821428571429047e-01 9.625000000000000222e-01 9.427083333333334814e-01
9.437499999999999778e-01 8.883928571428570953e-01 9.531250000000000000e-01 9.583333333333332593e-01
9.562499999999999334e-01 8.772321428571427937e-01 9.500000000000001776e-01 9.843750000000000000e-01
9.531250000000000000e-01 8.504464285714286031e-01 9.437500000000000888e-01 9.843750000000000000e-01
