9.726562500000000000e-01 5.781250000000000000e-01 7.767857142857141906e-01 5.364583333333332593e-01
9.804687500000000000e-01 5.937500000000000000e-01 7.522321428571429047e-01 5.598958333333333703e-01
9.843750000000000000e-01 6.132812500000000000e-01 7.455357142857143016e-01 5.598958333333333703e-01
9.882812500000000000e-01 6.250000000000000000e-01 7.276785714285713969e-01 5.781250000000000000e-01
9.882812500000000000e-01 6.171875000000000000e-01 7.500000000000000000e-01 5.546875000000000000e-01
9.882812500000000000e-01 9.023437500000000000e-01 7.343750000000000000e-01 5.989583333333333703e-01
9.843750000000000000e-01 9.453125000000000000e-01 7.276785714285715079e-01 5.859375000000000000e-01
9.765625000000000000e-01 9.570312500000000000e-01 7.232142857142856984e-01 5.598958333333333703e-01
9.843750000000000000e-01 9.609375000000000000e-01 7.120535714285715079e-01 5.598958333333333703e-01
9.726562500000000000e-01 9.609375000000000000e-01 7.031250000000000000e-01 5.442708333333332593e-01
9.609375000000000000e-01 9.335937500000000000e-01 9.330357142857144126e-01 6.692708333333332593e-01
9.531250000000000000e-01 9.257812500000000000e-01 9.553571428571427937e-01 6.979166666666666297e-01
9.453125000000000000e-01 9.140625000000000000e-01 9.687500000000000000e-01 7.057291666666666297e-01
9.218750000000000000e-01 9.140625000000000000e-01 9.687500000000000000e-01 7.161458333333332593e-01
9.062500000000000000e-01 9.023437500000000000e-01 9.732142857142855874e-01 7.135416666666666297e-01
9.296875000000000000e-01 9.062500000000000000e-01 9.799107142857144126e-01 8.697916666666666297e-01
9.218750000000000000e-01 9.062500000000000000e-01 9.821428571428572063e-01 9.114583333333333703e-01
9.062500000000000000e-01 8.906250000000000000e-01 9.754464285714286031e-01 9.322916666666667407e-01
9.140625000000000000e-01 8.476562500000000000e-01 9.732142857142858094e-01 9.635416666666667407e-01
8.945312500000000000e-01 8.398437500000000000e-01 9.642857142857141906e-01 9.661458333333333703e-01
