9.648437500000000000e-01 4.218750000000000000e-01 6.250000000000001110e-01 4.583333333333333148e-01
9.648437500000000000e-01 4.281249999999999778e-01 6.406250000000000000e-01 4.869791666666666297e-01
9.687500000000000000e-01 4.218750000000000000e-01 6.428571428571429047e-01 4.973958333333333148e-01
9.687500000000000000e-01 4.250000000000000444e-01 6.406250000000000000e-01 4.869791666666666297e-01
9.765625000000000000e-01 4.249999999999999889e-01 6.495535714285713969e-01 4.895833333333333148e-01
9.492187500000000000e-01 8.687500000000000222e-01 7.053571428571429047e-01 7.239583333333334814e-01
9.570312500000000000e-01 9.437499999999998668e-01 7.120535714285713969e-01 7.526041666666666297e-01
9.492187500000000000e-01 9.593749999999999778e-01 7.053571428571427937e-01 7.630208333333333703e-01
9.531250000000000000e-01 9.656250000000000666e-01 6.986607142857143016e-01 7.682291666666666297e-01
9.257812500000000000e-01 9.781250000000000222e-01 6.629464285714286031e-01 7.760416666666667407e-01
9.492187500000000000e-01 9.687500000000001110e-01 8.928571428571427937e-01 8.489583333333333703e-01
9.414062500000000000e-01 9.468749999999999112e-01 9.196428571428570953e-01 8.307291666666667407e-01
9.414062500000000000e-01 9.281249999999999778e-01 9.241071428571427937e-01 8.098958333333332593e-01
9.531250000000000000e-01 9.124999999999998668e-01 9.575892857142856984e-01 8.151041666666667407e-01
9.453125000000000000e-01 8.781250000000000444e-01 9.642857142857141906e-01 7.447916666666666297e-01
9.257812500000000000e-01 9.375000000000000000e-01 9.508928571428572063e-01 9.140624999999998890e-01
9.218750000000000000e-01 9.468750000000000222e-01 9.486607142857141906e-01 9.453125000000001110e-01
9.023437500000000000e-01 9.406250000000000444e-01 9.441964285714286031e-01 9.505208333333333703e-01
8.867187500000000000e-01 9.281250000000000888e-01 9.397321428571427937e-01 9.635416666666667407e-01
8.750000000000000000e-01 8.937500000000000444e-01 9.308035714285712858e-01 9.661458333333333703e-01
