9.804687500000000000e-01 6.218749999999999556e-01 6.145833333333332593e-01 6.588541666666667407e-01
9.804687500000000000e-01 6.187500000000000222e-01 6.145833333333333703e-01 6.536458333333333703e-01
9.804687500000000000e-01 6.187500000000000222e-01 6.145833333333332593e-01 6.588541666666666297e-01
9.843750000000000000e-01 5.749999999999999556e-01 6.067708333333332593e-01 6.119791666666667407e-01
9.765625000000000000e-01 6.250000000000000000e-01 6.197916666666666297e-01 6.718749999999998890e-01
9.609375000000000000e-01 8.656249999999998668e-01 7.604166666666666297e-01 7.786458333333332593e-01
9.648437500000000000e-01 9.156249999999999112e-01 7.656250000000000000e-01 7.864583333333332593e-01
9.609375000000000000e-01 9.312499999999999112e-01 7.682291666666667407e-01 7.682291666666666297e-01
9.687500000000000000e-01 9.406250000000000444e-01 7.447916666666666297e-01 7.682291666666667407e-01
9.648437500000000000e-01 9.531250000000000000e-01 7.447916666666666297e-01 7.630208333333332593e-01
9.492187500000000000e-01 9.500000000000000666e-01 9.192708333333333703e-01 8.046874999999998890e-01
9.375000000000000000e-01 9.406249999999999334e-01 9.531250000000000000e-01 8.151041666666665186e-01
9.492187500000000000e-01 9.406249999999999334e-01 9.583333333333333703e-01 8.020833333333333703e-01
9.531250000000000000e-01 9.312500000000000222e-01 9.661458333333333703e-01 8.046874999999998890e-01
9.492187500000000000e-01 9.343750000000000666e-01 9.713541666666667407e-01 8.072916666666665186e-01
9.375000000000000000e-01 9.406250000000000444e-01 9.635416666666667407e-01 9.479166666666666297e-01
9.296875000000000000e-01 9.281250000000000888e-01 9.635416666666667407e-01 9.635416666666667407e-01
9.179687500000000000e-01 9.031249999999999556e-01 9.531250000000000000e-01 9.635416666666667407e-01
9.023437500000000000e-01 8.968749999999998668e-01 9.505208333333332593e-01 9.739583333333333703e-01
8.828125000000000000e-01 8.906250000000000000e-01 9.348958333333332593e-01 9.765625000000000000e-01
