9.817708333333333703e-01 5.749999999999999556e-01 6.499999999999999112e-01 6.156249999999999778e-01
9.791666666666667407e-01 5.718750000000000222e-01 6.531249999999999556e-01 6.218749999999999556e-01
9.739583333333334814e-01 5.843749999999999778e-01 6.562500000000000000e-01 6.343749999999999112e-01
9.765625000000001110e-01 5.875000000000000222e-01 6.562500000000000000e-01 6.281249999999999334e-01
9.765625000000000000e-01 5.406250000000000222e-01 6.437500000000000444e-01 5.999999999999999778e-01
9.765625000000000000e-01 9.281249999999999778e-01 6.656249999999999112e-01 7.187500000000000000e-01
9.687500000000000000e-01 9.625000000000000222e-01 6.968749999999999112e-01 7.343750000000000000e-01
9.661458333333333703e-01 9.750000000000000888e-01 6.531249999999998446e-01 6.906249999999999334e-01
9.531249999999998890e-01 9.843750000000000000e-01 6.500000000000000222e-01 6.687499999999999556e-01
9.348958333333332593e-01 9.875000000000000444e-01 6.406250000000001110e-01 6.187500000000000222e-01
9.609375000000001110e-01 9.656249999999998446e-01 8.625000000000000444e-01 8.656250000000000888e-01
9.505208333333334814e-01 9.562499999999999334e-01 8.937499999999999334e-01 8.843749999999999112e-01
9.531250000000001110e-01 9.375000000000000000e-01 9.093749999999999334e-01 8.781250000000000444e-01
9.583333333333333703e-01 9.156249999999999112e-01 9.343749999999999556e-01 8.781250000000000444e-01
9.505208333333332593e-01 9.156249999999999112e-01 9.406250000000000444e-01 8.718749999999999556e-01
9.427083333333332593e-01 9.375000000000000000e-01 9.406249999999999334e-01 9.499999999999999556e-01
9.453125000000000000e-01 9.343749999999999556e-01 9.343750000000000666e-01 9.562500000000000444e-01
9.401041666666666297e-01 9.312499999999999112e-01 9.343749999999999556e-01 9.593749999999999778e-01
9.348958333333333703e-01 9.375000000000000000e-01 9.281249999999999778e-01 9.718750000000000444e-01
9.166666666666666297e-01 9.375000000000000000e-01 9.125000000000000888e-01 9.656249999999999556e-01
