9.875000000000000444e-01 4.843750000000000000e-01 7.406250000000000888e-01 6.145833333333333703e-01
9.875000000000000444e-01 4.709821428571429047e-01 7.500000000000000000e-01 5.937500000000000000e-01
9.906250000000000888e-01 4.843750000000000000e-01 7.343750000000000000e-01 5.781250000000000000e-01
9.906250000000000888e-01 4.821428571428570953e-01 7.343750000000000000e-01 5.729166666666666297e-01
9.906250000000000888e-01 4.732142857142858094e-01 7.343750000000000000e-01 5.989583333333333703e-01
9.843750000000000000e-01 8.303571428571427937e-01 7.937499999999999556e-01 6.354166666666667407e-01
9.718749999999999334e-01 8.883928571428570953e-01 8.031250000000000888e-01 6.770833333333332593e-01
9.624999999999999112e-01 9.218750000000001110e-01 8.031249999999999778e-01 7.031250000000000000e-01
9.499999999999999556e-01 9.464285714285713969e-01 7.937499999999999556e-01 6.875000000000000000e-01
9.218750000000000000e-01 9.642857142857144126e-01 7.656250000000000000e-01 6.875000000000000000e-01
9.562500000000000444e-01 9.575892857142855874e-01 8.968749999999999778e-01 7.708333333333333703e-01
9.531250000000000000e-01 9.531249999999998890e-01 9.343749999999999556e-01 7.864583333333332593e-01
9.500000000000000666e-01 9.531250000000001110e-01 9.437499999999998668e-01 7.916666666666667407e-01
9.468750000000001332e-01 9.531250000000001110e-01 9.562500000000000444e-01 8.385416666666667407e-01
9.375000000000001110e-01 9.441964285714284921e-01 9.593749999999998668e-01 8.437500000000000000e-01
9.375000000000001110e-01 9.308035714285713969e-01 9.531250000000000000e-01 9.583333333333332593e-01
9.218750000000000000e-01 9.241071428571429047e-01 9.562499999999999334e-01 9.739583333333332593e-01
8.968750000000000888e-01 9.330357142857143016e-01 9.468750000000001332e-01 9.843750000000000000e-01
8.718749999999999556e-01 9.107142857142856984e-01 9.437499999999999778e-01 9.895833333333332593e-01
8.593750000000001110e-01 9.218750000000000000e-01 9.250000000000000444e-01 9.895833333333332593e-01
