9.791666666666666297e-01 5.343750000000000444e-01 4.781249999999999667e-01 5.343750000000000444e-01
9.791666666666667407e-01 5.406250000000000222e-01 5.187500000000000444e-01 5.593749999999999556e-01
9.817708333333333703e-01 5.531249999999999778e-01 5.343750000000000444e-01 6.000000000000000888e-01
9.817708333333333703e-01 5.468750000000000000e-01 5.593749999999999556e-01 6.156249999999999778e-01
9.843750000000000000e-01 5.593749999999999556e-01 5.687499999999999778e-01 5.968749999999999334e-01
9.817708333333333703e-01 8.249999999999999556e-01 6.437499999999999334e-01 6.562500000000000000e-01
9.765625000000001110e-01 8.968750000000000888e-01 6.468749999999999778e-01 6.999999999999999556e-01
9.713541666666667407e-01 9.156250000000001332e-01 6.562500000000000000e-01 7.062499999999999334e-01
9.661458333333333703e-01 9.375000000000000000e-01 6.531249999999999556e-01 7.187500000000000000e-01
9.583333333333331483e-01 9.468749999999999112e-01 6.499999999999999112e-01 7.281250000000000222e-01
9.609375000000000000e-01 9.375000000000000000e-01 7.968750000000000000e-01 7.281249999999999112e-01
9.661458333333333703e-01 9.250000000000000444e-01 8.624999999999999334e-01 7.281249999999999112e-01
9.687500000000000000e-01 9.156250000000000222e-01 9.281249999999999778e-01 7.249999999999999778e-01
9.661458333333332593e-01 8.781249999999999334e-01 9.562499999999999334e-01 7.187500000000000000e-01
9.635416666666666297e-01 8.499999999999999778e-01 9.593750000000000888e-01 6.937499999999999778e-01
9.557291666666666297e-01 8.781250000000000444e-01 9.437499999999998668e-01 9.406250000000000444e-01
9.531250000000000000e-01 8.687500000000000222e-01 9.375000000000000000e-01 9.656250000000000666e-01
9.531250000000001110e-01 8.687500000000000222e-01 9.499999999999999556e-01 9.687500000000001110e-01
9.427083333333332593e-01 8.625000000000000444e-01 9.437500000000000888e-01 9.718750000000000444e-01
9.348958333333332593e-01 8.656250000000000888e-01 9.500000000000000666e-01 9.843750000000000000e-01
