9.812500000000000666e-01 7.500000000000000000e-01 5.546875000000000000e-01 6.062499999999999556e-01
9.843750000000000000e-01 7.624999999999999556e-01 5.572916666666666297e-01 6.000000000000000888e-01
9.843750000000000000e-01 8.000000000000000444e-01 5.625000000000000000e-01 6.218749999999999556e-01
9.875000000000000444e-01 8.031250000000000888e-01 5.807291666666666297e-01 6.062499999999999556e-01
9.875000000000000444e-01 8.031250000000000888e-01 5.755208333333332593e-01 6.375000000000000666e-01
9.875000000000000444e-01 9.281250000000000888e-01 6.276041666666666297e-01 6.999999999999999556e-01
9.781250000000000222e-01 9.499999999999999556e-01 6.432291666666666297e-01 7.250000000000000888e-01
9.656249999999999556e-01 9.531250000000000000e-01 6.484374999999998890e-01 7.562499999999999778e-01
9.375000000000000000e-01 9.562500000000000444e-01 6.744791666666666297e-01 7.374999999999999334e-01
9.187499999999999556e-01 9.562500000000000444e-01 6.796875000000000000e-01 7.406250000000000888e-01
9.406250000000000444e-01 9.562499999999999334e-01 9.244791666666667407e-01 7.000000000000000666e-01
9.468750000000000222e-01 9.468749999999999112e-01 9.531249999999998890e-01 6.593750000000000444e-01
9.531250000000000000e-01 9.281249999999999778e-01 9.635416666666667407e-01 6.312499999999999778e-01
9.437500000000000888e-01 9.093750000000001554e-01 9.791666666666666297e-01 6.156249999999999778e-01
9.156249999999999112e-01 8.906250000000000000e-01 9.843750000000000000e-01 5.531249999999999778e-01
9.593749999999998668e-01 9.468750000000000222e-01 9.661458333333333703e-01 9.093750000000000444e-01
9.499999999999999556e-01 9.406249999999999334e-01 9.531250000000000000e-01 9.374999999999998890e-01
9.499999999999999556e-01 9.468749999999999112e-01 9.427083333333332593e-01 9.562500000000000444e-01
9.499999999999999556e-01 9.312499999999999112e-01 9.296875000000000000e-01 9.718750000000000444e-01
9.468750000000000222e-01 9.281250000000000888e-01 8.984375000000000000e-01 9.687500000000000000e-01
