9.921875000000000000e-01 5.963541666666666297e-01 5.468750000000000000e-01 7.406250000000000888e-01
9.921875000000000000e-01 6.093750000000000000e-01 5.625000000000000000e-01 7.593750000000000222e-01
9.921875000000000000e-01 6.223958333333333703e-01 5.598958333333333703e-01 7.687500000000000444e-01
9.960937500000000000e-01 6.250000000000000000e-01 5.833333333333332593e-01 7.687500000000000444e-01
9.921875000000000000e-01 5.963541666666666297e-01 5.677083333333332593e-01 7.656249999999998890e-01
9.921875000000000000e-01 9.114583333333333703e-01 7.395833333333333703e-01 8.156250000000000444e-01
9.765625000000000000e-01 9.375000000000000000e-01 7.760416666666667407e-01 8.093749999999999556e-01
9.765625000000000000e-01 9.375000000000000000e-01 7.786458333333333703e-01 7.843750000000000444e-01
9.531250000000000000e-01 9.479166666666667407e-01 7.864583333333332593e-01 7.374999999999999334e-01
9.375000000000000000e-01 9.505208333333333703e-01 7.786458333333332593e-01 6.843750000000000666e-01
9.531250000000000000e-01 9.713541666666666297e-01 9.218750000000000000e-01 8.281250000000000000e-01
9.492187500000000000e-01 9.583333333333332593e-01 9.531250000000000000e-01 8.218750000000000222e-01
9.453125000000000000e-01 9.427083333333332593e-01 9.687500000000000000e-01 8.187500000000000888e-01
9.375000000000000000e-01 9.322916666666666297e-01 9.817708333333332593e-01 7.999999999999999334e-01
9.257812500000000000e-01 9.114583333333332593e-01 9.869791666666666297e-01 7.812500000000000000e-01
9.335937500000000000e-01 9.479166666666665186e-01 9.661458333333332593e-01 9.156250000000001332e-01
9.296875000000000000e-01 9.557291666666666297e-01 9.557291666666667407e-01 9.312500000000001332e-01
9.296875000000000000e-01 9.557291666666666297e-01 9.427083333333333703e-01 9.468750000000000222e-01
9.101562500000000000e-01 9.557291666666667407e-01 9.296875000000001110e-01 9.531250000000000000e-01
9.023437500000000000e-01 9.557291666666667407e-01 9.166666666666666297e-01 9.593749999999999778e-01
