9.625000000000000222e-01 6.428571428571427937e-01 6.171875000000000000e-01 6.132812500000000000e-01
9.749999999999999778e-01 6.428571428571427937e-01 5.820312500000000000e-01 5.703125000000000000e-01
9.781250000000000222e-01 6.607142857142856984e-01 5.585937500000000000e-01 5.859375000000000000e-01
9.812500000000000666e-01 6.785714285714286031e-01 5.703125000000000000e-01 5.937500000000000000e-01
9.812500000000000666e-01 6.674107142857144126e-01 5.546875000000000000e-01 5.703125000000000000e-01
9.718749999999999334e-01 8.616071428571429047e-01 5.898437500000000000e-01 6.132812500000000000e-01
9.656250000000000666e-01 9.017857142857141906e-01 5.898437500000000000e-01 5.898437500000000000e-01
9.593749999999999778e-01 9.285714285714286031e-01 5.859375000000000000e-01 5.742187500000000000e-01
9.437500000000000888e-01 9.464285714285715079e-01 5.898437500000000000e-01 5.937500000000000000e-01
9.250000000000000444e-01 9.620535714285715079e-01 5.703125000000000000e-01 5.820312500000000000e-01
9.593749999999999778e-01 9.419642857142856984e-01 8.281250000000000000e-01 6.601562500000000000e-01
9.562500000000000444e-01 9.419642857142856984e-01 9.062500000000000000e-01 6.718750000000000000e-01
9.468750000000000222e-01 9.375000000000000000e-01 9.414062500000000000e-01 6.953125000000000000e-01
9.375000000000000000e-01 9.241071428571429047e-01 9.570312500000000000e-01 7.070312500000000000e-01
9.312500000000000222e-01 9.151785714285713969e-01 9.765625000000000000e-01 7.460937500000000000e-01
9.124999999999999778e-01 9.441964285714286031e-01 9.687500000000000000e-01 9.101562500000000000e-01
9.218749999999998890e-01 9.575892857142856984e-01 9.648437500000000000e-01 9.375000000000000000e-01
9.156249999999999112e-01 9.598214285714286031e-01 9.570312500000000000e-01 9.765625000000000000e-01
9.000000000000001332e-01 9.575892857142858094e-01 9.531250000000000000e-01 9.804687500000000000e-01
8.718750000000000666e-01 9.620535714285713969e-01 9.531250000000000000e-01 9.804687500000000000e-01
