8.984375000000000000e-01 6.210937500000000000e-01 4.101562500000000000e-01 6.933593750000000000e-01
9.570312500000000000e-01 6.210937500000000000e-01 4.101562500000000000e-01 6.894531250000000000e-01
9.687500000000000000e-01 6.289062500000000000e-01 4.023437500000000000e-01 6.816406250000000000e-01
9.609375000000000000e-01 6.406250000000000000e-01 4.023437500000000000e-01 6.601562500000000000e-01
9.648437500000000000e-01 6.484375000000000000e-01 4.218750000000000000e-01 6.796875000000000000e-01
9.609375000000000000e-01 9.375000000000000000e-01 6.835937500000000000e-01 6.523437500000000000e-01
9.726562500000000000e-01 9.531250000000000000e-01 6.718750000000000000e-01 6.582031250000000000e-01
9.648437500000000000e-01 9.648437500000000000e-01 6.523437500000000000e-01 6.152343750000000000e-01
9.648437500000000000e-01 9.687500000000000000e-01 6.523437500000000000e-01 5.976562500000000000e-01
9.648437500000000000e-01 9.804687500000000000e-01 6.640625000000000000e-01 5.859375000000000000e-01
8.945312500000000000e-01 9.531250000000000000e-01 9.140625000000000000e-01 6.699218750000000000e-01
8.789062500000000000e-01 9.570312500000000000e-01 9.335937500000000000e-01 6.835937500000000000e-01
8.789062500000000000e-01 9.531250000000000000e-01 9.414062500000000000e-01 6.699218750000000000e-01
8.750000000000000000e-01 9.531250000000000000e-01 9.453125000000000000e-01 6.718750000000000000e-01
8.945312500000000000e-01 9.609375000000000000e-01 9.570312500000000000e-01 6.777343750000000000e-01
8.984375000000000000e-01 9.335937500000000000e-01 9.453125000000000000e-01 9.082031250000000000e-01
8.984375000000000000e-01 9.296875000000000000e-01 9.414062500000000000e-01 9.453125000000000000e-01
8.984375000000000000e-01 9.375000000000000000e-01 9.414062500000000000e-01 9.628906250000000000e-01
8.867187500000000000e-01 9.062500000000000000e-01 9.257812500000000000e-01 9.746093750000000000e-01
8.789062500000000000e-01 8.632812500000000000e-01 9.101562500000000000e-01 9.765625000000000000e-01
