9.656249999999999556e-01 3.906250000000000000e-01 5.468750000000000000e-01 4.895833333333333703e-01
9.812499999999999556e-01 4.335937500000000000e-01 5.546875000000000000e-01 5.026041666666666297e-01
9.812499999999999556e-01 4.375000000000000000e-01 5.625000000000000000e-01 5.052083333333333703e-01
9.812500000000000666e-01 4.531250000000000000e-01 5.729166666666666297e-01 5.078125000000000000e-01
9.781250000000000222e-01 4.453125000000000000e-01 5.807291666666667407e-01 5.260416666666666297e-01
9.656250000000000666e-01 8.203125000000000000e-01 8.229166666666666297e-01 6.223958333333333703e-01
9.656250000000000666e-01 8.984375000000000000e-01 8.541666666666666297e-01 6.406250000000001110e-01
9.593749999999999778e-01 9.296875000000000000e-01 8.854166666666667407e-01 6.614583333333332593e-01
9.437499999999999778e-01 9.414062500000000000e-01 8.984374999999998890e-01 6.822916666666666297e-01
9.343750000000000666e-01 9.570312500000000000e-01 8.984374999999998890e-01 6.588541666666667407e-01
9.374999999999998890e-01 9.296875000000000000e-01 9.427083333333333703e-01 7.812500000000000000e-01
9.406249999999999334e-01 9.218750000000000000e-01 9.557291666666666297e-01 8.046874999999998890e-01
9.437499999999999778e-01 9.101562500000000000e-01 9.583333333333333703e-01 8.177083333333333703e-01
9.250000000000000444e-01 9.062500000000000000e-01 9.557291666666666297e-01 8.151041666666666297e-01
9.250000000000000444e-01 8.984375000000000000e-01 9.635416666666667407e-01 8.072916666666666297e-01
9.468749999999999112e-01 9.218750000000000000e-01 9.661458333333332593e-01 9.088541666666667407e-01
9.375000000000000000e-01 9.179687500000000000e-01 9.609375000000000000e-01 9.244791666666666297e-01
9.343750000000001776e-01 9.257812500000000000e-01 9.609375000000000000e-01 9.453125000000001110e-01
9.312500000000000222e-01 9.179687500000000000e-01 9.427083333333333703e-01 9.557291666666666297e-01
9.062500000000001110e-01 9.023437500000000000e-01 9.322916666666666297e-01 9.635416666666666297e-01
