9.817708333333332593e-01 6.406250000000000000e-01 6.458333333333332593e-01 4.624999999999999667e-01
9.869791666666665186e-01 6.367187500000000000e-01 6.484375000000000000e-01 4.718750000000000444e-01
9.817708333333332593e-01 6.367187500000000000e-01 6.406250000000001110e-01 4.874999999999999889e-01
9.843750000000000000e-01 6.250000000000000000e-01 6.380208333333332593e-01 4.843750000000000000e-01
9.843749999999998890e-01 6.210937500000000000e-01 5.937500000000000000e-01 4.874999999999999889e-01
9.817708333333332593e-01 8.515625000000000000e-01 7.890625000000000000e-01 4.843750000000000000e-01
9.791666666666666297e-01 9.179687500000000000e-01 8.411458333333333703e-01 4.625000000000000222e-01
9.713541666666666297e-01 9.492187500000000000e-01 8.411458333333333703e-01 4.687500000000000555e-01
9.635416666666666297e-01 9.492187500000000000e-01 8.411458333333333703e-01 4.750000000000000333e-01
9.583333333333333703e-01 9.648437500000000000e-01 8.255208333333333703e-01 4.718750000000000444e-01
9.557291666666667407e-01 9.648437500000000000e-01 9.583333333333334814e-01 6.031250000000000222e-01
9.401041666666666297e-01 9.648437500000000000e-01 9.687500000000000000e-01 6.499999999999999112e-01
9.270833333333332593e-01 9.648437500000000000e-01 9.739583333333333703e-01 6.781250000000000888e-01
9.036458333333333703e-01 9.726562500000000000e-01 9.739583333333333703e-01 6.999999999999999556e-01
8.880208333333333703e-01 9.687500000000000000e-01 9.765625000000001110e-01 7.250000000000000888e-01
9.166666666666666297e-01 9.570312500000000000e-01 9.765625000000001110e-01 8.968750000000000888e-01
8.984375000000000000e-01 9.648437500000000000e-01 9.739583333333333703e-01 9.562500000000000444e-01
8.906249999999998890e-01 9.648437500000000000e-01 9.765625000000000000e-01 9.656250000000000666e-01
8.723958333333332593e-01 9.531250000000000000e-01 9.713541666666666297e-01 9.750000000000000888e-01
8.593750000000001110e-01 9.453125000000000000e-01 9.661458333333332593e-01 9.718750000000000444e-01
