9.718750000000000444e-01 4.921875000000000000e-01 3.437499999999999445e-01 6.750000000000000444e-01
9.781250000000000222e-01 4.843750000000000000e-01 3.307291666666666852e-01 6.718750000000000000e-01
9.781250000000000222e-01 4.687500000000000000e-01 3.333333333333333703e-01 6.499999999999999112e-01
9.781250000000000222e-01 4.882812500000000000e-01 3.463541666666666297e-01 6.499999999999999112e-01
9.781250000000000222e-01 5.000000000000000000e-01 3.515625000000000555e-01 6.500000000000000222e-01
9.718750000000000444e-01 9.296875000000000000e-01 6.015625000000000000e-01 7.500000000000000000e-01
9.625000000000000222e-01 9.570312500000000000e-01 6.119791666666667407e-01 7.531250000000000444e-01
9.593750000000000888e-01 9.609375000000000000e-01 6.432291666666667407e-01 7.500000000000000000e-01
9.531250000000001110e-01 9.726562500000000000e-01 6.328125000000000000e-01 7.375000000000000444e-01
9.500000000000000666e-01 9.765625000000000000e-01 6.354166666666666297e-01 7.250000000000000888e-01
9.343749999999999556e-01 9.687500000000000000e-01 8.854166666666666297e-01 6.687499999999999556e-01
9.218750000000001110e-01 9.648437500000000000e-01 9.296875000000000000e-01 7.187500000000000000e-01
9.187500000000000666e-01 9.648437500000000000e-01 9.453125000000000000e-01 7.343750000000000000e-01
9.062499999999998890e-01 9.648437500000000000e-01 9.557291666666667407e-01 7.562499999999999778e-01
9.000000000000000222e-01 9.609375000000000000e-01 9.557291666666667407e-01 7.375000000000000444e-01
9.343749999999999556e-01 9.375000000000000000e-01 9.244791666666667407e-01 8.875000000000000666e-01
9.406250000000000444e-01 9.296875000000000000e-01 9.166666666666666297e-01 9.249999999999999334e-01
9.531250000000000000e-01 9.179687500000000000e-01 9.192708333333333703e-01 9.437500000000000888e-01
9.531250000000000000e-01 9.257812500000000000e-01 9.270833333333333703e-01 9.531250000000000000e-01
9.437499999999999778e-01 9.218750000000000000e-01 9.088541666666666297e-01 9.687500000000001110e-01
