9.749999999999999778e-01 7.375000000000000444e-01 4.812500000000000111e-01 3.156249999999999889e-01
9.843750000000000000e-01 7.656250000000000000e-01 5.374999999999999778e-01 3.250000000000000111e-01
9.875000000000000444e-01 7.937499999999999556e-01 5.218749999999999778e-01 3.375000000000000222e-01
9.843750000000000000e-01 7.687499999999999334e-01 5.343750000000000444e-01 3.406249999999999556e-01
9.875000000000000444e-01 7.593750000000000222e-01 5.593749999999999556e-01 3.437500000000000000e-01
9.906250000000000888e-01 9.281250000000000888e-01 6.656249999999999112e-01 5.000000000000000000e-01
9.812499999999999556e-01 9.499999999999999556e-01 6.374999999999999556e-01 5.843749999999999778e-01
9.812500000000000666e-01 9.531250000000000000e-01 6.749999999999999334e-01 6.281250000000000444e-01
9.812500000000000666e-01 9.562500000000000444e-01 6.562500000000000000e-01 6.531250000000000666e-01
9.749999999999999778e-01 9.625000000000001332e-01 6.718750000000000000e-01 6.656250000000000222e-01
9.593749999999998668e-01 9.750000000000000888e-01 8.906250000000000000e-01 6.312500000000000888e-01
9.375000000000000000e-01 9.687500000000000000e-01 9.218750000000000000e-01 6.156249999999999778e-01
9.218750000000000000e-01 9.687500000000000000e-01 9.500000000000000666e-01 6.156249999999999778e-01
9.250000000000000444e-01 9.656249999999999556e-01 9.531249999999998890e-01 6.125000000000000444e-01
8.843749999999999112e-01 9.562499999999999334e-01 9.656249999999999556e-01 5.999999999999999778e-01
9.062500000000000000e-01 9.437499999999998668e-01 9.562500000000000444e-01 8.812500000000000888e-01
8.937500000000000444e-01 9.375000000000000000e-01 9.593749999999999778e-01 9.312500000000001332e-01
8.874999999999999556e-01 9.343749999999999556e-01 9.562500000000000444e-01 9.406250000000000444e-01
8.750000000000000000e-01 9.218750000000000000e-01 9.406250000000000444e-01 9.562499999999999334e-01
8.593750000000000000e-01 9.156250000000000222e-01 9.312499999999999112e-01 9.749999999999999778e-01
