9.531250000000000000e-01 3.789062500000000000e-01 5.520833333333333703e-01 7.005208333333333703e-01
9.609375000000000000e-01 3.789062500000000000e-01 5.364583333333333703e-01 6.692708333333333703e-01
9.648437500000000000e-01 4.101562500000000000e-01 5.598958333333333703e-01 6.458333333333332593e-01
9.648437500000000000e-01 4.179687500000000000e-01 5.416666666666666297e-01 6.458333333333333703e-01
9.648437500000000000e-01 4.062500000000000000e-01 5.260416666666667407e-01 6.302083333333333703e-01
9.726562500000000000e-01 8.867187500000000000e-01 8.098958333333333703e-01 6.484375000000000000e-01
9.531250000000000000e-01 9.453125000000000000e-01 8.619791666666666297e-01 6.484375000000000000e-01
9.414062500000000000e-01 9.648437500000000000e-01 8.750000000000000000e-01 6.354166666666666297e-01
9.335937500000000000e-01 9.804687500000000000e-01 8.802083333333332593e-01 6.197916666666666297e-01
9.218750000000000000e-01 9.804687500000000000e-01 8.854166666666666297e-01 6.119791666666666297e-01
9.257812500000000000e-01 9.570312500000000000e-01 9.427083333333333703e-01 7.447916666666666297e-01
9.179687500000000000e-01 9.375000000000000000e-01 9.531250000000000000e-01 7.526041666666667407e-01
9.179687500000000000e-01 9.296875000000000000e-01 9.661458333333332593e-01 7.291666666666667407e-01
9.140625000000000000e-01 9.296875000000000000e-01 9.661458333333333703e-01 7.265625000000000000e-01
9.062500000000000000e-01 9.218750000000000000e-01 9.713541666666666297e-01 7.213541666666666297e-01
9.179687500000000000e-01 9.609375000000000000e-01 9.791666666666665186e-01 8.932291666666667407e-01
9.375000000000000000e-01 9.609375000000000000e-01 9.765624999999998890e-01 9.348958333333332593e-01
9.296875000000000000e-01 9.570312500000000000e-01 9.687500000000000000e-01 9.479166666666666297e-01
9.296875000000000000e-01 9.492187500000000000e-01 9.635416666666667407e-01 9.505208333333333703e-01
9.257812500000000000e-01 9.375000000000000000e-01 9.609375000000001110e-01 9.557291666666667407e-01
