9.739583333333332593e-01 5.687499999999999778e-01 5.703125000000000000e-01 6.119791666666666297e-01
9.817708333333332593e-01 5.999999999999999778e-01 6.054687500000000000e-01 6.197916666666666297e-01
9.869791666666665186e-01 5.875000000000000222e-01 5.781250000000000000e-01 6.145833333333332593e-01
9.843749999999998890e-01 6.156249999999998668e-01 5.664062500000000000e-01 6.119791666666666297e-01
9.869791666666665186e-01 6.156250000000000888e-01 5.507812500000000000e-01 6.067708333333333703e-01
9.817708333333333703e-01 8.499999999999999778e-01 6.562500000000000000e-01 5.911458333333333703e-01
9.843750000000000000e-01 9.156250000000001332e-01 6.953125000000000000e-01 5.703125000000000000e-01
9.791666666666667407e-01 9.437499999999999778e-01 7.109375000000000000e-01 5.442708333333333703e-01
9.713541666666667407e-01 9.593749999999999778e-01 6.953125000000000000e-01 5.208333333333333703e-01
9.687499999999998890e-01 9.656250000000000666e-01 7.070312500000000000e-01 4.765625000000000000e-01
9.505208333333333703e-01 9.843750000000000000e-01 9.140625000000000000e-01 7.473958333333332593e-01
9.401041666666666297e-01 9.781249999999999112e-01 9.531250000000000000e-01 7.656250000000001110e-01
9.166666666666666297e-01 9.750000000000000888e-01 9.648437500000000000e-01 7.604166666666667407e-01
8.958333333333333703e-01 9.718750000000000444e-01 9.687500000000000000e-01 7.708333333333333703e-01
8.723958333333331483e-01 9.687500000000000000e-01 9.726562500000000000e-01 7.760416666666666297e-01
9.166666666666666297e-01 9.593750000000000888e-01 9.765625000000000000e-01 9.062500000000000000e-01
9.088541666666666297e-01 9.625000000000001332e-01 9.726562500000000000e-01 9.270833333333333703e-01
9.114583333333332593e-01 9.593750000000000888e-01 9.648437500000000000e-01 9.453125000000001110e-01
9.062499999999998890e-01 9.593750000000000888e-01 9.687500000000000000e-01 9.453125000000001110e-01
8.828125000000001110e-01 9.468750000000000222e-01 9.648437500000000000e-01 9.557291666666666297e-01
