9.713541666666665186e-01 4.656250000000000111e-01 3.710937500000000000e-01 3.499999999999999778e-01
9.869791666666666297e-01 4.749999999999999778e-01 4.492187500000000000e-01 4.500000000000000111e-01
9.843750000000000000e-01 5.000000000000000000e-01 4.726562500000000000e-01 4.562499999999999334e-01
9.869791666666666297e-01 5.156250000000000000e-01 5.000000000000000000e-01 4.718749999999999334e-01
9.895833333333332593e-01 5.125000000000000666e-01 5.312500000000000000e-01 4.937500000000000222e-01
9.661458333333332593e-01 8.437500000000001110e-01 5.781250000000000000e-01 4.906250000000000333e-01
9.609375000000000000e-01 9.000000000000000222e-01 6.289062500000000000e-01 5.625000000000000000e-01
9.531250000000000000e-01 9.343750000000000666e-01 6.367187500000000000e-01 5.843750000000000888e-01
9.531250000000000000e-01 9.500000000000000666e-01 6.640625000000000000e-01 6.218750000000000666e-01
9.244791666666666297e-01 9.687500000000000000e-01 6.718750000000000000e-01 6.281249999999999334e-01
9.609374999999998890e-01 9.468749999999999112e-01 8.789062500000000000e-01 8.343749999999999778e-01
9.609375000000000000e-01 9.406249999999999334e-01 9.335937500000000000e-01 8.937500000000000444e-01
9.635416666666666297e-01 9.281250000000000888e-01 9.570312500000000000e-01 9.031249999999999556e-01
9.531250000000000000e-01 9.093750000000000444e-01 9.570312500000000000e-01 9.218750000000000000e-01
9.531250000000000000e-01 9.062500000000000000e-01 9.609375000000000000e-01 9.156249999999999112e-01
9.401041666666666297e-01 9.281250000000000888e-01 9.531250000000000000e-01 9.437499999999998668e-01
9.270833333333333703e-01 9.218750000000000000e-01 9.414062500000000000e-01 9.499999999999999556e-01
8.984375000000001110e-01 9.312500000000000222e-01 9.218750000000000000e-01 9.562499999999999334e-01
8.958333333333332593e-01 9.343749999999999556e-01 9.101562500000000000e-01 9.656249999999999556e-01
8.750000000000001110e-01 9.312500000000001332e-01 9.140625000000000000e-01 9.687500000000000000e-01
