9.739583333333333703e-01 5.968750000000000444e-01 5.937500000000000000e-01 5.125000000000000666e-01
9.843750000000000000e-01 6.281249999999999334e-01 6.187500000000000222e-01 5.281249999999999556e-01
9.843750000000000000e-01 6.343749999999999112e-01 5.999999999999999778e-01 5.312500000000000000e-01
9.843750000000000000e-01 6.500000000000000222e-01 6.156249999999999778e-01 5.281249999999999556e-01
9.869791666666666297e-01 6.375000000000000666e-01 6.312500000000000888e-01 5.593749999999999556e-01
9.687500000000000000e-01 9.375000000000000000e-01 7.750000000000001332e-01 6.906249999999999334e-01
9.557291666666666297e-01 9.593750000000000888e-01 7.375000000000000444e-01 7.218750000000000444e-01
9.296875000000000000e-01 9.718749999999999334e-01 7.062500000000000444e-01 7.187499999999998890e-01
9.062500000000000000e-01 9.781250000000000222e-01 7.031250000000000000e-01 7.031250000000000000e-01
8.828125000000000000e-01 9.812500000000000666e-01 7.031250000000000000e-01 7.062499999999999334e-01
9.427083333333332593e-01 9.593749999999998668e-01 8.937499999999999334e-01 6.593750000000000444e-01
9.479166666666667407e-01 9.499999999999999556e-01 9.281249999999999778e-01 6.656250000000000222e-01
9.531250000000000000e-01 9.406250000000000444e-01 9.343749999999999556e-01 6.343750000000000222e-01
9.479166666666667407e-01 9.312500000000001332e-01 9.562500000000000444e-01 6.218750000000000666e-01
9.453125000000001110e-01 9.312500000000001332e-01 9.624999999999999112e-01 6.218750000000000666e-01
9.192708333333332593e-01 9.406250000000000444e-01 9.656249999999999556e-01 8.750000000000000000e-01
9.010416666666666297e-01 9.687500000000001110e-01 9.718750000000000444e-01 9.156250000000001332e-01
8.958333333333333703e-01 9.656249999999999556e-01 9.656249999999999556e-01 9.437499999999999778e-01
8.906250000000000000e-01 9.687500000000000000e-01 9.593750000000000888e-01 9.500000000000000666e-01
8.906250000000000000e-01 9.718750000000000444e-01 9.593750000000000888e-01 9.531250000000001110e-01
