9.635416666666667407e-01 5.062499999999999778e-01 6.640625000000000000e-01 6.041666666666667407e-01
9.687500000000000000e-01 4.843750000000000000e-01 6.757812500000000000e-01 6.093750000000000000e-01
9.739583333333333703e-01 5.000000000000000000e-01 6.562500000000000000e-01 6.380208333333333703e-01
9.739583333333332593e-01 4.843750000000000000e-01 6.445312500000000000e-01 6.119791666666666297e-01
9.765625000000000000e-01 4.812500000000000111e-01 6.367187500000000000e-01 6.119791666666666297e-01
9.765625000000000000e-01 8.874999999999999556e-01 7.734375000000000000e-01 7.031250000000001110e-01
9.791666666666667407e-01 9.124999999999999778e-01 8.085937500000000000e-01 6.953125000000001110e-01
9.791666666666667407e-01 9.499999999999999556e-01 8.359375000000000000e-01 6.875000000000000000e-01
9.765625000000001110e-01 9.687500000000000000e-01 8.398437500000000000e-01 6.848958333333333703e-01
9.687500000000001110e-01 9.781250000000000222e-01 8.515625000000000000e-01 6.588541666666666297e-01
9.739583333333332593e-01 9.499999999999999556e-01 9.609375000000000000e-01 6.536458333333332593e-01
9.739583333333332593e-01 9.468749999999999112e-01 9.726562500000000000e-01 6.536458333333333703e-01
9.713541666666666297e-01 9.375000000000000000e-01 9.804687500000000000e-01 6.510416666666667407e-01
9.609375000000000000e-01 9.312499999999999112e-01 9.882812500000000000e-01 6.302083333333333703e-01
9.583333333333332593e-01 9.281249999999998668e-01 9.921875000000000000e-01 6.093750000000000000e-01
9.218750000000000000e-01 9.250000000000000444e-01 9.765625000000000000e-01 8.880208333333332593e-01
9.270833333333333703e-01 9.187499999999999556e-01 9.765625000000000000e-01 9.374999999999998890e-01
9.218750000000000000e-01 9.218750000000000000e-01 9.765625000000000000e-01 9.531250000000001110e-01
9.218750000000000000e-01 9.281249999999999778e-01 9.765625000000000000e-01 9.713541666666667407e-01
9.036458333333332593e-01 9.156250000000001332e-01 9.687500000000000000e-01 9.687500000000000000e-01
