1.442360877990722656e-02
1.282298564910888672e-02
1.460212469100952148e-02
1.974117755889892578e-02
1.195633411407470703e-02
1.899421215057373047e-02
1.742613315582275391e-02
1.051849126815795898e-02
2.876603603363037109e-02
1.939845085144042969e-02
1.545298099517822266e-02
1.691913604736328125e-02
1.683807373046875000e-02
2.215689420700073242e-02
2.356481552124023438e-02
2.036440372467041016e-02
1.750767230987548828e-02
1.796996593475341797e-02
2.844095230102539062e-03
1.957792043685913086e-02
1.427775621414184570e-02
1.875936985015869141e-02
2.570033073425292969e-02
2.809834480285644531e-02
9.333848953247070312e-03
2.349603176116943359e-02
1.156079769134521484e-02
1.481187343597412109e-02
1.859164237976074219e-02
2.101707458496093750e-02
1.738226413726806641e-02
1.828503608703613281e-02
1.744258403778076172e-02
8.300334215164184570e-03
2.888554334640502930e-02
2.665066719055175781e-02
6.372570991516113281e-03
5.795419216156005859e-03
3.290462493896484375e-02
3.521502017974853516e-02
2.120923995971679688e-02
7.185161113739013672e-03
1.402753591537475586e-02
2.238643169403076172e-02
1.672875881195068359e-02
2.734088897705078125e-02
2.828085422515869141e-02
1.847863197326660156e-02
2.380704879760742188e-02
4.645979404449462891e-02
1.632928848266601562e-02
8.692562580108642578e-03
1.971685886383056641e-02
3.339505195617675781e-02
1.850384473800659180e-02
8.054852485656738281e-03
1.492297649383544922e-02
2.687013149261474609e-02
2.557015419006347656e-02
1.870727539062500000e-02
3.139698505401611328e-02
2.369189262390136719e-02
1.077282428741455078e-02
8.825272321701049805e-03
2.054864168167114258e-02
1.549094915390014648e-02
2.268779277801513672e-02
2.240568399429321289e-02
1.402270793914794922e-02
1.695185899734497070e-02
2.898085117340087891e-02
2.355533838272094727e-02
1.191377639770507812e-02
3.063142299652099609e-02
2.371454238891601562e-02
2.586668729782104492e-02
2.532804012298583984e-02
2.180624008178710938e-02
1.973557472229003906e-02
2.193427085876464844e-02
1.361882686614990234e-02
1.840209960937500000e-02
2.189314365386962891e-02
2.202409505844116211e-02
2.494215965270996094e-02
2.579003572463989258e-02
1.347064971923828125e-02
3.232324123382568359e-02
8.327335119247436523e-03
1.747339963912963867e-02
1.378881931304931641e-02
2.337789535522460938e-02
2.804517745971679688e-02
3.378480672836303711e-03
2.305310964584350586e-02
1.072794198989868164e-02
7.568269968032836914e-03
3.102779388427734375e-02
2.203011512756347656e-02
2.546972036361694336e-02
1.496064662933349609e-02
2.819275856018066406e-02
2.149319648742675781e-02
3.326332569122314453e-02
1.608252525329589844e-02
3.774702548980712891e-02
3.413093090057373047e-02
2.971541881561279297e-02
3.155636787414550781e-02
2.984476089477539062e-02
4.581999778747558594e-02
3.600728511810302734e-02
3.710770606994628906e-02
1.874804496765136719e-02
1.877713203430175781e-02
2.389317750930786133e-02
7.492154836654663086e-03
1.563793420791625977e-02
1.223963499069213867e-02
2.097833156585693359e-02
2.547770738601684570e-02
1.251518726348876953e-02
9.781479835510253906e-03
3.176188468933105469e-02
2.365410327911376953e-02
1.357465982437133789e-02
3.374934196472167969e-02
4.249155521392822266e-03
1.205801963806152344e-02
2.065342664718627930e-02
1.540100574493408203e-02
2.930974960327148438e-02
2.936840057373046875e-02
7.488876581192016602e-03
2.649998664855957031e-02
2.447426319122314453e-02
3.260874748229980469e-02
2.265322208404541016e-02
2.446496486663818359e-02
1.718926429748535156e-02
2.394950389862060547e-02
2.563583850860595703e-02
2.511787414550781250e-02
2.151644229888916016e-02
1.757371425628662109e-02
1.957100629806518555e-02
1.964855194091796875e-02
2.370965480804443359e-02
2.741384506225585938e-02
2.152729034423828125e-02
2.199184894561767578e-02
4.432469606399536133e-03
1.265680789947509766e-02
1.361131668090820312e-02
3.476929664611816406e-02
1.624900102615356445e-02
2.380180358886718750e-02
6.021887063980102539e-03
4.692614078521728516e-03
2.371519804000854492e-02
1.719969511032104492e-02
2.739310264587402344e-02
3.509140014648437500e-02
1.943910121917724609e-02
2.656280994415283203e-02
1.671576499938964844e-02
2.875590324401855469e-02
1.429373025894165039e-02
1.344203948974609375e-02
1.616048812866210938e-02
2.044975757598876953e-02
1.483714580535888672e-02
3.247094154357910156e-02
1.905655860900878906e-02
1.339578628540039062e-02
2.091604471206665039e-02
2.476036548614501953e-02
2.671408653259277344e-02
2.197760343551635742e-02
2.778983116149902344e-02
1.412874460220336914e-02
1.964980363845825195e-02
1.372790336608886719e-02
1.462966203689575195e-02
1.413846015930175781e-02
3.158032894134521484e-02
2.849781513214111328e-02
1.854676008224487305e-02
3.064894676208496094e-02
4.146790504455566406e-02
1.656413078308105469e-02
1.891314983367919922e-02
2.968752384185791016e-02
2.478325366973876953e-02
3.566551208496093750e-02
2.313792705535888672e-02
1.236176490783691406e-02
3.113210201263427734e-02
7.031977176666259766e-03
9.165823459625244141e-03
1.751387119293212891e-02
1.590490341186523438e-02
2.644753456115722656e-02
3.354716300964355469e-02
4.275071620941162109e-02
2.338695526123046875e-02
1.579284667968750000e-02
4.036962985992431641e-02
2.673661708831787109e-02
3.101915121078491211e-02
2.937901020050048828e-02
1.172366738319396973e-02
3.129136562347412109e-02
3.815501928329467773e-03
2.728378772735595703e-02
2.891564369201660156e-02
1.734560728073120117e-02
2.830469608306884766e-02
3.199744224548339844e-02
1.500463485717773438e-02
3.530061244964599609e-02
2.056610584259033203e-02
1.417154073715209961e-02
5.871772766113281250e-03
2.736926078796386719e-02
2.194404602050781250e-02
1.360189914703369141e-02
2.178061008453369141e-02
2.460777759552001953e-02
2.823090553283691406e-02
3.133440017700195312e-02
1.436525583267211914e-02
2.824938297271728516e-02
7.938563823699951172e-03
2.196019887924194336e-02
2.285635471343994141e-02
1.259404420852661133e-02
3.122079372406005859e-02
2.940464019775390625e-02
1.621150970458984375e-02
1.602691411972045898e-02
2.562630176544189453e-02
4.007339477539062500e-02
2.508655190467834473e-03
3.470122814178466797e-02
3.024733066558837891e-02
1.690244674682617188e-02
2.276164293289184570e-02
3.805518150329589844e-02
1.333987712860107422e-02
1.278138160705566406e-02
1.202654838562011719e-02
2.186012268066406250e-02
2.194058895111083984e-02
1.660400629043579102e-02
1.573359966278076172e-02
0.000000000000000000e+00
0.000000000000000000e+00
0.000000000000000000e+00
0.000000000000000000e+00
0.000000000000000000e+00
0.000000000000000000e+00
0.000000000000000000e+00
0.000000000000000000e+00
0.000000000000000000e+00
0.000000000000000000e+00
0.000000000000000000e+00
0.000000000000000000e+00
0.000000000000000000e+00
0.000000000000000000e+00
0.000000000000000000e+00
0.000000000000000000e+00
0.000000000000000000e+00
0.000000000000000000e+00
0.000000000000000000e+00
0.000000000000000000e+00
