1.849651336669921875e-02
2.068579196929931641e-04
9.129315614700317383e-03
3.711938858032226562e-03
7.838848978281021118e-05
7.168799638748168945e-04
2.303309738636016846e-03
8.349925279617309570e-03
1.776796579360961914e-02
2.448886632919311523e-02
8.107274770736694336e-04
1.339800655841827393e-04
1.617068052291870117e-02
5.487389862537384033e-04
9.334757924079895020e-04
4.272639751434326172e-03
5.717854946851730347e-05
6.894320249557495117e-03
3.957182168960571289e-03
8.120179176330566406e-03
2.543610334396362305e-02
2.125138044357299805e-02
2.825528383255004883e-03
3.605000674724578857e-04
8.604168891906738281e-03
1.377463340759277344e-02
1.319266855716705322e-03
2.388171851634979248e-04
1.876628398895263672e-02
2.053999900817871094e-02
1.292666420340538025e-04
8.905261754989624023e-03
3.851771354675292969e-03
3.686651587486267090e-03
2.174717187881469727e-02
5.812495946884155273e-04
9.915456175804138184e-04
2.398371696472167969e-03
4.444777965545654297e-03
1.642644405364990234e-02
2.239668369293212891e-02
2.253934741020202637e-03
1.447662711143493652e-03
1.221966743469238281e-02
1.509290933609008789e-02
1.197648048400878906e-02
3.436923027038574219e-02
4.845187067985534668e-04
2.118408679962158203e-02
2.139406278729438782e-04
1.978680491447448730e-03
1.074522733688354492e-02
1.208204030990600586e-02
1.753098331391811371e-05
1.105082035064697266e-02
3.569707274436950684e-03
1.821619272232055664e-02
6.142705678939819336e-04
3.456220030784606934e-03
2.856850624084472656e-02
1.374617218971252441e-03
2.604618668556213379e-03
7.584914565086364746e-04
6.707042455673217773e-03
3.688693046569824219e-03
2.935361862182617188e-02
1.172745227813720703e-02
3.942161798477172852e-03
7.770776748657226562e-03
2.767220139503479004e-03
1.494571566581726074e-03
2.344995737075805664e-03
8.738860487937927246e-04
1.520201563835144043e-03
6.608575582504272461e-03
1.792877912521362305e-02
1.133427023887634277e-03
8.153170347213745117e-04
1.953408122062683105e-03
5.720108747482299805e-03
1.030933856964111328e-02
1.843249797821044922e-02
4.473328590393066406e-03
2.013206481933593750e-02
6.918311119079589844e-03
1.397445797920227051e-03
1.358231529593467712e-04
2.748481929302215576e-04
5.571097135543823242e-03
2.362418174743652344e-02
6.980001926422119141e-03
6.845176219940185547e-03
5.260810256004333496e-03
3.607940673828125000e-02
2.939015626907348633e-03
3.674015402793884277e-03
4.089735448360443115e-04
4.963472485542297363e-03
1.368746161460876465e-03
2.439123392105102539e-02
1.044377684593200684e-03
1.211655139923095703e-02
2.595540136098861694e-04
8.001834154129028320e-03
1.170238852500915527e-02
2.164310216903686523e-02
1.566779613494873047e-02
2.451553940773010254e-03
1.668199896812438965e-03
4.023745656013488770e-03
1.624137163162231445e-03
2.121135592460632324e-03
2.910828590393066406e-02
5.826652050018310547e-03
4.143998026847839355e-03
1.841038465499877930e-03
1.734805107116699219e-02
1.170590519905090332e-03
6.659954786300659180e-03
9.720623493194580078e-04
2.004086971282958984e-02
1.447170972824096680e-02
1.830279827117919922e-03
1.505750417709350586e-02
1.512616872787475586e-02
2.794897556304931641e-02
5.246549844741821289e-03
2.350918948650360107e-04
8.875191211700439453e-03
7.573701441287994385e-05
1.232549548149108887e-03
1.898610591888427734e-02
3.047019243240356445e-03
1.116400957107543945e-02
4.115886986255645752e-05
1.120454072952270508e-02
1.215577125549316406e-02
1.318268477916717529e-03
8.237734436988830566e-05
1.324176788330078125e-02
1.315397024154663086e-02
2.109760046005249023e-02
2.155792713165283203e-02
1.417562365531921387e-03
1.669406890869140625e-03
1.214349269866943359e-02
4.732087254524230957e-04
7.596705108880996704e-05
3.926873207092285156e-03
7.929801940917968750e-03
9.722635149955749512e-04
8.131265640258789062e-04
2.689231187105178833e-04
1.724604517221450806e-04
2.823904156684875488e-03
4.544444382190704346e-04
1.210129261016845703e-02
2.194583415985107422e-02
1.328721642494201660e-03
2.785420417785644531e-02
2.357810735702514648e-03
1.914989948272705078e-02
1.858568191528320312e-02
1.157224178314208984e-03
2.818796783685684204e-04
2.335801720619201660e-03
6.640583276748657227e-03
1.642759889364242554e-04
7.574558258056640625e-04
2.253818511962890625e-02
1.797509193420410156e-02
1.520723104476928711e-03
2.518564462661743164e-03
1.632254570722579956e-04
2.459895610809326172e-02
2.380597591400146484e-02
2.764001488685607910e-03
8.415989577770233154e-04
2.860054373741149902e-03
2.032321691513061523e-02
1.055109500885009766e-02
6.511844694614410400e-04
1.916575431823730469e-02
1.095816493034362793e-02
1.907795667648315430e-03
2.858281135559082031e-03
2.358323335647583008e-02
2.199299633502960205e-04
1.778084039688110352e-02
1.194842159748077393e-03
5.088113248348236084e-04
1.176050305366516113e-02
2.099263668060302734e-02
1.326978206634521484e-02
5.889356136322021484e-03
7.914274930953979492e-03
7.946640253067016602e-04
8.357837796211242676e-04
7.868148386478424072e-04
1.487709581851959229e-03
2.905964851379394531e-03
5.990505218505859375e-03
1.073604822158813477e-02
8.319951593875885010e-04
9.887963533401489258e-04
8.707106113433837891e-03
1.807272434234619141e-03
1.845651865005493164e-02
8.607983589172363281e-03
7.280170917510986328e-03
4.462455399334430695e-05
2.169543504714965820e-02
7.226020097732543945e-04
1.922392845153808594e-02
1.153659820556640625e-02
6.736852228641510010e-04
2.202659845352172852e-03
8.756816387176513672e-04
9.067952632904052734e-04
1.064726710319519043e-02
2.002817392349243164e-02
4.162818193435668945e-03
1.762419939041137695e-03
1.755684614181518555e-03
8.999824523925781250e-03
8.266925811767578125e-03
8.258104324340820312e-03
8.865166455507278442e-05
2.695858478546142578e-03
2.148792147636413574e-03
1.433688402175903320e-02
1.852083206176757812e-02
2.222135663032531738e-04
5.333237349987030029e-04
1.437765359878540039e-02
6.200999021530151367e-03
2.617418766021728516e-03
7.196813821792602539e-03
1.536297798156738281e-02
3.051683306694030762e-04
1.862660050392150879e-03
1.155209541320800781e-02
1.293249428272247314e-03
1.895976066589355469e-02
4.681050777435302734e-03
2.338923513889312744e-04
9.823217988014221191e-05
1.490414142608642578e-02
8.842110633850097656e-03
1.174932718276977539e-02
6.268769502639770508e-04
9.553372859954833984e-03
6.168931722640991211e-04
5.448311567306518555e-04
1.100964844226837158e-03
3.205165266990661621e-04
2.157700061798095703e-02
4.831682890653610229e-04
7.881879806518554688e-03
1.744854450225830078e-02
1.572096347808837891e-02
1.014900207519531250e-02
2.952832728624343872e-04
1.100264489650726318e-03
2.717757225036621094e-02
2.555131912231445312e-03
4.132911562919616699e-04
9.043693542480468750e-03
1.989734172821044922e-02
1.405835151672363281e-02
1.017741858959197998e-03
1.716566085815429688e-02
1.609288156032562256e-04
9.168475866317749023e-03
6.162188947200775146e-04
4.827469587326049805e-03
1.850649714469909668e-04
8.860751986503601074e-04
1.454877853393554688e-02
3.343567252159118652e-03
7.672786712646484375e-03
4.065603017807006836e-03
2.922371029853820801e-03
2.073049545288085938e-02
3.088414669036865234e-03
1.251441240310668945e-02
2.219581604003906250e-02
6.572693586349487305e-03
1.575857400894165039e-02
8.975714445114135742e-04
9.029805660247802734e-03
4.922389984130859375e-03
1.361161470413208008e-02
5.099475383758544922e-03
4.123523831367492676e-04
4.984736442565917969e-04
4.473924636840820312e-03
3.095078468322753906e-02
2.191945910453796387e-03
5.620643496513366699e-04
1.174956560134887695e-04
1.786708831787109375e-03
2.434715628623962402e-03
1.300632953643798828e-02
3.338269889354705811e-04
5.618333816528320312e-04
2.527165412902832031e-02
6.560564041137695312e-03
3.129965625703334808e-05
2.527877688407897949e-03
1.166522502899169922e-03
9.503901004791259766e-03
7.581293582916259766e-03
1.686483621597290039e-03
1.290842890739440918e-03
3.332942724227905273e-03
7.768481969833374023e-03
1.276478171348571777e-03
1.458305120468139648e-02
7.584214210510253906e-03
1.018196344375610352e-02
2.620995044708251953e-03
2.194392681121826172e-02
6.043612957000732422e-03
1.351439952850341797e-02
1.668810844421386719e-02
1.472309231758117676e-03
1.138066872954368591e-04
1.957923173904418945e-02
1.569709274917840958e-05
2.569124102592468262e-03
2.834558486938476562e-03
5.612164735794067383e-03
8.972734212875366211e-04
1.936084032058715820e-02
4.423826932907104492e-03
1.158756017684936523e-02
1.012194156646728516e-02
1.021331548690795898e-02
1.703917980194091797e-02
1.275485754013061523e-02
1.986354589462280273e-03
1.297675073146820068e-03
1.814907789230346680e-02
2.186340093612670898e-02
9.651958942413330078e-03
2.027297019958496094e-02
1.340106129646301270e-03
1.981484889984130859e-02
7.896304130554199219e-03
1.543767750263214111e-03
7.538259029388427734e-03
7.705420255661010742e-03
5.320399999618530273e-03
9.483620524406433105e-04
1.217640936374664307e-03
5.642920732498168945e-04
1.594707369804382324e-03
1.043610274791717529e-03
5.488276481628417969e-03
6.639838218688964844e-03
1.270756125450134277e-03
2.990186214447021484e-03
2.051554620265960693e-04
6.497293710708618164e-03
4.376610741019248962e-05
6.629526615142822266e-05
1.955106854438781738e-04
1.130044460296630859e-03
2.411562204360961914e-02
5.216225981712341309e-04
4.897229373455047607e-04
7.921457290649414062e-04
2.103764563798904419e-04
1.998834311962127686e-03
1.194268465042114258e-03
2.145811915397644043e-03
3.568753600120544434e-04
2.656802535057067871e-04
4.058554768562316895e-04
2.142647281289100647e-05
7.417649030685424805e-03
5.314126610755920410e-04
2.403169870376586914e-03
5.869537591934204102e-03
8.224621415138244629e-04
3.527194261550903320e-03
5.687177181243896484e-03
7.398277521133422852e-04
1.967042684555053711e-02
3.122333437204360962e-04
6.350338459014892578e-03
9.754121303558349609e-03
2.849563956260681152e-03
4.155747592449188232e-04
2.545297145843505859e-03
1.617383956909179688e-02
1.528792083263397217e-03
1.440271735191345215e-03
2.300405502319335938e-02
1.915674656629562378e-04
9.022355079650878906e-04
4.969090223312377930e-04
5.960837006568908691e-04
2.594143152236938477e-03
2.755457535386085510e-05
5.332976579666137695e-04
7.466338574886322021e-04
1.011148095130920410e-03
1.608654856681823730e-03
1.090969890356063843e-04
1.143720000982284546e-04
1.615524291992187500e-02
8.796632289886474609e-03
1.614447683095932007e-04
2.135819196701049805e-02
4.587948322296142578e-03
3.793656826019287109e-03
5.477309226989746094e-03
1.311916112899780273e-02
5.626082420349121094e-03
1.633368432521820068e-03
4.307970404624938965e-03
2.395793795585632324e-03
5.558831617236137390e-05
1.350238919258117676e-03
5.536496639251708984e-03
2.265274524688720703e-03
2.070832997560501099e-04
3.117233514785766602e-03
1.931518316268920898e-03
1.022987067699432373e-03
4.427996464073657990e-05
1.922577619552612305e-03
3.481835126876831055e-03
6.049945950508117676e-04
1.796656847000122070e-02
9.131059050559997559e-05
1.402169466018676758e-03
1.136977225542068481e-04
2.771854400634765625e-03
6.528347730636596680e-04
1.068159937858581543e-03
8.270516991615295410e-04
1.393385231494903564e-03
1.380756497383117676e-03
1.835841685533523560e-04
1.040153205394744873e-03
4.407903179526329041e-05
1.206565648317337036e-04
2.775294706225395203e-05
1.397088170051574707e-03
1.307129859924316406e-02
4.943609237670898438e-04
1.016832888126373291e-03
2.743273973464965820e-03
3.850251436233520508e-03
1.535993069410324097e-04
5.299970507621765137e-04
7.187761366367340088e-05
1.255206763744354248e-03
4.734188318252563477e-03
4.743337631225585938e-03
1.083737611770629883e-02
2.743154764175415039e-04
1.133847981691360474e-04
1.151308417320251465e-03
2.519205212593078613e-03
4.916898906230926514e-04
1.239097118377685547e-02
1.189702749252319336e-02
3.149546682834625244e-04
4.257969558238983154e-04
2.106857299804687500e-02
1.446735113859176636e-04
4.480630159378051758e-03
3.298491239547729492e-03
4.117801785469055176e-03
1.046992838382720947e-04
9.743928909301757812e-03
1.231610774993896484e-02
2.869799733161926270e-03
5.661323666572570801e-05
1.517951488494873047e-02
3.463029861450195312e-03
2.814263105392456055e-03
1.995235681533813477e-03
1.340731978416442871e-03
6.144605576992034912e-04
1.143841072916984558e-04
4.587508738040924072e-04
4.871115088462829590e-04
1.068845391273498535e-03
3.937572240829467773e-03
4.202008247375488281e-03
1.808631420135498047e-02
1.001888886094093323e-04
1.785885542631149292e-04
2.880245447158813477e-03
2.359700202941894531e-02
1.371391117572784424e-04
5.768656730651855469e-03
1.348573714494705200e-04
1.869052648544311523e-02
7.649838924407958984e-03
1.201218366622924805e-02
6.575077772140502930e-03
8.796676993370056152e-04
6.274804472923278809e-04
1.853227615356445312e-03
4.293292760848999023e-03
4.131533205509185791e-04
7.063001394271850586e-04
1.682019233703613281e-02
9.283144026994705200e-05
2.613384276628494263e-04
7.773339748382568359e-03
2.141520380973815918e-04
2.254806458950042725e-04
5.170077085494995117e-03
2.267360687255859375e-03
2.871714532375335693e-04
2.658329904079437256e-04
5.062110722064971924e-04
1.609954051673412323e-05
3.203991800546646118e-04
3.843270242214202881e-04
7.073841989040374756e-04
1.526427268981933594e-02
6.178626790642738342e-05
5.915351212024688721e-04
1.405906677246093750e-02
3.673508763313293457e-03
1.705452799797058105e-03
1.466963440179824829e-04
1.683034002780914307e-03
6.860792636871337891e-03
2.743452787399291992e-03
5.618028808385133743e-06
1.048552989959716797e-02
5.405604839324951172e-03
8.742325007915496826e-05
1.011289656162261963e-03
6.526429206132888794e-05
3.439448773860931396e-04
1.741386950016021729e-04
4.066705703735351562e-03
2.902708947658538818e-04
2.366292476654052734e-02
5.098283290863037109e-04
1.904606819152832031e-03
1.270055770874023438e-03
1.687437295913696289e-03
1.613068580627441406e-02
5.403012037277221680e-04
2.064719796180725098e-03
6.956234574317932129e-05
1.754716038703918457e-03
1.785802841186523438e-02
1.729149371385574341e-04
2.833548933267593384e-05
2.314001321792602539e-03
2.723261713981628418e-03
2.439767122268676758e-03
3.012925386428833008e-03
1.108631491661071777e-03
3.462821245193481445e-03
9.866893291473388672e-03
1.819863915443420410e-03
4.296973347663879395e-04
9.130612015724182129e-04
8.469969034194946289e-04
1.198071986436843872e-04
1.005101203918457031e-02
1.341477036476135254e-03
2.130371332168579102e-02
6.748773157596588135e-04
1.377025619149208069e-04
5.125850439071655273e-04
5.802065134048461914e-04
1.608267426490783691e-03
7.641613483428955078e-03
5.679903551936149597e-05
2.035703510046005249e-04
1.201234757900238037e-03
1.846969127655029297e-03
1.450069248676300049e-03
1.553986221551895142e-04
1.176223158836364746e-04
5.609869956970214844e-03
2.067908644676208496e-04
1.320970058441162109e-02
9.587854146957397461e-04
6.521716713905334473e-04
1.682543754577636719e-02
1.716181635856628418e-03
1.687741279602050781e-02
3.013201057910919189e-04
3.435268998146057129e-03
1.727819442749023438e-02
2.119503915309906006e-04
3.717362880706787109e-03
5.427688360214233398e-03
1.535010337829589844e-02
1.353457570075988770e-03
2.653643488883972168e-03
1.970171928405761719e-03
1.249611377716064453e-03
2.251654863357543945e-03
4.405796527862548828e-03
1.365561038255691528e-04
2.178564667701721191e-03
7.594898343086242676e-04
4.471428692340850830e-04
1.522612571716308594e-02
3.744754940271377563e-05
3.367930650711059570e-03
2.105869352817535400e-04
5.211114883422851562e-03
2.359986305236816406e-03
1.668781042098999023e-03
3.943943977355957031e-02
1.791194081306457520e-03
3.907382488250732422e-04
6.865989416837692261e-05
1.353032886981964111e-03
3.241717815399169922e-03
2.845330163836479187e-05
1.077540218830108643e-04
9.076654911041259766e-03
2.847742289304733276e-04
1.814228296279907227e-02
1.595568656921386719e-02
2.048071473836898804e-05
2.208761870861053467e-04
2.696678042411804199e-03
8.333176374435424805e-04
1.798853278160095215e-03
6.123840808868408203e-03
2.160787582397460938e-03
1.176365185528993607e-05
3.082603216171264648e-04
5.559921264648437500e-04
7.007360458374023438e-03
7.822215557098388672e-04
1.288223266601562500e-02
8.680582046508789062e-03
6.898194551467895508e-04
2.456530928611755371e-04
2.010726928710937500e-02
1.706749200820922852e-03
3.591589629650115967e-04
1.283603906631469727e-02
1.749843358993530273e-03
6.726607680320739746e-04
1.731604337692260742e-03
2.303317189216613770e-03
7.302686572074890137e-04
4.823863506317138672e-03
1.321673393249511719e-03
4.062149673700332642e-05
4.961520433425903320e-03
7.971405982971191406e-03
1.485750079154968262e-03
8.398368954658508301e-04
5.727171897888183594e-03
1.901522278785705566e-03
2.697661519050598145e-03
7.093325257301330566e-04
4.455037415027618408e-04
7.824897766113281250e-04
4.439502954483032227e-04
2.598866820335388184e-03
1.157671213150024414e-03
1.079356297850608826e-05
7.337704300880432129e-04
7.446259260177612305e-04
6.873995065689086914e-03
1.890137791633605957e-04
1.499708741903305054e-04
2.163216471672058105e-03
3.527733497321605682e-05
1.874417066574096680e-03
3.181397914886474609e-03
2.165623009204864502e-04
5.778998136520385742e-03
1.545380800962448120e-04
3.000330924987792969e-02
4.573352634906768799e-04
2.569571137428283691e-03
2.896949648857116699e-03
4.102736711502075195e-03
7.576942443847656250e-03
1.846649684011936188e-05
5.721986293792724609e-03
2.991892397403717041e-04
1.243777573108673096e-03
1.264244318008422852e-02
1.066148281097412109e-03
8.545637130737304688e-03
1.569136977195739746e-03
1.341700553894042969e-04
6.799027323722839355e-04
6.367266178131103516e-05
1.540887355804443359e-02
4.720315337181091309e-04
1.384431123733520508e-02
2.899952232837677002e-05
2.515673637390136719e-03
1.408046483993530273e-02
1.088403165340423584e-03
6.232023239135742188e-03
1.653474569320678711e-02
2.006471157073974609e-03
8.444953709840774536e-05
3.424227237701416016e-03
4.093796014785766602e-04
3.043442964553833008e-03
1.925751566886901855e-03
5.226552486419677734e-03
2.353221178054809570e-03
8.757680654525756836e-03
2.052366733551025391e-03
8.262306451797485352e-03
8.277744054794311523e-04
2.665370702743530273e-04
1.092684268951416016e-02
7.324386388063430786e-05
6.304621696472167969e-03
3.466308116912841797e-04
2.415001392364501953e-03
1.653954386711120605e-03
2.742232754826545715e-05
9.791925549507141113e-04
6.505906581878662109e-03
8.191704750061035156e-03
9.819716215133666992e-04
1.213401556015014648e-03
2.602010965347290039e-03
1.138664782047271729e-03
2.187401056289672852e-03
5.550421774387359619e-04
2.436801791191101074e-03
1.353275775909423828e-02
3.822952508926391602e-03
4.152394831180572510e-05
5.999445915222167969e-03
1.097899675369262695e-02
2.637833356857299805e-03
2.377009391784667969e-02
1.244574785232543945e-03
1.348748803138732910e-03
1.922279596328735352e-03
7.039159536361694336e-04
8.654832839965820312e-03
2.586282789707183838e-04
1.922667026519775391e-03
3.516986966133117676e-03
3.099456429481506348e-03
1.697599887847900391e-03
3.866069018840789795e-04
3.010556101799011230e-03
5.658984184265136719e-03
9.522795677185058594e-03
8.904784917831420898e-04
1.883599907159805298e-04
2.924561500549316406e-03
1.618131995201110840e-03
1.779556274414062500e-02
1.252330839633941650e-04
7.922798395156860352e-04
1.714068651199340820e-02
9.515415877103805542e-05
2.820491790771484375e-04
1.890051364898681641e-02
7.347613573074340820e-04
1.030210405588150024e-04
2.903118729591369629e-04
1.355353742837905884e-04
1.675851643085479736e-03
1.155620813369750977e-02
5.054213106632232666e-04
1.237213611602783203e-03
8.180320262908935547e-03
2.124100923538208008e-03
1.302027702331542969e-02
4.262879490852355957e-03
3.661900758743286133e-03
4.634529352188110352e-03
5.586057901382446289e-03
2.458840608596801758e-03
1.717150211334228516e-03
2.151012420654296875e-03
1.297539472579956055e-02
2.197865396738052368e-04
1.862496137619018555e-03
3.057003021240234375e-03
6.199106574058532715e-04
1.340098679065704346e-03
5.749642848968505859e-03
5.341142416000366211e-03
5.363337695598602295e-04
6.081461906433105469e-04
3.784626722335815430e-03
6.635300815105438232e-05
2.655200660228729248e-04
2.692453563213348389e-04
2.200806140899658203e-02
3.661692142486572266e-03
3.389315679669380188e-05
2.146959304809570312e-04
6.025508046150207520e-04
9.043775498867034912e-04
3.435164690017700195e-04
1.636296510696411133e-03
4.053145647048950195e-03
2.828419208526611328e-03
2.144109457731246948e-04
1.343280076980590820e-02
3.398388624191284180e-03
3.136888146400451660e-03
6.293565034866333008e-03
1.214122772216796875e-02
1.030862331390380859e-04
5.422651767730712891e-03
9.840726852416992188e-03
9.516775608062744141e-04
2.347543835639953613e-03
1.208359003067016602e-02
1.081423833966255188e-04
2.949824556708335876e-05
1.873826980590820312e-02
2.962276339530944824e-03
2.832725644111633301e-03
4.058539867401123047e-03
1.060718297958374023e-02
6.196945905685424805e-04
1.497781276702880859e-02
4.245415329933166504e-04
2.341055870056152344e-02
1.144930720329284668e-03
1.241967082023620605e-03
2.267986536026000977e-03
1.179892569780349731e-05
9.366631507873535156e-03
2.038478851318359375e-03
9.432528167963027954e-05
7.624745368957519531e-03
1.159131526947021484e-02
2.402141690254211426e-03
9.286701679229736328e-04
2.126443386077880859e-02
1.894235610961914062e-03
2.514690160751342773e-03
2.480700612068176270e-03
5.818426609039306641e-03
2.533778548240661621e-03
2.224707603454589844e-02
1.258707046508789062e-02
8.888483047485351562e-03
1.819625496864318848e-03
1.316934823989868164e-02
1.346600055694580078e-02
1.340880990028381348e-03
3.671914339065551758e-03
3.981649875640869141e-03
5.176186561584472656e-03
1.250696182250976562e-02
1.224046945571899414e-02
1.817744970321655273e-02
3.960751928389072418e-05
6.728619337081909180e-04
1.081386581063270569e-04
1.075327396392822266e-02
4.801452159881591797e-03
1.686829328536987305e-02
8.040726184844970703e-03
1.849120855331420898e-02
4.679150879383087158e-04
6.470084190368652344e-04
2.146407961845397949e-03
1.724630594253540039e-02
2.978533506393432617e-03
2.271421253681182861e-04
5.587339401245117188e-04
3.921359777450561523e-03
1.541171222925186157e-04
1.961085945367813110e-04
3.391385078430175781e-03
1.650728285312652588e-03
4.520751535892486572e-04
9.128302335739135742e-04
1.016843318939208984e-02
4.664771258831024170e-04
1.436078548431396484e-02
6.311982870101928711e-03
1.782387495040893555e-03
3.460824489593505859e-03
4.890471696853637695e-03
2.331227064132690430e-03
4.812031984329223633e-04
3.600910305976867676e-03
3.502905368804931641e-03
1.358494162559509277e-03
6.155520677566528320e-04
1.417601108551025391e-02
6.909608840942382812e-03
5.752854049205780029e-04
5.556643009185791016e-04
3.128409385681152344e-03
1.957602798938751221e-04
1.298643648624420166e-03
1.157045364379882812e-03
8.402764797210693359e-04
4.129260778427124023e-04
9.093135595321655273e-04
9.192585945129394531e-03
1.780867576599121094e-02
3.850191831588745117e-03
6.654486060142517090e-05
7.503889501094818115e-04
6.615966558456420898e-04
1.242125034332275391e-02
1.191025972366333008e-02
2.264291048049926758e-03
7.304623723030090332e-04
4.879310727119445801e-04
1.641452312469482422e-03
2.895947545766830444e-04
2.928882837295532227e-03
4.555992782115936279e-04
5.967080593109130859e-03
7.356330752372741699e-04
1.021242141723632812e-02
1.155072450637817383e-02
1.314944028854370117e-02
1.521337032318115234e-02
4.976034164428710938e-03
1.488655805587768555e-03
9.397745132446289062e-03
4.525244235992431641e-03
8.075088262557983398e-04
1.297831535339355469e-03
7.337808609008789062e-03
1.172327995300292969e-02
9.086206555366516113e-04
2.097710967063903809e-03
6.784141063690185547e-03
2.517774701118469238e-04
1.338303089141845703e-03
3.219529986381530762e-03
1.892462372779846191e-03
3.567487001419067383e-04
2.403873950242996216e-04
1.599186658859252930e-02
1.420938968658447266e-02
3.669798374176025391e-03
2.106875181198120117e-03
2.528466284275054932e-04
3.050282597541809082e-03
1.811911351978778839e-05
1.185888051986694336e-02
2.021864056587219238e-03
9.247474372386932373e-05
1.383379101753234863e-03
1.015055179595947266e-02
1.310765743255615234e-03
4.418671131134033203e-03
8.849978446960449219e-03
9.121775627136230469e-03
5.581408739089965820e-03
1.245178282260894775e-04
3.025859594345092773e-03
1.989358663558959961e-02
4.957616329193115234e-04
1.828297972679138184e-04
7.666051387786865234e-03
1.664176583290100098e-03
2.138435840606689453e-03
1.815438270568847656e-03
7.187545299530029297e-03
1.296496391296386719e-02
8.798614144325256348e-04
3.077331930398941040e-04
1.143860816955566406e-02
2.644900232553482056e-04
2.647131681442260742e-03
1.432351768016815186e-03
7.731989026069641113e-04
1.674932241439819336e-02
1.495733857154846191e-03
1.346454024314880371e-03
1.483523845672607422e-02
7.568299770355224609e-03
1.675081253051757812e-02
3.719210624694824219e-03
2.793669700622558594e-03
3.465801477432250977e-03
3.093481063842773438e-04
3.898814320564270020e-04
1.381859183311462402e-03
2.010196447372436523e-03
1.587945222854614258e-02
4.951469600200653076e-05
1.780951023101806641e-02
3.857195377349853516e-03
4.271358251571655273e-03
1.750728115439414978e-04
1.439675688743591309e-03
2.466589212417602539e-02
2.256631851196289062e-04
8.476972579956054688e-04
1.850575208663940430e-03
1.487672328948974609e-02
3.484897315502166748e-04
2.430731058120727539e-02
8.687525987625122070e-04
8.278489112854003906e-03
1.884624361991882324e-03
1.410841941833496094e-02
1.699589192867279053e-04
1.412965357303619385e-04
4.853963851928710938e-03
4.747174680233001709e-04
4.064947366714477539e-02
6.379008293151855469e-03
1.983568072319030762e-03
3.234133124351501465e-03
1.553937792778015137e-03
3.737360239028930664e-03
1.171338558197021484e-02
1.179021596908569336e-02
9.589016437530517578e-03
4.571914672851562500e-03
1.315556466579437256e-03
1.077538728713989258e-02
3.868862986564636230e-04
1.361942291259765625e-02
7.557600736618041992e-03
5.211029201745986938e-05
3.660425543785095215e-03
3.034904599189758301e-03
3.391727805137634277e-04
9.294152259826660156e-04
9.612962603569030762e-04
1.269564032554626465e-03
1.303330063819885254e-04
4.630582407116889954e-05
5.438566207885742188e-03
9.065091609954833984e-03
6.400227546691894531e-03
4.104375839233398438e-03
5.339801311492919922e-03
1.017436385154724121e-03
7.205039262771606445e-03
1.591223478317260742e-02
2.221599221229553223e-03
2.833783626556396484e-03
1.113265752792358398e-02
9.333670139312744141e-03
1.764476299285888672e-02
1.762900501489639282e-05
3.573566675186157227e-03
1.629674807190895081e-04
1.631408929824829102e-03
2.361342310905456543e-03
3.514915704727172852e-03
2.661533653736114502e-04
7.403135299682617188e-03
5.359530448913574219e-03
2.053713798522949219e-02
2.858936786651611328e-04
1.279972493648529053e-03
9.594485163688659668e-05
2.130001783370971680e-03
4.863560199737548828e-03
8.719787001609802246e-04
1.852456480264663696e-04
3.726929426193237305e-03
1.370489597320556641e-03
1.472854614257812500e-02
5.221143364906311035e-04
2.699971199035644531e-03
1.302279531955718994e-03
2.275362610816955566e-03
4.725307226181030273e-04
1.580357551574707031e-03
3.667771816253662109e-03
1.473337411880493164e-03
2.753943204879760742e-03
2.533555030822753906e-03
3.313794732093811035e-04
9.918212890625000000e-03
2.253741025924682617e-03
4.148557782173156738e-04
2.090454101562500000e-03
1.790076494216918945e-03
6.544888019561767578e-04
4.908666014671325684e-04
2.991631627082824707e-04
2.427756786346435547e-03
6.356477737426757812e-03
6.521642208099365234e-04
1.227915287017822266e-02
1.067388057708740234e-02
4.219859838485717773e-03
4.184752702713012695e-03
3.381878137588500977e-03
3.945082426071166992e-03
3.539234399795532227e-03
5.537346005439758301e-04
1.639890670776367188e-02
6.863195449113845825e-05
1.931171864271163940e-04
1.898761838674545288e-04
1.946598291397094727e-03
3.695376217365264893e-04
1.820668578147888184e-03
4.245758056640625000e-03
8.982941508293151855e-04
2.831017971038818359e-02
9.166896343231201172e-04
3.880351781845092773e-03
8.306443691253662109e-03
1.341491937637329102e-03
4.631001502275466919e-05
5.963891744613647461e-03
2.575948834419250488e-03
5.903214216232299805e-03
2.390190958976745605e-03
2.692639827728271484e-02
2.169966697692871094e-03
3.573954105377197266e-03
4.038482904434204102e-03
2.212584018707275391e-03
1.155741512775421143e-03
2.452731132507324219e-04
6.703808903694152832e-04
5.196303129196166992e-03
1.528903841972351074e-03
1.941889524459838867e-03
9.780824184417724609e-04
4.716187715530395508e-03
3.348618745803833008e-03
9.584128856658935547e-03
1.393601298332214355e-03
2.438411116600036621e-03
4.907585680484771729e-04
1.057378947734832764e-03
1.243427395820617676e-04
5.791112780570983887e-04
8.428022265434265137e-04
7.360503077507019043e-04
7.666870951652526855e-04
6.521418690681457520e-04
4.454813897609710693e-04
5.518257617950439453e-03
1.722499728202819824e-03
3.184616565704345703e-03
5.190402269363403320e-03
6.169974803924560547e-03
4.007257521152496338e-04
5.142390727996826172e-04
8.357837796211242676e-04
2.498447895050048828e-03
2.143178135156631470e-04
3.540456295013427734e-03
1.904040575027465820e-02
1.869216561317443848e-03
3.896683454513549805e-03
3.381356596946716309e-03
2.773836255073547363e-03
1.193749904632568359e-02
9.940043091773986816e-04
3.099754452705383301e-03
1.665103435516357422e-02
6.685018539428710938e-03
1.024436950683593750e-02
2.182036638259887695e-03
2.995371818542480469e-03
1.480560749769210815e-04
3.741025924682617188e-03
1.306042075157165527e-03
3.809005022048950195e-03
4.922509193420410156e-03
1.562684774398803711e-03
6.192564964294433594e-03
4.513841122388839722e-05
2.806007862091064453e-03
6.971508264541625977e-05
4.186272621154785156e-03
1.128837466239929199e-03
9.778887033462524414e-04
1.058846712112426758e-02
1.428142189979553223e-03
7.396310567855834961e-03
8.199084550142288208e-05
9.022951126098632812e-03
2.791598439216613770e-03
3.353565931320190430e-03
2.384930849075317383e-03
3.502398729324340820e-03
1.123547554016113281e-03
2.891868352890014648e-04
3.631085157394409180e-03
1.556503772735595703e-02
1.906454563140869141e-03
5.240023136138916016e-03
2.211308479309082031e-02
3.723561763763427734e-03
1.434274017810821533e-04
4.262998700141906738e-04
4.053324460983276367e-03
9.611994028091430664e-04
4.609942436218261719e-03
9.717885404825210571e-05
9.444057941436767578e-03
8.568689227104187012e-04
1.791673898696899414e-02
6.285250186920166016e-03
1.661643385887145996e-03
1.788645982742309570e-03
1.053529977798461914e-02
6.996631622314453125e-03
2.052193880081176758e-02
4.893273115158081055e-03
1.012420654296875000e-02
4.719018936157226562e-03
1.423515379428863525e-03
2.557635307312011719e-03
1.813620328903198242e-03
6.788015365600585938e-03
2.067051827907562256e-04
5.571022629737854004e-04
2.078995108604431152e-03
3.460019826889038086e-03
8.699923753738403320e-03
6.622038781642913818e-04
3.831163048744201660e-04
8.991919457912445068e-05
7.812958210706710815e-05
2.962738275527954102e-03
2.325230836868286133e-02
7.517710328102111816e-04
5.988553166389465332e-04
2.055261284112930298e-04
1.512048766016960144e-04
1.069474220275878906e-02
1.072719693183898926e-03
2.223923802375793457e-03
2.594858407974243164e-03
5.371496081352233887e-05
1.429095864295959473e-03
7.193058729171752930e-03
3.503113985061645508e-03
2.474486827850341797e-03
4.591703414916992188e-03
1.218043267726898193e-03
1.278348267078399658e-03
7.551014423370361328e-03
3.868103027343750000e-03
2.973824739456176758e-04
1.097440719604492188e-02
2.878516912460327148e-03
6.988406181335449219e-03
1.525819301605224609e-03
5.386173725128173828e-04
4.602327942848205566e-03
5.619823932647705078e-03
8.756518363952636719e-03
4.917502403259277344e-03
1.230913400650024414e-02
2.390835434198379517e-04
1.804932951927185059e-03
6.605386734008789062e-04
1.124799251556396484e-02
9.389281272888183594e-03
3.674209117889404297e-03
1.620259135961532593e-04
3.795489668846130371e-03
1.029068231582641602e-02
1.791790127754211426e-03
1.631855964660644531e-03
1.344484090805053711e-02
4.463434219360351562e-03
1.104429364204406738e-03
5.010068416595458984e-04
8.182942867279052734e-03
1.975465565919876099e-04
1.161083579063415527e-03
7.264375686645507812e-03
2.217432484030723572e-05
3.913924098014831543e-03
2.130818367004394531e-02
6.236359477043151855e-04
3.799915313720703125e-03
4.281103610992431641e-03
1.651239395141601562e-02
1.406431198120117188e-03
1.215457916259765625e-03
1.012310385704040527e-03
2.336785197257995605e-03
1.014402508735656738e-02
1.873576641082763672e-02
2.296827733516693115e-04
2.746880054473876953e-04
1.299136877059936523e-02
2.877131104469299316e-03
1.608114689588546753e-04
1.310181617736816406e-02
2.152040600776672363e-03
2.881020307540893555e-03
1.514419913291931152e-03
1.724690198898315430e-03
5.632221698760986328e-03
1.751057803630828857e-03
4.435554146766662598e-04
2.212262153625488281e-02
1.402658224105834961e-02
5.109384655952453613e-04
1.695930957794189453e-02
7.615424692630767822e-05
1.279879361391067505e-04
2.432242035865783691e-04
1.239210367202758789e-02
5.600631237030029297e-03
8.111536502838134766e-03
1.204967498779296875e-03
2.754062414169311523e-03
1.094633340835571289e-02
5.197618156671524048e-05
2.783723175525665283e-04
8.292913436889648438e-03
8.181393146514892578e-03
6.658136844635009766e-04
1.212048530578613281e-02
1.521301269531250000e-02
4.632137715816497803e-04
4.155859351158142090e-04
4.371017217636108398e-03
2.729654312133789062e-03
3.560453653335571289e-03
1.839786767959594727e-03
1.772886514663696289e-02
1.162761449813842773e-02
9.380578994750976562e-04
7.951736450195312500e-03
4.921913146972656250e-03
2.572953701019287109e-03
1.677525043487548828e-02
1.071798801422119141e-02
1.393064856529235840e-03
1.397086307406425476e-04
1.462113857269287109e-02
1.989025622606277466e-05
2.753758430480957031e-02
1.591127365827560425e-04
6.485253572463989258e-03
4.639714956283569336e-03
3.436371684074401855e-03
2.349153161048889160e-03
3.848746418952941895e-04
5.157768726348876953e-03
9.124636650085449219e-03
1.261359453201293945e-02
1.454740762710571289e-03
1.285932958126068115e-03
8.662790060043334961e-04
1.062557101249694824e-03
3.366157412528991699e-03
1.848512329161167145e-05
2.016797661781311035e-04
1.224167644977569580e-03
1.056581735610961914e-03
4.876375198364257812e-03
1.127034425735473633e-03
3.513902425765991211e-03
2.342835068702697754e-03
1.756459474563598633e-03
3.063138574361801147e-04
7.208496332168579102e-03
1.712813973426818848e-03
1.361079514026641846e-03
7.048875093460083008e-03
6.395354866981506348e-04
3.027711063623428345e-04
3.173530101776123047e-03
2.063751220703125000e-03
8.442163467407226562e-03
2.429202198982238770e-03
1.968055963516235352e-03
2.887904644012451172e-03
9.108662605285644531e-03
1.757845282554626465e-03
3.591656684875488281e-03
3.370359539985656738e-03
6.501823663711547852e-04
2.305579185485839844e-02
6.533503532409667969e-03
2.840012311935424805e-03
1.960679888725280762e-03
5.344957113265991211e-03
6.980299949645996094e-04
1.250535249710083008e-03
2.329610288143157959e-04
1.987352967262268066e-03
8.254408836364746094e-03
2.367705106735229492e-03
0.000000000000000000e+00
0.000000000000000000e+00
0.000000000000000000e+00
0.000000000000000000e+00
0.000000000000000000e+00
0.000000000000000000e+00
0.000000000000000000e+00
0.000000000000000000e+00
0.000000000000000000e+00
0.000000000000000000e+00
0.000000000000000000e+00
0.000000000000000000e+00
0.000000000000000000e+00
0.000000000000000000e+00
0.000000000000000000e+00
0.000000000000000000e+00
0.000000000000000000e+00
0.000000000000000000e+00
0.000000000000000000e+00
0.000000000000000000e+00
0.000000000000000000e+00
0.000000000000000000e+00
0.000000000000000000e+00
0.000000000000000000e+00
0.000000000000000000e+00
0.000000000000000000e+00
0.000000000000000000e+00
0.000000000000000000e+00
0.000000000000000000e+00
0.000000000000000000e+00
0.000000000000000000e+00
0.000000000000000000e+00
0.000000000000000000e+00
0.000000000000000000e+00
0.000000000000000000e+00
0.000000000000000000e+00
0.000000000000000000e+00
0.000000000000000000e+00
0.000000000000000000e+00
0.000000000000000000e+00
