1.056849956512451172e-02
1.307749748229980469e-02
1.122468709945678711e-02
2.378273010253906250e-02
8.800208568572998047e-03
2.569413185119628906e-02
1.947820186614990234e-02
7.702529430389404297e-03
2.992725372314453125e-02
1.163244247436523438e-02
6.653666496276855469e-03
1.524281501770019531e-02
1.977527141571044922e-02
1.278883218765258789e-02
1.826393604278564453e-02
1.975798606872558594e-02
2.122116088867187500e-02
2.645754814147949219e-02
3.051236271858215332e-03
2.337431907653808594e-02
1.330441236495971680e-02
1.693177223205566406e-02
2.340173721313476562e-02
2.643811702728271484e-02
1.459568738937377930e-02
1.468050479888916016e-02
9.858191013336181641e-03
9.092390537261962891e-03
1.557374000549316406e-02
1.732385158538818359e-02
2.646094560623168945e-02
2.448940277099609375e-02
1.321744918823242188e-02
4.604279994964599609e-03
1.802647113800048828e-02
1.811838150024414062e-02
2.360358834266662598e-03
5.638539791107177734e-03
2.370202541351318359e-02
2.631568908691406250e-02
1.800537109375000000e-02
9.594023227691650391e-03
7.178783416748046875e-03
2.297484874725341797e-02
1.499825716018676758e-02
1.860737800598144531e-02
1.399743556976318359e-02
1.482999324798583984e-02
2.747941017150878906e-02
3.321921825408935547e-02
1.917862892150878906e-02
5.203902721405029297e-03
2.537071704864501953e-02
3.384971618652343750e-02
1.971739530563354492e-02
7.447600364685058594e-03
2.293133735656738281e-02
2.667826414108276367e-02
2.248322963714599609e-02
1.620674133300781250e-02
2.577412128448486328e-02
2.257144451141357422e-02
1.199847459793090820e-02
1.521456241607666016e-02
1.692968606948852539e-02
1.543849706649780273e-02
1.393175125122070312e-02
1.663684844970703125e-02
1.074773073196411133e-02
1.726770401000976562e-02
2.204561233520507812e-02
2.650243043899536133e-02
9.853601455688476562e-03
1.550227403640747070e-02
1.220619678497314453e-02
1.977014541625976562e-02
1.007980108261108398e-02
2.073216438293457031e-02
5.056411027908325195e-03
1.934790611267089844e-02
1.244258880615234375e-02
1.076751947402954102e-02
1.552510261535644531e-02
1.806056499481201172e-02
1.790392398834228516e-02
1.834267377853393555e-02
9.381294250488281250e-03
1.908123493194580078e-02
8.998751640319824219e-03
1.025348901748657227e-02
1.466560363769531250e-02
1.411366462707519531e-02
3.211963176727294922e-02
3.055796027183532715e-03
1.658976078033447266e-02
1.014161109924316406e-02
4.743725061416625977e-03
2.221953868865966797e-02
1.899790763854980469e-02
1.276707649230957031e-02
7.694065570831298828e-03
1.987552642822265625e-02
1.575958728790283203e-02
3.336107730865478516e-02
1.280593872070312500e-02
2.266800403594970703e-02
1.805377006530761719e-02
1.805597543716430664e-02
2.199983596801757812e-02
2.248096466064453125e-02
3.082168102264404297e-02
2.484035491943359375e-02
2.500844001770019531e-02
1.317358016967773438e-02
1.750457286834716797e-02
2.059692144393920898e-02
9.063690900802612305e-03
1.247620582580566406e-02
1.309627294540405273e-02
1.984846591949462891e-02
1.994025707244873047e-02
7.994472980499267578e-03
9.134769439697265625e-03
2.805793285369873047e-02
1.129925251007080078e-02
6.585448980331420898e-03
2.274942398071289062e-02
5.192577838897705078e-03
9.212851524353027344e-03
1.612579822540283203e-02
1.170635223388671875e-02
1.686656475067138672e-02
2.451634407043457031e-02
1.102149486541748047e-02
2.446854114532470703e-02
1.013457775115966797e-02
1.918470859527587891e-02
1.394772529602050781e-02
1.311182975769042969e-02
1.138287782669067383e-02
8.214592933654785156e-03
2.988886833190917969e-02
1.239073276519775391e-02
1.544690132141113281e-02
1.480746269226074219e-02
8.361637592315673828e-03
2.042067050933837891e-02
2.032017707824707031e-02
1.659584045410156250e-02
1.667308807373046875e-02
1.386767625808715820e-02
8.649080991744995117e-03
1.044523715972900391e-02
9.998023509979248047e-03
2.754575014114379883e-02
2.931249141693115234e-02
1.997768878936767578e-02
1.179581880569458008e-02
2.685070037841796875e-03
1.235461235046386719e-02
1.297390460968017578e-02
1.876842975616455078e-02
2.835428714752197266e-02
1.429277658462524414e-02
2.247917652130126953e-02
2.176547050476074219e-02
1.190495491027832031e-02
1.000583171844482422e-02
1.196634769439697266e-02
9.496152400970458984e-03
1.531016826629638672e-02
1.178705692291259766e-02
1.681071519851684570e-02
1.146578788757324219e-02
1.267063617706298828e-02
2.302932739257812500e-02
2.133673429489135742e-02
1.981449127197265625e-02
7.483482360839843750e-03
2.048516273498535156e-02
1.276326179504394531e-02
2.111190557479858398e-02
9.837508201599121094e-03
1.245594024658203125e-02
7.890999317169189453e-03
2.404153347015380859e-02
2.597677707672119141e-02
1.224237680435180664e-02
2.209401130676269531e-02
2.746450901031494141e-02
1.625394821166992188e-02
1.661252975463867188e-02
1.809608936309814453e-02
1.477575302124023438e-02
1.896727085113525391e-02
1.390290260314941406e-02
6.484210491180419922e-03
2.125632762908935547e-02
3.417491912841796875e-03
4.747807979583740234e-03
1.233649253845214844e-02
1.635545492172241211e-02
1.344537734985351562e-02
2.319765090942382812e-02
3.354477882385253906e-02
1.216828823089599609e-02
1.121771335601806641e-02
1.423120498657226562e-02
2.172303199768066406e-02
2.597081661224365234e-02
1.797729730606079102e-02
9.004622697830200195e-03
1.653242111206054688e-02
5.137741565704345703e-03
1.405340433120727539e-02
1.866269111633300781e-02
1.396298408508300781e-02
1.528280973434448242e-02
1.639968156814575195e-02
1.963496208190917969e-02
2.099847793579101562e-02
1.499110460281372070e-02
1.284289360046386719e-02
6.171226501464843750e-03
1.560479402542114258e-02
1.813352108001708984e-02
1.174807548522949219e-02
1.588976383209228516e-02
1.250231266021728516e-02
1.740682125091552734e-02
2.246999740600585938e-02
1.528388261795043945e-02
5.361407995223999023e-03
7.626295089721679688e-03
1.278716325759887695e-02
9.350895881652832031e-03
1.283079385757446289e-02
2.477985620498657227e-02
1.433557271957397461e-02
8.417665958404541016e-03
5.549222230911254883e-03
2.027392387390136719e-02
1.877796649932861328e-02
3.059864044189453125e-03
2.029025554656982422e-02
1.981866359710693359e-02
7.592558860778808594e-03
1.455688476562500000e-02
1.446413993835449219e-02
9.578227996826171875e-03
4.680782556533813477e-03
8.258342742919921875e-03
1.346457004547119141e-02
1.589268445968627930e-02
2.079880237579345703e-02
1.544088125228881836e-02
0.000000000000000000e+00
0.000000000000000000e+00
0.000000000000000000e+00
0.000000000000000000e+00
0.000000000000000000e+00
0.000000000000000000e+00
0.000000000000000000e+00
0.000000000000000000e+00
0.000000000000000000e+00
0.000000000000000000e+00
0.000000000000000000e+00
0.000000000000000000e+00
0.000000000000000000e+00
0.000000000000000000e+00
0.000000000000000000e+00
0.000000000000000000e+00
0.000000000000000000e+00
0.000000000000000000e+00
0.000000000000000000e+00
0.000000000000000000e+00
