5.922287702560424805e-03
9.683430194854736328e-03
1.023495197296142578e-02
1.853144168853759766e-02
1.128625869750976562e-02
2.041912078857421875e-02
1.313483715057373047e-02
1.357078552246093750e-02
2.152061462402343750e-02
1.084375381469726562e-02
3.830224275588989258e-03
1.415467262268066406e-02
1.610565185546875000e-02
1.972419023513793945e-02
1.618075370788574219e-02
1.390171051025390625e-02
1.787865161895751953e-02
1.837503910064697266e-02
1.332807540893554688e-02
1.421821117401123047e-02
1.286941766738891602e-02
1.355147361755371094e-02
1.185643672943115234e-02
2.073419094085693359e-02
6.484866142272949219e-03
1.759135723114013672e-02
1.406395435333251953e-02
8.231282234191894531e-03
1.001232862472534180e-02
4.101276397705078125e-03
2.358114719390869141e-02
1.521015167236328125e-02
1.464915275573730469e-02
5.520105361938476562e-03
1.296645402908325195e-02
1.688075065612792969e-02
7.193922996520996094e-03
4.708349704742431641e-03
1.653337478637695312e-02
2.291119098663330078e-02
1.170378923416137695e-02
7.701158523559570312e-03
3.462940454483032227e-03
1.656079292297363281e-02
1.133286952972412109e-02
1.748394966125488281e-02
1.747751235961914062e-02
1.541924476623535156e-02
1.905179023742675781e-02
3.149008750915527344e-02
1.455032825469970703e-02
8.486151695251464844e-03
1.792740821838378906e-02
2.348875999450683594e-02
1.185441017150878906e-02
6.142139434814453125e-03
1.615917682647705078e-02
5.806505680084228516e-03
2.667105197906494141e-02
1.183634996414184570e-02
1.966083049774169922e-02
1.116806268692016602e-02
6.890296936035156250e-03
1.579731702804565430e-02
1.128196716308593750e-02
1.254498958587646484e-02
1.332253217697143555e-02
2.326488494873046875e-02
1.646947860717773438e-02
9.075880050659179688e-03
1.651477813720703125e-02
1.304179430007934570e-02
1.503467559814453125e-02
1.791775226593017578e-02
1.022636890411376953e-02
1.251220703125000000e-02
1.072609424591064453e-02
1.734840869903564453e-02
1.203656196594238281e-02
1.567089557647705078e-02
1.002269983291625977e-02
1.370763778686523438e-02
1.325035095214843750e-02
1.850819587707519531e-02
1.490557193756103516e-02
1.906096935272216797e-02
2.009451389312744141e-02
1.830565929412841797e-02
1.171010732650756836e-02
1.472157239913940430e-02
5.545437335968017578e-03
1.226389408111572266e-02
2.147090435028076172e-02
4.519134759902954102e-03
1.592016220092773438e-02
5.478262901306152344e-03
8.018016815185546875e-03
1.817083358764648438e-02
1.904666423797607422e-02
1.310271024703979492e-02
4.891097545623779297e-03
1.738619804382324219e-02
1.192855834960937500e-02
2.069175243377685547e-02
1.107907295227050781e-02
1.700806617736816406e-02
1.972675323486328125e-02
5.536019802093505859e-03
1.995754241943359375e-02
1.680874824523925781e-02
2.124738693237304688e-02
1.849389076232910156e-02
2.103805541992187500e-02
1.439893245697021484e-02
9.518146514892578125e-03
2.868056297302246094e-02
1.493167877197265625e-02
1.266944408416748047e-02
1.128894090652465820e-02
1.827526092529296875e-02
1.855969429016113281e-02
1.488327980041503906e-02
1.387774944305419922e-02
2.116656303405761719e-02
1.561570167541503906e-02
1.197421550750732422e-02
2.092087268829345703e-02
1.778578758239746094e-02
9.514570236206054688e-03
2.112746238708496094e-02
1.312208175659179688e-02
1.843786239624023438e-02
2.553319931030273438e-02
8.680164813995361328e-03
1.979672908782958984e-02
2.188479900360107422e-02
2.418851852416992188e-02
7.786870002746582031e-03
2.109813690185546875e-02
6.367444992065429688e-03
2.512776851654052734e-02
3.564739227294921875e-02
1.756250858306884766e-02
1.253807544708251953e-02
1.530444622039794922e-02
1.296216249465942383e-02
1.671779155731201172e-02
1.221752166748046875e-02
2.067315578460693359e-02
2.731120586395263672e-02
2.190172672271728516e-02
4.860997200012207031e-03
1.254904270172119141e-02
1.276218891143798828e-02
1.427149772644042969e-02
1.302480697631835938e-02
2.149367332458496094e-02
6.933510303497314453e-03
1.648765802383422852e-02
1.988887786865234375e-02
1.479816436767578125e-02
1.161491870880126953e-02
3.028964996337890625e-02
1.699024438858032227e-02
2.114272117614746094e-02
1.746106147766113281e-02
1.702636480331420898e-02
1.215821504592895508e-02
1.119697093963623047e-02
1.210916042327880859e-02
1.697325706481933594e-02
1.757526397705078125e-02
2.362906932830810547e-02
1.771962642669677734e-02
1.456284523010253906e-02
2.755969762802124023e-02
2.006924152374267578e-02
1.989591121673583984e-02
1.494443416595458984e-02
1.877617835998535156e-02
1.094049215316772461e-02
2.125972509384155273e-02
1.128578186035156250e-02
9.303390979766845703e-03
1.528584957122802734e-02
2.531599998474121094e-02
2.947807312011718750e-02
1.409304141998291016e-02
2.722346782684326172e-02
3.671169281005859375e-02
1.615238189697265625e-02
1.650166511535644531e-02
1.781511306762695312e-02
1.304966211318969727e-02
1.923513412475585938e-02
9.899735450744628906e-03
1.316899061203002930e-02
2.004754543304443359e-02
8.430659770965576172e-03
5.058884620666503906e-03
7.156789302825927734e-03
1.181566715240478516e-02
1.018810272216796875e-02
1.941764354705810547e-02
2.239680290222167969e-02
1.534795761108398438e-02
9.843468666076660156e-03
1.943945884704589844e-02
1.406896114349365234e-02
2.457046508789062500e-02
1.657110452651977539e-02
2.846682071685791016e-02
1.273059844970703125e-02
8.998811244964599609e-03
1.202225685119628906e-02
8.623600006103515625e-03
1.360058784484863281e-02
1.453745365142822266e-02
2.352380752563476562e-02
2.081048488616943359e-02
2.296972274780273438e-02
7.245838642120361328e-03
1.302772760391235352e-02
1.353418827056884766e-02
1.628649234771728516e-02
1.276302337646484375e-02
1.059091091156005859e-02
8.704602718353271484e-03
1.257920265197753906e-02
1.435601711273193359e-02
1.429116725921630859e-02
9.323894977569580078e-03
1.250982284545898438e-02
6.710648536682128906e-03
1.474487781524658203e-02
1.613330841064453125e-02
2.047371864318847656e-02
1.642459630966186523e-02
1.644349098205566406e-02
1.129388809204101562e-02
1.522564888000488281e-02
1.793861389160156250e-02
2.188336849212646484e-02
3.949046134948730469e-03
1.817703247070312500e-02
1.602864265441894531e-02
1.172167062759399414e-02
9.453833103179931641e-03
1.659810543060302734e-02
9.406566619873046875e-03
1.558470726013183594e-02
7.972538471221923828e-03
1.196110248565673828e-02
1.133406162261962891e-02
2.041268348693847656e-02
1.828336715698242188e-02
0.000000000000000000e+00
0.000000000000000000e+00
0.000000000000000000e+00
0.000000000000000000e+00
0.000000000000000000e+00
0.000000000000000000e+00
0.000000000000000000e+00
0.000000000000000000e+00
0.000000000000000000e+00
0.000000000000000000e+00
0.000000000000000000e+00
0.000000000000000000e+00
0.000000000000000000e+00
0.000000000000000000e+00
0.000000000000000000e+00
0.000000000000000000e+00
0.000000000000000000e+00
0.000000000000000000e+00
0.000000000000000000e+00
0.000000000000000000e+00
