3.222748637199401855e-04
7.279217243194580078e-03
8.037313818931579590e-04
5.663372576236724854e-05
3.970824182033538818e-04
1.231200993061065674e-03
1.357421278953552246e-03
1.412540674209594727e-03
9.969949722290039062e-03
1.886663958430290222e-04
4.493445158004760742e-04
7.369667291641235352e-03
1.150190830230712891e-02
7.258877158164978027e-04
4.833703860640525818e-05
2.032274007797241211e-02
5.967915058135986328e-05
1.414179801940917969e-02
1.049530506134033203e-02
3.341678529977798462e-05
1.957602798938751221e-04
1.110821962356567383e-03
1.235181093215942383e-02
5.292832851409912109e-03
1.655679941177368164e-02
2.366527915000915527e-03
3.861747682094573975e-04
6.321817636489868164e-03
4.469305276870727539e-03
3.996312618255615234e-03
2.501383423805236816e-03
5.924910306930541992e-03
2.705454826354980469e-03
1.267504692077636719e-02
3.881126642227172852e-03
2.790689468383789062e-03
2.444326877593994141e-03
4.576683044433593750e-03
2.124518156051635742e-02
2.149224281311035156e-03
8.666794747114181519e-05
8.077293634414672852e-03
6.904572248458862305e-03
1.136615872383117676e-03
8.084252476692199707e-04
2.351496368646621704e-04
1.389235258102416992e-03
2.434238791465759277e-03
2.268975973129272461e-02
3.426847979426383972e-05
2.546906471252441406e-04
3.056704998016357422e-03
6.257534027099609375e-03
9.982031770050525665e-06
1.343649625778198242e-02
2.422817051410675049e-04
3.480911254882812500e-03
1.002836506813764572e-05
1.507267355918884277e-03
6.843125447630882263e-06
2.873316407203674316e-03
1.278176903724670410e-03
2.371117472648620605e-03
1.604253053665161133e-02
2.969894558191299438e-05
1.869633793830871582e-03
3.697425127029418945e-04
1.591309905052185059e-03
1.893395185470581055e-02
5.148172378540039062e-03
7.992535829544067383e-04
1.078750938177108765e-04
7.028132677078247070e-04
1.192763447761535645e-03
1.272892951965332031e-02
2.438742667436599731e-04
1.784309744834899902e-03
6.305307149887084961e-03
7.167488336563110352e-03
1.082103699445724487e-04
1.565173268318176270e-03
8.937001228332519531e-03
9.878695011138916016e-03
2.420151233673095703e-02
1.260705175809562206e-06
5.181645974516868591e-05
4.887521266937255859e-03
2.981379628181457520e-03
3.300517797470092773e-03
8.603572845458984375e-03
3.646360710263252258e-05
4.449874162673950195e-03
6.505928467959165573e-06
6.600841879844665527e-04
2.774074673652648926e-04
6.534218788146972656e-03
3.332761116325855255e-05
2.387072890996932983e-05
8.053421974182128906e-03
9.407520294189453125e-03
3.309592604637145996e-03
2.008241415023803711e-02
9.886920452117919922e-04
2.382147312164306641e-02
1.965984702110290527e-03
3.613948822021484375e-03
1.637727022171020508e-03
4.255250096321105957e-04
1.479178667068481445e-02
1.689094305038452148e-02
1.506394147872924805e-02
1.011826097965240479e-04
1.353216171264648438e-02
2.377170324325561523e-02
1.546418666839599609e-02
2.834111452102661133e-03
2.232007682323455811e-04
1.807010173797607422e-02
1.591257750988006592e-05
5.903467535972595215e-04
6.502747535705566406e-03
5.216866731643676758e-03
8.643604815006256104e-05
1.934766769409179688e-04
1.268982887268066406e-02
2.344638109207153320e-03
2.308690547943115234e-02
2.786666154861450195e-04
6.993055343627929688e-03
4.014419391751289368e-05
4.701405763626098633e-03
4.396408796310424805e-03
2.418309450149536133e-03
2.003133296966552734e-03
2.189800143241882324e-03
2.194786071777343750e-02
1.016885042190551758e-03
1.007847487926483154e-03
2.112835645675659180e-03
5.982667207717895508e-04
9.334325790405273438e-03
8.232519030570983887e-05
3.062412142753601074e-03
6.010010838508605957e-05
8.798483759164810181e-05
6.613228470087051392e-05
8.504744619131088257e-05
1.149016618728637695e-02
3.413558006286621094e-03
5.205348134040832520e-05
5.109548568725585938e-03
8.116960525512695312e-03
3.544867038726806641e-03
1.050284481607377529e-06
1.296508312225341797e-02
4.260381683707237244e-05
1.531955786049365997e-05
1.598671078681945801e-03
1.375204324722290039e-02
8.588254451751708984e-03
7.555007934570312500e-03
1.292097568511962891e-02
7.479637861251831055e-03
2.532675862312316895e-03
4.376113414764404297e-03
1.415234804153442383e-02
1.615852117538452148e-03
6.798356771469116211e-03
1.889064908027648926e-03
6.470680236816406250e-03
3.624940291047096252e-05
1.991033554077148438e-03
4.193186759948730469e-04
2.023560227826237679e-06
1.421105861663818359e-02
1.052051782608032227e-02
2.876780927181243896e-04
3.786236047744750977e-03
2.125790342688560486e-05
1.739042997360229492e-02
9.305298328399658203e-03
7.254257798194885254e-04
8.418679237365722656e-03
2.757638692855834961e-03
3.481388092041015625e-03
6.036609411239624023e-03
1.088440418243408203e-02
8.140504360198974609e-03
5.059018731117248535e-04
6.662696599960327148e-03
2.818852663040161133e-03
3.756433725357055664e-03
1.391774415969848633e-02
7.781624794006347656e-03
3.028288483619689941e-04
1.893597841262817383e-02
3.354370594024658203e-03
2.577342092990875244e-04
5.789771676063537598e-04
6.384253501892089844e-04
4.509405698627233505e-06
3.376305103302001953e-03
6.822884082794189453e-03
5.554676055908203125e-03
1.013182103633880615e-03
2.036914229393005371e-03
9.367614984512329102e-04
1.650643348693847656e-02
2.006691694259643555e-02
7.144451141357421875e-03
7.330700755119323730e-04
5.735121667385101318e-04
2.012113109230995178e-04
2.051696181297302246e-03
5.135595798492431641e-03
8.759498596191406250e-04
1.066040992736816406e-02
8.886009454727172852e-04
1.861542463302612305e-03
1.348668336868286133e-02
5.512014031410217285e-04
1.790118217468261719e-02
8.514523506164550781e-04
6.931424140930175781e-03
2.639591693878173828e-03
2.959340810775756836e-03
4.865881055593490601e-05
8.447766304016113281e-03
1.009339094161987305e-02
2.614378929138183594e-03
2.738069742918014526e-04
3.454424440860748291e-04
2.414643764495849609e-03
1.042711734771728516e-02
7.266402244567871094e-03
7.456481456756591797e-03
2.350412309169769287e-03
3.186380490660667419e-05
9.434461593627929688e-03
3.408670425415039062e-03
9.013652801513671875e-03
1.110619306564331055e-02
1.145726442337036133e-02
1.000642776489257812e-02
1.149430871009826660e-03
7.848069071769714355e-05
4.330798983573913574e-04
3.020949661731719971e-04
4.468351602554321289e-03
1.036590337753295898e-02
1.001876592636108398e-02
1.512765884399414062e-04
1.000648736953735352e-02
4.438348114490509033e-04
1.484787464141845703e-02
3.299757838249206543e-03
1.426488161087036133e-03
2.633869647979736328e-03
7.212907075881958008e-03
1.316082477569580078e-02
1.097601652145385742e-02
9.995043277740478516e-03
1.101124286651611328e-02
1.950994133949279785e-03
1.585286855697631836e-02
4.718959331512451172e-03
4.310935735702514648e-03
1.573115587234497070e-02
3.819763660430908203e-04
2.563232555985450745e-05
7.673025131225585938e-03
1.497805118560791016e-03
3.669075667858123779e-04
2.541095018386840820e-03
1.370295882225036621e-03
1.494484022259712219e-04
1.377028226852416992e-02
1.134730875492095947e-03
1.804912090301513672e-02
6.051212549209594727e-04
1.188710331916809082e-03
6.493516266345977783e-04
8.261680603027343750e-03
1.131540536880493164e-02
7.037520408630371094e-03
2.561271190643310547e-03
1.358374953269958496e-03
7.938314229249954224e-05
2.526208758354187012e-03
4.009231925010681152e-04
3.345668315887451172e-03
2.889513969421386719e-03
4.745289683341979980e-03
1.170986797660589218e-05
3.392726182937622070e-03
2.235114574432373047e-03
4.135251045227050781e-03
2.493448555469512939e-04
7.976949214935302734e-03
8.352939039468765259e-05
3.967061638832092285e-04
3.703981637954711914e-04
1.716271042823791504e-03
6.511434912681579590e-04
1.074187457561492920e-04
6.902310997247695923e-05
1.754462718963623047e-03
2.333521842956542969e-03
9.338974952697753906e-03
9.552359580993652344e-03
2.776831388473510742e-03
3.547239303588867188e-02
1.670001074671745300e-05
7.332712411880493164e-03
2.213269472122192383e-03
2.068006992340087891e-02
1.009351015090942383e-02
1.329964399337768555e-02
1.158189773559570312e-02
1.733958721160888672e-02
1.009708642959594727e-02
3.542806953191757202e-04
2.057868987321853638e-04
2.572238445281982422e-03
4.749923944473266602e-03
1.367151737213134766e-03
1.482069492340087891e-02
1.375619322061538696e-04
3.031492233276367188e-03
3.009021282196044922e-03
1.904499530792236328e-02
7.134899497032165527e-04
1.405704021453857422e-02
8.930861949920654297e-04
1.234477758407592773e-02
1.709258556365966797e-02
1.675665378570556641e-03
1.966580748558044434e-03
9.733498096466064453e-03
8.497714996337890625e-03
8.474647998809814453e-03
1.521986722946166992e-02
5.725771188735961914e-05
3.686040639877319336e-03
5.037128925323486328e-03
4.989802837371826172e-03
9.367525577545166016e-03
2.848133444786071777e-03
4.312708973884582520e-03
1.707589626312255859e-02
1.316562294960021973e-03
1.050205901265144348e-04
6.010472774505615234e-03
1.606178283691406250e-02
5.601197481155395508e-04
1.174676418304443359e-02
4.859983921051025391e-03
3.675068728625774384e-05
1.379358768463134766e-02
1.828998327255249023e-03
3.270864486694335938e-03
9.599000215530395508e-03
1.062452793121337891e-04
4.569560289382934570e-03
9.592175483703613281e-03
1.911446452140808105e-05
3.107696771621704102e-03
1.019221544265747070e-02
1.480680704116821289e-02
1.669752597808837891e-02
3.007724881172180176e-03
1.546807587146759033e-03
9.623527526855468750e-03
7.798612117767333984e-03
2.065896987915039062e-04
1.114356517791748047e-02
1.449865102767944336e-02
1.615053415298461914e-02
2.803802490234375000e-03
7.122457027435302734e-03
1.007970422506332397e-04
1.016274094581604004e-03
2.759490162134170532e-04
2.505723387002944946e-04
6.025098264217376709e-04
7.485538721084594727e-03
6.457448005676269531e-03
7.121145725250244141e-03
3.674358129501342773e-03
2.973172813653945923e-04
2.302244305610656738e-03
1.222473382949829102e-02
3.747403621673583984e-02
3.889203071594238281e-03
2.369105815887451172e-02
6.034672260284423828e-04
4.730373620986938477e-03
7.449209690093994141e-03
8.407473564147949219e-03
8.641362190246582031e-03
3.450453281402587891e-03
5.836308002471923828e-03
2.625584602355957031e-03
1.523829996585845947e-04
1.870727539062500000e-02
1.214051246643066406e-02
1.599681377410888672e-02
7.863163948059082031e-03
1.060837507247924805e-02
4.774183034896850586e-03
1.359224319458007812e-02
7.959425449371337891e-03
7.364153861999511719e-03
4.971846938133239746e-04
1.323811709880828857e-03
2.127200365066528320e-03
4.351615905761718750e-03
1.327455043792724609e-03
7.887005805969238281e-03
1.130349934101104736e-03
1.378846168518066406e-02
2.117699384689331055e-02
1.685953140258789062e-02
1.167529821395874023e-02
1.372003555297851562e-02
1.923823356628417969e-02
1.966953277587890625e-03
7.644593715667724609e-03
1.022219657897949219e-03
1.419413089752197266e-02
1.094889640808105469e-02
1.442265510559082031e-02
4.550721496343612671e-05
5.402415990829467773e-03
8.687555789947509766e-03
6.370127201080322266e-03
4.789292812347412109e-03
6.793737411499023438e-03
8.219927549362182617e-04
1.402273774147033691e-03
1.527167856693267822e-03
6.626397371292114258e-04
8.276626467704772949e-04
5.581021308898925781e-03
1.624673604965209961e-04
6.086945533752441406e-03
1.016855239868164062e-02
3.789752721786499023e-03
1.311773061752319336e-02
1.755541563034057617e-02
2.350550889968872070e-02
8.126735687255859375e-03
5.409985780715942383e-03
1.355767250061035156e-02
1.645669341087341309e-03
6.447166204452514648e-03
3.078818321228027344e-03
4.039615392684936523e-03
2.032697200775146484e-03
1.559760421514511108e-04
1.803839206695556641e-02
9.221732616424560547e-03
9.287148714065551758e-04
1.694750785827636719e-02
1.888364553451538086e-03
2.202512696385383606e-04
1.910239458084106445e-02
2.067326568067073822e-05
1.613803207874298096e-03
1.108556985855102539e-02
8.842051029205322266e-04
7.351577281951904297e-03
6.430089473724365234e-03
1.487064361572265625e-02
1.896846294403076172e-02
6.431847810745239258e-03
4.310369491577148438e-03
2.006329596042633057e-04
1.034945249557495117e-02
6.006300449371337891e-03
6.596028804779052734e-03
2.087795734405517578e-02
1.036065816879272461e-02
2.845190465450286865e-04
3.997199237346649170e-04
4.685521125793457031e-03
1.496579498052597046e-04
1.121155917644500732e-03
1.803898811340332031e-02
2.928590774536132812e-02
2.872079610824584961e-03
3.166764974594116211e-03
1.561820507049560547e-03
1.913830637931823730e-03
5.665086209774017334e-04
7.212311029434204102e-03
1.717977225780487061e-03
1.033544540405273438e-03
9.077861905097961426e-04
1.156049966812133789e-02
2.215906977653503418e-03
3.011710941791534424e-05
3.778278827667236328e-03
1.237094402313232422e-04
1.049661636352539062e-02
1.136779785156250000e-02
1.292908191680908203e-02
7.989615201950073242e-03
6.710529327392578125e-03
1.729853451251983643e-03
2.381056547164916992e-02
2.358034253120422363e-04
1.330047845840454102e-02
1.487508416175842285e-04
8.875243365764617920e-04
1.317334175109863281e-02
5.527406930923461914e-03
5.147159099578857422e-03
2.868533134460449219e-03
1.452338695526123047e-02
3.003999590873718262e-03
1.053228974342346191e-03
2.435207366943359375e-02
1.978322863578796387e-03
9.580552577972412109e-04
1.558162271976470947e-03
2.476684749126434326e-04
1.231348514556884766e-02
1.933258026838302612e-04
3.233142197132110596e-04
1.397246122360229492e-02
8.069425821304321289e-04
1.389130949974060059e-03
4.553079605102539062e-03
2.241802215576171875e-02
1.632308959960937500e-02
1.738436520099639893e-03
1.106566190719604492e-02
2.013611793518066406e-02
1.461875438690185547e-02
1.199029386043548584e-03
1.671648025512695312e-02
3.642559051513671875e-03
1.811015605926513672e-02
1.920327544212341309e-03
5.929991602897644043e-04
7.204800844192504883e-03
1.985855400562286377e-03
5.291134119033813477e-03
2.893447875976562500e-03
5.826920270919799805e-03
4.009485244750976562e-03
2.085924148559570312e-03
1.445515081286430359e-04
2.815015614032745361e-04
1.511889696121215820e-02
9.196698665618896484e-03
9.920485317707061768e-04
3.298893570899963379e-03
4.804581403732299805e-04
2.438563108444213867e-02
1.266938447952270508e-02
1.320654153823852539e-02
1.080119982361793518e-04
1.779496669769287109e-03
3.832101821899414062e-03
1.256667077541351318e-03
1.797652244567871094e-02
6.424546241760253906e-03
1.316718757152557373e-03
1.074999570846557617e-02
9.651064872741699219e-03
6.009012460708618164e-03
1.364266872406005859e-02
1.008814573287963867e-02
1.659739017486572266e-02
7.004439830780029297e-03
1.299762725830078125e-02
3.464445471763610840e-04
1.703506708145141602e-02
5.513966083526611328e-03
2.509802579879760742e-04
3.724634647369384766e-03
2.330750226974487305e-03
1.691079139709472656e-02
1.242327690124511719e-02
5.169600248336791992e-03
2.325594425201416016e-03
4.760902374982833862e-04
1.001708209514617920e-03
7.250308990478515625e-03
2.015858888626098633e-03
1.629270613193511963e-03
1.793789863586425781e-02
1.984441280364990234e-02
4.982024431228637695e-03
1.218669116497039795e-03
1.501107215881347656e-02
1.613438129425048828e-02
7.657036185264587402e-04
2.368673682212829590e-03
5.148798227310180664e-04
6.498306989669799805e-03
1.835060119628906250e-02
6.970196962356567383e-03
1.591157913208007812e-02
1.005357503890991211e-02
3.647105768322944641e-05
8.499503135681152344e-03
2.210140228271484375e-02
1.079940795898437500e-02
3.763735294342041016e-03
2.646908164024353027e-03
1.065987348556518555e-02
1.513659954071044922e-03
1.218855381011962891e-03
1.259660720825195312e-02
1.010584831237792969e-02
2.324181795120239258e-02
3.032535314559936523e-03
1.069861650466918945e-02
1.515370607376098633e-02
2.655431628227233887e-03
1.276195049285888672e-02
1.015618443489074707e-03
4.088789224624633789e-03
1.563653349876403809e-03
6.514161825180053711e-03
2.708655595779418945e-02
5.855977535247802734e-03
8.039236068725585938e-03
5.385652184486389160e-04
2.800852060317993164e-03
9.468346834182739258e-04
2.603933215141296387e-03
8.965134620666503906e-04
9.910464286804199219e-03
4.368871450424194336e-03
5.075223743915557861e-04
1.886034011840820312e-02
1.068153977394104004e-02
1.822054386138916016e-02
1.522707939147949219e-02
5.985349416732788086e-03
1.083455979824066162e-03
6.077945232391357422e-03
1.634992659091949463e-03
7.277905941009521484e-03
1.810312271118164062e-03
2.754867076873779297e-03
3.629386425018310547e-03
5.115307867527008057e-04
5.070984363555908203e-03
1.494005322456359863e-03
4.348848015069961548e-04
4.188895225524902344e-03
2.664118073880672455e-05
7.829628884792327881e-05
1.527559757232666016e-02
7.338881492614746094e-03
1.602597534656524658e-03
9.950518608093261719e-03
2.919048070907592773e-03
2.738445997238159180e-02
3.665566444396972656e-03
7.035404443740844727e-03
1.715439558029174805e-02
2.108290791511535645e-03
8.221492171287536621e-04
3.130212426185607910e-04
1.967653632164001465e-03
1.683503389358520508e-03
1.713871955871582031e-03
1.144081354141235352e-02
1.507937908172607422e-02
5.671799182891845703e-03
4.868675023317337036e-04
3.780409693717956543e-03
4.186183214187622070e-04
1.749351620674133301e-03
6.437808275222778320e-03
1.822888851165771484e-03
1.669609919190406799e-04
4.555992782115936279e-04
3.885149955749511719e-03
3.598779439926147461e-03
4.894137382507324219e-03
1.126092672348022461e-02
6.991416215896606445e-03
1.959741115570068359e-02
4.498183727264404297e-03
2.439677715301513672e-02
1.165860891342163086e-02
6.628334522247314453e-03
8.391261100769042969e-03
1.796081662178039551e-03
1.297444105148315430e-02
1.530003547668457031e-02
5.184292793273925781e-03
2.022311091423034668e-04
2.112662792205810547e-02
6.900101900100708008e-03
3.333806991577148438e-03
1.727515459060668945e-02
2.014052867889404297e-02
3.197985887527465820e-02
1.112949848175048828e-02
1.039904356002807617e-02
6.711900234222412109e-03
1.171767711639404297e-03
7.452458143234252930e-03
7.006436586380004883e-03
3.539487719535827637e-03
1.538209617137908936e-03
2.998638153076171875e-02
2.072840929031372070e-03
8.348226547241210938e-03
2.422225475311279297e-02
1.807004213333129883e-03
3.143936395645141602e-03
4.321604967117309570e-03
2.274781465530395508e-03
8.328795433044433594e-03
4.520080983638763428e-04
1.647633314132690430e-02
1.928293704986572266e-02
5.852520465850830078e-03
1.412683725357055664e-02
2.840548753738403320e-03
2.629801630973815918e-03
2.033567428588867188e-02
2.178001403808593750e-02
2.141624689102172852e-03
1.389551162719726562e-02
3.202587366104125977e-02
1.409232616424560547e-02
1.369857788085937500e-02
1.735478639602661133e-03
9.358525276184082031e-04
3.160294145345687866e-04
2.524659037590026855e-03
4.530437290668487549e-04
2.417230606079101562e-02
5.473464727401733398e-03
4.521831870079040527e-04
1.331403851509094238e-03
1.136326789855957031e-02
2.396807074546813965e-03
1.847159862518310547e-02
9.439349174499511719e-03
2.545237541198730469e-02
2.361893653869628906e-03
7.425606250762939453e-03
2.902019023895263672e-02
3.408133983612060547e-03
1.143008470535278320e-03
1.093991100788116455e-03
1.588863134384155273e-02
1.645572483539581299e-04
9.613484144210815430e-04
1.283133029937744141e-02
7.087141275405883789e-04
2.393698692321777344e-02
1.144915819168090820e-02
3.561079502105712891e-03
1.801252365112304688e-03
1.844763755798339844e-03
6.982922554016113281e-03
2.374425530433654785e-04
3.098696470260620117e-03
5.211174488067626953e-03
4.359930753707885742e-03
1.325026154518127441e-03
2.900660037994384766e-03
1.061707735061645508e-02
7.706820964813232422e-03
1.059226691722869873e-03
3.793329000473022461e-03
1.013576984405517578e-03
1.749321818351745605e-03
1.151311397552490234e-02
1.228845119476318359e-02
7.751703262329101562e-03
6.007552146911621094e-03
2.513304352760314941e-03
2.683758735656738281e-03
4.974901676177978516e-03
9.180665016174316406e-03
1.585602760314941406e-03
4.237234592437744141e-03
1.047089695930480957e-03
2.566963434219360352e-03
1.752808690071105957e-03
9.267449378967285156e-03
5.037426948547363281e-03
5.442023277282714844e-03
6.762415170669555664e-03
3.488302230834960938e-03
3.205478191375732422e-03
4.642218351364135742e-03
1.942127943038940430e-03
2.660542726516723633e-03
4.375576972961425781e-03
8.300662040710449219e-03
4.043430089950561523e-03
6.728976964950561523e-03
1.786183565855026245e-04
2.740740776062011719e-03
5.089432001113891602e-03
4.908978939056396484e-03
3.023631870746612549e-05
8.880436420440673828e-03
8.470118045806884766e-04
3.332555294036865234e-03
3.740549087524414062e-03
1.500701904296875000e-02
2.309918403625488281e-03
6.329834461212158203e-03
1.731991767883300781e-03
1.625344157218933105e-04
4.187636077404022217e-04
5.384683609008789062e-03
3.181546926498413086e-03
2.197206020355224609e-03
4.057794809341430664e-03
1.665867865085601807e-03
6.872639060020446777e-04
8.192181587219238281e-03
2.454537153244018555e-02
2.911359071731567383e-03
4.139691591262817383e-04
6.091237068176269531e-03
7.019162178039550781e-03
1.615226268768310547e-03
1.896029710769653320e-02
1.868531107902526855e-03
6.672918796539306641e-03
1.273810863494873047e-02
6.724745035171508789e-04
2.348914742469787598e-03
1.369822025299072266e-02
5.416661500930786133e-03
8.437216281890869141e-03
6.232298910617828369e-04
3.049105405807495117e-03
2.826035022735595703e-02
1.393705606460571289e-02
1.901531219482421875e-02
3.667175769805908203e-03
3.530114889144897461e-03
2.271264791488647461e-03
2.113819122314453125e-03
1.474142074584960938e-03
6.748884916305541992e-04
4.155516624450683594e-03
1.307189464569091797e-02
7.426321506500244141e-03
3.876024857163429260e-05
1.694786548614501953e-02
3.325909376144409180e-03
3.590092062950134277e-03
2.049493789672851562e-02
5.574263632297515869e-04
5.850970745086669922e-03
1.295143365859985352e-02
2.819311618804931641e-02
8.820712566375732422e-03
1.224571466445922852e-02
1.626163721084594727e-02
7.081916555762290955e-05
1.764651387929916382e-04
1.307064294815063477e-02
5.921661853790283203e-03
5.755238234996795654e-04
2.174091339111328125e-02
1.722514629364013672e-02
2.878271043300628662e-04
3.267437219619750977e-03
3.980427980422973633e-03
3.117263317108154297e-03
8.264780044555664062e-03
1.092121005058288574e-03
2.705276012420654297e-03
6.204277276992797852e-03
2.292901277542114258e-03
2.331823110580444336e-03
1.090967655181884766e-02
1.754134893417358398e-03
4.387423396110534668e-04
4.116669297218322754e-03
1.179054379463195801e-03
1.560366153717041016e-02
3.749459981918334961e-03
1.971507072448730469e-02
2.328026294708251953e-02
5.773082375526428223e-04
1.447594165802001953e-02
2.325743436813354492e-03
8.389353752136230469e-04
3.518331050872802734e-02
1.622188091278076172e-02
2.986311912536621094e-03
2.306364476680755615e-04
1.389813423156738281e-02
7.738769054412841797e-04
1.432442665100097656e-02
7.217168807983398438e-03
2.424091100692749023e-03
1.329213380813598633e-03
4.948884248733520508e-03
2.707600593566894531e-03
2.340626716613769531e-02
5.232393741607666016e-04
1.250302791595458984e-02
1.229926943778991699e-03
3.264129161834716797e-03
7.397979497909545898e-04
4.942119121551513672e-03
3.021568059921264648e-03
4.869580268859863281e-03
1.543796062469482422e-02
6.339788436889648438e-03
3.686010837554931641e-03
3.301799297332763672e-04
3.360241651535034180e-03
1.069881021976470947e-03
3.874212503433227539e-03
1.753711700439453125e-02
5.340933799743652344e-03
2.980545163154602051e-03
3.852814435958862305e-03
1.280826330184936523e-02
2.841234207153320312e-03
4.981964826583862305e-03
1.436638832092285156e-02
2.422118186950683594e-02
2.337491512298583984e-02
2.311587333679199219e-03
2.575337886810302734e-03
3.056615591049194336e-03
2.277657389640808105e-03
2.026289701461791992e-03
3.722116351127624512e-03
1.047676801681518555e-02
9.398102760314941406e-03
8.249282836914062500e-03
6.031364202499389648e-03
8.429825305938720703e-03
1.869261264801025391e-03
8.733510971069335938e-03
1.948729157447814941e-03
1.642525196075439453e-02
2.363651990890502930e-03
3.687465190887451172e-02
8.286163210868835449e-04
4.029035568237304688e-03
1.890212297439575195e-03
9.575963020324707031e-03
2.668082714080810547e-03
7.749706506729125977e-03
1.737490296363830566e-03
2.033546566963195801e-03
2.105355262756347656e-03
1.607668399810791016e-02
8.101344108581542969e-03
1.714728772640228271e-03
2.473020553588867188e-02
3.570973873138427734e-03
6.150081753730773926e-04
7.635205984115600586e-04
1.247137784957885742e-02
1.079648733139038086e-02
6.863236427307128906e-03
3.234073519706726074e-03
1.285538077354431152e-03
1.747733354568481445e-02
6.426751613616943359e-03
2.426564693450927734e-03
5.139052867889404297e-03
6.542652845382690430e-03
7.738173007965087891e-05
9.525716304779052734e-03
1.043176651000976562e-02
1.949854195117950439e-04
1.198098063468933105e-03
1.482737064361572266e-02
1.338547468185424805e-02
2.826988697052001953e-03
6.464123725891113281e-03
1.172196865081787109e-02
2.676859498023986816e-03
2.365231513977050781e-03
2.050745487213134766e-02
1.140975952148437500e-02
9.525716304779052734e-04
2.772182226181030273e-03
1.137807965278625488e-03
4.450052976608276367e-03
2.780497074127197266e-03
3.762170672416687012e-04
5.598068237304687500e-03
5.668476223945617676e-04
1.164362765848636627e-05
2.378606796264648438e-02
5.070388317108154297e-03
1.936390995979309082e-03
6.100267171859741211e-03
1.073819398880004883e-02
2.417579293251037598e-03
9.595811367034912109e-03
4.513978958129882812e-03
3.446221351623535156e-03
1.101303100585937500e-02
1.101076602935791016e-02
3.196656703948974609e-03
2.670085430145263672e-02
3.057010471820831299e-04
4.124075174331665039e-03
2.643853425979614258e-03
2.746254205703735352e-03
2.013897895812988281e-02
6.248503923416137695e-03
1.637771725654602051e-03
3.469154238700866699e-03
1.187568902969360352e-02
1.311808824539184570e-02
1.313811540603637695e-02
9.125769138336181641e-03
1.467204093933105469e-02
2.080991864204406738e-03
1.038588583469390869e-03
3.301978111267089844e-03
3.094172477722167969e-02
8.115231990814208984e-03
1.526013016700744629e-03
6.260424852371215820e-04
1.525068283081054688e-02
1.786082983016967773e-03
4.744827747344970703e-03
1.693081855773925781e-02
7.170259952545166016e-03
1.446640491485595703e-02
4.115670919418334961e-03
1.063875854015350342e-03
8.435666561126708984e-03
7.608383893966674805e-04
3.930419683456420898e-03
1.230403780937194824e-03
8.584558963775634766e-03
8.225172758102416992e-03
1.885309815406799316e-03
1.979410648345947266e-03
9.438171982765197754e-04
2.486139535903930664e-03
4.041522741317749023e-03
1.005637645721435547e-02
1.542121171951293945e-03
3.708496689796447754e-03
4.850000143051147461e-03
3.302603960037231445e-03
2.155756950378417969e-02
1.063406467437744141e-03
2.983994781970977783e-04
3.187879920005798340e-03
4.536747932434082031e-03
1.514303684234619141e-02
2.959871292114257812e-02
7.221758365631103516e-03
6.429731845855712891e-03
3.379061818122863770e-04
5.148023366928100586e-03
6.311535835266113281e-03
4.265224561095237732e-05
6.154417991638183594e-03
1.138550043106079102e-02
1.618176698684692383e-03
2.058312296867370605e-03
5.131936632096767426e-05
3.131970763206481934e-03
1.645433902740478516e-02
1.236975193023681641e-03
2.875626087188720703e-03
1.240366697311401367e-02
9.646564722061157227e-04
1.510292291641235352e-03
1.754462718963623047e-02
1.229470968246459961e-02
3.286600112915039062e-03
1.155078411102294922e-02
6.373152136802673340e-04
9.953498840332031250e-03
1.084953546524047852e-02
1.674550771713256836e-02
2.797752618789672852e-03
3.188580274581909180e-03
9.892523288726806641e-03
7.790550589561462402e-04
9.291559457778930664e-03
2.534180879592895508e-03
1.117575168609619141e-02
1.303113996982574463e-03
1.875143498182296753e-04
2.037519216537475586e-02
1.412087678909301758e-02
1.365745067596435547e-02
1.578785479068756104e-03
1.119780540466308594e-02
2.972483634948730469e-03
2.095997333526611328e-02
5.438923835754394531e-03
1.284545660018920898e-02
6.313920021057128906e-03
3.454595804214477539e-03
1.414918899536132812e-02
5.973666906356811523e-03
7.598400115966796875e-03
4.205219447612762451e-04
2.595037221908569336e-03
3.239840269088745117e-03
3.724515438079833984e-03
6.412237882614135742e-03
6.494164466857910156e-03
3.605663776397705078e-03
1.180374622344970703e-02
4.213213920593261719e-03
8.765339851379394531e-03
1.641815900802612305e-02
1.534938812255859375e-03
1.274600625038146973e-03
6.269246339797973633e-03
1.197439432144165039e-02
1.011687517166137695e-02
1.361441612243652344e-02
8.898884057998657227e-03
5.864322185516357422e-03
1.175858080387115479e-03
7.595598697662353516e-03
6.265550851821899414e-03
6.527341902256011963e-04
2.219450473785400391e-02
3.753006458282470703e-03
4.666484892368316650e-04
8.413791656494140625e-03
8.199512958526611328e-04
7.438734173774719238e-04
2.879817038774490356e-04
7.119029760360717773e-03
1.007020473480224609e-03
6.322801113128662109e-03
3.461033105850219727e-03
1.896545290946960449e-04
1.091015338897705078e-02
2.277642488479614258e-03
5.790591239929199219e-03
7.054328918457031250e-03
1.470923423767089844e-03
6.580233573913574219e-03
4.943385720252990723e-04
1.166008412837982178e-03
9.437292814254760742e-03
2.393692731857299805e-03
1.651436090469360352e-03
2.099418640136718750e-02
2.141878008842468262e-03
5.322456359863281250e-03
4.996418952941894531e-03
1.396849751472473145e-03
1.900863647460937500e-02
4.799813032150268555e-04
4.895664751529693604e-04
5.005821585655212402e-04
2.111178636550903320e-02
1.712009310722351074e-03
2.918273210525512695e-03
3.013551235198974609e-03
5.040675401687622070e-03
8.715242147445678711e-04
2.995654940605163574e-03
8.232235908508300781e-03
6.812810897827148438e-03
2.737075090408325195e-03
4.225701093673706055e-03
1.803096383810043335e-04
8.332282304763793945e-04
1.294307410717010498e-03
4.583448171615600586e-04
7.583141326904296875e-03
3.595463931560516357e-05
4.723891615867614746e-04
6.642490625381469727e-03
6.222948431968688965e-04
1.042860746383666992e-02
5.648122169077396393e-06
6.069988012313842773e-03
3.165334463119506836e-03
1.298606395721435547e-03
1.218438148498535156e-03
7.619522511959075928e-05
7.648486644029617310e-05
6.496859714388847351e-05
9.432733058929443359e-03
2.460386604070663452e-04
5.881360266357660294e-06
1.564994454383850098e-03
1.172304153442382812e-03
2.182200551033020020e-04
2.296522259712219238e-03
1.098588109016418457e-03
8.208811283111572266e-03
2.785623073577880859e-03
3.002375364303588867e-03
1.346260309219360352e-03
3.431295044720172882e-05
1.502692699432373047e-03
1.490414142608642578e-03
4.100948572158813477e-04
1.008413732051849365e-03
3.091931343078613281e-03
4.261061549186706543e-04
2.485722303390502930e-03
1.683011651039123535e-04
1.357216387987136841e-04
7.089152932167053223e-04
9.408652782440185547e-03
9.251851588487625122e-05
2.595052123069763184e-03
2.999790012836456299e-04
1.345276832580566406e-03
3.171786665916442871e-04
1.749955117702484131e-05
3.435276448726654053e-05
1.247576437890529633e-05
6.167501211166381836e-03
7.846876978874206543e-04
1.580119132995605469e-03
6.298691034317016602e-03
1.308552920818328857e-03
2.213865518569946289e-04
5.381524562835693359e-03
3.293529152870178223e-04
6.619483232498168945e-03
1.041181385517120361e-03
6.757080554962158203e-04
2.551734447479248047e-03
4.414647817611694336e-03
1.854345202445983887e-03
2.703145146369934082e-04
3.173947334289550781e-04
5.462348461151123047e-03
1.567319035530090332e-03
9.608045220375061035e-04
3.574369475245475769e-05
9.280815720558166504e-05
2.546198666095733643e-04
6.893485784530639648e-03
1.405835151672363281e-03
3.761574625968933105e-04
7.207691669464111328e-04
1.089137792587280273e-02
1.028254628181457520e-02
7.077902555465698242e-04
1.281954348087310791e-03
7.773749530315399170e-05
2.843451499938964844e-02
2.987265586853027344e-03
3.017820417881011963e-04
1.269114017486572266e-02
1.341744791716337204e-06
2.861544489860534668e-04
2.407282590866088867e-03
1.986250281333923340e-04
2.902485430240631104e-04
3.250002861022949219e-03
1.287333667278289795e-03
4.263788461685180664e-03
1.371866464614868164e-02
2.003952860832214355e-03
1.491025090217590332e-03
6.560474634170532227e-03
8.616363629698753357e-06
2.580285072326660156e-04
1.683965325355529785e-03
4.664659500122070312e-03
6.427131593227386475e-04
5.887717008590698242e-03
1.787602901458740234e-03
5.704239010810852051e-04
1.237374544143676758e-02
8.853897452354431152e-05
6.441436707973480225e-04
1.046454906463623047e-02
6.084069609642028809e-04
6.488442420959472656e-03
4.638507962226867676e-04
6.130859255790710449e-04
1.196146011352539062e-03
9.909570217132568359e-04
3.710240125656127930e-03
9.007677435874938965e-04
2.372950315475463867e-03
1.017466187477111816e-03
3.819376230239868164e-03
2.212449908256530762e-04
3.070056438446044922e-03
1.147195696830749512e-03
4.743069410324096680e-03
4.809983074665069580e-04
3.552474081516265869e-04
8.886605501174926758e-04
2.020932734012603760e-04
2.008932828903198242e-02
9.175330400466918945e-03
1.834277063608169556e-04
3.501027822494506836e-03
9.502649307250976562e-03
2.066586166620254517e-04
6.816722452640533447e-05
6.573423743247985840e-04
8.009523153305053711e-04
2.878278493881225586e-03
8.569993078708648682e-04
1.678094267845153809e-03
6.077408790588378906e-03
1.754742115736007690e-04
1.983600668609142303e-05
5.856435745954513550e-05
1.233145594596862793e-04
8.603185415267944336e-04
2.435922622680664062e-03
1.890659332275390625e-04
6.200522184371948242e-04
6.171166896820068359e-04
2.423644065856933594e-03
1.044377684593200684e-03
4.271715879440307617e-04
3.701075911521911621e-04
3.797709941864013672e-04
3.024041652679443359e-04
1.435894519090652466e-04
1.062415540218353271e-03
2.655293792486190796e-05
1.039355993270874023e-03
1.525819301605224609e-03
1.517683267593383789e-04
2.184547483921051025e-04
4.842340946197509766e-03
9.010732173919677734e-04
1.021116971969604492e-03
5.096048116683959961e-03
5.692765116691589355e-04
1.027084887027740479e-03
1.892060041427612305e-03
3.472685813903808594e-03
1.431405544281005859e-03
1.978889107704162598e-03
1.575231552124023438e-03
2.260766923427581787e-04
7.808730006217956543e-04
3.275394439697265625e-03
1.330807805061340332e-03
2.322774380445480347e-04
1.727902889251708984e-02
9.675323963165283203e-04
4.529505968093872070e-04
8.895337581634521484e-03
1.344218850135803223e-03
1.047533750534057617e-02
4.297047853469848633e-04
1.552894711494445801e-03
3.633089363574981689e-04
1.719985157251358032e-04
7.234849035739898682e-04
2.193987369537353516e-03
1.393686980009078979e-04
4.465170204639434814e-04
1.245170831680297852e-03
4.978850483894348145e-05
7.398694753646850586e-03
1.088231801986694336e-03
1.742392778396606445e-03
1.119449734687805176e-05
1.210644841194152832e-04
2.242997288703918457e-03
3.744661808013916016e-04
5.612894892692565918e-05
7.650554180145263672e-04
5.686376243829727173e-05
1.296836137771606445e-02
2.595111727714538574e-04
1.989245414733886719e-03
5.877763032913208008e-05
6.291903555393218994e-04
4.089891910552978516e-03
3.021061420440673828e-03
5.420744419097900391e-04
9.454786777496337891e-04
1.210486888885498047e-02
2.932220697402954102e-03
3.851920366287231445e-03
2.386048436164855957e-04
4.540219902992248535e-03
7.173195481300354004e-04
7.753968238830566406e-04
2.441674470901489258e-03
5.331411957740783691e-04
3.232955932617187500e-03
1.853689551353454590e-03
1.488514244556427002e-04
0.000000000000000000e+00
0.000000000000000000e+00
0.000000000000000000e+00
0.000000000000000000e+00
0.000000000000000000e+00
0.000000000000000000e+00
0.000000000000000000e+00
0.000000000000000000e+00
0.000000000000000000e+00
0.000000000000000000e+00
0.000000000000000000e+00
0.000000000000000000e+00
0.000000000000000000e+00
0.000000000000000000e+00
0.000000000000000000e+00
0.000000000000000000e+00
0.000000000000000000e+00
0.000000000000000000e+00
0.000000000000000000e+00
0.000000000000000000e+00
0.000000000000000000e+00
0.000000000000000000e+00
0.000000000000000000e+00
0.000000000000000000e+00
0.000000000000000000e+00
0.000000000000000000e+00
0.000000000000000000e+00
0.000000000000000000e+00
0.000000000000000000e+00
0.000000000000000000e+00
0.000000000000000000e+00
0.000000000000000000e+00
0.000000000000000000e+00
0.000000000000000000e+00
0.000000000000000000e+00
0.000000000000000000e+00
0.000000000000000000e+00
0.000000000000000000e+00
0.000000000000000000e+00
0.000000000000000000e+00
