9.789586067199707031e-03
8.662641048431396484e-03
1.002693176269531250e-02
1.761114597320556641e-02
1.170563697814941406e-02
1.636862754821777344e-02
1.396149396896362305e-02
1.371169090270996094e-02
2.033364772796630859e-02
1.425564289093017578e-02
4.339486360549926758e-03
1.419520378112792969e-02
1.525449752807617188e-02
1.897895336151123047e-02
1.106142997741699219e-02
1.346206665039062500e-02
1.933324337005615234e-02
1.990246772766113281e-02
1.815092563629150391e-02
1.317465305328369141e-02
1.016741991043090820e-02
9.613275527954101562e-03
1.444745063781738281e-02
2.018880844116210938e-02
3.972411155700683594e-03
1.655244827270507812e-02
9.152531623840332031e-03
1.382815837860107422e-02
1.385152339935302734e-02
8.661866188049316406e-03
2.208840847015380859e-02
1.694691181182861328e-02
9.680330753326416016e-03
9.583473205566406250e-03
1.961898803710937500e-02
1.814198493957519531e-02
1.028275489807128906e-02
2.861410379409790039e-03
2.106368541717529297e-02
2.037405967712402344e-02
1.058483123779296875e-02
7.707536220550537109e-03
3.603070974349975586e-03
2.010035514831542969e-02
1.287007331848144531e-02
1.487290859222412109e-02
1.332843303680419922e-02
1.537156105041503906e-02
1.972556114196777344e-02
3.479897975921630859e-02
1.058137416839599609e-02
8.792221546173095703e-03
1.917910575866699219e-02
2.467691898345947266e-02
1.114606857299804688e-02
4.639387130737304688e-03
1.517522335052490234e-02
1.799303293228149414e-02
1.332890987396240234e-02
1.355111598968505859e-02
2.393126487731933594e-02
1.298695802688598633e-02
5.690574645996093750e-03
2.184915542602539062e-02
1.015204191207885742e-02
1.467156410217285156e-02
1.442301273345947266e-02
2.671611309051513672e-02
2.171397209167480469e-02
1.586306095123291016e-02
1.605379581451416016e-02
1.577323675155639648e-02
1.035302877426147461e-02
1.854288578033447266e-02
1.551365852355957031e-02
1.783436536788940430e-02
1.096516847610473633e-02
1.362562179565429688e-02
2.328717708587646484e-02
1.799142360687255859e-02
2.071744203567504883e-02
1.242542266845703125e-02
1.185131072998046875e-02
1.731300354003906250e-02
1.213586330413818359e-02
1.049244403839111328e-02
2.385210990905761719e-02
2.000284194946289062e-02
9.043693542480468750e-03
1.878857612609863281e-02
5.403161048889160156e-03
1.400685310363769531e-02
2.573251724243164062e-02
3.488451242446899414e-03
1.554572582244873047e-02
6.788194179534912109e-03
5.486100912094116211e-03
1.950830221176147461e-02
1.881980895996093750e-02
1.625394821166992188e-02
5.035400390625000000e-03
1.726329326629638672e-02
1.560223102569580078e-02
2.353656291961669922e-02
1.032531261444091797e-02
2.075123786926269531e-02
1.960051059722900391e-02
9.410679340362548828e-03
1.696109771728515625e-02
2.135908603668212891e-02
1.785254478454589844e-02
1.834619045257568359e-02
1.755356788635253906e-02
1.327657699584960938e-02
1.532876491546630859e-02
1.611542701721191406e-02
1.225745677947998047e-02
1.335144042968750000e-02
2.006793022155761719e-02
1.468908786773681641e-02
1.769876480102539062e-02
1.487970352172851562e-02
1.505422592163085938e-02
1.985597610473632812e-02
1.301836967468261719e-02
1.060295104980468750e-02
1.846265792846679688e-02
1.874142885208129883e-02
1.027798652648925781e-02
1.750445365905761719e-02
1.570332050323486328e-02
1.412510871887207031e-02
2.532458305358886719e-02
6.522238254547119141e-03
1.739907264709472656e-02
2.820348739624023438e-02
2.246141433715820312e-02
5.987882614135742188e-03
1.125174760818481445e-02
2.612859010696411133e-03
1.980525255203247070e-02
2.236831188201904297e-02
1.643002033233642578e-02
1.323860883712768555e-02
1.291537284851074219e-02
9.650588035583496094e-03
1.706868410110473633e-02
1.165342330932617188e-02
1.610708236694335938e-02
1.734852790832519531e-02
1.476591825485229492e-02
5.118548870086669922e-03
7.043719291687011719e-03
1.020765304565429688e-02
1.645231246948242188e-02
8.917152881622314453e-03
1.338446140289306641e-02
6.241559982299804688e-03
1.848649978637695312e-02
1.120907068252563477e-02
1.113009452819824219e-02
8.633196353912353516e-03
2.872979640960693359e-02
1.182985305786132812e-02
1.601493358612060547e-02
1.376736164093017578e-02
1.979076862335205078e-02
8.601367473602294922e-03
1.047086715698242188e-02
9.106874465942382812e-03
1.171553134918212891e-02
1.447296142578125000e-02
2.218115329742431641e-02
1.321876049041748047e-02
1.317036151885986328e-02
1.793211698532104492e-02
1.289582252502441406e-02
1.548159122467041016e-02
1.859068870544433594e-02
1.525020599365234375e-02
8.775949478149414062e-03
1.474356651306152344e-02
1.194500923156738281e-02
6.114184856414794922e-03
1.404094696044921875e-02
2.254319190979003906e-02
1.867043972015380859e-02
1.046776771545410156e-02
2.252173423767089844e-02
2.802181243896484375e-02
1.841938495635986328e-02
1.061224937438964844e-02
1.749718189239501953e-02
1.534879207611083984e-02
1.903402805328369141e-02
8.320868015289306641e-03
1.395076513290405273e-02
1.468229293823242188e-02
6.574153900146484375e-03
1.113533973693847656e-02
1.099121570587158203e-02
1.169693470001220703e-02
1.223564147949218750e-02
2.217173576354980469e-02
3.021049499511718750e-02
1.122593879699707031e-02
1.294267177581787109e-02
2.186238765716552734e-02
1.309144496917724609e-02
2.580118179321289062e-02
1.874798536300659180e-02
3.512954711914062500e-02
1.715815067291259766e-02
1.032364368438720703e-02
8.654713630676269531e-03
1.542532444000244141e-02
1.438713073730468750e-02
1.875329017639160156e-02
1.895344257354736328e-02
1.890659332275390625e-02
2.173435688018798828e-02
1.374912261962890625e-02
9.352445602416992188e-03
1.181590557098388672e-02
1.772487163543701172e-02
1.524162292480468750e-02
1.016783714294433594e-02
9.912729263305664062e-03
1.071047782897949219e-02
1.480293273925781250e-02
1.312172412872314453e-02
7.818579673767089844e-03
1.862645149230957031e-02
7.565975189208984375e-03
1.699125766754150391e-02
2.108168601989746094e-02
2.264428138732910156e-02
2.460753917694091797e-02
1.953411102294921875e-02
1.047968864440917969e-02
1.544237136840820312e-02
1.720559597015380859e-02
2.336704730987548828e-02
5.312383174896240234e-03
1.651406288146972656e-02
1.892614364624023438e-02
8.467972278594970703e-03
7.709264755249023438e-03
1.057994365692138672e-02
8.775711059570312500e-03
1.643240451812744141e-02
1.043313741683959961e-02
1.527893543243408203e-02
1.255929470062255859e-02
2.070045471191406250e-02
1.270794868469238281e-02
0.000000000000000000e+00
0.000000000000000000e+00
0.000000000000000000e+00
0.000000000000000000e+00
0.000000000000000000e+00
0.000000000000000000e+00
0.000000000000000000e+00
0.000000000000000000e+00
0.000000000000000000e+00
0.000000000000000000e+00
0.000000000000000000e+00
0.000000000000000000e+00
0.000000000000000000e+00
0.000000000000000000e+00
0.000000000000000000e+00
0.000000000000000000e+00
0.000000000000000000e+00
0.000000000000000000e+00
0.000000000000000000e+00
0.000000000000000000e+00
