1.047813892364501953e-02
1.126503944396972656e-02
6.889283657073974609e-03
1.779103279113769531e-02
6.483018398284912109e-03
1.552832126617431641e-02
1.269453763961791992e-02
4.875034093856811523e-03
2.222871780395507812e-02
8.276998996734619141e-03
4.598021507263183594e-03
1.546478271484375000e-02
1.365649700164794922e-02
8.357018232345581055e-03
1.484704017639160156e-02
1.335966587066650391e-02
1.258033514022827148e-02
1.475769281387329102e-02
3.398895263671875000e-03
1.732087135314941406e-02
7.784247398376464844e-03
1.259112358093261719e-02
1.434946060180664062e-02
1.232129335403442383e-02
7.015526294708251953e-03
1.118272542953491211e-02
8.141160011291503906e-03
2.721264958381652832e-03
1.585912704467773438e-02
1.236438751220703125e-02
1.632803678512573242e-02
1.728260517120361328e-02
8.111298084259033203e-03
5.787253379821777344e-03
1.496493816375732422e-02
1.322007179260253906e-02
6.556995213031768799e-04
3.723084926605224609e-03
2.037990093231201172e-02
1.574611663818359375e-02
1.613950729370117188e-02
7.085144519805908203e-03
4.478424787521362305e-03
1.656043529510498047e-02
1.441520452499389648e-02
1.425641775131225586e-02
1.533436775207519531e-02
1.426094770431518555e-02
2.726066112518310547e-02
1.617074012756347656e-02
1.258563995361328125e-02
7.500231266021728516e-03
1.802909374237060547e-02
2.491736412048339844e-02
1.803892850875854492e-02
5.794644355773925781e-03
1.392894983291625977e-02
2.166163921356201172e-02
1.554703712463378906e-02
8.933842182159423828e-03
2.437829971313476562e-02
9.177744388580322266e-03
7.915616035461425781e-03
1.003223657608032227e-02
9.186267852783203125e-03
7.088541984558105469e-03
9.011089801788330078e-03
1.026093959808349609e-02
7.809221744537353516e-03
1.131975650787353516e-02
1.611018180847167969e-02
1.999986171722412109e-02
9.176373481750488281e-03
6.106764078140258789e-03
9.340465068817138672e-03
1.466059684753417969e-02
1.208937168121337891e-02
1.706421375274658203e-02
5.705803632736206055e-03
5.826413631439208984e-03
2.341842651367187500e-02
1.039457321166992188e-02
1.349097490310668945e-02
1.196169853210449219e-02
1.500833034515380859e-02
4.538536071777343750e-03
7.803857326507568359e-03
8.479237556457519531e-03
1.142418384552001953e-02
1.237964630126953125e-02
6.369799375534057617e-03
1.080495119094848633e-02
1.456809043884277344e-02
3.752678632736206055e-03
1.437926292419433594e-02
2.443045377731323242e-03
4.005819559097290039e-03
1.388311386108398438e-02
1.101040840148925781e-02
1.088941097259521484e-02
4.251033067703247070e-03
1.273572444915771484e-02
1.512372493743896484e-02
1.973384618759155273e-02
9.629607200622558594e-03
1.719522476196289062e-02
2.137541770935058594e-02
2.063024044036865234e-02
1.619291305541992188e-02
1.819670200347900391e-02
2.378344535827636719e-02
2.030801773071289062e-02
1.728391647338867188e-02
1.030415296554565430e-02
1.262205839157104492e-02
1.008349657058715820e-02
2.364873886108398438e-03
9.408593177795410156e-03
1.158428192138671875e-02
1.751291751861572266e-02
8.778870105743408203e-03
2.723217010498046875e-03
6.463110446929931641e-03
1.751863956451416016e-02
1.015257835388183594e-02
6.600826978683471680e-03
1.619362831115722656e-02
3.818601369857788086e-03
8.894085884094238281e-03
1.327455043792724609e-02
6.686866283416748047e-03
1.259207725524902344e-02
1.897716522216796875e-02
6.676197052001953125e-03
1.460146903991699219e-02
1.047474145889282227e-02
1.459312438964843750e-02
6.785511970520019531e-03
7.117033004760742188e-03
4.795551300048828125e-03
2.598321437835693359e-02
2.183043956756591797e-02
9.168088436126708984e-03
9.278953075408935547e-03
1.092898845672607422e-02
2.251869440078735352e-02
1.127535104751586914e-02
1.577341556549072266e-02
1.108455657958984375e-02
1.114869117736816406e-02
9.346961975097656250e-03
1.953035593032836914e-03
6.436228752136230469e-03
7.103502750396728516e-03
2.197951078414916992e-02
1.241636276245117188e-02
1.422905921936035156e-02
6.173074245452880859e-03
8.170753717422485352e-04
1.013028621673583984e-02
1.028078794479370117e-02
1.453351974487304688e-02
2.158069610595703125e-02
5.844831466674804688e-03
1.735377311706542969e-02
1.381278038024902344e-02
8.910000324249267578e-03
8.358120918273925781e-03
8.026599884033203125e-03
5.810499191284179688e-03
1.251065731048583984e-02
9.860515594482421875e-03
9.489595890045166016e-03
1.097178459167480469e-02
1.040399074554443359e-02
1.102772355079650879e-02
1.458489894866943359e-02
1.943433284759521484e-02
8.211314678192138672e-03
1.742339134216308594e-02
1.158750057220458984e-02
1.673197746276855469e-02
6.550371646881103516e-03
4.664987325668334961e-03
4.209637641906738281e-03
2.551710605621337891e-02
1.751375198364257812e-02
7.856965065002441406e-03
1.668059825897216797e-02
2.403843402862548828e-02
1.451778411865234375e-02
1.299190521240234375e-02
1.635169982910156250e-02
1.155549287796020508e-02
1.684880256652832031e-02
1.407694816589355469e-02
3.442972898483276367e-03
2.461433410644531250e-02
1.418754458427429199e-03
2.357885241508483887e-03
1.227015256881713867e-02
9.565949440002441406e-03
9.313344955444335938e-03
1.942181587219238281e-02
2.791750431060791016e-02
1.048380136489868164e-02
9.410619735717773438e-03
1.317727565765380859e-02
1.707553863525390625e-02
1.975679397583007812e-02
5.810260772705078125e-03
8.062839508056640625e-03
1.616919040679931641e-02
1.543432474136352539e-03
9.025812149047851562e-03
1.711142063140869141e-02
1.273047924041748047e-02
1.093739271163940430e-02
1.677042245864868164e-02
1.471734046936035156e-02
2.085828781127929688e-02
1.298928260803222656e-02
8.194327354431152344e-03
3.575116395950317383e-03
1.774215698242187500e-02
1.880753040313720703e-02
9.749770164489746094e-03
7.254898548126220703e-03
7.771015167236328125e-03
1.871454715728759766e-02
1.749086380004882812e-02
7.247745990753173828e-03
3.623664379119873047e-03
4.495263099670410156e-03
7.966518402099609375e-03
1.237350702285766602e-02
1.141417026519775391e-02
1.195538043975830078e-02
1.884591579437255859e-02
5.474269390106201172e-03
8.654057979583740234e-03
2.049160003662109375e-02
1.922136545181274414e-02
1.913011074066162109e-03
1.620119810104370117e-02
1.682984828948974609e-02
1.110541820526123047e-02
1.077407598495483398e-02
1.488471031188964844e-02
7.989645004272460938e-03
5.819618701934814453e-03
5.922734737396240234e-03
1.156282424926757812e-02
1.130771636962890625e-02
7.871925830841064453e-03
1.165008544921875000e-02
0.000000000000000000e+00
0.000000000000000000e+00
0.000000000000000000e+00
0.000000000000000000e+00
0.000000000000000000e+00
0.000000000000000000e+00
0.000000000000000000e+00
0.000000000000000000e+00
0.000000000000000000e+00
0.000000000000000000e+00
0.000000000000000000e+00
0.000000000000000000e+00
0.000000000000000000e+00
0.000000000000000000e+00
0.000000000000000000e+00
0.000000000000000000e+00
0.000000000000000000e+00
0.000000000000000000e+00
0.000000000000000000e+00
0.000000000000000000e+00
