2.359640598297119141e-02
8.539855480194091797e-04
2.789974212646484375e-03
2.373129129409790039e-03
3.840446472167968750e-03
1.933449506759643555e-02
2.092564105987548828e-02
1.522052288055419922e-02
6.381750106811523438e-03
9.250119328498840332e-04
5.954414606094360352e-03
4.745274782180786133e-04
6.072998046875000000e-03
4.562437534332275391e-04
7.088035345077514648e-04
1.101922243833541870e-04
1.162633299827575684e-03
5.415715277194976807e-04
1.013107597827911377e-03
1.318228244781494141e-02
3.365039825439453125e-03
1.390719413757324219e-02
2.068918943405151367e-02
9.340137243270874023e-03
1.356542110443115234e-02
1.626813411712646484e-02
7.555216550827026367e-03
1.348793506622314453e-03
2.957686781883239746e-03
1.979269087314605713e-03
3.195554018020629883e-04
1.526199281215667725e-03
5.079731345176696777e-04
1.876682043075561523e-02
1.908051967620849609e-02
2.203023433685302734e-02
2.085540443658828735e-03
1.710839569568634033e-04
1.001328229904174805e-03
1.057416200637817383e-02
3.363913856446743011e-05
1.387697458267211914e-02
3.998613357543945312e-02
4.212558269500732422e-03
3.761402331292629242e-05
3.413796424865722656e-03
8.424580097198486328e-03
3.792364150285720825e-04
1.913383603096008301e-03
3.095066547393798828e-02
1.401305198669433594e-02
1.391470432281494141e-02
3.506198525428771973e-03
1.758265495300292969e-02
1.432812213897705078e-02
1.819252967834472656e-02
1.489967107772827148e-03
1.266837120056152344e-02
7.321871817111968994e-04
1.815557479858398438e-03
3.974214196205139160e-03
1.308202743530273438e-02
7.437095046043395996e-04
5.343645811080932617e-03
6.165858358144760132e-04
1.009404659271240234e-04
2.416297793388366699e-03
1.087111234664916992e-02
1.385435461997985840e-05
8.827418088912963867e-03
1.100640743970870972e-03
1.804310083389282227e-02
9.428501129150390625e-03
1.588761806488037109e-02
1.013338565826416016e-02
1.738965511322021484e-02
2.237427234649658203e-02
2.431832253932952881e-04
1.007682085037231445e-02
1.574641466140747070e-02
2.947701141238212585e-04
2.494379878044128418e-03
9.682893753051757812e-03
2.222895622253417969e-03
3.210127353668212891e-03
5.886614322662353516e-03
1.529425382614135742e-03
7.321164011955261230e-04
3.083534538745880127e-04
2.088785171508789062e-03
1.079285144805908203e-02
4.732012748718261719e-04
7.455885410308837891e-03
1.571208238601684570e-02
3.251993656158447266e-02
2.550691366195678711e-02
2.631798386573791504e-03
1.924431324005126953e-02
5.476474761962890625e-04
2.539128065109252930e-03
4.648089408874511719e-03
2.767801284790039062e-03
2.601265907287597656e-02
2.163839340209960938e-02
1.342184841632843018e-03
5.230214446783065796e-05
2.299934625625610352e-02
2.478122711181640625e-03
2.539798617362976074e-03
1.480259001255035400e-03
7.005989551544189453e-03
2.272725105285644531e-02
5.425140261650085449e-04
1.236701011657714844e-02
2.532279491424560547e-02
2.256482839584350586e-03
2.284541726112365723e-03
9.489804506301879883e-04
2.386868000030517578e-03
1.333487033843994141e-02
9.225234389305114746e-04
7.431954145431518555e-04
2.360828220844268799e-04
1.501692458987236023e-04
6.743185222148895264e-04
4.424482583999633789e-03
7.014870643615722656e-04
1.318809390068054199e-02
2.212449908256530762e-04
6.061464548110961914e-03
3.450480289757251740e-05
2.679789066314697266e-02
1.853052526712417603e-05
9.389758110046386719e-03
1.354543492197990417e-04
2.059377729892730713e-04
1.723241806030273438e-02
8.554428815841674805e-03
1.727767288684844971e-03
1.746988296508789062e-02
9.319424629211425781e-03
3.479284048080444336e-02
1.431703567504882812e-02
1.316881179809570312e-02
8.017629384994506836e-03
1.069390773773193359e-02
9.472481906414031982e-05
1.360557973384857178e-03
1.972742378711700439e-03
1.525250263512134552e-05
9.809076786041259766e-03
5.483850836753845215e-04
5.822032690048217773e-04
4.212200641632080078e-03
1.146370172500610352e-02
1.335918903350830078e-03
1.139688491821289062e-02
2.557709813117980957e-03
9.464114904403686523e-03
2.554729580879211426e-04
1.704919338226318359e-02
4.949510097503662109e-03
1.292623579502105713e-03
1.558828353881835938e-02
7.471919059753417969e-03
1.365486532449722290e-04
1.048073172569274902e-04
1.847732067108154297e-02
2.074122428894042969e-02
2.113044261932373047e-02
7.224321365356445312e-03
3.049954771995544434e-03
7.045000791549682617e-03
1.023665070533752441e-03
1.713663339614868164e-03
4.802078008651733398e-03
1.504421234130859375e-03
2.069705724716186523e-02
1.005417108535766602e-02
1.176011562347412109e-02
5.756348371505737305e-03
1.641178131103515625e-02
1.264455914497375488e-02
1.411509513854980469e-02
2.566814422607421875e-02
7.358007133007049561e-04
4.835166037082672119e-04
8.403807878494262695e-04
2.930343151092529297e-03
3.860875964164733887e-03
2.454519271850585938e-03
3.680959343910217285e-04
1.645209267735481262e-04
7.639713585376739502e-04
2.566486597061157227e-02
4.500895738601684570e-03
1.560622453689575195e-02
1.080140471458435059e-03
4.359436035156250000e-02
7.580041885375976562e-03
2.495748922228813171e-04
2.960056066513061523e-03
4.749884828925132751e-05
3.053843975067138672e-03
1.148051023483276367e-02
2.454018592834472656e-02
2.777159214019775391e-03
1.886296272277832031e-02
2.767937257885932922e-05
1.722693443298339844e-02
1.382529735565185547e-03
1.456642150878906250e-02
3.574162721633911133e-03
1.410377025604248047e-02
2.055740356445312500e-02
4.191088676452636719e-02
7.154077291488647461e-03
8.177943527698516846e-05
1.084640622138977051e-03
2.992134541273117065e-04
7.549952715635299683e-05
6.669431924819946289e-03
4.007965326309204102e-03
3.547453880310058594e-02
4.415214061737060547e-03
1.088869571685791016e-02
2.300925552845001221e-04
2.340734004974365234e-03
8.224807679653167725e-04
1.345312595367431641e-02
9.237051010131835938e-03
6.425574421882629395e-03
2.686083316802978516e-03
1.117773354053497314e-04
7.006406784057617188e-03
2.164256572723388672e-02
9.902477264404296875e-03
1.618695259094238281e-02
2.784766256809234619e-04
7.602006196975708008e-03
3.313732147216796875e-02
2.451831102371215820e-02
1.769226789474487305e-02
3.534220159053802490e-04
3.067538142204284668e-03
4.811063408851623535e-04
3.595426678657531738e-04
1.887194812297821045e-04
1.198321580886840820e-02
2.136349678039550781e-02
2.080041170120239258e-02
2.502012252807617188e-02
1.929593086242675781e-02
2.105366438627243042e-04
3.219711780548095703e-02
6.345719099044799805e-03
7.539521902799606323e-05
4.487544298171997070e-03
1.548385620117187500e-02
3.800928592681884766e-03
9.199976921081542969e-03
1.408457756042480469e-02
4.313737154006958008e-03
2.717033028602600098e-03
3.253585100173950195e-02
7.293522357940673828e-03
6.656825542449951172e-03
1.076018810272216797e-02
6.299614906311035156e-04
6.536066532135009766e-03
4.082596302032470703e-02
1.684117317199707031e-02
1.581236720085144043e-03
1.194965839385986328e-02
1.367151737213134766e-02
1.349732279777526855e-03
3.622636198997497559e-03
1.067137718200683594e-02
5.815029144287109375e-03
1.698240637779235840e-03
1.551550626754760742e-02
1.512026786804199219e-02
1.240754500031471252e-04
2.649933099746704102e-03
1.841805875301361084e-03
1.346090435981750488e-02
5.884796380996704102e-03
2.698674798011779785e-03
2.108991146087646484e-03
3.263473510742187500e-03
8.144676685333251953e-04
1.252576708793640137e-02
5.429014563560485840e-04
9.127974510192871094e-03
1.548573374748229980e-03
4.158163070678710938e-02
1.297557353973388672e-02
1.941144466400146484e-03
1.064783334732055664e-02
1.354759931564331055e-02
4.185855388641357422e-03
2.154298126697540283e-03
1.210927963256835938e-03
7.866859436035156250e-03
1.646459102630615234e-03
8.165717124938964844e-03
6.318837404251098633e-04
4.490584135055541992e-03
5.523681640625000000e-03
1.043401658535003662e-03
2.811706066131591797e-02
7.907778024673461914e-03
4.002392292022705078e-03
1.048806309700012207e-02
3.761127591133117676e-03
2.304487861692905426e-05
2.170193195343017578e-02
8.963704109191894531e-03
2.284538745880126953e-02
4.634037613868713379e-04
1.001518964767456055e-02
5.222946405410766602e-03
1.343436539173126221e-03
5.107671022415161133e-03
2.796038985252380371e-03
2.324044704437255859e-03
1.183688640594482422e-02
3.948822617530822754e-03
1.111096143722534180e-02
4.032480716705322266e-02
2.535182237625122070e-02
2.612954378128051758e-02
1.395158469676971436e-03
2.678364515304565430e-03
3.377330303192138672e-02
5.675330758094787598e-04
1.380628347396850586e-02
2.421736717224121094e-03
1.689165830612182617e-02
1.581889390945434570e-02
1.748228073120117188e-02
2.893477678298950195e-03
2.414770424365997314e-04
2.578848600387573242e-02
2.395734190940856934e-03
7.964223623275756836e-04
6.548836827278137207e-04
1.966983079910278320e-03
4.540896043181419373e-05
1.647257804870605469e-02
6.032958626747131348e-03
9.097680449485778809e-04
2.737771719694137573e-04
1.168936491012573242e-02
8.914284408092498779e-04
4.643008112907409668e-03
7.153332233428955078e-03
5.280487239360809326e-04
1.635342836380004883e-03
1.715493202209472656e-02
7.440820336341857910e-04
5.056202411651611328e-03
1.023709774017333984e-02
1.798249781131744385e-03
2.184563875198364258e-02
1.796019077301025391e-02
2.776384353637695312e-03
1.882350444793701172e-02
8.867308497428894043e-04
3.564977645874023438e-02
2.769380807876586914e-03
1.191973686218261719e-03
6.891340017318725586e-03
9.104073047637939453e-03
4.742294549942016602e-04
5.961775779724121094e-03
3.180444240570068359e-03
2.194821834564208984e-02
4.041731357574462891e-02
5.365461111068725586e-03
1.931786537170410156e-03
1.406690478324890137e-02
8.003190159797668457e-04
5.242347717285156250e-03
1.208847761154174805e-02
5.252391099929809570e-03
6.127983331680297852e-03
5.573719739913940430e-03
6.836205720901489258e-04
2.419281005859375000e-02
1.185655593872070312e-02
1.805406808853149414e-02
1.834559440612792969e-02
7.244735956192016602e-03
1.078486442565917969e-02
1.649907231330871582e-02
3.603863716125488281e-02
3.049150109291076660e-03
6.787218153476715088e-04
2.022206783294677734e-03
1.095414161682128906e-02
1.479536294937133789e-02
2.009028196334838867e-02
1.351028680801391602e-03
2.725914120674133301e-03
1.973366737365722656e-02
2.444648742675781250e-02
1.850605010986328125e-03
3.150656819343566895e-03
1.602011919021606445e-02
7.954016327857971191e-04
7.706046104431152344e-03
5.132555961608886719e-04
1.975095272064208984e-02
1.693850755691528320e-02
9.687542915344238281e-03
2.622067928314208984e-03
2.736058086156845093e-04
2.324974536895751953e-02
1.507895067334175110e-04
2.293688058853149414e-02
5.311161279678344727e-03
4.625573754310607910e-03
1.068720221519470215e-02
4.428398609161376953e-02
3.141200542449951172e-02
1.465253531932830811e-03
1.252703368663787842e-03
8.396387100219726562e-03
1.695835590362548828e-02
4.575580358505249023e-03
4.475235939025878906e-03
5.612373352050781250e-04
2.993568778038024902e-03
1.206582784652709961e-02
3.136843442916870117e-04
1.699768006801605225e-03
1.147273182868957520e-02
8.038461208343505859e-03
2.381193637847900391e-02
2.529817819595336914e-02
3.778800368309020996e-03
7.782727479934692383e-04
2.464652061462402344e-02
2.503597736358642578e-02
6.655037403106689453e-03
2.218985557556152344e-02
7.005482912063598633e-03
4.243314266204833984e-03
1.652455329895019531e-02
1.426112651824951172e-02
1.483649015426635742e-03
5.158483982086181641e-04
8.404701948165893555e-03
1.201577484607696533e-03
1.107919961214065552e-04
1.274722814559936523e-02
1.551784574985504150e-03
2.426505088806152344e-03
1.934760808944702148e-02
3.041863441467285156e-03
6.847053766250610352e-03
1.021064817905426025e-03
2.127718925476074219e-02
3.665968775749206543e-03
1.572084426879882812e-02
4.176702350378036499e-05
3.992593288421630859e-02
1.117773354053497314e-03
1.139730215072631836e-02
5.059027671813964844e-02
1.906847953796386719e-02
1.824729144573211670e-03
2.985466271638870239e-04
2.177000045776367188e-02
1.647129654884338379e-03
9.352192282676696777e-04
7.162839174270629883e-03
4.378348588943481445e-03
4.381507635116577148e-03
2.116519212722778320e-02
1.959985494613647461e-02
4.389196634292602539e-03
1.972502470016479492e-02
2.654129266738891602e-02
7.771342992782592773e-03
1.501226425170898438e-02
1.644022762775421143e-03
3.244078159332275391e-02
1.962125301361083984e-03
5.979150533676147461e-03
2.232450246810913086e-02
6.924122571945190430e-03
1.340150833129882812e-03
1.061439514160156250e-02
4.859179258346557617e-03
1.549738645553588867e-02
3.416702151298522949e-03
1.914972066879272461e-02
1.589730381965637207e-02
8.654206991195678711e-03
4.526376724243164062e-03
2.486538887023925781e-02
3.248035907745361328e-03
2.616181969642639160e-03
6.391495466232299805e-03
1.219290494918823242e-02
6.502538919448852539e-03
1.569920778274536133e-02
3.218054771423339844e-03
2.099096775054931641e-03
5.190983414649963379e-03
1.571699976921081543e-03
1.380038261413574219e-02
1.717108488082885742e-02
2.541646361351013184e-03
3.147363662719726562e-03
1.613450050354003906e-02
8.240818977355957031e-03
7.106214761734008789e-03
4.445090889930725098e-04
1.325345039367675781e-02
1.900017261505126953e-02
2.398625016212463379e-03
6.600409746170043945e-03
3.264501690864562988e-03
1.709806919097900391e-02
4.327937960624694824e-03
3.069147467613220215e-03
1.353079080581665039e-02
1.153606176376342773e-02
9.843856096267700195e-03
4.673629999160766602e-03
4.875332117080688477e-03
1.544436812400817871e-02
2.824306488037109375e-02
5.472272634506225586e-03
1.097720861434936523e-02
1.457941532135009766e-02
1.127365231513977051e-02
2.861088514328002930e-02
3.576278686523437500e-03
1.324974000453948975e-04
2.100425958633422852e-02
6.700269877910614014e-04
4.443317651748657227e-03
9.417235851287841797e-03
6.221756339073181152e-04
1.799911260604858398e-03
1.356890797615051270e-02
1.296663284301757812e-02
1.801508665084838867e-02
1.452764868736267090e-02
3.546699881553649902e-04
3.038585186004638672e-03
3.866404294967651367e-03
2.531611919403076172e-02
3.203622996807098389e-03
2.035582065582275391e-02
1.075893640518188477e-02
1.860654354095458984e-02
3.648295998573303223e-03
1.608394086360931396e-03
5.024224519729614258e-04
3.470122814178466797e-03
3.736808896064758301e-03
2.461278438568115234e-02
2.962052822113037109e-02
2.149122953414916992e-02
3.357589244842529297e-03
8.413970470428466797e-03
1.005176454782485962e-03
1.544773578643798828e-02
4.376739263534545898e-03
3.281533718109130859e-03
1.098310947418212891e-02
2.279385924339294434e-03
5.393438041210174561e-04
7.878899574279785156e-03
5.406618118286132812e-03
1.401323825120925903e-04
9.661436080932617188e-03
3.129079937934875488e-03
1.676970720291137695e-02
1.624047756195068359e-02
6.210878491401672363e-04
1.843042671680450439e-03
3.341317176818847656e-03
1.154226064682006836e-02
5.365684628486633301e-03
6.483137607574462891e-03
1.875978708267211914e-02
2.461209893226623535e-03
7.200449705123901367e-03
1.208287477493286133e-02
4.259467124938964844e-03
1.940846443176269531e-02
2.005255222320556641e-02
7.501602172851562500e-03
1.615375280380249023e-02
1.887536048889160156e-02
4.297733306884765625e-03
2.620482444763183594e-02
1.844465732574462891e-02
2.788662910461425781e-02
1.284658908843994141e-02
5.792938172817230225e-04
3.359329700469970703e-02
5.305498838424682617e-03
2.392524480819702148e-02
4.081934690475463867e-03
1.944035291671752930e-03
1.845650374889373779e-03
2.696022391319274902e-03
8.049190044403076172e-03
1.417040824890136719e-02
3.454232215881347656e-02
4.597872495651245117e-03
8.256256580352783203e-03
6.938837468624114990e-04
6.564795970916748047e-03
4.264980554580688477e-03
1.092278957366943359e-02
5.386561155319213867e-03
1.052176952362060547e-02
1.951828598976135254e-04
1.667082309722900391e-02
2.029672265052795410e-03
1.622371375560760498e-03
2.300995588302612305e-02
1.487240195274353027e-03
2.495944499969482422e-03
1.834899187088012695e-03
4.998505115509033203e-03
1.143917441368103027e-03
2.763643860816955566e-03
2.783676609396934509e-04
1.242008805274963379e-02
5.056530237197875977e-03
2.985572814941406250e-02
6.706714630126953125e-04
4.945844411849975586e-03
8.194476366043090820e-03
1.405060291290283203e-02
8.488684892654418945e-03
2.337306737899780273e-03
8.073836565017700195e-03
3.768712282180786133e-03
3.625631332397460938e-03
1.037305593490600586e-02
1.360014081001281738e-03
4.045605659484863281e-03
2.298742532730102539e-02
8.173525333404541016e-03
5.698390305042266846e-04
3.680765628814697266e-03
1.667467877268791199e-04
2.243107557296752930e-02
2.587735652923583984e-03
2.819985151290893555e-03
5.407944321632385254e-03
3.787949681282043457e-04
1.864969730377197266e-03
3.115102648735046387e-03
1.908463239669799805e-02
3.222376108169555664e-04
4.244402050971984863e-03
2.768635749816894531e-02
2.324759960174560547e-03
3.972649574279785156e-03
5.047857761383056641e-03
2.084296941757202148e-02
2.281326055526733398e-02
6.190896034240722656e-03
7.518708705902099609e-03
1.454848051071166992e-02
2.474105358123779297e-02
2.892482280731201172e-02
3.942139446735382080e-04
7.982939481735229492e-03
1.078946515917778015e-04
2.127671241760253906e-02
1.961238682270050049e-03
4.675269126892089844e-03
1.695513725280761719e-03
1.742199063301086426e-03
1.834267377853393555e-02
3.520116209983825684e-03
7.803887128829956055e-03
1.309230923652648926e-03
6.078898906707763672e-03
1.851421594619750977e-02
1.192194223403930664e-02
4.248976707458496094e-03
6.763532757759094238e-03
1.607835292816162109e-02
2.227835357189178467e-03
6.501674652099609375e-03
1.635468006134033203e-02
8.674226701259613037e-04
4.746451973915100098e-03
1.674622297286987305e-02
3.416970372200012207e-03
2.983438968658447266e-02
9.055957198143005371e-04
1.722848415374755859e-02
8.405029773712158203e-03
5.378112196922302246e-03
1.952229067683219910e-04
3.070473670959472656e-03
1.589581370353698730e-03
1.020319759845733643e-04
4.256933927536010742e-03
1.788806915283203125e-02
1.030722260475158691e-02
9.400188922882080078e-03
7.496327161788940430e-04
1.292246580123901367e-02
4.851892590522766113e-04
1.017677783966064453e-02
1.608103048056364059e-05
3.953740000724792480e-03
7.184874266386032104e-05
1.364761590957641602e-02
7.861256599426269531e-03
1.550877094268798828e-02
3.377482295036315918e-03
2.740062773227691650e-04
2.569392323493957520e-03
1.363322138786315918e-03
5.526319146156311035e-04
6.095832213759422302e-05
5.272030830383300781e-03
8.264780044555664062e-03
2.074164152145385742e-02
1.084599643945693970e-04
1.559829711914062500e-02
2.746748924255371094e-02
8.480727672576904297e-03
2.595674991607666016e-02
5.765780806541442871e-04
1.441851258277893066e-03
1.066762208938598633e-02
1.227430999279022217e-03
1.715153455734252930e-03
1.998260617256164551e-03
1.704651117324829102e-02
6.972551345825195312e-03
2.535575628280639648e-02
4.286378622055053711e-03
1.295560598373413086e-02
2.067595720291137695e-03
1.484744250774383545e-03
2.959084510803222656e-02
5.215890705585479736e-04
5.187153816223144531e-03
1.451693475246429443e-03
2.873428165912628174e-04
8.428655564785003662e-05
1.449286937713623047e-04
3.704357147216796875e-02
6.004512310028076172e-03
1.843214035034179688e-03
1.765906810760498047e-02
2.826631069183349609e-03
1.820778846740722656e-02
1.709528267383575439e-03
1.148682832717895508e-02
3.971308469772338867e-04
1.849627494812011719e-02
1.720559597015380859e-02
2.310752868652343750e-02
2.659201622009277344e-03
3.007483482360839844e-02
5.506612360477447510e-04
5.357623100280761719e-03
1.048352569341659546e-03
8.285105228424072266e-03
1.257777214050292969e-02
3.844404220581054688e-02
9.809881448745727539e-04
2.274096012115478516e-03
1.411271095275878906e-02
1.411527395248413086e-03
1.792287826538085938e-02
1.102524995803833008e-02
9.773522615432739258e-04
1.710414886474609375e-02
1.439189910888671875e-02
1.395881175994873047e-02
1.492559909820556641e-03
5.444921553134918213e-04
5.788542330265045166e-04
1.925891637802124023e-02
7.198080420494079590e-04
9.706795215606689453e-03
5.264371633529663086e-03
4.414916038513183594e-03
1.595318317413330078e-02
5.842372775077819824e-04
1.475310325622558594e-02
1.053430140018463135e-03
1.181457191705703735e-04
1.066553592681884766e-02
1.249156892299652100e-03
1.597516238689422607e-04
6.427079439163208008e-03
2.035051584243774414e-03
2.416801452636718750e-02
3.060951828956604004e-03
1.139655709266662598e-02
9.635150432586669922e-03
1.009374856948852539e-03
1.549386978149414062e-02
1.861482858657836914e-03
5.790814757347106934e-04
8.312493562698364258e-03
1.723945140838623047e-03
4.364103078842163086e-03
1.030445098876953125e-02
1.498198509216308594e-02
2.197876572608947754e-03
1.267087459564208984e-02
2.987372875213623047e-02
5.268901586532592773e-04
1.523241400718688965e-03
3.741741180419921875e-03
1.112870872020721436e-03
4.471868276596069336e-03
1.150771975517272949e-03
9.613215923309326172e-03
2.436786890029907227e-03
4.852414131164550781e-03
1.613688468933105469e-02
1.181505620479583740e-03
1.216068863868713379e-03
1.669012010097503662e-03
1.234471797943115234e-03
5.751758813858032227e-03
1.069271564483642578e-02
1.210364280268549919e-05
7.457345724105834961e-03
3.471344709396362305e-03
8.314400911331176758e-04
4.281595349311828613e-03
4.629269242286682129e-03
2.547472715377807617e-03
5.703121423721313477e-03
1.788884401321411133e-04
2.233260869979858398e-02
1.483571529388427734e-02
6.199419498443603516e-03
8.191227912902832031e-03
3.851801156997680664e-03
1.778560876846313477e-02
2.518308162689208984e-02
9.555555880069732666e-04
3.092393279075622559e-03
8.799821138381958008e-03
2.002048492431640625e-02
4.632115364074707031e-03
1.963730901479721069e-04
1.091146469116210938e-02
2.346746623516082764e-05
6.563842296600341797e-03
8.799374103546142578e-03
1.437455415725708008e-02
4.244357347488403320e-03
1.803469657897949219e-02
4.623353481292724609e-03
1.854456961154937744e-03
2.438837289810180664e-02
1.292419433593750000e-02
1.142516732215881348e-03
2.307370305061340332e-04
9.385883808135986328e-03
5.949974060058593750e-03
1.179091632366180420e-03
7.466554641723632812e-03
3.524398803710937500e-02
7.678866386413574219e-03
2.706378698348999023e-03
5.747467279434204102e-03
1.483416557312011719e-02
1.058804988861083984e-02
3.103554248809814453e-03
2.089381217956542969e-02
1.947569847106933594e-02
5.561225116252899170e-04
1.570105552673339844e-02
4.796385765075683594e-03
1.753455400466918945e-02
1.425009965896606445e-02
2.518817782402038574e-03
3.152027726173400879e-03
1.553785800933837891e-02
7.340997457504272461e-03
1.505267620086669922e-02
8.157640695571899414e-03
1.469284296035766602e-02
3.559589385986328125e-03
3.618523478507995605e-03
3.120154142379760742e-03
1.219522953033447266e-02
8.092731237411499023e-03
1.165765523910522461e-02
9.746432304382324219e-03
2.469581365585327148e-02
7.102698087692260742e-03
1.999530941247940063e-04
1.327041536569595337e-04
2.961099147796630859e-03
4.236906766891479492e-03
3.781282901763916016e-02
7.094353437423706055e-03
4.779532551765441895e-03
4.958838224411010742e-03
8.622258901596069336e-03
1.039262861013412476e-04
7.706414908170700073e-05
3.129020333290100098e-03
9.853124618530273438e-03
2.022862434387207031e-03
6.179988384246826172e-03
1.663851737976074219e-02
2.696722745895385742e-03
1.354521512985229492e-02
6.790637969970703125e-03
5.144000053405761719e-03
4.277259111404418945e-03
2.299398183822631836e-03
7.458508014678955078e-03
7.567018270492553711e-03
2.020776271820068359e-03
2.617910504341125488e-03
1.534891128540039062e-02
6.767213344573974609e-03
2.602534368634223938e-05
2.968028187751770020e-03
5.300901830196380615e-04
2.338305115699768066e-03
6.729006767272949219e-03
1.501981168985366821e-04
2.118460834026336670e-04
1.319482922554016113e-03
1.888468861579895020e-03
2.489417791366577148e-03
7.829337846487760544e-06
2.433663606643676758e-02
1.196101307868957520e-03
5.730874836444854736e-04
8.263856172561645508e-03
1.398468017578125000e-02
2.858620136976242065e-04
1.995110511779785156e-02
9.883165359497070312e-03
1.683399081230163574e-03
8.944392204284667969e-03
2.040818333625793457e-03
1.841068267822265625e-02
1.101803779602050781e-02
4.843734204769134521e-04
2.933144569396972656e-03
1.014667749404907227e-02
3.288476727902889252e-05
1.482233405113220215e-03
2.336740493774414062e-03
2.401936799287796021e-04
2.018913626670837402e-03
2.152132987976074219e-02
5.495339632034301758e-03
8.244574069976806641e-03
2.153646945953369141e-02
5.928337574005126953e-03
1.876997947692871094e-02
6.640151143074035645e-03
1.778781414031982422e-03
1.062375307083129883e-02
2.382829785346984863e-03
5.257934331893920898e-03
1.456844806671142578e-02
3.174588084220886230e-03
5.461692810058593750e-03
1.058232784271240234e-02
4.031673073768615723e-03
4.147976636886596680e-03
9.352862834930419922e-04
9.310960769653320312e-03
5.183905363082885742e-03
1.622140407562255859e-02
2.035744488239288330e-03
1.001691818237304688e-02
1.150411367416381836e-02
4.194617271423339844e-03
2.320222556591033936e-04
3.635836765170097351e-05
1.688992977142333984e-02
4.885345697402954102e-03
1.699298620223999023e-03
7.946848869323730469e-03
2.303659915924072266e-02
6.762236356735229492e-03
1.764222979545593262e-04
1.008802652359008789e-02
1.015418767929077148e-02
8.372962474822998047e-05
2.555042505264282227e-02
5.954176187515258789e-03
9.949505329132080078e-05
3.519020974636077881e-04
2.779662609100341797e-03
8.998960256576538086e-04
1.294448971748352051e-03
1.102614402770996094e-02
3.455489873886108398e-03
5.893558263778686523e-03
2.068042755126953125e-03
1.609122753143310547e-02
2.101331949234008789e-02
2.220696210861206055e-02
5.456507205963134766e-04
1.332171261310577393e-03
1.563709974288940430e-02
7.459521293640136719e-04
1.402243971824645996e-03
2.827107906341552734e-03
1.332628726959228516e-02
6.489247083663940430e-03
1.618064939975738525e-03
8.198767900466918945e-03
3.699988126754760742e-03
3.954797983169555664e-03
3.181874752044677734e-03
2.580523490905761719e-03
5.559623241424560547e-03
3.078728914260864258e-04
4.430949687957763672e-03
3.442668914794921875e-02
2.129906788468360901e-04
1.608222723007202148e-03
2.434468269348144531e-02
5.569636821746826172e-03
6.216824054718017578e-03
1.355409622192382812e-03
2.728921175003051758e-02
2.602815628051757812e-03
1.060426235198974609e-03
6.622895598411560059e-04
2.582299709320068359e-02
2.004891633987426758e-02
4.725903272628784180e-03
5.208134651184082031e-03
2.986311912536621094e-03
2.400743961334228516e-02
1.529097557067871094e-02
1.691244542598724365e-04
3.856599330902099609e-03
3.446072340011596680e-03
5.651503801345825195e-03
3.386706113815307617e-03
7.584095001220703125e-03
3.595948219299316406e-03
9.540021419525146484e-03
1.806223392486572266e-02
2.266094088554382324e-03
3.474995493888854980e-03
1.592528820037841797e-02
1.182353496551513672e-02
1.234489679336547852e-02
3.979399800300598145e-03
1.186037063598632812e-02
3.124788403511047363e-03
2.165722846984863281e-02
1.579791307449340820e-02
4.142642021179199219e-03
2.886280417442321777e-03
1.733109354972839355e-03
1.503325998783111572e-03
1.243531703948974609e-03
9.562000632286071777e-04
2.914611250162124634e-04
8.173525333404541016e-03
2.634626626968383789e-02
1.522704958915710449e-03
9.478569030761718750e-03
5.751997232437133789e-03
3.817915916442871094e-03
1.490122079849243164e-02
1.978373527526855469e-02
9.890198707580566406e-03
3.512367606163024902e-03
1.375168561935424805e-02
9.416311979293823242e-03
1.357984542846679688e-02
2.360403537750244141e-02
1.159600913524627686e-03
2.324786037206649780e-04
9.290337562561035156e-03
5.823045969009399414e-03
8.027911186218261719e-03
1.301439478993415833e-04
4.232525825500488281e-04
1.824484206736087799e-05
7.654309272766113281e-03
2.176113426685333252e-03
1.290477812290191650e-03
1.202868297696113586e-04
4.111602902412414551e-05
3.341562114655971527e-05
3.455579280853271484e-05
8.521508425474166870e-05
1.025669276714324951e-03
6.004050374031066895e-03
6.218266207724809647e-06
7.763132452964782715e-04
3.368258476257324219e-04
7.306188344955444336e-04
1.075103878974914551e-03
3.421127796173095703e-03
4.946365952491760254e-04
1.226827502250671387e-02
1.749718189239501953e-02
1.148600131273269653e-05
2.846568822860717773e-04
3.252893686294555664e-03
3.180190920829772949e-03
1.475328207015991211e-02
4.357561469078063965e-03
1.026362180709838867e-03
1.179896295070648193e-03
1.156151294708251953e-03
6.971210241317749023e-03
2.339631319046020508e-04
2.295088768005371094e-02
1.853868365287780762e-03
3.796033561229705811e-04
4.428148269653320312e-03
5.157850682735443115e-04
8.912384510040283203e-05
2.463534474372863770e-03
1.182109117507934570e-04
8.315205574035644531e-03
9.209010750055313110e-05
6.292909383773803711e-04
3.865569829940795898e-03
3.844164311885833740e-04
2.758324146270751953e-03
3.201425075531005859e-02
4.441179335117340088e-04
6.813332438468933105e-04
2.467349171638488770e-03
9.073168039321899414e-04
9.864121675491333008e-04
6.696730852127075195e-04
3.855768591165542603e-04
2.035754732787609100e-05
1.728035509586334229e-03
2.749705314636230469e-02
2.143383026123046875e-03
5.398601293563842773e-03
2.334773540496826172e-03
4.560098052024841309e-03
7.430940866470336914e-03
1.991832256317138672e-02
4.974842071533203125e-03
4.439651966094970703e-03
2.170324325561523438e-03
1.006945967674255371e-03
1.197949051856994629e-03
5.947984755039215088e-05
4.072606563568115234e-03
1.700162887573242188e-03
1.046612858772277832e-03
5.865953862667083740e-04
5.876533687114715576e-04
9.288974106311798096e-04
1.424290239810943604e-03
3.207132220268249512e-03
3.373026847839355469e-04
4.636566154658794403e-05
1.689660549163818359e-02
1.049271225929260254e-02
2.607607841491699219e-02
1.445136964321136475e-03
1.490360498428344727e-02
2.887472510337829590e-04
1.065649092197418213e-03
8.619204163551330566e-04
1.620441675186157227e-03
1.573469489812850952e-04
1.109486818313598633e-02
6.651312112808227539e-03
1.027889549732208252e-03
1.591928303241729736e-04
6.584189832210540771e-04
5.377233028411865234e-04
3.011245280504226685e-05
1.675724983215332031e-03
8.271187543869018555e-04
2.877593040466308594e-03
2.781093120574951172e-03
8.403137326240539551e-04
1.317858695983886719e-03
9.088814258575439453e-04
6.912946701049804688e-04
1.360468566417694092e-03
1.111246645450592041e-03
1.186951994895935059e-03
1.278769969940185547e-02
2.213288098573684692e-04
2.186382189393043518e-04
1.986799761652946472e-04
7.805004715919494629e-04
2.421945333480834961e-03
5.802810192108154297e-04
2.222135663032531738e-04
1.481604576110839844e-02
1.674510538578033447e-03
1.707989722490310669e-04
2.542361617088317871e-03
2.891756594181060791e-04
2.763110399246215820e-02
1.732613891363143921e-04
1.239180564880371094e-03
1.400291919708251953e-03
2.531647682189941406e-03
1.074176281690597534e-03
4.090487957000732422e-03
4.353076219558715820e-03
1.481032371520996094e-02
1.055848598480224609e-02
1.296307891607284546e-05
1.753658056259155273e-03
2.437078952789306641e-02
1.346397399902343750e-02
6.246536970138549805e-03
2.878338098526000977e-03
5.112849175930023193e-04
9.586066007614135742e-04
3.029443323612213135e-04
8.782697841525077820e-05
2.097922563552856445e-02
9.459559805691242218e-06
6.403811275959014893e-04
2.367466688156127930e-03
2.648755908012390137e-04
8.383631706237792969e-03
3.869354724884033203e-03
2.838820219039916992e-04
1.894831657409667969e-02
9.052872657775878906e-03
1.288987696170806885e-04
6.709724664688110352e-03
5.710989236831665039e-03
3.293212503194808960e-04
2.905166149139404297e-02
2.358518540859222412e-04
2.177789807319641113e-03
6.676241755485534668e-04
3.988146781921386719e-03
2.202647924423217773e-02
1.482047140598297119e-03
1.244559884071350098e-03
2.885852009057998657e-04
3.220811486244201660e-04
2.532545477151870728e-04
1.110561192035675049e-03
7.645599544048309326e-04
4.100725054740905762e-04
9.267125278711318970e-05
1.401013135910034180e-02
6.329789757728576660e-04
9.961366653442382812e-03
1.267403364181518555e-03
2.824544906616210938e-02
7.556855678558349609e-03
3.733281046152114868e-04
3.070645034313201904e-04
1.041982322931289673e-04
4.612989723682403564e-04
8.318722248077392578e-04
6.882380694150924683e-05
1.407144591212272644e-04
8.574686944484710693e-06
1.433178782463073730e-03
1.069164276123046875e-02
1.061569899320602417e-03
1.691184937953948975e-03
3.159865736961364746e-04
9.375154972076416016e-03
7.546693086624145508e-04
8.366256952285766602e-04
1.212723553180694580e-03
2.116665244102478027e-03
1.883588731288909912e-03
6.644576787948608398e-03
2.798549830913543701e-04
2.746209502220153809e-04
1.756995916366577148e-03
4.324570298194885254e-03
1.361556351184844971e-04
9.311765432357788086e-03
1.127962023019790649e-04
1.306654885411262512e-04
7.666945457458496094e-04
7.909312844276428223e-04
2.239849418401718140e-04
1.751244068145751953e-03
4.120962694287300110e-05
1.919288188219070435e-04
5.313977599143981934e-04
2.606399357318878174e-04
3.418445587158203125e-03
6.346106529235839844e-03
4.400648176670074463e-04
2.175755798816680908e-04
5.680620670318603516e-03
1.931242644786834717e-03
1.198083162307739258e-02
1.972675323486328125e-03
5.769103765487670898e-03
1.203246414661407471e-03
1.843959093093872070e-03
1.702994108200073242e-03
1.668576151132583618e-04
6.009191274642944336e-04
4.870351403951644897e-05
4.033334553241729736e-04
1.347398757934570312e-02
9.638071060180664062e-04
2.742893993854522705e-04
1.090407371520996094e-03
2.915963530540466309e-03
1.247311010956764221e-04
2.904430031776428223e-03
1.424364745616912842e-04
1.789885759353637695e-02
1.307204365730285645e-04
1.686260104179382324e-03
1.177556812763214111e-03
1.219205558300018311e-03
7.741972804069519043e-04
4.456331953406333923e-05
6.785988807678222656e-05
3.784179687500000000e-03
1.178276538848876953e-02
8.056312799453735352e-04
1.746392250061035156e-02
1.543968915939331055e-02
1.542925834655761719e-02
8.141100406646728516e-04
6.543025374412536621e-04
1.545184850692749023e-02
1.154644414782524109e-04
5.533136427402496338e-04
1.098088920116424561e-03
1.732969284057617188e-02
1.031309366226196289e-03
1.106172800064086914e-03
3.149181604385375977e-03
5.382150411605834961e-04
2.411324530839920044e-04
1.348465681076049805e-03
2.070859074592590332e-03
2.960562705993652344e-04
1.848705112934112549e-03
6.385073065757751465e-04
8.568882942199707031e-03
2.411268651485443115e-04
6.024658679962158203e-03
2.086192369461059570e-03
8.633285760879516602e-04
4.667975008487701416e-04
1.742708683013916016e-02
3.130361437797546387e-04
3.964388370513916016e-02
4.301778972148895264e-04
5.288235843181610107e-04
3.298185765743255615e-05
2.319943159818649292e-04
1.420956850051879883e-02
5.121603608131408691e-04
4.224060103297233582e-05
1.696532964706420898e-02
1.747292280197143555e-02
8.741855621337890625e-03
1.537710428237915039e-03
2.747759222984313965e-03
5.260147154331207275e-04
3.422737121582031250e-03
1.067715883255004883e-02
5.993619561195373535e-04
7.521174848079681396e-05
7.955953478813171387e-04
2.669021487236022949e-03
9.966909885406494141e-03
2.781733870506286621e-03
4.352062940597534180e-03
3.876686096191406250e-04
2.412474155426025391e-02
1.643195748329162598e-03
1.061437651515007019e-04
4.930309951305389404e-04
6.257966160774230957e-04
1.592531800270080566e-03
1.877379417419433594e-02
1.038782298564910889e-03
1.164197921752929688e-03
0.000000000000000000e+00
0.000000000000000000e+00
0.000000000000000000e+00
0.000000000000000000e+00
0.000000000000000000e+00
0.000000000000000000e+00
0.000000000000000000e+00
0.000000000000000000e+00
0.000000000000000000e+00
0.000000000000000000e+00
0.000000000000000000e+00
0.000000000000000000e+00
0.000000000000000000e+00
0.000000000000000000e+00
0.000000000000000000e+00
0.000000000000000000e+00
0.000000000000000000e+00
0.000000000000000000e+00
0.000000000000000000e+00
0.000000000000000000e+00
0.000000000000000000e+00
0.000000000000000000e+00
0.000000000000000000e+00
0.000000000000000000e+00
0.000000000000000000e+00
0.000000000000000000e+00
0.000000000000000000e+00
0.000000000000000000e+00
0.000000000000000000e+00
0.000000000000000000e+00
0.000000000000000000e+00
0.000000000000000000e+00
0.000000000000000000e+00
0.000000000000000000e+00
0.000000000000000000e+00
0.000000000000000000e+00
0.000000000000000000e+00
0.000000000000000000e+00
0.000000000000000000e+00
0.000000000000000000e+00
