5.876660346984863281e-03
8.783757686614990234e-03
3.326922655105590820e-03
2.307128906250000000e-02
1.026868820190429688e-02
3.250968456268310547e-02
7.300436496734619141e-03
8.150994777679443359e-03
2.455425262451171875e-02
6.779789924621582031e-03
2.517536282539367676e-03
1.906144618988037109e-02
4.898905754089355469e-03
3.559112548828125000e-03
6.781399250030517578e-03
9.685337543487548828e-03
8.249402046203613281e-03
1.094651222229003906e-02
4.967451095581054688e-03
1.593565940856933594e-02
3.984540700912475586e-03
1.954364776611328125e-02
9.200692176818847656e-03
2.624869346618652344e-02
1.689359545707702637e-03
1.471191644668579102e-02
3.884553909301757812e-03
6.500631570816040039e-03
1.736187934875488281e-02
8.280277252197265625e-03
1.229822635650634766e-02
2.234125137329101562e-02
4.779398441314697266e-03
2.501353621482849121e-03
2.295464277267456055e-02
1.652371883392333984e-02
3.650307655334472656e-03
6.040602922439575195e-03
2.240383625030517578e-02
2.589952945709228516e-02
9.561300277709960938e-03
2.364456653594970703e-03
1.502752304077148438e-03
2.023106813430786133e-02
9.995758533477783203e-03
7.854878902435302734e-03
2.015632390975952148e-02
2.035617828369140625e-02
1.645696163177490234e-02
2.361130714416503906e-02
7.765531539916992188e-03
3.944277763366699219e-03
2.132344245910644531e-02
2.801239490509033203e-02
9.666204452514648438e-03
5.830645561218261719e-03
1.132482290267944336e-02
2.319306135177612305e-02
8.817315101623535156e-03
1.359033584594726562e-02
2.138495445251464844e-02
4.139021039009094238e-03
8.343160152435302734e-03
2.541291713714599609e-02
3.260999917984008789e-03
1.298516988754272461e-02
4.465460777282714844e-03
4.653215408325195312e-03
1.683545112609863281e-02
1.808679103851318359e-02
1.586002111434936523e-02
2.111446857452392578e-02
5.634665489196777344e-03
6.696045398712158203e-03
1.665061712265014648e-02
1.503413915634155273e-02
1.794862747192382812e-02
1.988852024078369141e-02
6.593972444534301758e-03
1.282840967178344727e-02
1.396512985229492188e-02
5.873918533325195312e-03
1.227039098739624023e-02
1.058053970336914062e-02
7.600426673889160156e-03
2.643108367919921875e-03
6.890714168548583984e-03
1.534175872802734375e-02
8.248150348663330078e-03
1.768183708190917969e-02
1.769170165061950684e-03
1.055812835693359375e-02
1.751786470413208008e-02
1.060244441032409668e-02
1.686567068099975586e-02
6.152331829071044922e-03
3.224492073059082031e-03
2.241557836532592773e-02
6.595730781555175781e-03
6.305456161499023438e-03
2.031132578849792480e-03
1.878297328948974609e-02
1.469755172729492188e-02
2.462548017501831055e-02
8.800387382507324219e-03
1.851862668991088867e-02
2.403843402862548828e-02
1.008790731430053711e-02
4.697740077972412109e-03
2.418988943099975586e-02
1.027938723564147949e-02
2.220451831817626953e-02
9.673476219177246094e-03
7.062137126922607422e-03
1.165026426315307617e-02
2.072572708129882812e-03
7.800400257110595703e-03
4.922866821289062500e-03
5.324006080627441406e-03
1.268041133880615234e-02
5.272835493087768555e-03
3.907471895217895508e-03
4.714965820312500000e-03
2.001333236694335938e-02
7.076740264892578125e-03
5.549520254135131836e-03
1.926779747009277344e-02
7.802963256835937500e-03
4.063427448272705078e-03
8.136093616485595703e-03
5.940496921539306641e-03
1.174819469451904297e-02
1.616436243057250977e-02
1.289352774620056152e-03
2.054715156555175781e-02
1.803338527679443359e-02
1.794958114624023438e-02
4.238039255142211914e-03
8.390665054321289062e-03
7.415950298309326172e-03
1.207268238067626953e-02
2.996194362640380859e-02
8.509397506713867188e-03
6.109893321990966797e-03
8.252501487731933594e-03
1.162314414978027344e-02
5.095481872558593750e-03
1.664721965789794922e-02
1.458913087844848633e-02
7.283747196197509766e-03
9.504795074462890625e-03
2.101182937622070312e-03
2.185344696044921875e-03
7.097125053405761719e-03
6.811290979385375977e-03
1.217299699783325195e-02
1.658117771148681641e-02
3.930211067199707031e-03
2.494722604751586914e-03
1.151341199874877930e-02
5.772978067398071289e-03
1.551169157028198242e-02
1.511931419372558594e-02
2.957224845886230469e-03
1.958119869232177734e-02
1.086157560348510742e-02
1.237154006958007812e-02
2.715229988098144531e-03
9.936928749084472656e-03
5.729496479034423828e-03
9.939014911651611328e-03
6.762206554412841797e-03
1.281523704528808594e-02
1.259255409240722656e-02
1.088893413543701172e-02
7.546931505203247070e-03
2.151721715927124023e-02
1.405161619186401367e-02
6.888985633850097656e-03
1.114022731781005859e-02
6.968080997467041016e-03
1.498305797576904297e-02
6.332576274871826172e-03
1.767829060554504395e-03
9.959697723388671875e-03
2.003562450408935547e-02
2.420771121978759766e-02
5.506455898284912109e-03
1.572179794311523438e-02
1.842272281646728516e-02
1.304411888122558594e-02
1.878774166107177734e-02
1.455193758010864258e-02
1.602780818939208984e-02
1.825153827667236328e-02
1.338440179824829102e-02
5.515843629837036133e-03
1.425117254257202148e-02
4.827976226806640625e-03
2.957820892333984375e-03
4.552066326141357422e-03
3.982543945312500000e-03
1.027041673660278320e-02
2.480471134185791016e-02
4.246377944946289062e-02
6.876736879348754883e-03
1.303309202194213867e-02
1.898854970932006836e-02
1.557391881942749023e-02
3.247702121734619141e-02
1.195299625396728516e-02
1.394772529602050781e-02
1.427102088928222656e-02
4.920601844787597656e-03
7.432788610458374023e-03
1.267468929290771484e-02
2.332264184951782227e-02
1.383155584335327148e-02
1.743721961975097656e-02
2.283453941345214844e-02
2.924704551696777344e-02
1.606357097625732422e-02
1.028412580490112305e-02
2.802997827529907227e-03
1.487195491790771484e-02
9.385585784912109375e-03
2.235734462738037109e-02
1.048499345779418945e-02
7.162779569625854492e-03
1.871097087860107422e-02
1.709079742431640625e-02
8.649826049804687500e-03
2.159917354583740234e-02
4.863977432250976562e-03
9.454846382141113281e-03
1.504653692245483398e-02
9.312212467193603516e-03
6.287634372711181641e-03
1.846760511398315430e-02
4.547476768493652344e-03
1.365351676940917969e-02
2.074086666107177734e-02
1.013517379760742188e-02
1.115307211875915527e-03
1.492142677307128906e-02
2.090001106262207031e-02
1.766991615295410156e-02
4.877984523773193359e-03
6.656110286712646484e-03
9.547352790832519531e-03
1.291567087173461914e-02
1.551881432533264160e-03
1.187694072723388672e-02
1.676172018051147461e-02
2.709591388702392578e-02
1.735728979110717773e-02
0.000000000000000000e+00
0.000000000000000000e+00
0.000000000000000000e+00
0.000000000000000000e+00
0.000000000000000000e+00
0.000000000000000000e+00
0.000000000000000000e+00
0.000000000000000000e+00
0.000000000000000000e+00
0.000000000000000000e+00
0.000000000000000000e+00
0.000000000000000000e+00
0.000000000000000000e+00
0.000000000000000000e+00
0.000000000000000000e+00
0.000000000000000000e+00
0.000000000000000000e+00
0.000000000000000000e+00
0.000000000000000000e+00
0.000000000000000000e+00
