2.388983964920043945e-03
9.538326412439346313e-05
2.989345788955688477e-02
1.139165833592414856e-04
3.651291131973266602e-03
1.319050788879394531e-04
1.681691408157348633e-02
2.338573336601257324e-03
3.122717142105102539e-03
1.499325037002563477e-03
2.916865050792694092e-04
9.208843111991882324e-04
1.520198583602905273e-02
8.933424949645996094e-03
1.039803028106689453e-02
9.037703275680541992e-04
1.866924762725830078e-02
7.822692394256591797e-03
5.415707826614379883e-03
9.191632270812988281e-04
7.231712341308593750e-03
1.074051856994628906e-02
3.451779484748840332e-04
9.425640106201171875e-03
2.992033958435058594e-03
9.976565837860107422e-03
1.464927196502685547e-02
3.904439508914947510e-04
6.005495786666870117e-03
7.693842053413391113e-04
1.047885417938232422e-02
1.015961170196533203e-03
2.808347344398498535e-03
1.617103815078735352e-02
1.819655299186706543e-03
3.381714224815368652e-03
4.090636968612670898e-03
1.525022089481353760e-04
1.255953311920166016e-02
1.679021120071411133e-02
2.377435564994812012e-03
2.052262425422668457e-03
1.839008182287216187e-04
1.012869179248809814e-03
3.064870834350585938e-04
2.329766750335693359e-02
2.275258302688598633e-04
2.747476100921630859e-04
5.953371524810791016e-03
7.136106491088867188e-03
1.056037843227386475e-03
9.093225002288818359e-03
4.397839307785034180e-03
1.639395952224731445e-02
1.414820551872253418e-03
9.870119392871856689e-04
4.440635442733764648e-03
2.365317195653915405e-04
6.671398878097534180e-04
1.648947596549987793e-03
1.038163900375366211e-02
1.056611537933349609e-03
9.489618241786956787e-04
4.230886697769165039e-04
2.486631274223327637e-04
7.686674594879150391e-03
1.505821943283081055e-02
6.046891212463378906e-04
2.655193209648132324e-03
1.856565475463867188e-02
1.683247089385986328e-02
1.290681958198547363e-02
3.643870353698730469e-03
7.107377052307128906e-03
4.458308219909667969e-03
9.338349103927612305e-03
3.847599029541015625e-03
1.123613119125366211e-02
5.973011255264282227e-03
7.029846310615539551e-04
5.519390106201171875e-03
3.849953413009643555e-03
4.498623311519622803e-04
2.637714147567749023e-03
9.810552000999450684e-04
3.262639045715332031e-03
1.281462609767913818e-03
4.327259957790374756e-04
5.124285817146301270e-04
1.493319869041442871e-03
1.205233857035636902e-04
3.398746252059936523e-03
1.386657357215881348e-03
1.008379459381103516e-02
1.022815704345703125e-02
3.814363479614257812e-02
4.083007574081420898e-03
1.614168286323547363e-03
4.212632775306701660e-04
8.767366409301757812e-03
1.672726869583129883e-02
2.338532358407974243e-04
1.606714725494384766e-02
1.943534612655639648e-02
4.176571965217590332e-04
5.717754364013671875e-03
1.318482682108879089e-04
1.217854022979736328e-02
9.352490305900573730e-04
7.904544472694396973e-04
1.655489206314086914e-03
1.136139035224914551e-03
2.968683838844299316e-03
5.067974328994750977e-03
9.979903697967529297e-03
1.435220241546630859e-03
1.947805285453796387e-04
5.756914615631103516e-04
6.460547447204589844e-03
4.431009292602539062e-04
7.771328091621398926e-04
1.051589846611022949e-03
3.175154328346252441e-03
1.332946121692657471e-03
4.696696996688842773e-03
3.344208002090454102e-03
1.712548732757568359e-02
1.140356063842773438e-02
4.905238747596740723e-04
8.955895900726318359e-04
1.795655488967895508e-02
4.248060286045074463e-04
1.618355512619018555e-03
2.983912825584411621e-03
6.813406944274902344e-03
1.417273283004760742e-02
2.171024680137634277e-04
5.373120307922363281e-03
2.096951007843017578e-03
1.466318964958190918e-03
1.541059464216232300e-04
7.116138935089111328e-03
1.231525093317031860e-04
6.158649921417236328e-03
1.301676034927368164e-02
7.734168320894241333e-05
1.508152484893798828e-02
1.292490959167480469e-02
1.636184751987457275e-04
1.818582415580749512e-03
1.553073525428771973e-03
7.260203361511230469e-03
6.314724683761596680e-03
5.114108324050903320e-03
6.068944931030273438e-03
1.078623533248901367e-02
4.863560199737548828e-03
8.814722299575805664e-03
1.330912113189697266e-02
1.138252019882202148e-02
3.568641841411590576e-04
5.932539701461791992e-03
6.164088845252990723e-04
1.756414771080017090e-03
4.339329898357391357e-04
2.719834446907043457e-04
9.433552622795104980e-04
7.335990667343139648e-04
1.271921396255493164e-02
6.645619869232177734e-03
1.204156875610351562e-02
1.014061272144317627e-03
2.127552032470703125e-02
4.981309175491333008e-03
1.052653789520263672e-02
1.750195026397705078e-02
1.127260923385620117e-02
2.209302037954330444e-04
1.346278190612792969e-02
1.543748378753662109e-02
1.609188318252563477e-02
2.513676881790161133e-03
3.380268812179565430e-03
1.159465312957763672e-02
1.789891719818115234e-02
8.289590477943420410e-04
9.089708328247070312e-04
1.397681236267089844e-02
3.237798810005187988e-03
3.034681081771850586e-03
1.577079296112060547e-02
3.163814544677734375e-04
1.450687646865844727e-03
5.758367478847503662e-04
4.949301481246948242e-03
2.273255586624145508e-02
1.472651958465576172e-02
5.074277520179748535e-03
1.107841730117797852e-03
5.973249673843383789e-03
5.974769592285156250e-04
7.182508707046508789e-04
8.181035518646240234e-04
2.198117971420288086e-02
2.593034505844116211e-02
2.918332815170288086e-03
3.062576055526733398e-03
6.911426782608032227e-03
5.486942827701568604e-04
1.883053779602050781e-02
7.308796048164367676e-04
2.130204439163208008e-02
4.251934587955474854e-04
8.015841245651245117e-03
6.352901458740234375e-03
2.364629507064819336e-02
1.036274433135986328e-02
1.496362686157226562e-02
5.627255886793136597e-04
3.004029393196105957e-03
1.603990793228149414e-02
3.756284713745117188e-04
5.206167697906494141e-03
1.160478591918945312e-02
4.955500364303588867e-03
8.924007415771484375e-04
6.184756755828857422e-03
2.243399620056152344e-02
1.438069343566894531e-02
7.667422294616699219e-03
1.673445105552673340e-03
6.267383694648742676e-03
7.792741060256958008e-03
2.021527290344238281e-02
7.961019873619079590e-04
1.924300193786621094e-02
1.192587614059448242e-02
2.695053815841674805e-03
2.822428941726684570e-04
7.431134581565856934e-04
1.750439405441284180e-03
6.856061518192291260e-04
1.280486583709716797e-03
8.037313818931579590e-05
5.462586879730224609e-03
1.091691851615905762e-02
1.390355825424194336e-02
2.359524369239807129e-04
1.399701833724975586e-02
2.919472754001617432e-04
1.729476451873779297e-02
2.669095993041992188e-03
2.577647566795349121e-03
3.907591104507446289e-03
1.287984848022460938e-02
7.695592939853668213e-04
1.818910241127014160e-04
7.826626300811767578e-03
2.094492316246032715e-03
6.962046027183532715e-04
9.878814220428466797e-03
1.315587759017944336e-02
2.667844295501708984e-03
6.177723407745361328e-04
1.738351583480834961e-02
2.458202838897705078e-02
1.689359545707702637e-03
1.843655109405517578e-02
3.164112567901611328e-03
2.335131168365478516e-02
4.652500152587890625e-03
1.138585805892944336e-02
1.447474956512451172e-02
2.778232097625732422e-03
1.490449905395507812e-02
1.228857040405273438e-02
7.534492760896682739e-05
2.485126256942749023e-03
2.674341201782226562e-02
2.942770719528198242e-03
1.204580068588256836e-02
1.100478693842887878e-04
9.139925241470336914e-04
9.969890117645263672e-03
2.588346600532531738e-03
5.863666534423828125e-03
8.763462305068969727e-03
1.865375041961669922e-02
1.023732125759124756e-03
1.197236776351928711e-02
1.291677355766296387e-03
2.619311213493347168e-03
3.026779741048812866e-04
3.948025405406951904e-04
3.143608570098876953e-03
2.617627382278442383e-03
1.202046871185302734e-03
1.257085800170898438e-02
5.827005952596664429e-05
4.429221153259277344e-04
4.631042480468750000e-03
1.356363296508789062e-02
1.613831520080566406e-02
6.151527166366577148e-03
1.688286662101745605e-03
4.528731107711791992e-03
4.743307828903198242e-03
2.596652507781982422e-02
1.606953144073486328e-02
1.448428630828857422e-02
1.138031482696533203e-02
5.627453327178955078e-03
1.366186141967773438e-02
1.534670591354370117e-02
1.266092061996459961e-03
1.628518104553222656e-02
9.983003139495849609e-03
7.399134337902069092e-04
5.930103361606597900e-05
1.805526018142700195e-02
3.044769167900085449e-03
2.592015266418457031e-02
5.222022533416748047e-03
1.042920351028442383e-02
2.378001809120178223e-04
2.118088304996490479e-04
1.442655920982360840e-03
1.094067096710205078e-02
2.792990207672119141e-02
4.083260893821716309e-03
7.762074470520019531e-03
4.131346940994262695e-04
2.366751432418823242e-03
8.732199668884277344e-03
3.654062747955322266e-03
6.463229656219482422e-03
5.918383598327636719e-03
7.649250328540802002e-04
3.704428672790527344e-03
1.262277364730834961e-03
1.382827758789062500e-02
2.236627042293548584e-04
1.207435131072998047e-02
2.463167905807495117e-02
3.308683633804321289e-03
6.026700139045715332e-04
1.473635435104370117e-02
1.015588641166687012e-03
1.768505573272705078e-02
1.933760941028594971e-03
4.067778587341308594e-02
1.732453703880310059e-03
1.473650336265563965e-03
8.595958352088928223e-04
4.575937986373901367e-03
5.721375346183776855e-04
5.039334297180175781e-03
1.692045480012893677e-04
1.155751943588256836e-02
6.804943084716796875e-03
2.671211957931518555e-02
5.020335316658020020e-03
1.817846298217773438e-02
1.732969284057617188e-02
1.531255245208740234e-02
1.588356494903564453e-02
5.248636007308959961e-04
4.433184862136840820e-03
8.612424135208129883e-04
1.394507288932800293e-02
2.716153860092163086e-03
8.498340845108032227e-03
1.455485820770263672e-02
2.377524971961975098e-03
9.140186011791229248e-05
1.294396817684173584e-03
9.902358055114746094e-03
1.468640565872192383e-02
2.149200439453125000e-02
9.927377104759216309e-04
1.423811912536621094e-02
2.534747123718261719e-03
3.635764122009277344e-03
1.633197069168090820e-02
1.979970932006835938e-02
5.878657102584838867e-04
2.394163608551025391e-02
4.525542259216308594e-03
8.664727210998535156e-03
2.237614244222640991e-04
3.913059830665588379e-03
1.186358928680419922e-02
2.738401293754577637e-03
3.434240818023681641e-03
2.803862094879150391e-03
5.495190620422363281e-03
2.348232269287109375e-02
1.157335937023162842e-03
9.047836065292358398e-04
5.185976624488830566e-04
1.560056209564208984e-02
2.697125077247619629e-03
1.525869965553283691e-02
1.336611807346343994e-03
8.462250232696533203e-03
3.030568361282348633e-03
1.328378915786743164e-02
1.016214489936828613e-03
4.441179335117340088e-04
7.187008857727050781e-03
2.360194921493530273e-03
5.341321229934692383e-05
5.320161581039428711e-04
1.453131437301635742e-02
1.435762643814086914e-02
1.124626398086547852e-02
1.308137178421020508e-02
2.473387867212295532e-04
2.604734897613525391e-02
3.186285495758056641e-02
1.659631729125976562e-02
9.586453437805175781e-03
9.664986282587051392e-05
2.682089805603027344e-03
2.288036048412322998e-04
5.384802818298339844e-03
3.808289766311645508e-03
2.461785078048706055e-02
9.421408176422119141e-03
2.325065433979034424e-04
6.481587886810302734e-03
7.955916225910186768e-05
7.502809166908264160e-04
1.906430721282958984e-02
3.566741943359375000e-04
1.053132116794586182e-03
3.200665116310119629e-03
2.076908946037292480e-03
1.846440136432647705e-04
1.182630658149719238e-04
7.840394973754882812e-03
1.200646162033081055e-03
6.386816501617431641e-03
6.251811981201171875e-03
5.246520042419433594e-03
1.838862895965576172e-03
1.894503831863403320e-03
8.967369794845581055e-04
3.262355923652648926e-03
1.742646098136901855e-03
3.916054964065551758e-03
1.437091827392578125e-02
2.373531460762023926e-04
1.105926930904388428e-04
3.824979066848754883e-04
4.958212375640869141e-03
6.399974226951599121e-04
2.466648817062377930e-03
6.742123514413833618e-05
2.416402101516723633e-03
2.650916576385498047e-03
4.314839839935302734e-03
1.487463712692260742e-03
1.739799976348876953e-02
1.346096396446228027e-04
1.047998666763305664e-02
6.199538707733154297e-03
2.227425575256347656e-03
5.298294126987457275e-05
1.545935869216918945e-02
9.682416915893554688e-03
8.246481418609619141e-03
6.493896245956420898e-03
3.782242536544799805e-03
5.752176046371459961e-03
1.744925975799560547e-03
5.457609891891479492e-03
7.848888635635375977e-03
1.251511275768280029e-04
2.096891403198242188e-03
8.083879947662353516e-05
5.980916321277618408e-04
2.045165747404098511e-04
1.473379135131835938e-02
6.096482276916503906e-03
1.317024230957031250e-02
4.385132342576980591e-05
1.667533069849014282e-04
1.005429029464721680e-02
3.473013639450073242e-04
1.113966107368469238e-03
3.985352814197540283e-04
9.895265102386474609e-04
5.078047513961791992e-03
4.184385761618614197e-05
3.965705633163452148e-03
2.663910388946533203e-03
1.511955633759498596e-04
1.330241560935974121e-03
1.509404182434082031e-02
2.599768340587615967e-04
3.271281719207763672e-03
1.236721873283386230e-03
2.228900790214538574e-03
1.661717891693115234e-03
6.043463945388793945e-04
1.837074756622314453e-02
3.277629613876342773e-03
2.227067947387695312e-03
8.591115474700927734e-04
1.791745424270629883e-03
5.526021122932434082e-04
2.489596605300903320e-03
3.285229206085205078e-03
2.078972756862640381e-04
1.366263628005981445e-02
5.006879568099975586e-03
1.631602644920349121e-03
6.232969462871551514e-05
1.205336302518844604e-04
8.979797363281250000e-03
6.494894623756408691e-04
9.082674980163574219e-03
1.478835940361022949e-03
2.846941351890563965e-04
1.754853874444961548e-04
2.051711082458496094e-03
8.842721581459045410e-05
7.722049951553344727e-03
1.045954227447509766e-02
3.107950091361999512e-03
1.429580152034759521e-03
7.621273398399353027e-04
2.182030677795410156e-02
1.697391271591186523e-04
7.648468017578125000e-03
6.570741534233093262e-04
3.267556428909301758e-03
4.253275692462921143e-04
6.890177726745605469e-03
1.488864421844482422e-02
2.816349267959594727e-03
5.289018154144287109e-03
1.108413934707641602e-02
1.182645559310913086e-02
2.516388893127441406e-03
2.098381519317626953e-03
1.421928405761718750e-03
7.479116320610046387e-04
1.706027984619140625e-02
1.293323934078216553e-03
5.936250090599060059e-04
4.542171955108642578e-04
1.170766353607177734e-02
3.820478916168212891e-03
2.950206398963928223e-04
7.362425327301025391e-03
7.017135620117187500e-03
1.951783895492553711e-03
9.026229381561279297e-03
1.437991857528686523e-03
1.654401421546936035e-04
4.800021648406982422e-03
4.563957452774047852e-03
4.678606986999511719e-03
1.838803291320800781e-04
5.982637405395507812e-03
1.939341425895690918e-03
3.669023513793945312e-03
2.827681601047515869e-04
1.563107967376708984e-02
1.140177249908447266e-02
5.678206682205200195e-03
6.185546517372131348e-04
5.959510803222656250e-03
3.622800111770629883e-03
1.222252845764160156e-03
8.650347590446472168e-04
1.415327191352844238e-03
3.507703542709350586e-03
1.383915543556213379e-03
6.595253944396972656e-04
1.706946641206741333e-04
5.045980215072631836e-04
6.119489669799804688e-03
1.847565174102783203e-02
1.667905598878860474e-04
1.478921622037887573e-04
1.928555965423583984e-02
1.740813255310058594e-03
1.738679409027099609e-02
6.190948188304901123e-04
1.188017427921295166e-03
1.799836754798889160e-04
1.507088541984558105e-03
2.547487616539001465e-03
3.264890983700752258e-05
2.257496118545532227e-03
1.822447776794433594e-02
1.057866215705871582e-02
1.194449141621589661e-04
3.802776336669921875e-04
3.474324941635131836e-03
1.866966485977172852e-03
1.925832033157348633e-02
8.061140775680541992e-03
4.146605730056762695e-03
3.695130348205566406e-03
2.936914563179016113e-03
9.085595607757568359e-03
2.509093284606933594e-02
4.436150193214416504e-04
1.688635349273681641e-02
9.405970573425292969e-03
3.770962357521057129e-04
1.243561506271362305e-03
1.996487379074096680e-02
1.308601349592208862e-04
2.140551805496215820e-04
1.405453681945800781e-02
1.230932772159576416e-03
1.737521961331367493e-05
3.418743610382080078e-03
4.226602613925933838e-04
1.156902313232421875e-02
1.130145788192749023e-02
1.507207751274108887e-03
1.032382249832153320e-03
2.136319875717163086e-03
6.830543279647827148e-04
2.661690115928649902e-03
3.897100687026977539e-03
6.967633962631225586e-03
1.540392637252807617e-02
1.352662220597267151e-04
3.457218408584594727e-03
2.831354737281799316e-03
2.415633201599121094e-02
1.061546802520751953e-02
4.100754857063293457e-03
7.355771958827972412e-05
2.718555927276611328e-02
5.453824996948242188e-05
7.328182458877563477e-03
7.197827100753784180e-03
3.385215997695922852e-03
5.152300000190734863e-04
1.638874411582946777e-03
2.465665340423583984e-03
2.742648124694824219e-03
1.882368326187133789e-02
1.873123645782470703e-02
1.797348260879516602e-03
9.326562285423278809e-04
9.137868881225585938e-03
2.522006630897521973e-03
1.246161758899688721e-03
4.764586687088012695e-03
2.425715327262878418e-03
1.682639122009277344e-04
8.033588528633117676e-04
1.391851902008056641e-02
6.554305553436279297e-03
8.011609315872192383e-04
3.679729998111724854e-04
2.415299415588378906e-03
1.264497637748718262e-03
1.803301274776458740e-03
1.729071140289306641e-02
1.475006341934204102e-03
8.555501699447631836e-04
8.372813463211059570e-03
1.046276092529296875e-02
4.145830869674682617e-03
1.963591575622558594e-02
2.622082829475402832e-03
4.310458898544311523e-04
4.084929823875427246e-04
1.319348812103271484e-03
1.733839511871337891e-02
2.524107694625854492e-03
2.498999238014221191e-04
2.241700887680053711e-03
1.514442265033721924e-04
1.628194004297256470e-04
5.198270082473754883e-03
2.364909648895263672e-02
1.909554004669189453e-03
7.352307438850402832e-04
1.226812601089477539e-03
8.354783058166503906e-03
6.319195032119750977e-03
6.523579359054565430e-03
1.538284122943878174e-03
2.601146697998046875e-03
2.200043201446533203e-02
4.166066646575927734e-03
6.960034370422363281e-04
8.158624172210693359e-03
1.351243257522583008e-02
1.333802938461303711e-03
3.308147192001342773e-03
4.867076873779296875e-03
1.601517200469970703e-02
6.185695528984069824e-04
5.597323179244995117e-04
2.305850386619567871e-03
8.055269718170166016e-03
1.233182847499847412e-04
1.767262816429138184e-03
1.135993003845214844e-02
2.062674611806869507e-04
1.331076025962829590e-03
1.485550403594970703e-02
1.059480011463165283e-03
8.048832416534423828e-03
2.651557326316833496e-03
1.486796140670776367e-02
1.320290565490722656e-02
5.777403712272644043e-04
5.109250545501708984e-03
5.138069391250610352e-03
8.395835757255554199e-04
2.581208944320678711e-03
7.417023181915283203e-03
3.513857722282409668e-03
3.382876515388488770e-03
1.802276819944381714e-04
2.502679824829101562e-03
1.859939098358154297e-02
1.886561512947082520e-03
1.375913619995117188e-03
6.791390478610992432e-05
2.443678677082061768e-04
1.043781638145446777e-03
7.653832435607910156e-04
5.389690399169921875e-03
1.424830406904220581e-04
4.216544330120086670e-04
3.821492195129394531e-03
1.497179269790649414e-03
3.528594970703125000e-04
1.131057739257812500e-03
3.747362643480300903e-04
2.716302871704101562e-03
3.315061330795288086e-03
8.211284875869750977e-04
1.747056841850280762e-03
4.308968782424926758e-04
8.149147033691406250e-04
1.258045434951782227e-03
6.421774625778198242e-03
4.676580429077148438e-03
1.083189249038696289e-02
2.182215452194213867e-03
1.755952835083007812e-03
6.883405148983001709e-05
2.254962921142578125e-03
7.014393806457519531e-03
9.563803672790527344e-03
8.516430854797363281e-03
2.585858106613159180e-03
7.246792316436767578e-03
5.125328898429870605e-04
3.334563225507736206e-04
7.342875003814697266e-03
9.401701390743255615e-05
2.538233995437622070e-03
2.417504787445068359e-03
3.286331892013549805e-03
1.461905241012573242e-02
1.161709427833557129e-03
6.179779767990112305e-03
3.839731216430664062e-03
4.633963108062744141e-03
6.084293127059936523e-03
1.523986458778381348e-03
4.148304462432861328e-03
9.825587272644042969e-03
7.944330573081970215e-04
2.369964122772216797e-02
5.983226001262664795e-04
8.749008178710937500e-03
6.146907806396484375e-03
1.017701625823974609e-02
2.475351095199584961e-03
4.145018756389617920e-04
7.527843117713928223e-04
3.993690013885498047e-03
9.305775165557861328e-04
1.639562845230102539e-02
8.654177188873291016e-03
1.221671700477600098e-04
2.071827650070190430e-03
5.882412195205688477e-03
7.280290126800537109e-03
3.353878855705261230e-04
1.450419425964355469e-02
1.426011323928833008e-03
3.557801246643066406e-03
3.435276448726654053e-04
5.528479814529418945e-04
9.994685649871826172e-03
1.229383051395416260e-03
4.191044718027114868e-05
1.077765226364135742e-02
5.903840065002441406e-03
5.555972456932067871e-04
6.905734539031982422e-03
3.172844648361206055e-03
7.406771183013916016e-03
5.906611680984497070e-03
1.174516975879669189e-03
6.384670734405517578e-03
1.666480302810668945e-02
2.669319510459899902e-03
4.134662449359893799e-04
1.055188477039337158e-03
6.008356809616088867e-03
2.026390284299850464e-04
3.599494695663452148e-03
1.880705356597900391e-03
2.508968114852905273e-03
1.671665906906127930e-02
5.401670932769775391e-03
2.161309123039245605e-03
7.962048053741455078e-03
7.506370544433593750e-03
9.032607078552246094e-03
8.055627346038818359e-03
1.861909404397010803e-04
7.239341735839843750e-03
8.809566497802734375e-04
2.489328384399414062e-03
2.411794662475585938e-02
7.857847958803176880e-05
1.251913607120513916e-03
4.685789346694946289e-03
2.828031778335571289e-03
7.323585450649261475e-04
1.502647995948791504e-03
6.383359432220458984e-03
2.243816852569580078e-03
2.320885658264160156e-03
7.203847169876098633e-03
4.019439220428466797e-03
1.978188753128051758e-03
1.135063171386718750e-02
4.228204488754272461e-03
3.415405750274658203e-03
1.564592123031616211e-03
2.858400344848632812e-03
8.436143398284912109e-04
1.761382818222045898e-02
2.415984869003295898e-03
1.042991876602172852e-03
9.520575404167175293e-04
1.184746623039245605e-03
2.704560756683349609e-03
2.824477851390838623e-04
4.753805696964263916e-04
1.458936929702758789e-02
1.953765749931335449e-04
1.467436552047729492e-03
4.919022321701049805e-04
7.082283496856689453e-03
3.077268600463867188e-03
2.717643976211547852e-03
2.402052283287048340e-03
1.876011490821838379e-03
1.419472694396972656e-02
1.200145483016967773e-02
2.643279731273651123e-04
1.953423023223876953e-03
6.332665681838989258e-03
1.242995262145996094e-02
4.502087831497192383e-04
1.423847675323486328e-02
5.961686372756958008e-03
2.064919471740722656e-02
4.028938710689544678e-04
7.834792137145996094e-03
1.726883649826049805e-02
2.321198582649230957e-03
1.500707864761352539e-02
2.076119184494018555e-03
7.471740245819091797e-03
3.574788570404052734e-03
1.315915584564208984e-02
2.540186047554016113e-03
6.162434816360473633e-03
2.713531255722045898e-03
2.595931291580200195e-03
7.662922143936157227e-04
4.495486617088317871e-03
2.692997455596923828e-03
1.814985275268554688e-02
4.656314849853515625e-03
9.674066677689552307e-05
2.654314041137695312e-03
2.868950366973876953e-03
1.919519901275634766e-02
3.657341003417968750e-03
1.701757311820983887e-03
1.648944616317749023e-02
9.291887283325195312e-03
6.747633218765258789e-03
8.117079734802246094e-03
1.556187868118286133e-03
5.740299820899963379e-05
6.774216890335083008e-04
1.972413063049316406e-02
1.584768295288085938e-03
9.890317916870117188e-03
9.830176830291748047e-03
1.108869910240173340e-03
1.228339970111846924e-04
3.810852766036987305e-03
2.255469560623168945e-03
1.557298004627227783e-03
3.354623913764953613e-04
1.003277301788330078e-02
4.986107349395751953e-03
1.695108413696289062e-02
7.284842431545257568e-04
9.357035160064697266e-04
1.153761148452758789e-02
3.219738602638244629e-03
3.931641578674316406e-03
1.454681158065795898e-03
1.446409150958061218e-04
4.341721534729003906e-03
5.675517022609710693e-04
7.740795612335205078e-03
4.818797111511230469e-03
2.343952655792236328e-03
4.228055477142333984e-03
4.812270402908325195e-03
3.863364458084106445e-03
1.215076446533203125e-02
4.768848419189453125e-03
2.921923995018005371e-03
1.468724012374877930e-02
1.348331570625305176e-03
1.139354705810546875e-02
5.219161510467529297e-03
1.237308606505393982e-04
6.809473037719726562e-03
1.019531488418579102e-02
9.857788681983947754e-04
4.720717668533325195e-03
1.291173696517944336e-02
1.496750116348266602e-02
2.635829150676727295e-04
3.799289464950561523e-03
3.009811043739318848e-04
8.503168821334838867e-03
8.964315056800842285e-04
2.744421362876892090e-05
1.089876890182495117e-02
1.881313323974609375e-02
9.145379066467285156e-03
4.078075289726257324e-04
7.251024246215820312e-03
1.038634777069091797e-02
3.952354192733764648e-03
8.085310459136962891e-03
1.423776149749755859e-03
1.042202115058898926e-03
1.830235123634338379e-04
1.549050211906433105e-04
9.783685207366943359e-03
1.070745289325714111e-03
3.264516592025756836e-03
2.368628978729248047e-03
4.380978643894195557e-04
5.877554416656494141e-03
7.791042327880859375e-03
4.297554492950439453e-03
2.987086772918701172e-04
1.150727272033691406e-03
4.886865615844726562e-03
1.284897327423095703e-03
6.418585777282714844e-03
1.085448265075683594e-02
5.056895315647125244e-04
5.884051322937011719e-03
6.498396396636962891e-04
2.238765358924865723e-03
7.672011852264404297e-04
2.773895859718322754e-03
5.025342106819152832e-04
7.916986942291259766e-04
1.116216182708740234e-02
8.248984813690185547e-03
6.108731031417846680e-04
3.451645374298095703e-03
1.428112387657165527e-03
1.389122009277343750e-02
1.240438222885131836e-02
2.407468855381011963e-04
4.413053393363952637e-04
1.636773347854614258e-03
6.581246852874755859e-04
1.008510589599609375e-04
1.441580057144165039e-02
1.099532842636108398e-02
2.730771899223327637e-03
1.092739403247833252e-03
3.252178430557250977e-04
3.347665071487426758e-03
8.879780769348144531e-03
2.894908189773559570e-03
1.391077041625976562e-02
1.286703348159790039e-02
2.273663878440856934e-03
2.850726246833801270e-03
2.417918294668197632e-04
2.346932888031005859e-03
2.220064401626586914e-03
1.412582397460937500e-02
4.790127277374267578e-03
1.341164112091064453e-02
1.483872532844543457e-03
2.341926097869873047e-03
5.681589245796203613e-04
1.602746546268463135e-03
2.077564597129821777e-03
4.361823201179504395e-03
8.668124675750732422e-03
2.660274505615234375e-03
3.505021333694458008e-03
5.109339952468872070e-03
6.715744733810424805e-03
1.496940851211547852e-02
2.238377928733825684e-03
1.846075057983398438e-03
2.626672387123107910e-03
2.876296639442443848e-04
2.680197358131408691e-04
1.981854438781738281e-03
1.131486892700195312e-02
1.608058810234069824e-03
7.283568382263183594e-03
2.348404377698898315e-04
1.228439807891845703e-02
6.025284528732299805e-04
1.314051449298858643e-03
1.112356781959533691e-03
1.845628023147583008e-03
1.035684347152709961e-02
7.322877645492553711e-04
3.452479839324951172e-03
1.491829752922058105e-03
1.721397042274475098e-03
2.004146575927734375e-03
6.096035242080688477e-03
1.123344898223876953e-02
4.012539982795715332e-03
1.062927767634391785e-04
1.989409327507019043e-03
4.389584064483642578e-03
3.532946109771728516e-03
1.767718791961669922e-02
2.497717738151550293e-03
6.107151508331298828e-03
1.099872589111328125e-02
3.772415220737457275e-04
5.095422267913818359e-03
1.666271686553955078e-02
2.161908149719238281e-02
2.535507082939147949e-04
4.877746105194091797e-03
9.515762329101562500e-03
1.205188035964965820e-02
2.811178565025329590e-03
4.078000783920288086e-03
1.227647066116333008e-02
2.076995372772216797e-02
5.760878324508666992e-03
4.314690828323364258e-03
1.304101943969726562e-02
1.977935433387756348e-03
9.947776794433593750e-03
1.971554756164550781e-02
1.331362873315811157e-04
5.016699433326721191e-04
1.573543995618820190e-04
5.642712116241455078e-03
5.665928125381469727e-03
9.756803512573242188e-03
1.594200730323791504e-03
7.746338844299316406e-03
4.620015621185302734e-03
9.524941444396972656e-03
1.729503273963928223e-03
2.396941184997558594e-03
8.965015411376953125e-03
2.193301916122436523e-03
7.159560918807983398e-04
1.501071453094482422e-02
1.107931137084960938e-02
3.384754061698913574e-03
3.191590309143066406e-03
3.216788172721862793e-03
3.200069069862365723e-03
9.981989860534667969e-04
1.655131578445434570e-03
1.700550317764282227e-03
1.012533903121948242e-03
1.750476658344268799e-04
2.043489366769790649e-04
8.183121681213378906e-04
3.669291734695434570e-03
2.268433570861816406e-03
9.123384952545166016e-04
2.433776855468750000e-03
1.838542520999908447e-04
3.597382456064224243e-04
6.013929843902587891e-03
8.168444037437438965e-04
6.109476089477539062e-03
9.340718388557434082e-04
3.746628761291503906e-03
1.678969711065292358e-04
4.105735570192337036e-05
1.234253868460655212e-04
5.619507282972335815e-05
1.078176498413085938e-02
1.197016239166259766e-02
1.213513314723968506e-04
3.703117370605468750e-03
5.278944969177246094e-03
7.067501544952392578e-03
3.637313842773437500e-03
9.844839572906494141e-03
9.144190698862075806e-05
9.467840194702148438e-03
3.988623619079589844e-03
4.941105842590332031e-03
5.186051130294799805e-04
3.841653466224670410e-03
6.001830101013183594e-03
3.317138180136680603e-05
1.771926879882812500e-03
3.798216581344604492e-03
5.409726873040199280e-05
2.476453781127929688e-03
1.016542315483093262e-03
1.352620124816894531e-02
1.767367124557495117e-03
3.284737467765808105e-03
4.632808268070220947e-04
1.106068491935729980e-03
8.899718523025512695e-04
3.221243619918823242e-03
7.387638092041015625e-03
7.067263126373291016e-03
3.013342618942260742e-03
1.598849892616271973e-03
1.869313418865203857e-04
3.527998924255371094e-04
1.284014433622360229e-04
6.703361868858337402e-04
7.979348301887512207e-04
5.525946617126464844e-04
8.862167596817016602e-04
7.455982267856597900e-05
7.352195680141448975e-04
3.701224923133850098e-04
1.070249080657958984e-02
6.153553724288940430e-03
1.991844177246093750e-02
8.413493633270263672e-03
1.005798578262329102e-03
5.655512213706970215e-04
2.651110291481018066e-03
4.047095775604248047e-03
2.545893192291259766e-02
4.732966423034667969e-03
5.329608917236328125e-03
1.901507377624511719e-03
4.437386989593505859e-03
7.493019104003906250e-03
1.233184337615966797e-02
3.252513706684112549e-04
3.027737140655517578e-03
6.712287664413452148e-03
1.023215055465698242e-02
1.736834645271301270e-03
3.889918327331542969e-03
1.021988689899444580e-03
5.229935050010681152e-04
2.622544765472412109e-03
1.114225387573242188e-02
1.111567020416259766e-02
2.414524555206298828e-03
5.097761750221252441e-04
3.190040588378906250e-04
4.199743270874023438e-03
8.040070533752441406e-04
4.163160920143127441e-04
1.231735944747924805e-02
9.886398911476135254e-04
8.241474628448486328e-03
9.766042232513427734e-03
3.013819456100463867e-03
5.022943019866943359e-03
6.935238838195800781e-03
4.232615232467651367e-03
2.849847078323364258e-04
6.658509373664855957e-04
6.296206265687942505e-05
1.593410968780517578e-03
1.884356141090393066e-03
4.170686006546020508e-04
7.841661572456359863e-04
2.548724412918090820e-03
2.940297126770019531e-04
2.801641821861267090e-04
8.300598710775375366e-05
1.004874706268310547e-03
1.653041690587997437e-04
3.339946269989013672e-03
3.314435482025146484e-03
1.949053257703781128e-04
4.472509026527404785e-04
9.949326515197753906e-03
1.579934358596801758e-02
3.430917859077453613e-04
2.550445497035980225e-04
1.421287655830383301e-03
5.516678094863891602e-03
8.902192115783691406e-03
5.568444728851318359e-03
2.265602350234985352e-03
1.314297318458557129e-03
5.866736173629760742e-04
9.656667709350585938e-03
1.201063394546508789e-03
1.677525043487548828e-02
1.177364587783813477e-02
2.735212445259094238e-03
1.737296581268310547e-03
7.585763931274414062e-03
2.645924687385559082e-04
1.171308755874633789e-02
4.057399928569793701e-05
2.039149403572082520e-03
3.606140613555908203e-03
4.661738872528076172e-03
4.593402147293090820e-03
9.306892752647399902e-05
3.686308860778808594e-03
1.195484399795532227e-02
6.099820137023925781e-03
3.837883472442626953e-03
3.578811883926391602e-04
4.485130310058593750e-03
2.419687807559967041e-04
1.373851299285888672e-02
2.284064888954162598e-03
4.441291093826293945e-04
6.189346313476562500e-03
1.362562179565429688e-02
2.361908555030822754e-04
1.442104578018188477e-03
2.611167728900909424e-04
1.136332750320434570e-02
2.110481262207031250e-02
3.165453672409057617e-03
8.380413055419921875e-04
2.098053693771362305e-03
1.339435577392578125e-03
1.310184597969055176e-03
1.803800463676452637e-03
1.247674226760864258e-02
4.156798124313354492e-03
6.904243491590023041e-06
1.523703336715698242e-03
7.062852382659912109e-04
4.800736904144287109e-03
1.255810260772705078e-03
1.460183411836624146e-04
4.450589418411254883e-03
2.302423119544982910e-03
1.030278205871582031e-02
1.754425466060638428e-03
2.246379852294921875e-03
2.203121781349182129e-03
5.095839500427246094e-03
2.665966749191284180e-03
4.183471202850341797e-03
1.209780573844909668e-03
1.014399528503417969e-02
3.923699259757995605e-03
2.964511513710021973e-03
1.656591892242431641e-03
7.671236991882324219e-03
4.132747650146484375e-03
6.697326898574829102e-03
2.837374806404113770e-03
7.345676422119140625e-04
8.726567029953002930e-04
7.719755172729492188e-03
4.601597785949707031e-03
2.979375422000885010e-04
9.795092046260833740e-05
2.881199121475219727e-03
1.065021753311157227e-02
7.249116897583007812e-04
2.181269228458404541e-04
1.115635037422180176e-03
7.244795560836791992e-04
3.752648830413818359e-03
1.255607604980468750e-02
7.810354232788085938e-03
1.778617501258850098e-03
1.180744171142578125e-02
1.584924757480621338e-04
6.227016448974609375e-03
4.083335399627685547e-03
1.386560499668121338e-03
2.974092960357666016e-03
1.048050820827484131e-03
4.078835248947143555e-03
2.523005008697509766e-03
1.063740253448486328e-02
2.774804830551147461e-03
1.260733604431152344e-02
1.598611474037170410e-03
4.434660077095031738e-04
9.015016257762908936e-04
5.196705460548400879e-04
1.752889156341552734e-02
1.419323682785034180e-02
2.897270023822784424e-04
1.809105277061462402e-03
1.011371612548828125e-02
4.351399838924407959e-04
6.374597549438476562e-03
4.386343061923980713e-04
1.798942685127258301e-04
6.306290626525878906e-03
1.909837126731872559e-03
1.274061203002929688e-02
2.030000090599060059e-03
5.913794040679931641e-03
3.186650574207305908e-04
9.889721870422363281e-03
1.551115512847900391e-02
7.786042988300323486e-05
4.057824611663818359e-03
8.953332901000976562e-03
1.787990331649780273e-04
2.257362008094787598e-03
3.580242395401000977e-03
4.011988639831542969e-03
1.163637638092041016e-02
3.502011299133300781e-03
2.238810062408447266e-03
4.894524812698364258e-03
1.156702637672424316e-03
8.328482508659362793e-04
7.338523864746093750e-03
1.015946269035339355e-03
3.252947330474853516e-02
7.494725286960601807e-05
2.422273159027099609e-03
6.812438368797302246e-04
9.456932544708251953e-03
2.965480089187622070e-04
1.664906740188598633e-04
2.502128481864929199e-03
9.132862091064453125e-03
5.518570542335510254e-04
3.962777554988861084e-05
5.380511283874511719e-03
2.142220735549926758e-03
1.438751816749572754e-03
1.201391220092773438e-02
9.501099586486816406e-03
2.686023712158203125e-03
3.840290009975433350e-04
5.180507898330688477e-03
4.335977137088775635e-04
1.194155216217041016e-02
2.873599529266357422e-03
1.085653901100158691e-03
1.934722065925598145e-03
1.364409923553466797e-03
7.477775216102600098e-04
3.967480733990669250e-05
1.146653667092323303e-04
4.194192588329315186e-04
1.531541347503662109e-03
3.793299198150634766e-03
8.913844823837280273e-03
4.734694957733154297e-04
9.517371654510498047e-04
3.021582961082458496e-04
2.504885196685791016e-03
7.674783468246459961e-03
7.449090480804443359e-04
3.171712160110473633e-03
1.017326116561889648e-02
1.153224706649780273e-02
7.903128862380981445e-03
0.000000000000000000e+00
0.000000000000000000e+00
0.000000000000000000e+00
0.000000000000000000e+00
0.000000000000000000e+00
0.000000000000000000e+00
0.000000000000000000e+00
0.000000000000000000e+00
0.000000000000000000e+00
0.000000000000000000e+00
0.000000000000000000e+00
0.000000000000000000e+00
0.000000000000000000e+00
0.000000000000000000e+00
0.000000000000000000e+00
0.000000000000000000e+00
0.000000000000000000e+00
0.000000000000000000e+00
0.000000000000000000e+00
0.000000000000000000e+00
0.000000000000000000e+00
0.000000000000000000e+00
0.000000000000000000e+00
0.000000000000000000e+00
0.000000000000000000e+00
0.000000000000000000e+00
0.000000000000000000e+00
0.000000000000000000e+00
0.000000000000000000e+00
0.000000000000000000e+00
0.000000000000000000e+00
0.000000000000000000e+00
0.000000000000000000e+00
0.000000000000000000e+00
0.000000000000000000e+00
0.000000000000000000e+00
0.000000000000000000e+00
0.000000000000000000e+00
0.000000000000000000e+00
0.000000000000000000e+00
