9.360432624816894531e-03
1.254647970199584961e-02
1.227021217346191406e-02
1.456123590469360352e-02
1.760149002075195312e-02
2.147006988525390625e-02
1.307326555252075195e-02
1.715266704559326172e-02
2.339875698089599609e-02
1.165401935577392578e-02
1.074671745300292969e-02
2.229636907577514648e-02
1.735758781433105469e-02
2.118247747421264648e-02
1.894855499267578125e-02
1.559662818908691406e-02
2.348673343658447266e-02
2.401220798492431641e-02
1.210951805114746094e-02
2.747142314910888672e-02
1.523846387863159180e-02
1.628828048706054688e-02
2.223563194274902344e-02
3.685796260833740234e-02
8.883357048034667969e-03
2.370285987854003906e-02
1.791799068450927734e-02
2.125954627990722656e-02
1.459097862243652344e-02
1.884913444519042969e-02
2.539181709289550781e-02
2.060925960540771484e-02
1.462280750274658203e-02
1.051622629165649414e-02
1.030963659286499023e-02
2.127254009246826172e-02
1.355463266372680664e-02
3.663271665573120117e-03
2.391976118087768555e-02
2.209001779556274414e-02
1.744902133941650391e-02
8.143961429595947266e-03
7.824450731277465820e-03
1.168394088745117188e-02
2.015268802642822266e-02
2.282357215881347656e-02
2.263945341110229492e-02
3.168046474456787109e-02
2.116644382476806641e-02
4.307079315185546875e-02
1.872134208679199219e-02
1.211684942245483398e-02
2.165949344635009766e-02
3.198122978210449219e-02
1.455521583557128906e-02
8.251070976257324219e-03
1.874256134033203125e-02
3.991961479187011719e-02
2.999472618103027344e-02
1.866447925567626953e-02
2.365154027938842773e-02
1.408129930496215820e-02
8.835971355438232422e-03
9.806394577026367188e-03
1.742625236511230469e-02
1.319569349288940430e-02
1.558661460876464844e-02
1.555526256561279297e-02
1.562279462814331055e-02
2.308428287506103516e-02
1.795494556427001953e-02
1.868772506713867188e-02
1.374453306198120117e-02
1.861965656280517578e-02
1.455867290496826172e-02
1.278460025787353516e-02
2.207005023956298828e-02
1.878380775451660156e-02
1.552772521972656250e-02
2.210426330566406250e-02
1.394063234329223633e-02
1.681995391845703125e-02
1.314479112625122070e-02
1.953101158142089844e-02
2.066850662231445312e-02
1.114773750305175781e-02
1.342022418975830078e-02
1.967942714691162109e-02
1.375436782836914062e-02
1.662695407867431641e-02
8.150696754455566406e-03
1.617217063903808594e-02
2.948307991027832031e-02
2.284392714500427246e-03
2.125108242034912109e-02
8.816480636596679688e-03
1.210886240005493164e-02
2.706694602966308594e-02
1.781553030014038086e-02
1.598292589187622070e-02
8.423924446105957031e-03
2.320885658264160156e-02
1.902616024017333984e-02
2.555274963378906250e-02
1.144266128540039062e-02
1.865684986114501953e-02
2.080982923507690430e-02
3.103971481323242188e-02
1.668971776962280273e-02
1.846539974212646484e-02
2.319955825805664062e-02
2.546548843383789062e-02
2.444958686828613281e-02
1.745730638504028320e-02
1.413697004318237305e-02
2.042359113693237305e-02
9.165912866592407227e-03
1.394617557525634766e-02
1.257109642028808594e-02
2.128326892852783203e-02
2.177405357360839844e-02
1.797640323638916016e-02
1.579666137695312500e-02
2.780020236968994141e-02
1.504552364349365234e-02
1.758265495300292969e-02
2.125310897827148438e-02
4.142194986343383789e-03
7.609248161315917969e-03
1.958662271499633789e-02
1.627182960510253906e-02
1.955699920654296875e-02
2.405023574829101562e-02
8.479595184326171875e-03
2.967536449432373047e-02
1.389664411544799805e-02
1.939380168914794922e-02
1.681661605834960938e-02
1.795363426208496094e-02
1.438134908676147461e-02
1.494324207305908203e-02
2.236711978912353516e-02
1.786530017852783203e-02
1.210731267929077148e-02
1.211470365524291992e-02
1.672339439392089844e-02
1.650232076644897461e-02
2.289009094238281250e-02
2.366268634796142578e-02
2.505016326904296875e-02
1.673513650894165039e-02
3.657042980194091797e-03
1.004916429519653320e-02
1.319825649261474609e-02
2.183938026428222656e-02
5.216151475906372070e-03
2.535653114318847656e-02
5.959630012512207031e-03
8.232712745666503906e-03
1.448774337768554688e-02
1.462638378143310547e-02
1.865184307098388672e-02
2.623975276947021484e-02
1.450717449188232422e-02
1.795780658721923828e-02
2.586424350738525391e-02
1.458549499511718750e-02
1.224505901336669922e-02
1.131343841552734375e-02
1.558637619018554688e-02
1.480960845947265625e-02
2.205157279968261719e-02
3.112900257110595703e-02
1.849794387817382812e-02
1.341581344604492188e-02
3.199100494384765625e-02
3.011620044708251953e-02
1.998353004455566406e-02
2.326345443725585938e-02
1.400935649871826172e-02
9.970784187316894531e-03
2.190911769866943359e-02
1.135778427124023438e-02
1.335346698760986328e-02
1.571100950241088867e-02
2.386653423309326172e-02
3.185272216796875000e-02
1.883399486541748047e-02
1.866871118545532227e-02
2.784752845764160156e-02
1.884657144546508789e-02
2.016365528106689453e-02
2.408504486083984375e-02
1.708614826202392578e-02
2.512311935424804688e-02
2.216494083404541016e-02
1.820188760757446289e-02
1.828300952911376953e-02
7.782876491546630859e-03
1.285809278488159180e-02
1.187407970428466797e-02
1.230227947235107422e-02
1.717412471771240234e-02
1.595503091812133789e-02
4.538464546203613281e-02
2.446722984313964844e-02
1.550388336181640625e-02
2.795672416687011719e-02
1.687860488891601562e-02
3.258633613586425781e-02
1.933097839355468750e-02
3.509402275085449219e-02
2.089178562164306641e-02
1.092278957366943359e-02
2.045506238937377930e-02
1.283872127532958984e-02
6.826758384704589844e-03
1.307755708694458008e-02
3.153431415557861328e-02
2.764964103698730469e-02
2.128851413726806641e-02
9.535074234008789062e-03
1.385247707366943359e-02
1.436358690261840820e-02
2.235043048858642578e-02
1.700890064239501953e-02
1.876139640808105469e-02
1.731824874877929688e-02
1.743280887603759766e-02
1.518231630325317383e-02
2.852082252502441406e-02
1.691049337387084961e-02
2.542674541473388672e-02
1.030743122100830078e-02
1.880002021789550781e-02
2.495467662811279297e-02
2.575790882110595703e-02
2.358210086822509766e-02
1.965719461441040039e-02
1.413917541503906250e-02
1.882970333099365234e-02
2.345740795135498047e-02
2.230203151702880859e-02
6.867855787277221680e-03
2.478718757629394531e-02
1.998168230056762695e-02
2.446472644805908203e-02
1.729452610015869141e-02
2.682298421859741211e-02
1.260733604431152344e-02
1.559519767761230469e-02
1.372069120407104492e-02
1.206821203231811523e-02
2.945160865783691406e-02
1.240682601928710938e-02
2.723431587219238281e-02
0.000000000000000000e+00
0.000000000000000000e+00
0.000000000000000000e+00
0.000000000000000000e+00
0.000000000000000000e+00
0.000000000000000000e+00
0.000000000000000000e+00
0.000000000000000000e+00
0.000000000000000000e+00
0.000000000000000000e+00
0.000000000000000000e+00
0.000000000000000000e+00
0.000000000000000000e+00
0.000000000000000000e+00
0.000000000000000000e+00
0.000000000000000000e+00
0.000000000000000000e+00
0.000000000000000000e+00
0.000000000000000000e+00
0.000000000000000000e+00
