8.019447326660156250e-03
1.468533277511596680e-02
1.622533798217773438e-02
2.637493610382080078e-02
1.793789863586425781e-02
2.435457706451416016e-02
1.874703168869018555e-02
1.727211475372314453e-02
3.465211391448974609e-02
1.067650318145751953e-02
1.952016353607177734e-02
2.543497085571289062e-02
2.157306671142578125e-02
2.039408683776855469e-02
2.078342437744140625e-02
2.659952640533447266e-02
3.001832962036132812e-02
2.748358249664306641e-02
1.260381937026977539e-02
2.317285537719726562e-02
2.141487598419189453e-02
1.886081695556640625e-02
2.520239353179931641e-02
3.147792816162109375e-02
8.683323860168457031e-03
2.405667304992675781e-02
1.137882471084594727e-02
2.227473258972167969e-02
2.381420135498046875e-02
1.758599281311035156e-02
2.639913558959960938e-02
2.500307559967041016e-02
1.589918136596679688e-02
8.821845054626464844e-03
3.204441070556640625e-02
2.951455116271972656e-02
2.375298738479614258e-02
8.132040500640869141e-03
3.740715980529785156e-02
3.673541545867919922e-02
1.971936225891113281e-02
1.084077358245849609e-02
1.304811239242553711e-02
3.530204296112060547e-02
1.556444168090820312e-02
2.670717239379882812e-02
1.142787933349609375e-02
2.903938293457031250e-02
3.042078018188476562e-02
4.853606224060058594e-02
1.625156402587890625e-02
1.083272695541381836e-02
3.169834613800048828e-02
3.249979019165039062e-02
1.528078317642211914e-02
9.766936302185058594e-03
2.186250686645507812e-02
3.571760654449462891e-02
2.763700485229492188e-02
1.782917976379394531e-02
1.175177097320556641e-02
1.781612634658813477e-02
6.055831909179687500e-03
2.058053016662597656e-02
1.812577247619628906e-02
2.509385347366333008e-02
2.258026599884033203e-02
2.377557754516601562e-02
1.543092727661132812e-02
1.499664783477783203e-02
2.199137210845947266e-02
2.277147769927978516e-02
2.390873432159423828e-02
2.835166454315185547e-02
2.272915840148925781e-02
1.620995998382568359e-02
1.468706130981445312e-02
2.010834217071533203e-02
2.993154525756835938e-02
2.196693420410156250e-02
1.429897546768188477e-02
1.444125175476074219e-02
1.963162422180175781e-02
2.873969078063964844e-02
2.063608169555664062e-02
1.819020509719848633e-02
1.453447341918945312e-02
2.952146530151367188e-02
1.145893335342407227e-02
1.913118362426757812e-02
1.053059101104736328e-02
2.059948444366455078e-02
3.667557239532470703e-02
2.858936786651611328e-03
2.107220888137817383e-02
1.773047447204589844e-02
9.463638067245483398e-03
3.560674190521240234e-02
2.797436714172363281e-02
9.659349918365478516e-03
1.062375307083129883e-02
2.223002910614013672e-02
2.130579948425292969e-02
2.820026874542236328e-02
1.506090164184570312e-02
3.444921970367431641e-02
3.109109401702880859e-02
2.351629734039306641e-02
2.595579624176025391e-02
3.781759738922119141e-02
3.158235549926757812e-02
2.162754535675048828e-02
2.687501907348632812e-02
1.533722877502441406e-02
2.467823028564453125e-02
1.792937517166137695e-02
3.254854679107666016e-02
1.630258560180664062e-02
1.099520921707153320e-02
2.964174747467041016e-02
2.540349960327148438e-02
2.583944797515869141e-02
1.775312423706054688e-02
2.685439586639404297e-02
2.135944366455078125e-02
1.796221733093261719e-02
2.686011791229248047e-02
8.149892091751098633e-03
9.212672710418701172e-03
2.261400222778320312e-02
1.910758018493652344e-02
1.795697212219238281e-02
3.006553649902343750e-02
6.153494119644165039e-03
2.664482593536376953e-02
3.012013435363769531e-02
2.382147312164306641e-02
1.488697528839111328e-02
3.102409839630126953e-02
1.080793142318725586e-02
2.863371372222900391e-02
4.036128520965576172e-02
1.637113094329833984e-02
2.058660984039306641e-02
1.296699047088623047e-02
2.283370494842529297e-02
2.593410015106201172e-02
2.982914447784423828e-02
2.406156063079833984e-02
2.048635482788085938e-02
1.597124338150024414e-02
4.168063402175903320e-03
1.122778654098510742e-02
1.610445976257324219e-02
2.269738912582397461e-02
1.844507455825805664e-02
2.399873733520507812e-02
9.936332702636718750e-03
1.346933841705322266e-02
1.753890514373779297e-02
1.487940549850463867e-02
2.845197916030883789e-02
3.462719917297363281e-02
1.941084861755371094e-02
2.948391437530517578e-02
2.422690391540527344e-02
2.410197257995605469e-02
1.717078685760498047e-02
1.280760765075683594e-02
1.500070095062255859e-02
1.685404777526855469e-02
2.172642946243286133e-02
3.808522224426269531e-02
2.122378349304199219e-02
1.774179935455322266e-02
3.407025337219238281e-02
2.352321147918701172e-02
2.635729312896728516e-02
3.700542449951171875e-02
2.659630775451660156e-02
1.128494739532470703e-02
1.969122886657714844e-02
1.444852352142333984e-02
1.383036375045776367e-02
1.835840940475463867e-02
2.813172340393066406e-02
3.142905235290527344e-02
2.003693580627441406e-02
2.991342544555664062e-02
3.645217418670654297e-02
2.420794963836669922e-02
2.015590667724609375e-02
2.900838851928710938e-02
2.490317821502685547e-02
3.804457187652587891e-02
2.697348594665527344e-02
1.840353012084960938e-02
3.066372871398925781e-02
8.355259895324707031e-03
9.039282798767089844e-03
1.103264093399047852e-02
1.474684476852416992e-02
1.890969276428222656e-02
3.729295730590820312e-02
4.633402824401855469e-02
2.258384227752685547e-02
1.705265045166015625e-02
2.864098548889160156e-02
2.824461460113525391e-02
3.086227178573608398e-02
2.286130189895629883e-02
2.847546339035034180e-02
2.747476100921630859e-02
1.756232976913452148e-02
2.582597732543945312e-02
2.278220653533935547e-02
2.837562561035156250e-02
2.643573284149169922e-02
3.302574157714843750e-02
2.602845430374145508e-02
3.155732154846191406e-02
2.338761091232299805e-02
1.836895942687988281e-02
1.441550254821777344e-02
2.566313743591308594e-02
1.842629909515380859e-02
2.149367332458496094e-02
1.885592937469482422e-02
1.204907894134521484e-02
1.735210418701171875e-02
2.675700187683105469e-02
2.320265769958496094e-02
2.614629268646240234e-02
1.273751258850097656e-02
1.850551366806030273e-02
3.491580486297607422e-02
2.279555797576904297e-02
3.493833541870117188e-02
3.357970714569091797e-02
1.941084861755371094e-02
2.796149253845214844e-02
2.710008621215820312e-02
3.123140335083007812e-02
1.130360364913940430e-02
2.511405944824218750e-02
3.378868103027343750e-02
1.509809494018554688e-02
1.959627866744995117e-02
1.212918758392333984e-02
1.273310184478759766e-02
3.460538387298583984e-02
1.864302158355712891e-02
1.988267898559570312e-02
2.699470520019531250e-02
2.664780616760253906e-02
3.752744197845458984e-02
0.000000000000000000e+00
0.000000000000000000e+00
0.000000000000000000e+00
0.000000000000000000e+00
0.000000000000000000e+00
0.000000000000000000e+00
0.000000000000000000e+00
0.000000000000000000e+00
0.000000000000000000e+00
0.000000000000000000e+00
0.000000000000000000e+00
0.000000000000000000e+00
0.000000000000000000e+00
0.000000000000000000e+00
0.000000000000000000e+00
0.000000000000000000e+00
0.000000000000000000e+00
0.000000000000000000e+00
0.000000000000000000e+00
0.000000000000000000e+00
