7.149606943130493164e-03
6.133094429969787598e-04
1.944690942764282227e-03
2.092332579195499420e-05
7.618777453899383545e-05
9.411200881004333496e-05
5.802631378173828125e-03
3.298907540738582611e-05
2.438271045684814453e-02
8.528586477041244507e-05
2.254521846771240234e-02
2.552121877670288086e-04
7.006168365478515625e-03
2.084165811538696289e-03
3.508552908897399902e-04
9.510293602943420410e-05
8.241049945354461670e-04
1.054508611559867859e-04
2.917677164077758789e-03
1.171177625656127930e-02
2.005428075790405273e-03
1.553399488329887390e-05
9.488493204116821289e-03
3.389239311218261719e-03
8.940994739532470703e-03
4.382997751235961914e-03
8.196830749511718750e-04
7.784292101860046387e-04
5.883753299713134766e-03
4.744008183479309082e-04
6.199061870574951172e-03
1.454800367355346680e-04
5.471818149089813232e-04
3.826208412647247314e-04
2.583742141723632812e-03
3.608688712120056152e-04
1.473748683929443359e-02
1.009143888950347900e-04
4.730731248855590820e-03
2.602301537990570068e-04
8.409097790718078613e-04
2.476088702678680420e-04
1.409770920872688293e-04
2.281125634908676147e-04
1.408290117979049683e-04
2.958309650421142578e-02
2.725590020418167114e-04
2.151615917682647705e-04
6.789714097976684570e-03
5.788117647171020508e-03
1.035630702972412109e-04
6.539225578308105469e-03
9.148195385932922363e-04
8.614540100097656250e-03
2.335095405578613281e-02
2.002298831939697266e-03
4.068046808242797852e-03
6.092302501201629639e-04
8.410736918449401855e-04
1.236063241958618164e-02
1.098662614822387695e-03
4.466503858566284180e-03
9.859129786491394043e-04
2.868294715881347656e-03
6.759673357009887695e-03
2.629682421684265137e-03
7.347404956817626953e-03
1.534648239612579346e-03
1.769644021987915039e-02
8.648872375488281250e-03
2.554982900619506836e-03
2.381360530853271484e-02
1.158423721790313721e-03
3.969967365264892578e-03
2.292804419994354248e-04
3.224834799766540527e-04
9.023964405059814453e-03
5.015060305595397949e-04
7.002875208854675293e-04
3.940999507904052734e-03
8.879452943801879883e-04
1.992374658584594727e-03
2.722330391407012939e-04
1.275813579559326172e-02
1.299902796745300293e-04
1.946557313203811646e-05
3.890395164489746094e-03
1.318551599979400635e-03
1.499354839324951172e-04
3.675848245620727539e-03
4.788830876350402832e-03
2.767905592918395996e-03
1.033030450344085693e-03
1.048117876052856445e-02
7.903128862380981445e-04
1.026839017868041992e-03
9.368300437927246094e-03
1.970395445823669434e-03
7.406324148178100586e-04
1.812309026718139648e-03
3.346353769302368164e-04
5.145519971847534180e-04
6.737768650054931641e-03
1.564979553222656250e-03
1.530772447586059570e-02
7.929746061563491821e-05
1.684688031673431396e-04
8.350834250450134277e-04
2.602525055408477783e-04
9.350776672363281250e-04
2.520695328712463379e-03
1.353150606155395508e-02
6.578415632247924805e-04
2.718418836593627930e-03
9.979158639907836914e-04
3.384053707122802734e-04
3.325156867504119873e-04
1.179976388812065125e-04
2.253688871860504150e-04
1.869015395641326904e-04
9.146153926849365234e-03
1.324247568845748901e-05
4.307359457015991211e-03
6.024166941642761230e-04
1.365263015031814575e-04
2.344567328691482544e-04
8.005946874618530273e-04
1.817107200622558594e-03
3.299370408058166504e-03
6.137900054454803467e-04
2.654880285263061523e-03
1.623064279556274414e-03
3.205746412277221680e-03
2.182507514953613281e-02
1.069378852844238281e-02
7.289946079254150391e-04
2.317260950803756714e-04
4.026263952255249023e-03
5.740553140640258789e-03
3.164201974868774414e-03
2.168631181120872498e-05
1.441705226898193359e-02
3.819819539785385132e-05
9.365260601043701172e-03
1.297771930694580078e-03
1.237189769744873047e-02
1.413732767105102539e-03
1.512086391448974609e-02
9.518384933471679688e-03
3.401264548301696777e-04
1.832365989685058594e-02
1.046469807624816895e-02
1.816800795495510101e-05
6.911382079124450684e-04
5.368888378143310547e-05
1.147493720054626465e-03
2.130150794982910156e-03
5.249008536338806152e-04
6.240606307983398438e-04
2.628684043884277344e-02
1.334752887487411499e-04
7.513523101806640625e-03
7.324591279029846191e-04
9.847059845924377441e-04
1.363354921340942383e-02
1.011276245117187500e-02
7.918596267700195312e-03
1.921367645263671875e-02
1.101982593536376953e-02
1.350277662277221680e-02
1.788258552551269531e-02
2.227857708930969238e-03
1.102930307388305664e-02
9.576976299285888672e-04
5.690008401870727539e-04
3.487020730972290039e-03
1.494780182838439941e-03
1.048332452774047852e-02
2.227500081062316895e-03
9.732246398925781250e-03
1.380041241645812988e-03
3.338396549224853516e-03
4.250109195709228516e-03
5.820058286190032959e-04
3.103792667388916016e-03
4.245936870574951172e-03
2.080455422401428223e-03
1.648478209972381592e-04
2.008005976676940918e-04
1.732818782329559326e-04
7.546752691268920898e-03
2.704203128814697266e-03
2.216488122940063477e-03
7.927045226097106934e-04
8.871220052242279053e-05
7.975250482559204102e-04
1.945555210113525391e-03
7.758140563964843750e-04
9.435236454010009766e-03
1.401454210281372070e-03
5.323141813278198242e-03
3.973811864852905273e-03
3.457665443420410156e-03
3.734111785888671875e-03
5.952328443527221680e-03
1.138970255851745605e-03
2.045854926109313965e-03
1.196712255477905273e-02
1.422196626663208008e-03
1.994982361793518066e-03
8.494406938552856445e-04
6.678421050310134888e-05
1.704044640064239502e-03
1.812323927879333496e-03
8.942838758230209351e-05
2.269931137561798096e-04
1.314425468444824219e-02
6.442606449127197266e-03
2.856515347957611084e-04
9.227730333805084229e-05
5.099643021821975708e-05
6.079487502574920654e-04
1.784920692443847656e-03
2.313643693923950195e-03
6.701573729515075684e-04
1.486748456954956055e-02
1.358255743980407715e-03
1.594066619873046875e-03
4.674747586250305176e-03
2.075005322694778442e-04
9.469866752624511719e-03
5.579560995101928711e-03
2.873465418815612793e-04
1.301324367523193359e-02
3.206022083759307861e-04
1.076888293027877808e-04
6.955787539482116699e-04
2.993181347846984863e-03
2.300125360488891602e-02
1.087367534637451172e-03
1.906022429466247559e-03
1.066344976425170898e-02
1.258581876754760742e-02
3.646612167358398438e-03
2.343486994504928589e-04
3.543123602867126465e-04
2.009168267250061035e-03
5.176924169063568115e-04
7.375419139862060547e-03
5.021482706069946289e-03
1.255691051483154297e-02
3.386706113815307617e-03
9.543061256408691406e-03
8.237138390541076660e-04
5.746573209762573242e-03
6.436109542846679688e-04
4.748791456222534180e-03
1.222692430019378662e-03
7.744729518890380859e-03
1.643434166908264160e-03
6.953120231628417969e-03
1.182727515697479248e-03
1.835217699408531189e-04
3.716861829161643982e-05
8.254587650299072266e-03
4.082135856151580811e-04
7.981956005096435547e-04
1.540124416351318359e-03
4.809558391571044922e-03
7.098689675331115723e-04
8.220553398132324219e-03
1.324325799942016602e-03
7.841456681489944458e-05
2.213656902313232422e-03
6.621405482292175293e-04
1.313500106334686279e-04
2.540387213230133057e-04
6.740242242813110352e-04
6.318837404251098633e-05
4.210714250802993774e-04
3.693431615829467773e-03
3.111034631729125977e-03
3.505684435367584229e-04
1.195532083511352539e-02
3.223240375518798828e-03
9.554058313369750977e-03
3.454774618148803711e-03
5.607992410659790039e-03
3.934465348720550537e-04
1.065492630004882812e-03
2.093821763992309570e-03
1.925453543663024902e-04
1.501537859439849854e-03
6.692230701446533203e-03
2.128958702087402344e-03
9.163171052932739258e-04
1.927353441715240479e-04
8.620321750640869141e-04
3.066733479499816895e-04
1.211408525705337524e-04
1.272141933441162109e-03
1.206658780574798584e-04
1.255214214324951172e-03
6.163865327835083008e-04
8.002519607543945312e-04
2.261257171630859375e-02
1.241996884346008301e-03
1.050263643264770508e-03
1.127824187278747559e-03
1.231795549392700195e-02
1.308530569076538086e-03
1.275837421417236328e-04
2.026952803134918213e-03
5.471348762512207031e-03
1.149594783782958984e-02
3.285542130470275879e-03
2.215135097503662109e-02
1.408100128173828125e-02
8.461344987154006958e-05
6.047859787940979004e-04
3.338083624839782715e-03
8.879378437995910645e-04
2.435401082038879395e-03
2.471208572387695312e-03
1.035457849502563477e-02
1.313692331314086914e-02
6.267011165618896484e-03
9.223371744155883789e-04
6.114542484283447266e-03
1.439648866653442383e-02
2.578124403953552246e-03
1.252457499504089355e-03
3.558583557605743408e-04
5.921930074691772461e-03
4.622675478458404541e-04
2.148473262786865234e-02
7.841497659683227539e-03
3.302469849586486816e-04
1.097761094570159912e-03
2.636089920997619629e-04
2.364352345466613770e-03
1.069210469722747803e-03
4.617795348167419434e-04
1.904144883155822754e-04
6.786361336708068848e-04
6.146162748336791992e-03
1.009002327919006348e-03
1.120828092098236084e-03
1.564964652061462402e-03
2.878159284591674805e-04
1.371778547763824463e-03
5.600303411483764648e-03
9.077727794647216797e-03
2.544559538364410400e-04
2.131372690200805664e-03
2.602607011795043945e-03
7.554471492767333984e-03
2.756007015705108643e-04
3.552362322807312012e-04
6.789788603782653809e-04
5.812719464302062988e-04
7.702708244323730469e-03
2.185795456171035767e-04
4.445686936378479004e-04
1.785322092473506927e-05
7.100701332092285156e-03
4.542469978332519531e-04
1.659885048866271973e-03
1.727871596813201904e-03
1.490622758865356445e-03
2.033656835556030273e-02
1.786899566650390625e-02
1.363533735275268555e-02
9.812265634536743164e-03
7.603764533996582031e-03
1.885575056076049805e-02
1.680776476860046387e-03
2.512738108634948730e-03
1.936733722686767578e-02
1.374715566635131836e-02
9.657263755798339844e-03
9.737074375152587891e-03
1.808011531829833984e-02
1.128494739532470703e-02
1.101142168045043945e-02
4.749417304992675781e-03
7.890388369560241699e-04
1.366427168250083923e-04
1.972538232803344727e-02
1.140651106834411621e-02
3.093630075454711914e-03
1.055562496185302734e-02
1.474171876907348633e-03
1.259660720825195312e-02
2.483755350112915039e-03
1.107722520828247070e-02
1.053795218467712402e-03
1.748695969581604004e-03
1.792132854461669922e-02
1.515591144561767578e-02
6.771564483642578125e-03
1.089833676815032959e-03
9.947896003723144531e-03
1.367151737213134766e-03
1.840088516473770142e-04
1.084661483764648438e-02
6.520040333271026611e-04
2.313196659088134766e-02
1.465976238250732422e-02
3.666132688522338867e-03
5.415566265583038330e-04
6.257981061935424805e-03
6.140917539596557617e-04
5.795508623123168945e-03
1.464188098907470703e-02
1.338116824626922607e-03
3.922171890735626221e-04
5.092322826385498047e-03
4.070594906806945801e-03
1.980178058147430420e-03
1.015639305114746094e-02
1.460051536560058594e-02
4.150819778442382812e-02
1.336783170700073242e-03
5.282878875732421875e-03
4.855766892433166504e-04
1.202687621116638184e-03
1.936972141265869141e-03
1.548931002616882324e-03
1.361310482025146484e-03
1.484763622283935547e-02
9.945929050445556641e-03
3.784132003784179688e-02
2.673909068107604980e-03
4.030001163482666016e-02
2.959430217742919922e-03
2.621662616729736328e-02
1.705509424209594727e-02
1.213032007217407227e-02
2.767428755760192871e-03
3.093421459197998047e-03
7.287561893463134766e-03
7.332831621170043945e-03
8.358746767044067383e-03
8.774906396865844727e-03
3.264211118221282959e-04
1.155531406402587891e-02
7.426321506500244141e-03
2.192926406860351562e-02
2.187585830688476562e-02
6.632745265960693359e-03
8.316338062286376953e-03
7.923901081085205078e-03
1.212865114212036133e-02
1.191103458404541016e-02
3.498107194900512695e-03
4.578962922096252441e-03
3.820136189460754395e-04
2.058353275060653687e-04
1.246660947799682617e-02
1.711741089820861816e-03
7.713586091995239258e-03
3.276872634887695312e-02
5.951523780822753906e-03
3.545790910720825195e-03
2.385839819908142090e-03
1.841872930526733398e-02
2.349299192428588867e-02
4.212394356727600098e-03
1.215314865112304688e-02
1.136976480484008789e-02
5.085170269012451172e-03
3.126806020736694336e-02
1.108177006244659424e-03
6.075352430343627930e-04
1.526355743408203125e-03
1.606193184852600098e-02
5.540430545806884766e-03
2.766931056976318359e-02
1.399201154708862305e-02
1.045271754264831543e-03
1.617625355720520020e-03
4.812300205230712891e-03
8.734226226806640625e-03
1.429808139801025391e-02
4.339277744293212891e-03
2.949684858322143555e-03
7.220506668090820312e-04
1.347923278808593750e-02
1.139330863952636719e-02
7.529139518737792969e-03
4.328429698944091797e-03
8.066058158874511719e-03
2.431309223175048828e-02
1.792567968368530273e-02
5.381554365158081055e-03
9.363517165184020996e-04
1.673775911331176758e-02
5.348213016986846924e-04
7.739037275314331055e-03
2.151735126972198486e-03
1.201832294464111328e-02
1.310080289840698242e-03
8.460521697998046875e-03
1.844358444213867188e-02
1.600101590156555176e-03
1.032865047454833984e-02
1.352345943450927734e-02
5.450636148452758789e-03
5.716711282730102539e-03
7.383115589618682861e-04
1.031351089477539062e-02
1.760736107826232910e-03
1.124787330627441406e-02
6.647817790508270264e-04
1.172178983688354492e-02
1.908785104751586914e-02
1.768809556961059570e-02
1.684504747390747070e-02
1.921272277832031250e-02
1.509189605712890625e-04
4.924684762954711914e-03
4.732638597488403320e-03
1.679003238677978516e-02
2.385759353637695312e-02
1.016959547996520996e-02
6.879568099975585938e-03
1.336616277694702148e-02
1.774698495864868164e-03
6.788045167922973633e-03
4.080235958099365234e-03
1.736903190612792969e-02
4.701197147369384766e-03
1.700526475906372070e-02
1.383680105209350586e-02
2.998042106628417969e-02
5.303561687469482422e-03
2.213284373283386230e-03
1.910597085952758789e-03
4.943870007991790771e-04
1.363414525985717773e-02
1.002997159957885742e-03
1.927340030670166016e-02
1.579594612121582031e-02
1.169481873512268066e-02
7.788985967636108398e-04
1.231431961059570312e-02
1.505416631698608398e-02
1.288759708404541016e-02
5.952000617980957031e-03
1.768457889556884766e-02
1.425749063491821289e-02
2.086305618286132812e-02
1.334175467491149902e-03
2.335876226425170898e-02
5.652844905853271484e-03
1.370751857757568359e-02
6.260991096496582031e-03
2.039358019828796387e-03
1.994207501411437988e-03
3.032612800598144531e-02
3.317371010780334473e-04
1.948976516723632812e-02
3.705061972141265869e-04
7.813125848770141602e-04
5.976259708404541016e-03
1.795607805252075195e-02
1.179209351539611816e-02
4.457995295524597168e-03
2.694070339202880859e-03
1.308625936508178711e-02
3.278648853302001953e-02
1.741424202919006348e-03
4.151493310928344727e-03
8.389592170715332031e-03
4.584163427352905273e-03
1.922535896301269531e-02
3.647863864898681641e-03
2.786107361316680908e-04
2.009904384613037109e-02
1.698732376098632812e-03
1.253360509872436523e-02
5.867570638656616211e-03
1.355379819869995117e-02
2.111075446009635925e-05
1.415693759918212891e-02
1.398026943206787109e-02
9.876132011413574219e-03
1.879133284091949463e-03
1.400566101074218750e-02
1.385591924190521240e-03
6.041049957275390625e-03
9.354650974273681641e-04
1.840874552726745605e-03
2.219557762145996094e-02
1.339089870452880859e-02
1.253753900527954102e-02
2.112165093421936035e-03
1.182729005813598633e-02
1.353852450847625732e-03
1.874548196792602539e-02
3.710821270942687988e-03
2.937704324722290039e-03
4.992783069610595703e-04
1.780611276626586914e-02
1.481252908706665039e-02
1.029387116432189941e-03
1.144096255302429199e-03
1.078033447265625000e-02
1.293206214904785156e-02
6.650447845458984375e-03
3.049194812774658203e-03
1.321625709533691406e-02
1.892223954200744629e-03
1.095771789550781250e-02
1.165572553873062134e-03
2.077013254165649414e-03
7.787972688674926758e-03
3.059878945350646973e-04
2.514290809631347656e-02
7.914423942565917969e-03
1.206979155540466309e-03
1.390397548675537109e-02
1.627892255783081055e-02
3.506764769554138184e-04
4.204422235488891602e-03
1.240277290344238281e-02
1.630812883377075195e-03
8.670926094055175781e-03
2.745723724365234375e-02
2.316123247146606445e-02
1.468110084533691406e-02
2.297118306159973145e-03
1.283061504364013672e-02
1.104229688644409180e-02
4.060566425323486328e-03
1.193434000015258789e-02
1.534360647201538086e-02
1.337921619415283203e-02
1.296877861022949219e-02
3.015053272247314453e-02
2.560019493103027344e-03
1.489624381065368652e-03
1.367598772048950195e-02
1.882821321487426758e-02
1.799857616424560547e-02
1.408541202545166016e-02
1.401966810226440430e-02
1.168280839920043945e-02
1.453226804733276367e-02
5.155682563781738281e-03
2.962462604045867920e-04
2.256650477647781372e-04
2.996218204498291016e-02
5.313917994499206543e-03
2.793145179748535156e-02
1.194584369659423828e-02
2.940461039543151855e-03
2.112731337547302246e-03
8.796378970146179199e-04
2.537593245506286621e-03
2.524530887603759766e-02
2.217423915863037109e-02
1.349672675132751465e-03
8.672386407852172852e-03
3.106109797954559326e-04
6.447955965995788574e-04
1.704528927803039551e-03
1.799166202545166016e-03
1.340162754058837891e-02
2.474356442689895630e-04
3.541380167007446289e-03
4.157461225986480713e-04
2.970755100250244141e-03
1.831531524658203125e-02
1.966905593872070312e-02
9.161055088043212891e-03
1.511549949645996094e-02
1.345795392990112305e-02
1.505538821220397949e-03
3.928244113922119141e-03
8.539080619812011719e-03
2.009654045104980469e-02
1.668751239776611328e-02
1.156926155090332031e-02
1.184904575347900391e-02
6.599247455596923828e-03
9.370967745780944824e-05
1.509320735931396484e-02
2.084350585937500000e-02
1.665246486663818359e-02
1.281219720840454102e-02
2.339426428079605103e-04
5.726609379053115845e-05
5.143702030181884766e-03
1.248252391815185547e-02
3.466811031103134155e-04
2.636432647705078125e-02
1.971286535263061523e-02
3.649860620498657227e-03
2.183663845062255859e-02
8.121371269226074219e-03
1.588791608810424805e-03
4.501193761825561523e-04
2.321153879165649414e-03
7.187128067016601562e-03
2.224278450012207031e-02
4.326879978179931641e-03
1.359724998474121094e-02
1.768398284912109375e-02
1.870200037956237793e-03
1.572185754776000977e-02
6.610274314880371094e-03
1.287788152694702148e-03
8.650839328765869141e-03
7.174044847488403320e-03
5.578666925430297852e-03
3.839544951915740967e-04
1.532346010208129883e-03
1.773163676261901855e-03
5.792647600173950195e-03
7.497742772102355957e-04
6.444565951824188232e-05
1.205545663833618164e-02
5.867153406143188477e-03
1.868474483489990234e-02
1.370206475257873535e-03
1.066362857818603516e-02
1.080733537673950195e-02
2.281907945871353149e-04
1.134398579597473145e-02
7.969439029693603516e-04
6.673038005828857422e-03
2.113270759582519531e-02
3.151386976242065430e-03
1.827731728553771973e-03
7.263153791427612305e-03
4.558652639389038086e-03
3.656595945358276367e-03
3.060124814510345459e-03
2.373039722442626953e-03
2.522236108779907227e-02
1.963812112808227539e-02
2.941161394119262695e-03
1.573735475540161133e-02
1.578259468078613281e-02
1.035537570714950562e-04
1.276189088821411133e-02
1.266789436340332031e-02
5.582064390182495117e-03
3.726571798324584961e-03
6.439208984375000000e-03
1.346635818481445312e-02
6.448388099670410156e-03
8.267313241958618164e-04
1.707702875137329102e-02
8.085489273071289062e-03
2.693876624107360840e-03
1.082092523574829102e-02
3.180503845214843750e-04
1.582086086273193359e-02
4.616864025592803955e-04
5.330413579940795898e-03
5.985617637634277344e-03
3.316506743431091309e-03
1.866829395294189453e-02
7.934033870697021484e-03
3.606528043746948242e-03
5.593299865722656250e-03
1.868206262588500977e-02
1.524493098258972168e-03
3.097683191299438477e-03
1.786333322525024414e-02
1.734897494316101074e-03
7.814168930053710938e-04
3.689184784889221191e-03
1.313579082489013672e-02
1.249167323112487793e-02
9.460568428039550781e-03
2.014660835266113281e-02
3.941506147384643555e-03
2.058327198028564453e-02
3.387965261936187744e-04
4.513949155807495117e-03
3.147155046463012695e-03
4.957646131515502930e-03
1.422367990016937256e-03
1.179784536361694336e-03
7.485628128051757812e-03
4.884719848632812500e-03
5.237907171249389648e-03
1.647233963012695312e-02
1.388126611709594727e-02
2.440020442008972168e-03
5.683004856109619141e-03
9.555608034133911133e-03
1.847678422927856445e-02
1.975965499877929688e-02
1.244735717773437500e-02
3.978051245212554932e-04
2.321469783782958984e-02
9.767413139343261719e-03
1.828277111053466797e-02
3.916829824447631836e-03
9.374529123306274414e-03
1.047186553478240967e-03
9.529665112495422363e-04
1.859295368194580078e-02
1.708006858825683594e-02
1.980644464492797852e-02
6.766825914382934570e-03
1.851201057434082031e-02
1.772832870483398438e-02
1.141894608736038208e-04
4.372656345367431641e-03
6.364643573760986328e-03
2.261030673980712891e-02
4.709549248218536377e-04
6.611421704292297363e-04
4.132091999053955078e-03
2.555713057518005371e-03
1.370966434478759766e-02
1.202112436294555664e-02
7.257908582687377930e-04
1.956832408905029297e-02
7.726624608039855957e-05
8.786395192146301270e-04
8.577033877372741699e-04
3.495171666145324707e-03
8.214861154556274414e-04
3.405079245567321777e-03
1.875054091215133667e-03
3.663673996925354004e-03
5.893930792808532715e-04
1.171126961708068848e-03
1.312747597694396973e-03
2.526640892028808594e-02
5.145430564880371094e-03
1.525774598121643066e-03
3.978908061981201172e-03
4.997812211513519287e-04
1.295137405395507812e-02
8.511357009410858154e-05
2.591356635093688965e-03
4.004053771495819092e-04
1.969552040100097656e-02
3.839761018753051758e-03
2.055883407592773438e-03
1.983895897865295410e-03
1.672071218490600586e-02
2.263498306274414062e-02
1.231801509857177734e-02
1.522165536880493164e-02
7.249891757965087891e-03
1.625254750251770020e-03
1.092100143432617188e-02
5.347374826669692993e-05
2.280282974243164062e-02
1.579925417900085449e-03
1.741027832031250000e-02
2.183839678764343262e-04
1.805350184440612793e-04
1.325398683547973633e-02
2.508416771888732910e-03
1.834198832511901855e-03
6.327331066131591797e-04
1.699097454547882080e-03
1.687724143266677856e-04
4.047453403472900391e-03
1.167631149291992188e-02
2.610594034194946289e-03
4.496514797210693359e-03
6.461769342422485352e-03
2.535271644592285156e-02
1.739338040351867676e-04
1.634940505027770996e-03
3.665417432785034180e-03
4.381626844406127930e-03
1.830136775970458984e-02
8.166208863258361816e-04
3.981217741966247559e-04
1.746326684951782227e-03
4.775673151016235352e-04
5.847275257110595703e-03
7.501125335693359375e-03
4.759937524795532227e-03
2.354430034756660461e-05
1.780375838279724121e-03
8.015155792236328125e-03
1.557940244674682617e-02
5.851164460182189941e-04
1.324087381362915039e-02
2.590978145599365234e-02
1.691505312919616699e-04
3.066658973693847656e-03
1.067429780960083008e-02
5.575269460678100586e-05
3.043621778488159180e-03
9.370073676109313965e-04
3.441691398620605469e-03
2.741765975952148438e-02
7.594972848892211914e-04
5.271732807159423828e-03
9.479522705078125000e-04
1.331493258476257324e-04
1.138895750045776367e-03
2.879977226257324219e-03
1.747414469718933105e-03
7.399797439575195312e-03
9.570181369781494141e-03
1.007276773452758789e-02
4.178375005722045898e-03
4.392579197883605957e-03
1.459735631942749023e-02
7.614374160766601562e-03
1.581597328186035156e-02
1.924359798431396484e-02
1.563560962677001953e-02
1.108276844024658203e-02
1.188474893569946289e-02
5.258828401565551758e-03
1.974594593048095703e-02
7.509022951126098633e-03
7.466711103916168213e-04
5.360599607229232788e-04
9.416818618774414062e-03
4.062026739120483398e-03
4.739820957183837891e-03
1.263886690139770508e-03
2.548813819885253906e-03
5.657017230987548828e-03
5.745232105255126953e-03
1.648217439651489258e-04
1.331701874732971191e-03
1.335673034191131592e-03
1.271897554397583008e-02
4.362724721431732178e-04
2.992823719978332520e-03
1.787132024765014648e-02
1.689428091049194336e-02
1.592224836349487305e-02
8.141458034515380859e-03
1.304477453231811523e-03
1.276895403861999512e-03
4.906505346298217773e-04
2.387964725494384766e-02
7.555633783340454102e-03
9.035468101501464844e-03
6.700754165649414062e-04
1.818257570266723633e-02
1.420632004737854004e-03
1.731842756271362305e-03
1.071002334356307983e-04
8.634150028228759766e-03
1.069951057434082031e-02
1.483333110809326172e-02
3.721773624420166016e-03
2.230906486511230469e-02
6.972730159759521484e-03
5.073010921478271484e-03
5.697235465049743652e-04
9.731829166412353516e-03
6.852624937891960144e-05
2.952367067337036133e-04
8.424341678619384766e-03
2.584069967269897461e-03
8.538842201232910156e-03
3.499351441860198975e-04
2.595975995063781738e-03
1.484543085098266602e-03
4.575431346893310547e-03
4.928737878799438477e-03
1.806485652923583984e-02
1.930013298988342285e-03
1.399868726730346680e-02
5.364157259464263916e-04
7.413327693939208984e-04
1.268571615219116211e-02
9.619653224945068359e-03
5.148172378540039062e-03
2.255380153656005859e-03
1.180189847946166992e-02
6.362140178680419922e-03
1.032084226608276367e-03
1.426137983798980713e-03
5.508884787559509277e-04
4.772692918777465820e-04
2.268671989440917969e-03
1.679398119449615479e-04
1.697152853012084961e-03
2.147257328033447266e-03
9.064853191375732422e-03
9.397789835929870605e-04
8.286833763122558594e-03
6.018858402967453003e-05
8.883234113454818726e-05
2.346150577068328857e-04
1.988571882247924805e-02
5.809124559164047241e-05
2.692723274230957031e-02
2.536341547966003418e-03
1.362383365631103516e-02
2.471637725830078125e-02
1.176580786705017090e-03
6.488621234893798828e-03
3.656491637229919434e-03
3.193944692611694336e-03
2.104538679122924805e-02
1.310892403125762939e-04
2.694696187973022461e-03
3.784328699111938477e-03
5.352906882762908936e-04
2.552624791860580444e-04
5.526721477508544922e-03
1.872926950454711914e-03
8.081495761871337891e-03
2.373784780502319336e-03
3.992229700088500977e-03
2.047210931777954102e-02
1.308685541152954102e-02
2.147123217582702637e-03
2.978041768074035645e-03
1.186341047286987305e-03
1.096320152282714844e-02
6.006509065628051758e-03
8.842229843139648438e-03
3.351345658302307129e-04
4.969298839569091797e-03
1.587057113647460938e-02
3.880232572555541992e-03
1.258099079132080078e-02
1.255273818969726562e-02
1.554244756698608398e-02
5.288958549499511719e-03
1.261535286903381348e-02
1.301340758800506592e-03
3.755360841751098633e-03
4.253640770912170410e-03
1.778483390808105469e-03
4.229903221130371094e-03
4.667676985263824463e-04
2.071127295494079590e-03
1.117944717407226562e-03
2.010434865951538086e-03
3.160595893859863281e-03
1.401978731155395508e-02
1.702296733856201172e-02
1.521110534667968750e-03
7.893323898315429688e-03
6.543040275573730469e-03
2.118386328220367432e-04
2.132332324981689453e-02
2.935249358415603638e-04
1.476019620895385742e-02
2.644360065460205078e-03
8.633285760879516602e-03
1.232004165649414062e-02
7.941901683807373047e-03
2.712041139602661133e-03
7.641687989234924316e-04
4.600495100021362305e-03
1.985952258110046387e-04
5.681030452251434326e-04
2.149975299835205078e-02
2.061462402343750000e-02
9.481012821197509766e-04
8.329570293426513672e-03
8.033126592636108398e-03
1.502642408013343811e-04
5.282789468765258789e-03
2.545630931854248047e-02
3.187954425811767578e-04
3.201253712177276611e-04
2.936795353889465332e-03
2.569091320037841797e-02
1.075726747512817383e-02
8.290320634841918945e-03
1.547193527221679688e-02
2.253532409667968750e-03
5.761012434959411621e-04
1.596313714981079102e-02
6.430327892303466797e-03
9.003579616546630859e-04
5.145259201526641846e-04
2.002155780792236328e-02
5.532741546630859375e-03
3.170895576477050781e-02
1.835942268371582031e-03
6.768375635147094727e-03
3.346443176269531250e-03
1.602917909622192383e-04
2.588343620300292969e-02
2.084206789731979370e-04
1.887604594230651855e-03
7.301196455955505371e-04
4.716932773590087891e-03
6.344407796859741211e-03
3.232777118682861328e-03
2.148473262786865234e-02
8.045695722103118896e-04
2.573072910308837891e-03
3.357005119323730469e-02
7.129073143005371094e-03
9.902656078338623047e-03
1.254791021347045898e-02
1.858204603195190430e-03
1.823827624320983887e-03
2.289342880249023438e-02
1.584577560424804688e-02
2.084136009216308594e-03
5.791962146759033203e-03
6.497800350189208984e-03
1.460182666778564453e-02
1.658648252487182617e-03
1.033282279968261719e-02
4.490055143833160400e-04
7.529966533184051514e-04
2.862557768821716309e-03
2.873122692108154297e-03
5.857110023498535156e-03
3.489673137664794922e-03
1.096552610397338867e-02
1.219290494918823242e-02
9.880959987640380859e-04
4.948824644088745117e-03
4.038959741592407227e-04
1.410609483718872070e-02
8.151888847351074219e-03
1.975554227828979492e-02
6.949529051780700684e-04
2.982616424560546875e-03
1.707971096038818359e-02
1.225002110004425049e-03
1.844727993011474609e-02
3.223463892936706543e-03
1.413592696189880371e-02
5.469202995300292969e-03
2.266451716423034668e-03
5.453497171401977539e-03
3.460898995399475098e-03
4.002690315246582031e-03
1.933500170707702637e-03
2.562910318374633789e-03
2.539470791816711426e-03
1.123726367950439453e-03
8.294641971588134766e-03
1.050227880477905273e-02
2.721935510635375977e-03
2.237081527709960938e-03
3.096498548984527588e-04
2.767372131347656250e-02
6.554841995239257812e-03
1.021546125411987305e-02
2.013184130191802979e-04
2.616882324218750000e-03
1.340106129646301270e-03
5.225121974945068359e-03
5.330890417098999023e-04
8.003026247024536133e-03
2.024337649345397949e-03
4.818081855773925781e-03
2.338945865631103516e-02
1.084065437316894531e-02
2.560853958129882812e-03
1.712497323751449585e-04
7.540643215179443359e-03
1.653283834457397461e-03
1.758372783660888672e-02
8.012384176254272461e-03
5.264788866043090820e-03
1.200167462229728699e-04
6.984502077102661133e-03
1.139808446168899536e-04
1.017704606056213379e-03
1.019239425659179688e-03
9.204387664794921875e-03
1.612186431884765625e-03
7.603347301483154297e-03
1.064777374267578125e-03
1.274728775024414062e-02
5.348324775695800781e-04
4.411518573760986328e-03
1.935839653015136719e-03
1.742944121360778809e-03
2.526611089706420898e-03
2.046376466751098633e-03
1.877915859222412109e-02
1.595564186573028564e-03
6.778508424758911133e-03
2.193874120712280273e-02
8.030831813812255859e-04
3.882333636283874512e-03
8.031576871871948242e-04
6.956845521926879883e-03
2.604745328426361084e-03
1.629203557968139648e-02
7.547855377197265625e-03
2.924958243966102600e-05
1.628160476684570312e-02
3.068149089813232422e-03
1.608975231647491455e-03
1.706606149673461914e-02
2.560447901487350464e-04
3.345668315887451172e-03
7.379874587059020996e-04
7.890462875366210938e-04
3.279998898506164551e-03
2.183571457862854004e-03
1.225583255290985107e-04
1.009859144687652588e-03
6.871670484542846680e-04
4.853233695030212402e-04
3.229558467864990234e-03
9.021997451782226562e-03
1.523662358522415161e-04
6.565824151039123535e-05
4.096776247024536133e-03
1.127989962697029114e-04
6.959680467844009399e-05
3.122538328170776367e-04
1.820027828216552734e-04
1.126587390899658203e-02
3.737844526767730713e-04
1.310586929321289062e-03
1.115322113037109375e-03
2.947092056274414062e-03
3.110483288764953613e-03
2.524703741073608398e-03
1.491576433181762695e-03
2.718240022659301758e-03
5.685165524482727051e-05
6.597582250833511353e-05
5.738362669944763184e-04
3.733485937118530273e-05
2.275034785270690918e-04
1.370176672935485840e-03
2.267509698867797852e-04
3.762543201446533203e-05
7.925555109977722168e-05
2.837181091308593750e-04
1.019977033138275146e-03
6.571039557456970215e-05
1.446321606636047363e-03
4.377007484436035156e-03
1.516073942184448242e-03
2.635866403579711914e-04
4.626158624887466431e-05
1.095138490200042725e-03
3.077760338783264160e-04
4.841797053813934326e-04
3.921128809452056885e-04
2.924650907516479492e-03
3.724303096532821655e-04
2.245381474494934082e-04
1.520082354545593262e-03
2.168770879507064819e-04
1.171370968222618103e-05
1.573450863361358643e-04
7.002428174018859863e-04
2.323426306247711182e-04
5.165673792362213135e-04
8.141934871673583984e-03
3.160424530506134033e-04
3.316253423690795898e-04
4.415810108184814453e-04
1.549860462546348572e-04
9.143799543380737305e-04
1.445803791284561157e-04
1.448191702365875244e-03
8.395910263061523438e-03
5.370900034904479980e-04
6.639845669269561768e-04
5.395710468292236328e-04
2.395808696746826172e-04
2.321457862854003906e-02
5.876738578081130981e-05
3.755599260330200195e-03
3.335148096084594727e-03
1.358610391616821289e-02
7.833838462829589844e-04
1.314812898635864258e-02
1.959681510925292969e-03
2.656996250152587891e-03
5.888432264328002930e-03
6.051771342754364014e-04
3.369510173797607422e-03
1.180660910904407501e-05
7.290020585060119629e-04
3.246977925300598145e-03
4.101078957319259644e-05
7.938519120216369629e-04
3.072559833526611328e-03
6.939321756362915039e-04
3.364458680152893066e-04
2.938620746135711670e-04
3.891885280609130859e-03
1.315325498580932617e-03
1.248961687088012695e-02
3.126889467239379883e-03
1.491382718086242676e-04
5.241036415100097656e-04
2.339985221624374390e-04
4.282355308532714844e-03
7.561296224594116211e-04
3.508925437927246094e-03
5.211830139160156250e-04
1.914307475090026855e-03
1.847855746746063232e-04
1.263633370399475098e-03
4.664897918701171875e-03
1.354767009615898132e-04
5.607418715953826904e-04
8.494965732097625732e-05
9.684078395366668701e-05
1.138411462306976318e-04
7.788777351379394531e-03
7.882714271545410156e-06
9.361982345581054688e-03
1.756511628627777100e-04
9.945392608642578125e-03
3.245711326599121094e-03
1.277565024793148041e-05
5.734235048294067383e-03
7.522046566009521484e-03
3.434047102928161621e-04
4.309043288230895996e-04
1.713290810585021973e-03
1.875646412372589111e-04
1.115407794713973999e-04
9.547173976898193359e-05
4.742555320262908936e-04
3.309018211439251900e-06
5.517387762665748596e-05
1.834407448768615723e-03
1.842714846134185791e-04
6.304532289505004883e-04
1.818373799324035645e-03
4.016384482383728027e-04
2.434346824884414673e-04
1.816064119338989258e-03
1.716542243957519531e-02
2.359431236982345581e-04
1.782905310392379761e-04
7.150769233703613281e-03
3.207884728908538818e-04
3.653876483440399170e-04
4.106163978576660156e-04
1.040428876876831055e-03
1.378536224365234375e-03
1.294654794037342072e-05
1.056544482707977295e-03
5.223453044891357422e-03
8.894026279449462891e-03
1.899823546409606934e-04
3.537774085998535156e-03
1.406490802764892578e-03
3.880932927131652832e-04
2.248317003250122070e-03
1.784682273864746094e-03
4.950836300849914551e-04
1.400321722030639648e-03
3.551021218299865723e-04
5.962327122688293457e-05
5.775280296802520752e-04
4.148900508880615234e-03
6.022788584232330322e-04
1.496595144271850586e-02
8.553862571716308594e-04
2.105283737182617188e-02
5.049519240856170654e-04
8.531659841537475586e-03
3.837533295154571533e-04
4.870370030403137207e-04
2.645403146743774414e-04
1.040533185005187988e-03
1.472197473049163818e-04
1.299763098359107971e-04
7.074847817420959473e-04
7.286760956048965454e-05
1.923710107803344727e-03
1.208811998367309570e-03
5.225371569395065308e-04
1.305222511291503906e-03
1.038259267807006836e-02
5.590990185737609863e-04
1.143276691436767578e-03
1.100075244903564453e-02
1.068316400051116943e-03
9.276438504457473755e-05
3.175400197505950928e-04
1.330859959125518799e-04
5.935579538345336914e-04
1.786187291145324707e-03
5.698710680007934570e-03
2.072960138320922852e-03
1.988448202610015869e-03
1.061081886291503906e-02
7.039727643132209778e-05
1.439708471298217773e-02
1.550409942865371704e-04
7.365286350250244141e-03
5.627982318401336670e-04
5.435347557067871094e-04
5.162209272384643555e-03
7.471650838851928711e-03
1.592496410012245178e-04
1.884967088699340820e-03
4.966109991073608398e-04
0.000000000000000000e+00
0.000000000000000000e+00
0.000000000000000000e+00
0.000000000000000000e+00
0.000000000000000000e+00
0.000000000000000000e+00
0.000000000000000000e+00
0.000000000000000000e+00
0.000000000000000000e+00
0.000000000000000000e+00
0.000000000000000000e+00
0.000000000000000000e+00
0.000000000000000000e+00
0.000000000000000000e+00
0.000000000000000000e+00
0.000000000000000000e+00
0.000000000000000000e+00
0.000000000000000000e+00
0.000000000000000000e+00
0.000000000000000000e+00
0.000000000000000000e+00
0.000000000000000000e+00
0.000000000000000000e+00
0.000000000000000000e+00
0.000000000000000000e+00
0.000000000000000000e+00
0.000000000000000000e+00
0.000000000000000000e+00
0.000000000000000000e+00
0.000000000000000000e+00
0.000000000000000000e+00
0.000000000000000000e+00
0.000000000000000000e+00
0.000000000000000000e+00
0.000000000000000000e+00
0.000000000000000000e+00
0.000000000000000000e+00
0.000000000000000000e+00
0.000000000000000000e+00
0.000000000000000000e+00
