1.262754201889038086e-02
1.243340969085693359e-02
1.363396644592285156e-02
1.950800418853759766e-02
1.591467857360839844e-02
1.366686820983886719e-02
2.500021457672119141e-02
1.427304744720458984e-02
3.066480159759521484e-02
1.864206790924072266e-02
1.249074935913085938e-02
1.691401004791259766e-02
1.909708976745605469e-02
2.951985597610473633e-02
2.392911911010742188e-02
2.252507209777832031e-02
1.886379718780517578e-02
1.504671573638916016e-02
6.107509136199951172e-03
1.870000362396240234e-02
2.104246616363525391e-02
1.480609178543090820e-02
3.204786777496337891e-02
2.309471368789672852e-02
1.661229133605957031e-02
2.341532707214355469e-02
1.412558555603027344e-02
1.549100875854492188e-02
3.112316131591796875e-02
2.147561311721801758e-02
2.365392446517944336e-02
2.447950839996337891e-02
1.915597915649414062e-02
1.413834095001220703e-02
3.576529026031494141e-02
2.712464332580566406e-02
1.159626245498657227e-02
3.514611721038818359e-02
2.171665430068969727e-02
2.679276466369628906e-02
2.646803855895996094e-02
1.295065879821777344e-02
1.755261421203613281e-02
2.277356386184692383e-02
1.728290319442749023e-02
2.052855491638183594e-02
4.175007343292236328e-02
1.175975799560546875e-02
2.490335702896118164e-02
4.197311401367187500e-02
2.498161792755126953e-02
1.173216104507446289e-02
1.385653018951416016e-02
3.020679950714111328e-02
1.897722482681274414e-02
7.601618766784667969e-03
2.359068393707275391e-02
2.266794443130493164e-02
3.227221965789794922e-02
1.716256141662597656e-02
5.203485488891601562e-02
1.916581392288208008e-02
2.349519729614257812e-02
3.562295436859130859e-02
1.880180835723876953e-02
5.357354879379272461e-03
1.612937450408935547e-02
2.125841379165649414e-02
8.546054363250732422e-03
8.292168378829956055e-03
2.080869674682617188e-02
2.112197875976562500e-02
1.557648181915283203e-02
2.046763896942138672e-02
2.378392219543457031e-02
1.584577560424804688e-02
1.182460784912109375e-02
1.551389694213867188e-02
3.652465343475341797e-02
2.165853977203369141e-02
1.727455854415893555e-02
1.435500383377075195e-02
1.997852325439453125e-02
1.920998096466064453e-02
1.485908031463623047e-02
1.976358890533447266e-02
1.229661703109741211e-02
2.547323703765869141e-02
1.164615154266357422e-02
1.005458831787109375e-02
1.356464624404907227e-02
1.751065254211425781e-02
2.115786075592041016e-02
3.416252136230468750e-02
1.439005136489868164e-02
1.268261671066284180e-02
1.166373491287231445e-02
2.197134494781494141e-02
1.541233062744140625e-02
1.919978857040405273e-02
1.135712862014770508e-02
2.200603485107421875e-02
1.642417907714843750e-02
2.736115455627441406e-02
1.556885242462158203e-02
2.732539176940917969e-02
2.449965476989746094e-02
2.011710405349731445e-02
2.997756004333496094e-02
1.527881622314453125e-02
4.385221004486083984e-02
2.350747585296630859e-02
3.193914890289306641e-02
1.209902763366699219e-02
1.887333393096923828e-02
2.073675394058227539e-02
1.596742868423461914e-02
1.225185394287109375e-02
7.714509963989257812e-03
1.682543754577636719e-02
2.190339565277099609e-02
1.636201143264770508e-02
1.238608360290527344e-02
2.034586668014526367e-02
1.464480161666870117e-02
1.294696331024169922e-02
2.472329139709472656e-02
3.081619739532470703e-03
1.321083307266235352e-02
1.788079738616943359e-02
1.250767707824707031e-02
1.898467540740966797e-02
2.827966213226318359e-02
1.266872882843017578e-02
1.596599817276000977e-02
2.119243144989013672e-02
1.973557472229003906e-02
2.216202020645141602e-02
2.307760715484619141e-02
2.931296825408935547e-03
2.829712629318237305e-02
1.618164777755737305e-02
1.758468151092529297e-02
1.736009120941162109e-02
1.284205913543701172e-02
2.119982242584228516e-02
1.406663656234741211e-02
1.365423202514648438e-02
1.905775070190429688e-02
2.480602264404296875e-02
1.646590232849121094e-02
3.543555736541748047e-03
1.502370834350585938e-02
1.289284229278564453e-02
2.641034126281738281e-02
4.891622066497802734e-02
2.162766456604003906e-02
7.258832454681396484e-03
1.574987173080444336e-02
1.803261041641235352e-02
1.248908042907714844e-02
2.018702030181884766e-02
2.981913089752197266e-02
1.753449440002441406e-02
2.490746974945068359e-02
1.692366600036621094e-02
2.395772933959960938e-02
1.003044843673706055e-02
1.102459430694580078e-02
1.487970352172851562e-02
1.373553276062011719e-02
1.481515169143676758e-02
2.837097644805908203e-02
1.492631435394287109e-02
1.348114013671875000e-02
3.380167484283447266e-02
2.011948823928833008e-02
2.384269237518310547e-02
1.950496435165405273e-02
2.182185649871826172e-02
1.452523469924926758e-02
1.513189077377319336e-02
1.252639293670654297e-02
1.155924797058105469e-02
1.083385944366455078e-02
2.954053878784179688e-02
2.581202983856201172e-02
1.668810844421386719e-02
3.041446208953857422e-02
3.512442111968994141e-02
1.978003978729248047e-02
8.472502231597900391e-03
2.088749408721923828e-02
1.228529214859008789e-02
2.188169956207275391e-02
1.035833358764648438e-02
1.972854137420654297e-02
2.473461627960205078e-02
3.786921501159667969e-03
1.328951120376586914e-02
9.634673595428466797e-03
1.280701160430908203e-02
1.815390586853027344e-02
2.826035022735595703e-02
2.714914083480834961e-02
2.594840526580810547e-02
1.045411825180053711e-02
1.897776126861572266e-02
1.494163274765014648e-02
1.086392998695373535e-02
1.702451705932617188e-02
1.221874356269836426e-02
1.777285337448120117e-02
8.738279342651367188e-03
2.572369575500488281e-02
1.633459329605102539e-02
1.167404651641845703e-02
1.503169536590576172e-02
2.566623687744140625e-02
1.741385459899902344e-02
3.285717964172363281e-02
2.477288246154785156e-02
1.360732316970825195e-02
1.013731956481933594e-02
2.059197425842285156e-02
1.415342092514038086e-02
7.379770278930664062e-03
1.455789804458618164e-02
1.358360052108764648e-02
2.260971069335937500e-02
2.559947967529296875e-02
1.607841253280639648e-02
2.659499645233154297e-02
6.497502326965332031e-03
1.619279384613037109e-02
2.123916149139404297e-02
2.069461345672607422e-02
2.812618017196655273e-02
3.084135055541992188e-02
1.280868053436279297e-02
1.754379272460937500e-02
2.521562576293945312e-02
2.418112754821777344e-02
8.824765682220458984e-03
2.314841747283935547e-02
1.945996284484863281e-02
1.561975479125976562e-02
2.213895320892333984e-02
1.281177997589111328e-02
9.905219078063964844e-03
1.887381076812744141e-02
1.229739189147949219e-02
1.882314682006835938e-02
1.849496364593505859e-02
3.275191783905029297e-02
1.435244083404541016e-02
0.000000000000000000e+00
0.000000000000000000e+00
0.000000000000000000e+00
0.000000000000000000e+00
0.000000000000000000e+00
0.000000000000000000e+00
0.000000000000000000e+00
0.000000000000000000e+00
0.000000000000000000e+00
0.000000000000000000e+00
0.000000000000000000e+00
0.000000000000000000e+00
0.000000000000000000e+00
0.000000000000000000e+00
0.000000000000000000e+00
0.000000000000000000e+00
0.000000000000000000e+00
0.000000000000000000e+00
0.000000000000000000e+00
0.000000000000000000e+00
