1.323843002319335938e-02
1.794397830963134766e-04
4.001054912805557251e-05
4.017129540443420410e-04
7.103145122528076172e-03
2.554488182067871094e-02
3.025261685252189636e-05
3.500916063785552979e-04
6.680637598037719727e-04
3.073886036872863770e-03
1.098835468292236328e-02
1.591539382934570312e-02
1.187123358249664307e-03
1.127904653549194336e-02
9.358376264572143555e-04
9.436905384063720703e-05
2.078607678413391113e-03
9.295716881752014160e-05
1.561135053634643555e-03
1.285630464553833008e-02
1.275226473808288574e-03
2.824527025222778320e-02
1.809942722320556641e-02
1.056855916976928711e-02
3.048956394195556641e-03
7.397115230560302734e-03
3.182515501976013184e-04
4.741363227367401123e-05
1.514816284179687500e-02
8.653938770294189453e-03
1.839287579059600830e-04
5.315005779266357422e-03
3.254801034927368164e-03
2.624049782752990723e-03
9.634971618652343750e-03
8.039250969886779785e-04
1.936048269271850586e-03
8.027493953704833984e-03
1.467734575271606445e-02
1.229292154312133789e-02
2.403438091278076172e-02
6.938725709915161133e-04
8.447915315628051758e-04
1.827329397201538086e-02
1.261609792709350586e-02
4.684239625930786133e-03
1.535326242446899414e-02
1.264142990112304688e-02
3.127939999103546143e-04
6.397664546966552734e-04
1.841872930526733398e-03
5.137592554092407227e-03
1.297239214181900024e-05
1.228880882263183594e-02
7.769241929054260254e-04
1.822960376739501953e-02
1.099959015846252441e-03
1.270604133605957031e-02
9.260177612304687500e-04
6.282776594161987305e-04
2.048239111900329590e-04
4.647850990295410156e-03
3.950707614421844482e-04
1.941752433776855469e-02
7.318615913391113281e-03
2.245962619781494141e-03
3.496348857879638672e-03
2.657473087310791016e-03
5.671232938766479492e-04
1.672118902206420898e-03
4.531070590019226074e-04
1.684165000915527344e-02
4.255205392837524414e-03
5.074441432952880859e-03
3.082714974880218506e-04
3.869563341140747070e-03
5.075514316558837891e-03
5.549907684326171875e-03
1.209461688995361328e-02
1.007288694381713867e-03
1.039946079254150391e-02
1.156085729598999023e-02
2.352017909288406372e-04
2.477057278156280518e-04
1.271262764930725098e-03
1.266384124755859375e-02
4.578232765197753906e-03
9.716629981994628906e-03
6.257295608520507812e-03
2.831983566284179688e-02
8.132234215736389160e-04
8.214600384235382080e-04
1.979265362024307251e-04
8.819967508316040039e-03
1.408159732818603516e-02
1.004812121391296387e-02
5.362369120121002197e-04
4.566088318824768066e-04
1.731365919113159180e-03
1.383495330810546875e-02
1.362621784210205078e-02
7.512032985687255859e-03
4.458904266357421875e-03
2.630632370710372925e-04
6.116367876529693604e-04
1.397319138050079346e-03
1.981914043426513672e-03
5.992315709590911865e-04
1.474130153656005859e-02
5.665779113769531250e-03
1.612335443496704102e-03
1.014053821563720703e-02
2.225022763013839722e-04
3.477968275547027588e-04
2.236825227737426758e-02
7.388472557067871094e-03
1.284003257751464844e-03
9.716928005218505859e-03
1.864337921142578125e-02
2.274727821350097656e-02
1.527890563011169434e-03
1.280374825000762939e-03
5.636185407638549805e-03
2.632639370858669281e-05
1.979440450668334961e-03
1.117932796478271484e-02
6.967931985855102539e-04
3.003776073455810547e-03
7.443502545356750488e-05
4.391819238662719727e-03
5.100578069686889648e-03
2.992376685142517090e-03
8.712895214557647705e-05
1.578116416931152344e-02
1.316392421722412109e-02
9.168148040771484375e-03
6.803050637245178223e-04
1.450818777084350586e-02
4.499852657318115234e-04
9.670630097389221191e-04
1.599431037902832031e-02
1.926496624946594238e-04
1.656897366046905518e-04
3.614760935306549072e-04
1.137040555477142334e-03
4.219174385070800781e-03
1.593213528394699097e-04
2.612005919218063354e-04
4.833862185478210449e-04
6.117016077041625977e-03
3.135912120342254639e-04
2.190780639648437500e-02
2.079296112060546875e-02
1.727670431137084961e-02
1.919828355312347412e-04
3.158318996429443359e-02
1.252599060535430908e-03
1.449698209762573242e-02
1.198303699493408203e-02
2.513714134693145752e-04
1.176409423351287842e-03
1.808874309062957764e-03
1.543946564197540283e-04
4.410967230796813965e-04
1.652270555496215820e-02
1.236784458160400391e-02
9.200870990753173828e-04
8.565932512283325195e-05
1.253068447113037109e-02
1.425489783287048340e-03
1.218356192111968994e-04
7.745847105979919434e-04
2.736550569534301758e-02
6.265938282012939453e-03
2.045795321464538574e-03
5.312621593475341797e-03
4.938617348670959473e-04
1.306092739105224609e-02
9.905457496643066406e-03
9.113401174545288086e-04
3.227517008781433105e-04
1.281762123107910156e-02
1.166877150535583496e-02
9.683966636657714844e-03
6.457597017288208008e-03
7.456362247467041016e-03
2.931654453277587891e-04
6.420165300369262695e-04
3.154382109642028809e-03
2.494946122169494629e-03
4.592031240463256836e-03
6.491988897323608398e-04
3.593832254409790039e-03
8.410736918449401855e-04
4.857286810874938965e-03
9.085655212402343750e-03
2.449765801429748535e-03
7.066223770380020142e-05
1.738703250885009766e-02
1.683610677719116211e-02
1.783519983291625977e-03
5.277127027511596680e-03
3.202825784683227539e-03
7.643476128578186035e-04
4.705525934696197510e-04
4.376560449600219727e-03
1.233214139938354492e-02
1.581162214279174805e-03
3.871694207191467285e-04
9.357482194900512695e-04
5.222350358963012695e-03
7.908493280410766602e-03
6.820261478424072266e-03
1.208679750561714172e-04
7.424741983413696289e-03
1.491725444793701172e-03
1.019036769866943359e-02
6.936907768249511719e-03
1.924242824316024780e-04
5.195349454879760742e-03
4.098206758499145508e-03
4.847720265388488770e-03
7.013857364654541016e-03
1.677069813013076782e-04
6.748214364051818848e-04
6.219863891601562500e-03
5.225390195846557617e-04
1.563262939453125000e-02
2.533182501792907715e-03
3.045611083507537842e-04
9.274389594793319702e-05
8.738875389099121094e-03
3.043264150619506836e-03
1.575559377670288086e-02
8.125752210617065430e-04
7.228821516036987305e-03
7.936432957649230957e-04
2.925917506217956543e-04
1.060090959072113037e-03
6.271079182624816895e-04
4.061684012413024902e-04
1.090383529663085938e-02
3.565084189176559448e-04
1.011714339256286621e-03
5.981951951980590820e-03
4.183173179626464844e-03
8.190751075744628906e-03
2.984702587127685547e-04
5.472488701343536377e-04
1.047188043594360352e-02
1.784622669219970703e-03
8.668005466461181641e-03
1.503610610961914062e-02
1.107096672058105469e-02
5.560442805290222168e-04
1.133179664611816406e-02
7.268227636814117432e-05
1.013092696666717529e-04
1.340314745903015137e-03
3.537908196449279785e-04
9.573996067047119141e-03
9.307444095611572266e-03
1.216784119606018066e-03
2.177244424819946289e-02
8.595705032348632812e-03
5.035549402236938477e-03
1.909065246582031250e-02
8.922144770622253418e-04
7.656425237655639648e-03
1.171982288360595703e-02
1.302182674407958984e-03
1.029366254806518555e-02
4.609018564224243164e-03
3.683902323246002197e-04
1.690223813056945801e-03
6.889224052429199219e-03
2.042844891548156738e-03
7.055401802062988281e-04
2.566695213317871094e-03
2.740211784839630127e-04
8.295550942420959473e-04
1.505553722381591797e-03
5.302846431732177734e-03
8.283197879791259766e-03
5.339980125427246094e-04
5.929321050643920898e-04
1.815390586853027344e-02
1.004183292388916016e-02
2.221646718680858612e-05
2.085268497467041016e-03
4.712678492069244385e-04
2.190262079238891602e-03
1.136131584644317627e-03
3.208257257938385010e-04
4.393309354782104492e-03
2.559665590524673462e-04
4.475563764572143555e-03
4.308253526687622070e-03
9.025692939758300781e-03
1.039874553680419922e-02
2.542540431022644043e-03
1.091074943542480469e-02
2.547323703765869141e-03
1.674640178680419922e-02
3.796024248003959656e-05
8.442401885986328125e-03
3.579584881663322449e-05
2.157047390937805176e-03
1.738548278808593750e-03
1.350289583206176758e-02
1.412220299243927002e-04
1.785057783126831055e-02
4.335999488830566406e-03
4.278510808944702148e-03
1.693293452262878418e-03
7.609426975250244141e-03
1.453822851181030273e-02
4.802584648132324219e-03
1.357316970825195312e-02
9.454637765884399414e-04
1.095128059387207031e-02
2.660557627677917480e-03
1.095026731491088867e-02
1.904889941215515137e-03
1.890110969543457031e-02
1.085735857486724854e-03
1.162278652191162109e-02
4.733383655548095703e-03
1.376211643218994141e-02
5.060359835624694824e-04
1.116347312927246094e-02
6.018057465553283691e-04
2.235054969787597656e-03
5.191788077354431152e-04
1.308053731918334961e-03
2.263877540826797485e-04
3.115385770797729492e-03
6.214737892150878906e-03
2.147674560546875000e-02
2.802968025207519531e-03
5.329623818397521973e-04
6.977558135986328125e-03
2.956986427307128906e-03
7.216155529022216797e-03
1.439917087554931641e-02
4.224926233291625977e-03
1.582115888595581055e-03
4.757605493068695068e-04
1.442492008209228516e-03
3.312919288873672485e-04
6.405353546142578125e-03
7.664412260055541992e-05
5.475878715515136719e-03
1.414096914231777191e-05
1.068887114524841309e-02
2.156697213649749756e-03
1.372545957565307617e-03
8.449614048004150391e-03
3.505855798721313477e-03
1.246130466461181641e-02
1.594579219818115234e-02
1.371979713439941406e-02
4.563689231872558594e-03
3.949999809265136719e-03
6.030678749084472656e-03
1.035079360008239746e-03
1.124167442321777344e-02
9.237408638000488281e-03
3.181844949722290039e-04
1.327246427536010742e-04
3.111213445663452148e-04
2.770704030990600586e-02
4.550442099571228027e-04
1.276385784149169922e-02
4.380509257316589355e-03
1.420825719833374023e-04
4.876814782619476318e-04
6.485164165496826172e-03
1.003383658826351166e-05
2.668052911758422852e-03
1.733499765396118164e-02
4.169419407844543457e-04
4.327716305851936340e-05
4.322171211242675781e-03
7.102563977241516113e-04
2.937316894531250000e-04
1.901388168334960938e-03
1.378166675567626953e-02
1.150625944137573242e-02
1.293793320655822754e-03
4.124939441680908203e-03
8.604109287261962891e-03
3.291666507720947266e-03
1.078099012374877930e-02
3.204226493835449219e-03
4.965692758560180664e-03
7.812455296516418457e-04
6.141252815723419189e-04
1.937180757522583008e-03
1.048713922500610352e-03
1.045614480972290039e-03
5.501747131347656250e-03
8.073169738054275513e-05
6.185024976730346680e-04
2.067238092422485352e-04
2.107977867126464844e-03
3.033317625522613525e-06
5.578815937042236328e-03
1.912806183099746704e-04
2.436101436614990234e-03
1.404061913490295410e-03
1.207846403121948242e-02
9.575307369232177734e-03
1.701903343200683594e-02
1.351332664489746094e-02
1.376904547214508057e-04
1.532718539237976074e-03
3.635406494140625000e-03
1.094664912670850754e-05
1.742392778396606445e-03
6.926655769348144531e-03
6.803929805755615234e-03
3.400415182113647461e-03
6.606578826904296875e-03
1.057228073477745056e-04
1.627933233976364136e-04
5.066860467195510864e-05
1.451689749956130981e-04
5.494207143783569336e-03
5.414485931396484375e-04
2.156123518943786621e-03
4.763484001159667969e-03
2.050244808197021484e-02
1.360660791397094727e-02
6.340473890304565430e-03
2.432334423065185547e-02
1.493953168392181396e-04
5.104660987854003906e-03
5.801022052764892578e-04
2.015382051467895508e-04
3.922939300537109375e-03
1.324564218521118164e-02
1.611903309822082520e-03
1.699244603514671326e-05
2.048337459564208984e-02
1.908197999000549316e-03
2.403259277343750000e-04
2.704501152038574219e-03
2.191776037216186523e-02
5.042791366577148438e-03
1.124329864978790283e-04
2.703160047531127930e-03
1.730215549468994141e-02
4.295613616704940796e-04
6.997764110565185547e-03
5.959644913673400879e-04
3.503084182739257812e-03
2.121984958648681641e-03
2.046734094619750977e-03
1.460555940866470337e-04
1.856442540884017944e-04
6.089406087994575500e-05
1.171017065644264221e-04
6.712898612022399902e-04
1.409247517585754395e-03
2.739518880844116211e-02
3.382563591003417969e-04
3.114081919193267822e-04
3.273016773164272308e-06
2.761274576187133789e-03
1.269113272428512573e-05
9.527429938316345215e-04
3.204979002475738525e-04
1.930501312017440796e-04
6.808400154113769531e-03
2.831332385540008545e-04
1.076616346836090088e-03
1.519352197647094727e-02
6.815969944000244141e-03
2.783179283142089844e-02
9.509563446044921875e-03
1.300677657127380371e-03
1.590341329574584961e-03
2.357447147369384766e-02
4.578661173582077026e-05
1.214824616909027100e-03
1.626104116439819336e-03
1.341919414699077606e-06
4.614531993865966797e-03
4.845578223466873169e-05
3.043591976165771484e-03
1.495704054832458496e-03
9.989202022552490234e-03
6.097018718719482422e-03
2.384632825851440430e-02
2.141296863555908203e-03
6.323963403701782227e-03
2.448000013828277588e-04
1.732027530670166016e-02
3.319174051284790039e-03
4.766821861267089844e-03
2.029347419738769531e-02
9.888350963592529297e-03
1.921597868204116821e-04
9.713461622595787048e-06
2.290487289428710938e-03
1.107001304626464844e-02
1.963973045349121094e-02
3.549158573150634766e-03
2.263188362121582031e-03
1.067292690277099609e-02
7.095336914062500000e-04
1.252070069313049316e-04
3.736913204193115234e-03
2.836197614669799805e-03
5.480647087097167969e-04
5.062788724899291992e-03
2.088949084281921387e-03
5.813390016555786133e-04
2.286159992218017578e-02
6.866812705993652344e-03
1.525557041168212891e-02
1.948380470275878906e-02
6.193704903125762939e-04
6.790198385715484619e-04
5.824044346809387207e-04
4.190981388092041016e-03
1.070231199264526367e-02
4.533857107162475586e-03
8.668750524520874023e-04
5.812942981719970703e-05
1.635134220123291016e-03
1.341301202774047852e-02
4.131734371185302734e-03
1.256752014160156250e-02
1.425445079803466797e-03
3.542387485504150391e-02
3.651827573776245117e-03
3.375746309757232666e-04
1.005247235298156738e-03
1.371223479509353638e-04
7.105618715286254883e-04
1.240658760070800781e-02
5.242645740509033203e-03
3.689944744110107422e-03
2.357110381126403809e-03
4.564318805932998657e-05
7.985413074493408203e-03
2.080807462334632874e-05
8.210033178329467773e-03
2.501964569091796875e-03
7.836639881134033203e-03
1.637071371078491211e-03
1.925981044769287109e-02
1.704618334770202637e-03
7.906835526227951050e-05
3.030197694897651672e-05
5.753226578235626221e-04
9.156577289104461670e-05
7.194429636001586914e-04
1.268929243087768555e-02
2.962040901184082031e-02
7.362991571426391602e-03
7.256194949150085449e-04
1.849364489316940308e-04
2.213418483734130859e-03
4.257075488567352295e-04
7.941901683807373047e-03
3.169417381286621094e-03
1.791071891784667969e-02
2.633035182952880859e-04
2.800859510898590088e-04
3.093570470809936523e-03
1.509308815002441406e-02
1.704096794128417969e-03
8.609414100646972656e-03
2.107862383127212524e-05
4.631191492080688477e-03
2.154660224914550781e-02
2.296721935272216797e-02
9.868383407592773438e-03
1.111682504415512085e-04
1.724157482385635376e-04
1.999363303184509277e-04
3.142058849334716797e-04
2.748072147369384766e-04
7.132023572921752930e-03
8.207798004150390625e-03
2.052676677703857422e-02
2.269065380096435547e-02
9.942203760147094727e-04
1.173585653305053711e-03
4.412055015563964844e-03
7.040292024612426758e-03
8.158502168953418732e-06
5.902975797653198242e-03
1.726174354553222656e-02
2.916768193244934082e-03
9.996816515922546387e-04
1.976370811462402344e-03
4.655182361602783203e-03
2.665258944034576416e-04
2.606105804443359375e-02
1.941972970962524414e-02
4.079654812812805176e-03
4.951715469360351562e-03
2.177376300096511841e-04
2.020955085754394531e-03
2.546417713165283203e-02
6.627857685089111328e-03
4.200369119644165039e-03
5.199760198593139648e-04
8.894026279449462891e-03
7.406622171401977539e-05
8.366927504539489746e-04
4.483759403228759766e-04
6.071180105209350586e-03
2.470575273036956787e-04
3.734916448593139648e-03
4.041105508804321289e-03
5.134120583534240723e-04
1.961123198270797729e-04
2.117407321929931641e-02
2.111936919391155243e-05
3.181874752044677734e-03
1.331150531768798828e-03
1.098634675145149231e-04
1.940965652465820312e-03
4.139840602874755859e-04
1.849710941314697266e-03
9.378343820571899414e-04
1.213334500789642334e-03
2.153033018112182617e-02
1.401044428348541260e-04
1.584649085998535156e-02
1.166481524705886841e-04
2.763330936431884766e-03
9.045586921274662018e-06
5.061566829681396484e-03
8.333086967468261719e-03
3.514140844345092773e-04
6.061017513275146484e-03
7.272779941558837891e-03
1.274451613426208496e-03
7.885545492172241211e-04
1.808494329452514648e-03
5.915910005569458008e-03
2.410531044006347656e-03
3.842711448669433594e-03
3.905415534973144531e-03
8.419808000326156616e-05
9.477213025093078613e-04
1.860272884368896484e-02
1.190556213259696960e-05
3.075916320085525513e-04
2.607330679893493652e-03
2.727210521697998047e-04
6.030797958374023438e-03
2.043060958385467529e-04
1.937858760356903076e-03
1.335889101028442383e-04
1.236206293106079102e-02
1.062893867492675781e-02
2.438998222351074219e-02
5.293190479278564453e-04
6.448179483413696289e-04
1.559519767761230469e-02
2.014786005020141602e-03
5.145519971847534180e-04
4.882365465164184570e-04
1.858547329902648926e-03
2.292191982269287109e-02
1.200884580612182617e-03
1.140512526035308838e-03
3.800481557846069336e-03
3.792457282543182373e-04
8.747398853302001953e-03
1.983869075775146484e-02
3.551356494426727295e-04
6.566271185874938965e-04
2.580553293228149414e-03
9.586095809936523438e-03
9.583681821823120117e-05
1.421523094177246094e-02
2.180588245391845703e-02
2.900153398513793945e-03
8.506514132022857666e-05
1.298981904983520508e-02
3.258824348449707031e-03
8.005857467651367188e-03
4.643827676773071289e-03
6.189942359924316406e-04
1.219972968101501465e-03
3.456864506006240845e-04
4.770696163177490234e-03
3.061955794692039490e-05
1.679789274930953979e-04
5.903691053390502930e-03
5.819320678710937500e-03
1.999419927597045898e-02
1.574326306581497192e-04
1.624986529350280762e-03
1.424528658390045166e-03
1.143589615821838379e-04
6.647668778896331787e-04
4.030376672744750977e-03
5.533099174499511719e-04
2.139723300933837891e-02
1.498475670814514160e-03
1.018065214157104492e-02
1.920364797115325928e-03
3.366291522979736328e-03
8.331909775733947754e-04
2.147361636161804199e-03
6.516307592391967773e-03
2.871155738830566406e-03
9.123012423515319824e-04
7.906556129455566406e-04
3.776475787162780762e-04
1.297354698181152344e-02
3.230363130569458008e-03
1.198910176753997803e-04
3.294706344604492188e-03
6.798654794692993164e-04
1.601308584213256836e-03
1.300111413002014160e-03
5.543231964111328125e-03
1.106366515159606934e-03
2.404339611530303955e-04
2.955704927444458008e-03
5.982145667076110840e-04
1.795217394828796387e-03
7.364489138126373291e-04
1.582372933626174927e-04
1.455560326576232910e-03
1.756292581558227539e-02
5.914747714996337891e-03
1.612417399883270264e-04
1.500934362411499023e-03
2.701222896575927734e-03
1.387283205986022949e-03
3.852657973766326904e-04
7.325261831283569336e-04
5.369707942008972168e-04
1.020684838294982910e-03
3.470301628112792969e-03
1.067215204238891602e-02
8.461922407150268555e-04
2.623647451400756836e-04
1.775622367858886719e-03
2.096682786941528320e-03
1.840125769376754761e-04
8.530616760253906250e-03
1.065969467163085938e-03
4.470552084967494011e-06
8.147433400154113770e-04
7.393717765808105469e-03
7.256167009472846985e-05
1.983679831027984619e-04
1.905202865600585938e-03
1.358389854431152344e-03
1.038044691085815430e-03
6.118118762969970703e-03
8.776903152465820312e-03
2.081096172332763672e-03
1.121121644973754883e-02
7.408410310745239258e-04
3.307223320007324219e-03
1.871973276138305664e-03
3.918632864952087402e-05
1.685678958892822266e-03
2.402052283287048340e-03
6.347298622131347656e-04
6.133876740932464600e-05
2.996981143951416016e-03
3.488659858703613281e-04
7.996261119842529297e-04
1.952457427978515625e-02
1.165366172790527344e-02
1.029396057128906250e-02
1.083558797836303711e-02
2.614989876747131348e-03
8.394569158554077148e-04
1.705837249755859375e-02
5.749374628067016602e-03
1.346379518508911133e-03
1.426562666893005371e-03
1.518696546554565430e-03
1.079222559928894043e-02
3.495991230010986328e-03
1.528823375701904297e-02
2.458989620208740234e-03
1.149326562881469727e-03
6.186217069625854492e-05
1.305472850799560547e-02
1.483768224716186523e-03
6.960690021514892578e-03
6.466135382652282715e-04
7.812619209289550781e-03
1.961477100849151611e-04
5.105435848236083984e-03
3.818899393081665039e-03
1.761272549629211426e-03
3.274202346801757812e-03
1.102024316787719727e-02
6.911605596542358398e-04
5.768597126007080078e-03
1.057237386703491211e-03
1.545503735542297363e-03
5.402594804763793945e-03
3.234557807445526123e-04
6.738603115081787109e-04
8.834362030029296875e-03
7.360160350799560547e-03
7.209658622741699219e-03
6.267279386520385742e-04
4.484653472900390625e-04
3.744736313819885254e-04
1.353281736373901367e-02
9.492337703704833984e-04
1.074381172657012939e-03
1.390419900417327881e-03
1.403385400772094727e-02
1.989275217056274414e-03
2.799145877361297607e-04
1.536719501018524170e-04
1.268833875656127930e-03
1.655483245849609375e-02
2.216249704360961914e-03
3.687664866447448730e-03
1.867473125457763672e-02
7.589627057313919067e-05
2.122536301612854004e-03
2.563908696174621582e-03
1.016169786453247070e-02
5.345717072486877441e-04
2.666443586349487305e-03
1.600539684295654297e-02
5.110263824462890625e-03
1.628065109252929688e-02
1.404994726181030273e-02
7.002875208854675293e-04
4.834774881601333618e-05
6.001532077789306641e-03
7.706433534622192383e-04
1.458339393138885498e-04
1.920416951179504395e-03
1.704841852188110352e-03
5.863867700099945068e-04
1.735344529151916504e-03
4.782993346452713013e-05
3.588795661926269531e-03
2.853953838348388672e-02
3.315228968858718872e-05
5.473475903272628784e-05
1.830905675888061523e-04
2.810573577880859375e-02
1.227587461471557617e-03
1.158308982849121094e-02
6.097927689552307129e-04
2.641882747411727905e-05
5.667895078659057617e-03
1.046158373355865479e-03
1.301288604736328125e-03
6.011947989463806152e-04
2.035433053970336914e-02
5.642808973789215088e-04
2.915963530540466309e-03
1.036770641803741455e-03
1.987218856811523438e-03
7.731318473815917969e-03
7.824450731277465820e-04
1.319237053394317627e-03
1.052600145339965820e-02
1.759469509124755859e-03
2.379357814788818359e-02
1.061838120222091675e-04
1.636818051338195801e-04
1.137745380401611328e-02
1.176148653030395508e-03
3.014784306287765503e-05
3.968365490436553955e-04
3.678262233734130859e-03
1.097536087036132812e-02
1.695543527603149414e-03
8.621752262115478516e-03
1.672469079494476318e-04
2.694651484489440918e-04
1.302152872085571289e-03
6.590262055397033691e-04
5.043745040893554688e-04
1.570507884025573730e-04
3.682345151901245117e-03
1.076722145080566406e-02
6.468892097473144531e-04
2.066776156425476074e-03
4.614084959030151367e-03
2.182430028915405273e-02
1.649284362792968750e-02
2.924464643001556396e-04
1.425266265869140625e-02
2.499781548976898193e-04
5.052536725997924805e-03
2.292215824127197266e-02
1.421876251697540283e-03
2.840021625161170959e-05
7.889606058597564697e-05
2.205109596252441406e-02
1.820862293243408203e-02
6.573423743247985840e-04
9.298086166381835938e-03
2.690404653549194336e-04
2.084165811538696289e-03
4.264572635293006897e-05
1.265883445739746094e-03
4.912391304969787598e-04
1.097418367862701416e-03
3.045141696929931641e-03
4.777051508426666260e-04
4.005491733551025391e-03
1.914516091346740723e-03
1.151913404464721680e-02
6.452277302742004395e-04
1.624524593353271484e-03
1.494640111923217773e-02
9.627699851989746094e-03
4.071742296218872070e-05
4.030853509902954102e-03
4.826150834560394287e-04
1.233834773302078247e-04
7.460862398147583008e-04
1.463592052459716797e-03
1.720696687698364258e-03
1.515132188796997070e-02
2.133294939994812012e-03
5.124956369400024414e-04
9.957700967788696289e-04
2.000913023948669434e-03
1.510679721832275391e-03
1.059379428625106812e-04
1.753404736518859863e-03
2.190008759498596191e-03
1.296293735504150391e-02
1.406725496053695679e-04
1.830059289932250977e-02
1.001381874084472656e-02
4.124075174331665039e-03
2.024620771408081055e-03
3.026664257049560547e-03
1.210010051727294922e-02
1.867577433586120605e-03
1.417519524693489075e-05
3.474950790405273438e-04
6.016612052917480469e-03
6.152123212814331055e-03
5.120150744915008545e-04
1.179409027099609375e-02
2.861261367797851562e-03
4.565343260765075684e-04
3.597408533096313477e-03
2.381205558776855469e-03
2.199554443359375000e-02
5.931332707405090332e-04
8.223131299018859863e-04
1.168940216302871704e-04
2.919983863830566406e-02
3.090977668762207031e-03
6.375163793563842773e-04
1.488499343395233154e-03
2.010837197303771973e-03
1.377129554748535156e-02
3.070980310440063477e-03
9.337663650512695312e-04
3.372147679328918457e-03
1.815125346183776855e-03
2.846384048461914062e-02
3.408908843994140625e-03
3.003895282745361328e-03
2.175122499465942383e-03
2.728009223937988281e-02
5.790367722511291504e-04
1.009099185466766357e-03
2.606473863124847412e-04
1.660451292991638184e-03
1.197993755340576172e-03
2.250477671623229980e-03
1.146413385868072510e-03
1.635495573282241821e-05
6.120502948760986328e-04
2.941787242889404297e-02
1.734852790832519531e-02
1.890454441308975220e-04
1.066458225250244141e-02
2.687308005988597870e-05
1.409366726875305176e-03
4.771240055561065674e-04
5.834661424160003662e-04
2.978575229644775391e-02
2.084523439407348633e-04
1.157075166702270508e-03
4.117153584957122803e-04
2.735710144042968750e-02
7.027685642242431641e-04
2.137169241905212402e-03
8.656978607177734375e-03
1.769885420799255371e-03
1.227948814630508423e-04
5.696667358279228210e-05
5.223555490374565125e-05
3.158581256866455078e-02
2.719135954976081848e-05
4.318237304687500000e-03
6.308481097221374512e-04
2.797991037368774414e-04
1.729205250740051270e-03
8.067116141319274902e-05
8.074492216110229492e-04
1.731574535369873047e-03
6.321102380752563477e-03
4.216849803924560547e-03
2.076521515846252441e-03
2.957135438919067383e-04
7.717907428741455078e-04
1.486092805862426758e-04
5.466938018798828125e-04
7.858633995056152344e-03
6.918013095855712891e-04
1.749366521835327148e-03
5.066618323326110840e-04
1.062452793121337891e-04
2.814196050167083740e-04
4.222802817821502686e-04
5.804717540740966797e-03
7.751941680908203125e-03
1.550894975662231445e-02
3.377310931682586670e-04
1.719340682029724121e-03
1.932352781295776367e-03
2.365522086620330811e-04
9.717978537082672119e-05
1.821190118789672852e-03
3.478489816188812256e-04
5.088597536087036133e-03
4.345715045928955078e-03
1.046836376190185547e-03
1.429140567779541016e-02
2.068623900413513184e-03
1.640647649765014648e-03
6.115138530731201172e-04
4.257522523403167725e-04
1.002198457717895508e-02
3.309309482574462891e-03
1.008868217468261719e-03
8.608251810073852539e-04
1.026295125484466553e-03
1.964405179023742676e-03
1.511013507843017578e-02
8.234769105911254883e-03
3.630787134170532227e-03
7.783025503158569336e-04
8.337646722793579102e-04
1.063913106918334961e-02
2.812929451465606689e-04
3.128200769424438477e-03
7.393211126327514648e-04
3.963857889175415039e-04
9.054467082023620605e-04
2.238988876342773438e-02
3.588557243347167969e-03
1.228499412536621094e-02
4.796981811523437500e-04
2.213680744171142578e-02
2.400367520749568939e-05
2.273842692375183105e-03
1.553177833557128906e-03
4.554204642772674561e-04
1.938438415527343750e-02
6.763376295566558838e-04
1.022167503833770752e-03
3.941178321838378906e-03
1.097515225410461426e-03
8.007436990737915039e-04
9.251832962036132812e-04
1.686587929725646973e-04
1.533906906843185425e-04
4.688464105129241943e-04
2.557635307312011719e-03
3.321826457977294922e-03
1.007401943206787109e-02
3.246396780014038086e-03
4.967264831066131592e-04
4.653707146644592285e-04
1.387316733598709106e-04
6.358593702316284180e-03
2.737790346145629883e-04
9.226620197296142578e-03
1.383253931999206543e-02
5.213990807533264160e-04
4.962123930454254150e-04
1.191804185509681702e-04
1.425974071025848389e-03
4.216693341732025146e-04
1.859076321125030518e-03
7.896959781646728516e-03
1.783013343811035156e-03
3.430038690567016602e-03
4.111021757125854492e-03
1.326262950897216797e-02
2.036560326814651489e-04
1.334249973297119141e-03
5.755499005317687988e-04
1.191414892673492432e-03
1.575753092765808105e-03
7.320865988731384277e-04
3.631532192230224609e-03
1.914829015731811523e-03
2.308189868927001953e-04
1.738131046295166016e-03
2.618327736854553223e-03
1.357227563858032227e-03
2.342462539672851562e-03
9.726211428642272949e-04
5.826860666275024414e-03
3.224864602088928223e-03
1.127615571022033691e-03
2.131506800651550293e-03
1.502528786659240723e-03
1.025147736072540283e-03
6.602182984352111816e-04
2.548724412918090820e-03
1.395881175994873047e-03
1.171361654996871948e-04
3.156393766403198242e-03
2.901926636695861816e-04
1.012408733367919922e-02
1.738309860229492188e-03
4.172980785369873047e-03
2.874303609132766724e-04
2.552837133407592773e-03
5.145780742168426514e-04
1.686140894889831543e-03
2.096033096313476562e-02
3.822073340415954590e-04
7.785335183143615723e-04
1.641020178794860840e-03
1.963600516319274902e-04
7.719159126281738281e-03
1.255697011947631836e-02
1.075774431228637695e-02
2.233073115348815918e-03
1.145310699939727783e-03
1.947015523910522461e-03
2.594470977783203125e-03
8.811708539724349976e-06
4.195868968963623047e-04
5.813062191009521484e-03
1.577317714691162109e-02
4.646517336368560791e-04
1.458287239074707031e-03
2.254557609558105469e-02
4.714988172054290771e-04
1.741147041320800781e-02
6.226450204849243164e-04
1.199012994766235352e-02
2.704977989196777344e-03
1.545995473861694336e-03
3.061592578887939453e-03
2.493821084499359131e-04
7.049739360809326172e-05
8.972823619842529297e-03
2.290874719619750977e-03
1.204133033752441406e-02
2.141028642654418945e-03
1.199126243591308594e-02
4.758954048156738281e-03
1.126207411289215088e-03
2.303067594766616821e-05
7.301330566406250000e-03
6.447613239288330078e-03
2.017058432102203369e-04
6.211638450622558594e-03
4.478424787521362305e-03
1.692131161689758301e-03
3.571182489395141602e-03
5.556374788284301758e-03
3.493174910545349121e-03
8.142590522766113281e-03
1.142311096191406250e-02
5.369447171688079834e-04
7.156878709793090820e-04
7.518455386161804199e-04
2.846702933311462402e-03
1.285031437873840332e-03
5.156457424163818359e-03
1.955330371856689453e-02
8.679509162902832031e-03
1.936793327331542969e-03
1.846849918365478516e-03
9.137578308582305908e-05
5.471795797348022461e-03
1.302516460418701172e-02
8.205026388168334961e-04
8.549988269805908203e-03
9.315386414527893066e-04
6.209075450897216797e-03
2.912893891334533691e-03
9.395897388458251953e-03
8.856177330017089844e-03
1.456499099731445312e-03
1.596771180629730225e-04
1.584041118621826172e-02
1.098334789276123047e-02
3.614783287048339844e-03
1.225201413035392761e-05
9.939968585968017578e-03
1.545920968055725098e-03
6.343722343444824219e-03
5.410254001617431641e-03
1.101180911064147949e-03
7.929950952529907227e-04
9.042099118232727051e-04
2.204966545104980469e-02
5.196332931518554688e-04
4.074126482009887695e-04
3.804087638854980469e-03
1.319777220487594604e-04
1.402333378791809082e-03
6.703063845634460449e-04
7.143408060073852539e-03
7.629767060279846191e-04
1.261472702026367188e-03
7.067084312438964844e-03
6.157867610454559326e-04
6.552696228027343750e-03
5.262196063995361328e-03
1.950003206729888916e-04
9.283050894737243652e-04
1.184755563735961914e-02
2.767220139503479004e-04
4.769116640090942383e-03
1.571357250213623047e-03
6.034448742866516113e-04
8.888959884643554688e-03
4.636049270629882812e-03
2.066090703010559082e-03
2.446994185447692871e-04
2.519071102142333984e-03
2.359487116336822510e-04
9.084045886993408203e-04
4.502832889556884766e-04
2.179861068725585938e-03
1.333177089691162109e-03
1.073535531759262085e-04
9.053498506546020508e-04
1.599669456481933594e-03
3.568410873413085938e-03
4.540681838989257812e-04
6.828367710113525391e-03
1.687899231910705566e-03
1.684442162513732910e-03
3.447845578193664551e-03
5.525350570678710938e-03
1.117549836635589600e-03
1.498878002166748047e-02
1.214754581451416016e-02
1.330399513244628906e-02
3.339931368827819824e-03
3.304064273834228516e-03
1.333821564912796021e-04
8.968472480773925781e-03
9.323209524154663086e-04
8.606687188148498535e-04
4.900813102722167969e-03
1.301303505897521973e-03
9.343743324279785156e-03
9.459555149078369141e-04
6.334483623504638672e-03
2.671442925930023193e-04
4.101824015378952026e-05
7.852256298065185547e-03
1.392271369695663452e-04
1.404851675033569336e-03
2.662464976310729980e-04
3.201693296432495117e-03
2.036839723587036133e-04
3.138855099678039551e-04
1.210749149322509766e-02
2.581216394901275635e-04
1.606792211532592773e-03
3.362923860549926758e-03
1.522088050842285156e-02
5.677402019500732422e-03
9.598910808563232422e-03
2.032846212387084961e-03
7.802993059158325195e-04
5.990326404571533203e-03
3.763198852539062500e-03
1.137016806751489639e-05
4.827156662940979004e-04
4.690885543823242188e-03
1.212126016616821289e-02
2.490356564521789551e-04
4.623025655746459961e-03
6.505325436592102051e-04
3.357641398906707764e-04
5.286261439323425293e-04
3.404557704925537109e-03
1.477096229791641235e-04
8.846521377563476562e-04
6.612598896026611328e-03
1.278519630432128906e-03
2.340197563171386719e-02
9.065449237823486328e-03
4.487276077270507812e-03
9.156346321105957031e-03
4.827007651329040527e-04
1.851275563240051270e-03
4.140794277191162109e-03
1.051142811775207520e-03
6.797850131988525391e-03
2.378344535827636719e-02
1.889169216156005859e-03
1.144075393676757812e-02
5.660712718963623047e-03
2.406816929578781128e-04
9.030699729919433594e-04
9.738743305206298828e-03
1.239314675331115723e-03
2.095103263854980469e-04
6.390929222106933594e-03
3.641068935394287109e-03
7.647648453712463379e-04
7.177293300628662109e-03
1.134228706359863281e-02
4.082143306732177734e-03
1.340925693511962891e-02
5.871653556823730469e-04
1.783341169357299805e-03
6.274357438087463379e-04
2.969503402709960938e-04
4.417449235916137695e-04
6.938517093658447266e-03
1.412421464920043945e-03
4.919618368148803711e-04
2.409480512142181396e-04
1.307916641235351562e-02
1.820817589759826660e-03
3.048405051231384277e-03
7.489502429962158203e-03
1.131609082221984863e-03
6.136208772659301758e-03
3.473134711384773254e-05
8.571892976760864258e-04
4.606135189533233643e-04
5.273580551147460938e-03
6.848990917205810547e-03
1.683771610260009766e-03
5.678497254848480225e-04
2.034813165664672852e-03
5.651591345667839050e-05
9.393095970153808594e-04
7.098242640495300293e-04
7.289054337888956070e-06
6.981790065765380859e-04
1.850277185440063477e-04
2.385079860687255859e-03
3.218770027160644531e-03
1.182997226715087891e-02
1.127690076828002930e-02
1.725465059280395508e-03
2.871543169021606445e-03
9.356439113616943359e-03
4.544667899608612061e-04
6.847642362117767334e-05
1.540511846542358398e-03
1.917505264282226562e-02
2.343773841857910156e-03
1.910701394081115723e-03
3.337021917104721069e-05
3.767818212509155273e-03
1.898467540740966797e-03
2.863891422748565674e-04
4.725307226181030273e-04
2.018406987190246582e-03
1.578825712203979492e-02
6.888359785079956055e-04
5.651544779539108276e-05
1.943534612655639648e-02
2.878934144973754883e-03
4.057288169860839844e-03
1.307278871536254883e-03
4.765987396240234375e-04
9.087920188903808594e-03
6.050735712051391602e-03
8.363962173461914062e-03
7.418692111968994141e-04
2.193093299865722656e-03
2.171963453292846680e-03
7.242113351821899414e-04
8.995011448860168457e-04
4.813484847545623779e-04
3.063976764678955078e-03
2.557680010795593262e-03
1.627177000045776367e-03
1.468047499656677246e-03
9.927749633789062500e-03
1.087206602096557617e-02
2.946466207504272461e-03
0.000000000000000000e+00
0.000000000000000000e+00
0.000000000000000000e+00
0.000000000000000000e+00
0.000000000000000000e+00
0.000000000000000000e+00
0.000000000000000000e+00
0.000000000000000000e+00
0.000000000000000000e+00
0.000000000000000000e+00
0.000000000000000000e+00
0.000000000000000000e+00
0.000000000000000000e+00
0.000000000000000000e+00
0.000000000000000000e+00
0.000000000000000000e+00
0.000000000000000000e+00
0.000000000000000000e+00
0.000000000000000000e+00
0.000000000000000000e+00
0.000000000000000000e+00
0.000000000000000000e+00
0.000000000000000000e+00
0.000000000000000000e+00
0.000000000000000000e+00
0.000000000000000000e+00
0.000000000000000000e+00
0.000000000000000000e+00
0.000000000000000000e+00
0.000000000000000000e+00
0.000000000000000000e+00
0.000000000000000000e+00
0.000000000000000000e+00
0.000000000000000000e+00
0.000000000000000000e+00
0.000000000000000000e+00
0.000000000000000000e+00
0.000000000000000000e+00
0.000000000000000000e+00
0.000000000000000000e+00
