1.406162977218627930e-02
8.542463183403015137e-04
7.938593626022338867e-06
1.361779868602752686e-04
1.623988151550292969e-02
1.597367227077484131e-03
9.942576289176940918e-04
1.716357469558715820e-02
1.664745807647705078e-02
8.166879415512084961e-04
1.270347833633422852e-02
2.192270755767822266e-02
1.123306155204772949e-02
2.385698258876800537e-03
1.321684569120407104e-03
3.687083721160888672e-03
2.913475036621093750e-04
3.383904695510864258e-03
1.508802175521850586e-02
1.979589462280273438e-02
1.442044973373413086e-02
3.954380750656127930e-03
1.598998904228210449e-03
1.019202172756195068e-03
1.900261640548706055e-02
1.574017107486724854e-03
7.502995431423187256e-04
8.807003498077392578e-03
2.340078353881835938e-02
7.900409400463104248e-04
2.492517232894897461e-03
4.359140992164611816e-03
3.263622522354125977e-03
1.694560050964355469e-02
1.066306233406066895e-02
2.265578508377075195e-02
1.217573881149291992e-03
5.914755165576934814e-04
8.854046463966369629e-04
6.091296672821044922e-03
1.537147909402847290e-04
2.979546785354614258e-03
8.464558050036430359e-05
1.315271854400634766e-02
1.879489421844482422e-02
1.344442367553710938e-03
2.346098423004150391e-03
9.171590209007263184e-04
2.833038568496704102e-03
1.541942358016967773e-03
1.004981994628906250e-02
6.913185119628906250e-03
3.349110484123229980e-04
2.364009618759155273e-03
1.439221203327178955e-03
9.172141551971435547e-03
1.913785934448242188e-03
5.398914217948913574e-04
1.565873622894287109e-02
9.167671203613281250e-03
1.290179789066314697e-03
7.678449153900146484e-03
1.807445287704467773e-02
1.047641038894653320e-03
5.061924457550048828e-04
1.201266050338745117e-02
1.866942644119262695e-02
5.046486854553222656e-03
2.610608935356140137e-03
2.071893215179443359e-02
3.119182586669921875e-02
8.536398410797119141e-03
2.535268664360046387e-03
7.471054792404174805e-03
6.866574287414550781e-03
2.501010894775390625e-02
2.982886508107185364e-05
4.551671445369720459e-04
3.056442737579345703e-02
2.113640308380126953e-02
1.738148927688598633e-02
1.857295632362365723e-03
7.604900747537612915e-05
8.619613945484161377e-04
5.003884434700012207e-04
2.047777175903320312e-02
1.324963569641113281e-02
2.630531787872314453e-03
1.232123374938964844e-02
3.562718629837036133e-03
2.202749252319335938e-02
1.683747768402099609e-02
1.316314935684204102e-02
5.130562931299209595e-04
9.095191955566406250e-03
9.878631681203842163e-05
1.045325398445129395e-02
1.158410310745239258e-02
4.041075706481933594e-03
1.391284167766571045e-04
2.396404743194580078e-02
2.223066985607147217e-04
2.450776100158691406e-02
1.961493492126464844e-02
2.347817644476890564e-05
2.367877960205078125e-02
5.468100309371948242e-03
3.847211599349975586e-03
1.796990633010864258e-02
1.904457807540893555e-03
3.250315785408020020e-03
1.199841499328613281e-04
1.871842145919799805e-02
5.264766514301300049e-04
6.277382373809814453e-03
1.492857933044433594e-03
8.426606655120849609e-04
5.345523357391357422e-03
2.688050270080566406e-02
2.714037895202636719e-03
9.011924266815185547e-03
9.158521890640258789e-03
1.832997798919677734e-02
5.183601751923561096e-05
5.456447601318359375e-03
2.070516347885131836e-04
9.899884462356567383e-04
9.115099906921386719e-03
1.326168421655893326e-05
1.136250793933868408e-04
2.309456467628479004e-04
8.937001228332519531e-03
2.634897828102111816e-03
4.729539155960083008e-03
8.943647146224975586e-03
3.099486231803894043e-03
3.650650382041931152e-03
1.950465142726898193e-03
8.925318717956542969e-03
9.066373109817504883e-03
1.071366667747497559e-02
1.693195104598999023e-02
1.932072639465332031e-02
1.177653670310974121e-03
8.415758609771728516e-03
1.348719000816345215e-03
4.730954766273498535e-03
1.316198706626892090e-02
4.348456859588623047e-03
4.205778241157531738e-04
1.979723572731018066e-03
3.616005182266235352e-03
1.091894507408142090e-02
2.997621893882751465e-03
4.002321511507034302e-04
1.569628715515136719e-02
3.321990370750427246e-04
1.499181985855102539e-02
1.705095171928405762e-03
9.176284074783325195e-04
3.425315022468566895e-03
1.393324136734008789e-02
6.807409226894378662e-04
1.717351377010345459e-03
3.109472990036010742e-02
4.465103149414062500e-03
2.248752862215042114e-04
1.718419790267944336e-02
1.257777214050292969e-03
5.081713199615478516e-03
6.774850189685821533e-04
5.635321140289306641e-04
3.127270936965942383e-02
1.647889614105224609e-02
9.979009628295898438e-04
1.012064516544342041e-03
3.518551588058471680e-03
2.326393127441406250e-02
1.215331256389617920e-03
9.615570306777954102e-04
1.220181584358215332e-03
2.542674541473388672e-02
4.373975098133087158e-04
3.174230456352233887e-03
9.434819221496582031e-04
5.764178931713104248e-04
5.911663174629211426e-05
2.215519547462463379e-03
1.258671283721923828e-03
1.267844438552856445e-02
8.203275501728057861e-04
6.156831979751586914e-03
5.065262317657470703e-03
5.911365151405334473e-04
2.018406987190246582e-03
1.154369115829467773e-02
9.101271629333496094e-03
1.971244812011718750e-02
3.760717809200286865e-04
5.973309278488159180e-03
1.248754560947418213e-04
3.510154783725738525e-04
7.012635469436645508e-03
2.239024639129638672e-02
5.167156457901000977e-03
3.152000904083251953e-02
1.793622970581054688e-03
2.370619773864746094e-02
6.111189723014831543e-04
3.956835716962814331e-04
2.488851547241210938e-02
1.798892021179199219e-02
1.622605323791503906e-02
5.198568105697631836e-04
1.303362846374511719e-02
5.727820098400115967e-05
8.937090635299682617e-03
1.795470714569091797e-03
4.293531179428100586e-03
5.331605672836303711e-03
4.672914743423461914e-03
3.454983234405517578e-03
1.050078868865966797e-02
1.818835735321044922e-04
6.988905370235443115e-04
1.363563537597656250e-02
2.731037139892578125e-02
4.921145737171173096e-04
1.099646091461181641e-03
2.507865428924560547e-04
1.463955268263816833e-04
9.149730205535888672e-03
8.355379104614257812e-03
6.068311631679534912e-04
5.165219306945800781e-03
1.502582430839538574e-02
8.239388465881347656e-03
8.983552455902099609e-03
1.827859878540039062e-02
8.923280984163284302e-05
6.268024444580078125e-04
1.125179231166839600e-03
8.980810642242431641e-03
9.898632764816284180e-03
1.710876822471618652e-03
1.417064666748046875e-02
1.436775922775268555e-02
5.760937929153442383e-04
1.346385478973388672e-02
1.786631345748901367e-02
2.787649631500244141e-03
9.575188159942626953e-04
3.518974781036376953e-02
6.886869668960571289e-04
4.143819212913513184e-03
2.689909934997558594e-02
8.320927619934082031e-03
3.424501419067382812e-02
8.578956127166748047e-03
3.394439816474914551e-03
1.799855381250381470e-04
1.787674427032470703e-02
5.903810262680053711e-03
1.328873634338378906e-02
2.854990959167480469e-02
1.275426149368286133e-02
1.202598214149475098e-04
1.598320901393890381e-03
4.781961441040039062e-03
4.819929599761962891e-03
4.438012838363647461e-04
1.835155487060546875e-02
9.505599737167358398e-03
1.345571875572204590e-02
1.158294081687927246e-02
6.006956100463867188e-03
4.981085658073425293e-04
2.503082156181335449e-03
1.654922962188720703e-02
9.266734123229980469e-03
6.073772907257080078e-03
1.086002588272094727e-02
1.278929412364959717e-03
6.871044635772705078e-03
1.503151655197143555e-02
1.644927263259887695e-02
7.747471332550048828e-03
8.779764175415039062e-04
1.803576946258544922e-02
4.553973674774169922e-03
1.656286418437957764e-03
1.895642280578613281e-02
2.727031707763671875e-02
7.839798927307128906e-03
1.453496515750885010e-03
4.479482769966125488e-03
1.023653149604797363e-02
1.312914490699768066e-02
2.548754215240478516e-02
2.005230635404586792e-04
1.282912492752075195e-02
7.906705141067504883e-04
2.304726839065551758e-02
6.611675024032592773e-03
3.112053871154785156e-02
4.013687372207641602e-03
1.452159881591796875e-02
1.817494630813598633e-03
3.343354910612106323e-04
1.396077871322631836e-02
1.771897077560424805e-04
2.040141820907592773e-02
8.691161870956420898e-03
2.679663896560668945e-02
7.915571331977844238e-04
3.881379961967468262e-03
4.994243383407592773e-03
2.466112375259399414e-03
2.245172858238220215e-03
5.206584930419921875e-03
1.531997323036193848e-02
1.711285114288330078e-02
3.286421298980712891e-03
7.736980915069580078e-04
1.121617853641510010e-03
4.769951105117797852e-03
2.563111484050750732e-04
6.245046854019165039e-03
2.853527665138244629e-03
2.027466893196105957e-03
2.397567033767700195e-03
1.501277089118957520e-03
9.233534336090087891e-03
1.073980331420898438e-02
4.482042789459228516e-02
4.936248064041137695e-03
1.949202269315719604e-04
1.886188983917236328e-02
2.120769023895263672e-02
1.491808891296386719e-02
1.791584491729736328e-02
5.226075649261474609e-03
6.978809833526611328e-04
1.257467269897460938e-02
4.217326641082763672e-04
1.351542770862579346e-03
1.493674516677856445e-02
3.020063042640686035e-03
2.117931842803955078e-02
1.323366165161132812e-02
1.585651189088821411e-04
9.273797273635864258e-03
8.812621235847473145e-04
1.755744218826293945e-03
6.177783012390136719e-03
5.003958940505981445e-03
1.784616708755493164e-02
1.869040727615356445e-02
1.279652118682861328e-03
5.693346261978149414e-03
3.328323364257812500e-04
2.686196565628051758e-02
2.377706766128540039e-02
1.071697473526000977e-02
1.521921157836914062e-02
4.544928669929504395e-03
1.823949813842773438e-02
9.944498538970947266e-03
3.105640411376953125e-02
1.904085278511047363e-03
1.554596424102783203e-02
1.022666692733764648e-02
2.175465226173400879e-03
1.601827144622802734e-02
8.459016680717468262e-05
2.106720209121704102e-02
1.716035604476928711e-02
2.032870054244995117e-02
2.032262086868286133e-02
5.707778036594390869e-04
1.254819333553314209e-03
2.136826515197753906e-02
1.317068934440612793e-03
5.815103650093078613e-04
8.140712976455688477e-03
1.870018243789672852e-02
4.269443452358245850e-04
3.156363964080810547e-02
6.637066602706909180e-03
1.915097236633300781e-02
2.590435743331909180e-02
1.187568902969360352e-02
1.561224460601806641e-03
2.478504180908203125e-02
2.056300640106201172e-03
2.384626865386962891e-02
2.236008644104003906e-03
2.111470699310302734e-02
3.490900993347167969e-02
3.540813922882080078e-03
6.567612290382385254e-04
6.242096424102783203e-04
7.122457027435302734e-03
1.514685153961181641e-02
2.422428131103515625e-02
8.610412478446960449e-04
2.023987472057342529e-04
3.436440601944923401e-05
2.282615751028060913e-04
8.039921522140502930e-04
1.245200634002685547e-02
3.258001804351806641e-02
2.727228403091430664e-02
1.082442700862884521e-03
1.782529056072235107e-03
2.685558795928955078e-02
7.740080356597900391e-03
2.138274908065795898e-02
3.016483969986438751e-05
2.073615789413452148e-02
2.171033620834350586e-02
1.064013689756393433e-03
1.931762695312500000e-02
5.302250385284423828e-03
2.122428268194198608e-04
3.146054223179817200e-05
3.113001585006713867e-03
2.043592929840087891e-02
1.728421449661254883e-02
8.931636810302734375e-03
1.466804742813110352e-02
3.468424081802368164e-03
4.944056272506713867e-04
3.021758794784545898e-02
3.316783905029296875e-02
8.736550807952880859e-03
8.038729429244995117e-04
1.330599188804626465e-03
1.574808359146118164e-02
3.520369529724121094e-03
1.805436611175537109e-02
1.341231167316436768e-03
3.133602440357208252e-04
9.748637676239013672e-04
3.286898136138916016e-04
2.648013830184936523e-02
5.903244018554687500e-04
1.461666822433471680e-02
1.841950416564941406e-02
1.774132251739501953e-03
4.482455551624298096e-04
1.033358275890350342e-03
2.297703176736831665e-04
1.724004745483398438e-03
1.876723766326904297e-02
7.030457258224487305e-03
1.849395036697387695e-02
2.406990528106689453e-02
4.249185323715209961e-03
5.360171198844909668e-04
4.969537258148193359e-03
1.822471618652343750e-02
1.223856210708618164e-02
1.747298240661621094e-02
1.057901978492736816e-02
1.749083399772644043e-03
2.136600017547607422e-02
1.982253789901733398e-02
2.248644828796386719e-02
2.589263021945953369e-04
4.615113139152526855e-04
2.117919921875000000e-02
2.548471093177795410e-03
2.944087982177734375e-02
2.282077074050903320e-02
4.207640886306762695e-03
1.555550098419189453e-02
1.457875967025756836e-02
1.709885895252227783e-03
6.194785237312316895e-04
1.913271844387054443e-04
2.371358871459960938e-02
2.866268157958984375e-02
3.603339195251464844e-03
1.452016830444335938e-02
2.425283193588256836e-03
6.663426756858825684e-04
9.055793285369873047e-03
3.625148534774780273e-02
3.223177045583724976e-04
2.496498823165893555e-02
1.443952322006225586e-03
4.019103944301605225e-04
1.369631290435791016e-02
1.231414079666137695e-02
2.264510840177536011e-04
2.407357096672058105e-04
2.267944812774658203e-02
2.975511550903320312e-02
6.842538714408874512e-04
1.645880937576293945e-02
8.360773324966430664e-03
1.938045024871826172e-03
3.623351454734802246e-03
2.209573984146118164e-03
2.276921272277832031e-02
3.042674064636230469e-02
1.581895351409912109e-02
1.398450136184692383e-02
2.874016761779785156e-03
9.256839752197265625e-03
2.620553970336914062e-02
2.966314554214477539e-03
2.932429313659667969e-03
1.689541339874267578e-02
1.154905557632446289e-02
3.791534900665283203e-02
2.752467989921569824e-03
3.359949588775634766e-02
5.301922559738159180e-03
2.887248992919921875e-03
1.228868961334228516e-02
1.081538200378417969e-02
1.238214969635009766e-02
3.131592273712158203e-02
2.471888065338134766e-02
9.020715951919555664e-03
4.889309406280517578e-03
1.592472195625305176e-03
5.940832197666168213e-04
5.981773138046264648e-04
1.370602846145629883e-02
2.617728710174560547e-02
1.390206813812255859e-02
4.627667367458343506e-04
2.564013004302978516e-03
2.205230295658111572e-03
8.352637290954589844e-03
6.845384836196899414e-03
1.138618588447570801e-02
1.703277230262756348e-04
2.719163894653320312e-03
2.267062664031982422e-04
3.829196095466613770e-03
6.594751030206680298e-04
2.461910247802734375e-03
2.728015184402465820e-02
2.359426021575927734e-02
1.565136015415191650e-03
1.652067899703979492e-02
2.130997180938720703e-02
2.402573823928833008e-02
3.493368625640869141e-03
1.410275697708129883e-02
3.764517605304718018e-04
9.148836135864257812e-03
1.151251792907714844e-02
8.184984326362609863e-04
2.261221408843994141e-02
6.729185581207275391e-03
9.664986282587051392e-05
1.201725006103515625e-02
2.283638715744018555e-02
1.248955726623535156e-03
2.036607265472412109e-02
2.347543835639953613e-03
1.616585254669189453e-02
1.225700974464416504e-02
2.192389965057373047e-02
1.175808906555175781e-02
3.812685608863830566e-03
1.856946945190429688e-02
1.296073198318481445e-02
1.047849655151367188e-04
1.944315433502197266e-02
7.222026586532592773e-03
1.092565059661865234e-02
1.430451869964599609e-03
1.018932461738586426e-02
5.347281694412231445e-04
4.605352878570556641e-03
1.613512635231018066e-03
1.531019806861877441e-03
5.696624517440795898e-03
1.158207654953002930e-03
3.534602001309394836e-05
1.075512170791625977e-02
2.675259113311767578e-02
9.043902158737182617e-03
9.838957339525222778e-05
2.789449691772460938e-02
1.108875870704650879e-02
1.753079891204833984e-02
9.153276681900024414e-03
4.070494323968887329e-04
4.167824983596801758e-03
1.440572738647460938e-02
6.982475519180297852e-03
2.554297447204589844e-02
5.566924810409545898e-03
2.092212438583374023e-03
1.818742603063583374e-04
4.419505596160888672e-03
1.374846696853637695e-02
7.839873433113098145e-05
5.606979131698608398e-03
2.459343522787094116e-04
1.242059469223022461e-02
2.749875187873840332e-03
1.254297792911529541e-03
1.087325811386108398e-02
2.387419342994689941e-03
9.330332279205322266e-03
2.312175929546356201e-03
1.313570141792297363e-02
4.598438739776611328e-03
6.831847131252288818e-04
5.687810480594635010e-04
1.565515995025634766e-04
2.341321669518947601e-05
9.875744581222534180e-04
6.306946277618408203e-03
3.431458026170730591e-05
1.399159431457519531e-02
1.121038198471069336e-02
1.373654603958129883e-02
2.114617824554443359e-02
9.170234203338623047e-03
2.009142190217971802e-04
7.603287696838378906e-03
1.222133636474609375e-03
9.965330362319946289e-03
5.315504968166351318e-04
3.839924931526184082e-03
2.201721072196960449e-03
3.457531332969665527e-03
9.477317333221435547e-03
1.735717058181762695e-03
4.018917679786682129e-03
3.805477172136306763e-04
2.393567562103271484e-02
9.013991802930831909e-05
1.480078697204589844e-02
1.992303878068923950e-04
2.678230404853820801e-03
1.859718561172485352e-02
7.763206958770751953e-04
1.035630702972412109e-04
1.414306461811065674e-04
3.007972240447998047e-02
1.562345027923583984e-02
9.561479091644287109e-04
4.593938589096069336e-03
1.168590784072875977e-02
7.434040307998657227e-04
2.568326890468597412e-04
4.313617944717407227e-03
1.019406318664550781e-02
5.235001444816589355e-04
2.900987863540649414e-03
1.646435260772705078e-02
4.645138978958129883e-03
2.204644680023193359e-02
2.888768911361694336e-03
3.228437900543212891e-02
9.926080703735351562e-03
1.646175980567932129e-03
7.369816303253173828e-03
3.495305776596069336e-03
1.159109175205230713e-03
5.436316132545471191e-03
6.823800504207611084e-05
2.881491184234619141e-02
2.597540616989135742e-03
1.099996268749237061e-03
2.953052520751953125e-03
2.837777137756347656e-03
2.342566847801208496e-03
1.225654035806655884e-03
3.565371036529541016e-03
2.672344446182250977e-03
1.247018575668334961e-02
3.145903348922729492e-03
9.727299213409423828e-03
2.832263708114624023e-03
5.054175853729248047e-04
1.451780553907155991e-05
1.641958951950073242e-03
4.544369876384735107e-04
9.674370288848876953e-03
3.132957220077514648e-02
1.644551753997802734e-03
1.832187175750732422e-03
7.517337799072265625e-04
1.691654324531555176e-03
8.258432149887084961e-03
7.265657186508178711e-04
2.153688669204711914e-02
4.166439175605773926e-04
7.399637252092361450e-05
5.028322339057922363e-04
7.482245564460754395e-04
4.922628402709960938e-03
1.165127754211425781e-02
3.207206726074218750e-02
2.078540623188018799e-03
1.051476597785949707e-02
6.637275218963623047e-03
3.710582852363586426e-03
3.827258944511413574e-03
1.775962114334106445e-02
1.009777188301086426e-02
4.588425159454345703e-03
3.032367676496505737e-04
3.267914056777954102e-03
2.550828456878662109e-02
5.151778459548950195e-03
9.731531143188476562e-03
1.143181324005126953e-02
2.289772033691406250e-03
1.943849027156829834e-03
4.318237304687500000e-03
7.706508040428161621e-04
3.446087241172790527e-03
1.263612508773803711e-02
2.733953297138214111e-04
1.016225665807723999e-03
3.346070647239685059e-03
1.318439841270446777e-03
1.791670918464660645e-03
1.336199045181274414e-02
1.319125294685363770e-03
1.907333731651306152e-03
6.356477737426757812e-03
8.510798215866088867e-03
1.148562878370285034e-04
2.716630697250366211e-04
1.535132527351379395e-03
3.527384251356124878e-04
1.820355653762817383e-03
1.186725497245788574e-02
2.983003854751586914e-02
5.626797676086425781e-03
5.359807983040809631e-05
9.098164737224578857e-04
8.606314659118652344e-04
4.448801279067993164e-03
4.605911672115325928e-04
1.367319375276565552e-03
1.970387995243072510e-03
1.183282583951950073e-03
4.847049713134765625e-03
8.506849408149719238e-04
1.501226425170898438e-02
1.630711555480957031e-02
7.848829030990600586e-03
3.310851752758026123e-04
2.318307757377624512e-03
1.558072865009307861e-03
4.879236221313476562e-04
2.833828330039978027e-04
1.909500360488891602e-02
2.190992236137390137e-03
1.937252283096313477e-02
7.214993238449096680e-04
4.285424947738647461e-03
1.568144559860229492e-02
4.189498722553253174e-04
9.488880634307861328e-03
8.525885641574859619e-05
2.288043498992919922e-02
8.908987045288085938e-03
2.020519971847534180e-02
3.491640090942382812e-03
1.126021146774291992e-02
2.141946554183959961e-02
1.503252983093261719e-02
1.844912767410278320e-03
1.836550235748291016e-02
6.217099726200103760e-04
2.532708644866943359e-02
2.163082361221313477e-03
1.761198043823242188e-02
2.217292785644531250e-03
2.508144825696945190e-04
8.143305778503417969e-03
4.969269037246704102e-03
1.036018133163452148e-03
2.115249633789062500e-03
1.012313365936279297e-02
1.356428861618041992e-02
3.717571496963500977e-03
1.698434352874755859e-03
1.901552081108093262e-03
8.356630802154541016e-03
1.441955566406250000e-02
1.710265874862670898e-02
1.384788751602172852e-02
1.878237724304199219e-02
5.096197128295898438e-05
2.014952898025512695e-02
2.072252333164215088e-03
3.076744079589843750e-02
9.567365050315856934e-04
2.586805820465087891e-02
3.061339259147644043e-03
2.071350812911987305e-02
2.194434404373168945e-02
6.461799144744873047e-03
2.140879631042480469e-03
3.264341503381729126e-04
5.959898233413696289e-03
8.425742387771606445e-03
9.167104959487915039e-03
2.031898498535156250e-02
3.139388561248779297e-02
8.275300264358520508e-03
5.201920866966247559e-04
1.183666288852691650e-03
3.589969128370285034e-04
3.622733056545257568e-04
1.299285888671875000e-02
4.916548728942871094e-03
1.550137996673583984e-03
6.594836711883544922e-03
4.448175430297851562e-03
1.450902223587036133e-02
1.106768846511840820e-03
9.322240948677062988e-04
7.686987519264221191e-04
2.469199895858764648e-02
6.401492282748222351e-05
4.566639661788940430e-03
2.050471305847167969e-02
1.380270719528198242e-02
9.659975767135620117e-04
5.303829908370971680e-03
3.893766552209854126e-05
3.988631069660186768e-04
2.471143007278442383e-02
2.211332321166992188e-03
4.346042871475219727e-03
1.268409192562103271e-03
2.340495586395263672e-03
6.183147430419921875e-03
2.550244331359863281e-02
2.627933025360107422e-02
3.405421972274780273e-03
9.434580802917480469e-03
1.405239105224609375e-02
3.274425864219665527e-03
3.301441669464111328e-03
1.308932900428771973e-03
3.475517034530639648e-03
6.340354681015014648e-03
3.582984209060668945e-04
6.142631173133850098e-04
1.762682199478149414e-02
6.616353988647460938e-03
3.005236387252807617e-03
2.723939716815948486e-03
8.845236152410507202e-05
8.596122264862060547e-03
5.854710936546325684e-03
1.677614450454711914e-02
3.857135772705078125e-03
8.426606655120849609e-04
4.717111587524414062e-03
1.195043325424194336e-03
3.800541162490844727e-02
3.873091191053390503e-04
1.961991190910339355e-03
1.511693000793457031e-03
9.529411792755126953e-03
3.512911498546600342e-04
8.639931678771972656e-03
2.620863914489746094e-02
1.300776004791259766e-02
4.455953836441040039e-03
1.201853156089782715e-03
1.805517822504043579e-04
8.616477251052856445e-03
9.748637676239013672e-04
2.617883682250976562e-02
1.636490225791931152e-03
2.262234687805175781e-02
1.328855752944946289e-02
2.809194847941398621e-05
8.510857820510864258e-03
5.634725093841552734e-04
1.177048683166503906e-02
3.539733588695526123e-04
9.004436433315277100e-04
1.690752804279327393e-03
2.103996276855468750e-02
5.700051784515380859e-03
7.145732641220092773e-03
6.357952952384948730e-04
9.233176708221435547e-03
2.645123004913330078e-02
3.032314777374267578e-02
1.841032505035400391e-02
1.269556581974029541e-03
2.671325206756591797e-02
5.636140704154968262e-03
8.397027850151062012e-04
4.057884216308593750e-03
2.165526151657104492e-02
4.780143499374389648e-03
4.382699728012084961e-03
9.327232837677001953e-03
9.556710720062255859e-03
2.634480595588684082e-03
1.118582487106323242e-02
3.038597106933593750e-02
8.891299366950988770e-04
4.810839891433715820e-03
5.175709724426269531e-03
5.474127829074859619e-04
2.315476536750793457e-03
1.195566728711128235e-04
2.751857042312622070e-03
2.580428123474121094e-02
4.929974675178527832e-04
1.553910970687866211e-02
2.196550369262695312e-02
4.922047257423400879e-03
2.883374691009521484e-03
3.726348280906677246e-03
2.696178853511810303e-04
1.747924834489822388e-04
9.231358766555786133e-03
1.673720777034759521e-03
2.554841339588165283e-04
1.500800251960754395e-03
2.179676294326782227e-02
3.318056464195251465e-03
2.962211146950721741e-05
9.178817272186279297e-03
8.605808019638061523e-03
1.841956377029418945e-02
1.151067018508911133e-02
3.958240151405334473e-03
4.388615489006042480e-04
1.807942986488342285e-03
3.258734941482543945e-04
7.031932473182678223e-04
8.586525917053222656e-03
1.927122473716735840e-03
2.470239996910095215e-03
1.190043985843658447e-03
1.603662967681884766e-03
1.371753215789794922e-02
8.955150842666625977e-03
1.721304655075073242e-02
1.967507600784301758e-02
1.513503491878509521e-03
3.412500023841857910e-03
1.063126325607299805e-02
3.919810056686401367e-03
5.278289318084716797e-04
2.039617300033569336e-02
2.289369702339172363e-03
9.032012894749641418e-05
1.378452777862548828e-02
6.209701299667358398e-03
4.874408245086669922e-03
2.089947462081909180e-03
1.274876296520233154e-03
1.499700546264648438e-02
4.609555006027221680e-03
1.229125261306762695e-02
1.642271876335144043e-03
3.679588437080383301e-03
2.894643694162368774e-04
4.453137516975402832e-03
4.645297303795814514e-05
1.113057136535644531e-03
1.036429405212402344e-02
2.865213900804519653e-05
1.093363389372825623e-04
1.695036888122558594e-02
1.390993595123291016e-03
2.294987440109252930e-03
4.015527665615081787e-04
2.108722925186157227e-02
1.132667064666748047e-03
3.406181931495666504e-04
4.784017801284790039e-03
2.708867192268371582e-03
5.064934492111206055e-03
9.981006383895874023e-03
2.337139844894409180e-02
4.337742924690246582e-03
4.241317510604858398e-04
1.879539340734481812e-04
2.433523535728454590e-03
1.208639144897460938e-02
1.453220844268798828e-02
1.338565349578857422e-02
3.354474902153015137e-04
7.323265075683593750e-03
8.208490908145904541e-04
2.132982015609741211e-03
2.018146216869354248e-03
7.791280746459960938e-03
8.491039276123046875e-03
1.538580656051635742e-02
3.073137998580932617e-02
4.480987787246704102e-03
1.488070935010910034e-03
1.848936080932617188e-03
4.090592265129089355e-04
5.058676004409790039e-03
1.485061645507812500e-02
9.864717721939086914e-03
1.804083585739135742e-03
2.052795886993408203e-02
7.312417030334472656e-03
1.233577728271484375e-03
9.014189243316650391e-03
7.560491561889648438e-03
3.023501485586166382e-04
4.558973014354705811e-04
5.375593900680541992e-03
2.239257097244262695e-03
2.288371324539184570e-04
1.446697860956192017e-04
1.395887136459350586e-02
6.714731454849243164e-03
8.282899856567382812e-03
1.900130510330200195e-02
2.316927909851074219e-02
4.902593791484832764e-04
5.014240741729736328e-03
4.963040351867675781e-03
2.802354097366333008e-02
2.426767349243164062e-02
4.811435937881469727e-03
1.642003655433654785e-03
3.455922007560729980e-03
2.172905206680297852e-02
1.053787767887115479e-03
1.241371035575866699e-03
1.337277889251708984e-02
3.149390220642089844e-02
1.398347318172454834e-03
7.111996412277221680e-03
1.042193174362182617e-02
3.518257290124893188e-05
1.781076192855834961e-03
1.351110637187957764e-03
9.845755994319915771e-04
8.610606193542480469e-03
9.838998317718505859e-03
5.145408213138580322e-04
6.912946701049804688e-03
1.630313694477081299e-03
5.505830049514770508e-03
9.059309959411621094e-04
1.727826893329620361e-03
7.302686572074890137e-04
6.497621536254882812e-03
1.795422285795211792e-04
5.235493183135986328e-03
1.293843984603881836e-02
8.539184927940368652e-04
7.602237164974212646e-04
1.495927572250366211e-03
3.513276576995849609e-03
4.118770360946655273e-03
2.245359122753143311e-03
8.270859718322753906e-03
7.076829671859741211e-03
5.783922970294952393e-04
2.980809658765792847e-04
3.091134130954742432e-04
1.073992252349853516e-02
6.013661623001098633e-04
1.656059175729751587e-04
1.100984215736389160e-02
1.529663801193237305e-03
8.292049169540405273e-04
5.980879068374633789e-03
1.830202341079711914e-02
1.195883750915527344e-02
2.702772617340087891e-03
3.702580928802490234e-03
3.052670508623123169e-04
3.337532281875610352e-03
6.230294704437255859e-03
5.335241556167602539e-03
2.766847610473632812e-04
3.472678363323211670e-04
2.206778526306152344e-02
1.050449907779693604e-03
5.093105137348175049e-04
4.025638103485107422e-03
9.255036711692810059e-04
1.905411481857299805e-04
7.684677839279174805e-04
1.040697097778320312e-02
4.399061203002929688e-03
4.550248384475708008e-03
1.895867288112640381e-03
1.162700355052947998e-03
5.776107311248779297e-03
4.299171268939971924e-04
2.914853394031524658e-05
3.452748060226440430e-04
2.116203308105468750e-03
3.647059202194213867e-04
8.454918861389160156e-04
3.227964043617248535e-03
7.062684744596481323e-05
8.016452193260192871e-04
1.273661851882934570e-03
1.412034034729003906e-03
4.003167152404785156e-03
3.377765417098999023e-03
3.443831205368041992e-02
2.404734492301940918e-03
3.494501113891601562e-03
1.981444656848907471e-04
1.131650060415267944e-04
2.180635929107666016e-02
1.652002334594726562e-03
7.788650691509246826e-05
1.318410038948059082e-03
8.466482162475585938e-03
1.832410693168640137e-03
1.301720738410949707e-03
5.173563957214355469e-03
9.796500205993652344e-03
1.521998643875122070e-02
7.546603679656982422e-03
2.104133367538452148e-03
2.630986273288726807e-05
6.802737712860107422e-03
1.067206263542175293e-03
2.447277307510375977e-03
6.628111004829406738e-04
1.479811966419219971e-03
4.049345850944519043e-03
1.036580651998519897e-04
8.544176816940307617e-04
5.714863538742065430e-03
7.787644863128662109e-04
5.396455526351928711e-04
2.589017152786254883e-03
1.733109354972839355e-03
2.463236451148986816e-04
4.345387220382690430e-03
2.865061163902282715e-03
6.005540490150451660e-05
1.469500362873077393e-03
1.869797706604003906e-03
6.183460354804992676e-04
1.941853761672973633e-02
3.761872649192810059e-04
2.044767141342163086e-03
1.923367381095886230e-03
4.064887762069702148e-03
1.067176461219787598e-03
1.220986247062683105e-03
3.009736537933349609e-03
1.260131597518920898e-03
3.164820373058319092e-04
5.110614001750946045e-04
5.400404334068298340e-04
2.824515104293823242e-03
3.307193517684936523e-03
3.732144832611083984e-04
1.303246244788169861e-04
4.591673612594604492e-03
4.120916128158569336e-03
2.963349223136901855e-03
5.944013595581054688e-03
1.409143209457397461e-03
1.217108219861984253e-04
1.270070672035217285e-03
1.197736710309982300e-04
5.010366439819335938e-04
1.556903123855590820e-03
5.410432815551757812e-03
2.581886947154998779e-04
1.147782802581787109e-02
2.989470958709716797e-04
9.002089500427246094e-04
1.248970627784729004e-03
4.087202250957489014e-04
1.044106483459472656e-02
4.478767514228820801e-04
1.617413759231567383e-02
1.523804664611816406e-02
1.276606321334838867e-02
1.424085348844528198e-04
3.214538097381591797e-03
1.118555665016174316e-03
4.526466131210327148e-03
2.766437828540802002e-04
2.525448799133300781e-03
2.220258116722106934e-03
4.076912999153137207e-03
6.151124835014343262e-04
5.135461688041687012e-04
3.629937767982482910e-03
2.324986457824707031e-02
8.979141712188720703e-04
1.685178279876708984e-02
1.686698198318481445e-02
8.565068244934082031e-03
2.183899283409118652e-03
3.517180681228637695e-03
1.130327582359313965e-03
1.613110303878784180e-03
3.301203250885009766e-04
2.370066940784454346e-04
1.473156735301017761e-04
2.271197736263275146e-04
5.980357527732849121e-04
1.664541661739349365e-03
1.631098985671997070e-02
1.858603954315185547e-02
1.194491982460021973e-03
2.001768350601196289e-02
4.565678536891937256e-04
4.189908504486083984e-03
1.414671540260314941e-03
2.819621562957763672e-02
2.519696950912475586e-03
4.420980811119079590e-03
1.200288534164428711e-02
1.237356662750244141e-02
3.939449787139892578e-03
1.814469695091247559e-03
6.754770874977111816e-04
3.778457641601562500e-03
3.327168524265289307e-04
2.796202898025512695e-03
1.339063048362731934e-03
8.888766169548034668e-04
2.321805804967880249e-04
9.925886988639831543e-04
7.613301277160644531e-04
4.686079919338226318e-04
3.133695572614669800e-04
1.084971427917480469e-02
8.592009544372558594e-04
7.118396461009979248e-04
4.363916814327239990e-04
2.346020191907882690e-04
1.125775277614593506e-03
3.042677417397499084e-05
2.218860387802124023e-02
1.026257872581481934e-03
9.246915578842163086e-04
4.048794507980346680e-04
8.844956755638122559e-04
1.794171333312988281e-02
1.180857419967651367e-03
7.972449064254760742e-03
6.444789469242095947e-04
5.185663700103759766e-03
1.403003931045532227e-02
1.979812979698181152e-03
1.386635005474090576e-03
1.963153481483459473e-04
3.574006259441375732e-04
3.815628588199615479e-05
2.632856369018554688e-03
2.275973558425903320e-03
1.240968704223632812e-03
1.131184399127960205e-05
9.420365095138549805e-03
5.194038152694702148e-03
5.372613668441772461e-03
7.628276944160461426e-05
1.036465167999267578e-03
1.291781663894653320e-03
9.042441844940185547e-03
1.116253435611724854e-03
7.918570190668106079e-05
8.886046707630157471e-04
2.649202942848205566e-03
7.562525570392608643e-05
4.108071327209472656e-03
1.403129100799560547e-02
6.609633564949035645e-04
3.148280084133148193e-04
3.644591197371482849e-05
1.358129084110260010e-04
1.286584138870239258e-02
5.405128002166748047e-03
1.862448453903198242e-02
3.492370247840881348e-03
4.275038838386535645e-03
3.398448228836059570e-03
6.286531686782836914e-03
8.153617382049560547e-04
3.032013773918151855e-04
1.502439379692077637e-03
1.116657257080078125e-02
1.663577556610107422e-02
4.540234804153442383e-03
3.005266189575195312e-03
5.455225706100463867e-03
5.529254674911499023e-03
2.831488847732543945e-03
4.194751381874084473e-04
2.462565898895263672e-04
6.621554493904113770e-04
1.608300209045410156e-02
2.000391483306884766e-03
1.725181937217712402e-03
3.610160201787948608e-04
1.587527990341186523e-02
4.559420049190521240e-04
1.663938164710998535e-03
1.382336020469665527e-03
6.568074226379394531e-03
1.094397157430648804e-04
5.424879491329193115e-04
3.024756908416748047e-03
2.925083041191101074e-03
8.605513721704483032e-05
2.526491880416870117e-03
9.945705533027648926e-04
1.701879501342773438e-02
1.381057500839233398e-02
1.090459525585174561e-03
3.725830465555191040e-04
7.863789796829223633e-04
1.837241649627685547e-02
4.147827625274658203e-03
1.716214418411254883e-02
2.135264873504638672e-02
1.989066600799560547e-02
5.381815135478973389e-04
1.595374196767807007e-04
1.329517364501953125e-02
4.353094846010208130e-05
5.071908235549926758e-03
1.751685142517089844e-02
3.452040255069732666e-04
2.453364431858062744e-04
6.376430392265319824e-04
2.582043409347534180e-03
1.716122031211853027e-03
6.752386689186096191e-04
5.068928003311157227e-03
1.555144786834716797e-03
4.246950149536132812e-03
2.381309866905212402e-03
4.056394100189208984e-04
1.349315047264099121e-03
6.449874490499496460e-05
6.120726466178894043e-04
5.242750048637390137e-04
1.873552799224853516e-02
1.006878912448883057e-03
9.288415312767028809e-04
1.024097204208374023e-03
4.188790917396545410e-04
7.813796401023864746e-04
1.422658562660217285e-03
7.837802171707153320e-03
2.726063132286071777e-03
2.871066331863403320e-03
3.884100914001464844e-02
1.815319061279296875e-03
1.084864139556884766e-03
1.143056154251098633e-02
1.355938613414764404e-03
3.760755062103271484e-03
9.278208017349243164e-04
3.916174173355102539e-03
6.269514560699462891e-03
1.925826072692871094e-02
1.583267003297805786e-04
2.557575702667236328e-03
5.195289850234985352e-04
3.856331110000610352e-03
1.081041991710662842e-03
6.567060947418212891e-03
2.378329634666442871e-03
3.570392727851867676e-04
2.547111362218856812e-04
8.341789245605468750e-03
1.673936843872070312e-03
1.161932945251464844e-03
9.852051734924316406e-03
9.533092379570007324e-04
1.021698117256164551e-03
4.952669143676757812e-03
2.304941415786743164e-03
8.230358362197875977e-04
1.807212829589843750e-02
3.703422844409942627e-04
1.555323600769042969e-03
2.889797091484069824e-03
2.407073974609375000e-03
3.189966082572937012e-03
9.707659482955932617e-04
2.161496877670288086e-02
8.579790592193603516e-03
5.107164382934570312e-03
1.031942665576934814e-04
0.000000000000000000e+00
0.000000000000000000e+00
0.000000000000000000e+00
0.000000000000000000e+00
0.000000000000000000e+00
0.000000000000000000e+00
0.000000000000000000e+00
0.000000000000000000e+00
0.000000000000000000e+00
0.000000000000000000e+00
0.000000000000000000e+00
0.000000000000000000e+00
0.000000000000000000e+00
0.000000000000000000e+00
0.000000000000000000e+00
0.000000000000000000e+00
0.000000000000000000e+00
0.000000000000000000e+00
0.000000000000000000e+00
0.000000000000000000e+00
0.000000000000000000e+00
0.000000000000000000e+00
0.000000000000000000e+00
0.000000000000000000e+00
0.000000000000000000e+00
0.000000000000000000e+00
0.000000000000000000e+00
0.000000000000000000e+00
0.000000000000000000e+00
0.000000000000000000e+00
0.000000000000000000e+00
0.000000000000000000e+00
0.000000000000000000e+00
0.000000000000000000e+00
0.000000000000000000e+00
0.000000000000000000e+00
0.000000000000000000e+00
0.000000000000000000e+00
0.000000000000000000e+00
0.000000000000000000e+00
