3.508836030960083008e-03
5.261003971099853516e-03
2.920448780059814453e-03
1.955699920654296875e-02
1.074874401092529297e-02
1.991033554077148438e-02
1.029974222183227539e-02
1.089435815811157227e-02
2.124691009521484375e-02
4.716217517852783203e-03
2.500519156455993652e-03
1.418566703796386719e-02
5.839705467224121094e-03
5.196541547775268555e-03
1.305747032165527344e-02
1.129055023193359375e-02
1.315140724182128906e-02
5.983054637908935547e-03
3.524869680404663086e-03
1.760977506637573242e-02
3.408104181289672852e-03
1.393163204193115234e-02
1.234126091003417969e-02
2.284407615661621094e-02
3.418833017349243164e-03
1.052200794219970703e-02
3.961443901062011719e-03
2.264037728309631348e-03
1.373124122619628906e-02
6.630420684814453125e-03
8.260935544967651367e-03
1.526975631713867188e-02
7.312297821044921875e-03
4.790961742401123047e-03
1.174950599670410156e-02
1.519799232482910156e-02
2.454459667205810547e-03
3.320127725601196289e-03
1.786923408508300781e-02
1.798546314239501953e-02
8.539021015167236328e-03
3.949940204620361328e-03
9.659677743911743164e-04
1.787984371185302734e-02
1.170480251312255859e-02
9.815573692321777344e-03
1.962447166442871094e-02
1.804262399673461914e-02
1.566016674041748047e-02
2.253687381744384766e-02
8.373141288757324219e-03
2.014771103858947754e-03
1.784408092498779297e-02
2.698850631713867188e-02
7.410645484924316406e-03
5.677938461303710938e-03
1.074582338333129883e-02
2.575623989105224609e-02
1.295256614685058594e-02
1.018023490905761719e-02
1.768290996551513672e-02
4.640519618988037109e-03
1.002609729766845703e-02
1.319259405136108398e-02
4.216432571411132812e-03
1.037764549255371094e-02
8.336365222930908203e-03
7.962763309478759766e-03
7.218211889266967773e-03
1.155984401702880859e-02
1.051580905914306641e-02
1.263800263404846191e-02
5.047649145126342773e-03
9.770512580871582031e-03
1.471930742263793945e-02
6.739974021911621094e-03
1.695495843887329102e-02
1.716947555541992188e-02
5.674004554748535156e-03
1.100552082061767578e-02
1.387792825698852539e-02
7.518768310546875000e-03
8.019149303436279297e-03
1.309275627136230469e-02
1.784205436706542969e-02
2.342119812965393066e-03
7.496356964111328125e-03
1.603019237518310547e-02
4.805356264114379883e-03
5.658507347106933594e-03
2.832055091857910156e-03
1.257294416427612305e-02
1.899451017379760742e-02
4.066020250320434570e-03
1.231706142425537109e-02
5.489051342010498047e-03
2.249330282211303711e-03
1.502507925033569336e-02
9.165048599243164062e-03
3.257319331169128418e-03
2.887010574340820312e-03
1.666414737701416016e-02
1.365590095520019531e-02
2.256464958190917969e-02
1.141440868377685547e-02
1.349055767059326172e-02
2.141290903091430664e-02
2.613246440887451172e-02
1.496541500091552734e-02
2.352851629257202148e-02
7.534712553024291992e-03
2.046728134155273438e-02
1.326286792755126953e-02
7.169842720031738281e-03
1.635122299194335938e-02
6.472527980804443359e-03
2.534151077270507812e-03
7.970213890075683594e-03
1.493856310844421387e-03
1.754307746887207031e-02
8.000224828720092773e-03
5.368828773498535156e-03
6.557524204254150391e-03
2.113890647888183594e-02
1.029962301254272461e-02
4.878729581832885742e-03
2.018725872039794922e-02
2.372354269027709961e-03
2.716600894927978516e-03
1.221901178359985352e-02
2.601116895675659180e-03
9.807348251342773438e-03
1.433002948760986328e-02
1.932665705680847168e-03
2.091205120086669922e-02
1.812493801116943359e-02
1.677155494689941406e-02
5.384713411331176758e-03
9.600341320037841797e-03
9.146928787231445312e-03
1.257073879241943359e-02
2.193903923034667969e-02
8.229851722717285156e-03
7.291615009307861328e-03
5.541920661926269531e-03
1.715767383575439453e-02
1.104080677032470703e-02
1.752614974975585938e-02
1.292192935943603516e-02
1.362699270248413086e-02
5.065053701400756836e-03
1.190230250358581543e-03
1.329258084297180176e-03
9.070158004760742188e-03
8.451968431472778320e-03
1.787644624710083008e-02
1.582384109497070312e-02
4.466682672500610352e-03
1.378186047077178955e-03
1.020228862762451172e-02
8.917450904846191406e-03
1.490020751953125000e-02
9.478390216827392578e-03
4.925668239593505859e-03
2.290689945220947266e-02
2.287483215332031250e-02
1.134252548217773438e-02
5.044132471084594727e-03
1.156401634216308594e-02
4.850625991821289062e-03
9.541988372802734375e-03
5.582213401794433594e-03
1.734793186187744141e-02
1.349914073944091797e-02
1.146703958511352539e-02
6.581783294677734375e-03
1.801854372024536133e-02
1.829993724822998047e-02
7.223814725875854492e-03
1.397228240966796875e-02
9.756982326507568359e-03
1.025295257568359375e-02
7.161378860473632812e-03
2.492249011993408203e-03
2.494394779205322266e-03
1.809787750244140625e-02
1.646208763122558594e-02
5.859792232513427734e-03
1.827991008758544922e-02
2.341043949127197266e-02
1.400041580200195312e-02
1.677787303924560547e-02
1.358646154403686523e-02
1.150989532470703125e-02
1.412737369537353516e-02
1.400130987167358398e-02
3.140896558761596680e-03
2.039527893066406250e-02
2.022132277488708496e-03
1.941204071044921875e-03
5.375564098358154297e-03
7.736086845397949219e-03
7.465362548828125000e-03
1.511502265930175781e-02
2.649533748626708984e-02
7.151722908020019531e-03
1.053881645202636719e-02
8.244276046752929688e-03
1.926302909851074219e-02
3.310871124267578125e-02
6.475627422332763672e-03
1.200515031814575195e-02
1.614034175872802734e-02
3.023356199264526367e-03
7.501006126403808594e-03
1.466000080108642578e-02
1.392871141433715820e-02
5.862504243850708008e-03
2.139770984649658203e-02
1.986014842987060547e-02
1.478666067123413086e-02
1.659488677978515625e-02
5.226016044616699219e-03
3.571391105651855469e-03
1.555311679840087891e-02
1.178532838821411133e-02
1.503920555114746094e-02
7.144749164581298828e-03
5.956590175628662109e-03
1.476585865020751953e-02
1.626586914062500000e-02
9.957194328308105469e-03
5.380898714065551758e-03
5.066514015197753906e-03
6.644189357757568359e-03
9.683966636657714844e-03
1.232868432998657227e-02
5.914747714996337891e-03
1.828432083129882812e-02
6.812512874603271484e-03
9.455859661102294922e-03
2.050042152404785156e-02
1.022905111312866211e-02
6.751716136932373047e-04
1.981377601623535156e-02
1.898258924484252930e-02
7.003188133239746094e-03
5.302965641021728516e-03
9.593486785888671875e-03
8.962392807006835938e-03
8.145719766616821289e-03
4.405021667480468750e-03
1.130253076553344727e-02
8.247256278991699219e-03
1.904213428497314453e-02
1.212334632873535156e-02
0.000000000000000000e+00
0.000000000000000000e+00
0.000000000000000000e+00
0.000000000000000000e+00
0.000000000000000000e+00
0.000000000000000000e+00
0.000000000000000000e+00
0.000000000000000000e+00
0.000000000000000000e+00
0.000000000000000000e+00
0.000000000000000000e+00
0.000000000000000000e+00
0.000000000000000000e+00
0.000000000000000000e+00
0.000000000000000000e+00
0.000000000000000000e+00
0.000000000000000000e+00
0.000000000000000000e+00
0.000000000000000000e+00
0.000000000000000000e+00
