1.275295019149780273e-02
1.707434654235839844e-02
1.209908723831176758e-02
2.516949176788330078e-02
1.393973827362060547e-02
3.079354763031005859e-02
2.035677433013916016e-02
1.732707023620605469e-02
2.594101428985595703e-02
7.526099681854248047e-03
4.666328430175781250e-03
2.182030677795410156e-02
1.759326457977294922e-02
1.393109560012817383e-02
1.937341690063476562e-02
1.751494407653808594e-02
2.543425559997558594e-02
3.188908100128173828e-02
1.855278015136718750e-02
1.944702863693237305e-02
1.638400554656982422e-02
1.789116859436035156e-02
2.054262161254882812e-02
2.879953384399414062e-02
1.168775558471679688e-02
1.610136032104492188e-02
9.671270847320556641e-03
2.245187759399414062e-02
2.297997474670410156e-02
1.557081937789916992e-02
4.279315471649169922e-02
2.105331420898437500e-02
1.413124799728393555e-02
6.480395793914794922e-03
1.675236225128173828e-02
2.170574665069580078e-02
6.963193416595458984e-03
5.407661199569702148e-03
3.010821342468261719e-02
3.015673160552978516e-02
1.675140857696533203e-02
1.498293876647949219e-02
4.869729280471801758e-03
2.418351173400878906e-02
1.669406890869140625e-02
1.890635490417480469e-02
1.810306310653686523e-02
1.833152770996093750e-02
2.485489845275878906e-02
4.361569881439208984e-02
1.638048887252807617e-02
1.564449071884155273e-02
2.451515197753906250e-02
3.125691413879394531e-02
1.185336709022521973e-02
7.448911666870117188e-03
2.361917495727539062e-02
1.586222648620605469e-02
1.528126001358032227e-02
1.476132869720458984e-02
1.401185989379882812e-02
1.859629154205322266e-02
1.112300157546997070e-02
2.216887474060058594e-02
1.126772165298461914e-02
1.868224143981933594e-02
1.230579614639282227e-02
1.624327898025512695e-02
1.970028877258300781e-02
1.726436614990234375e-02
2.139747142791748047e-02
2.214622497558593750e-02
1.493895053863525391e-02
1.900219917297363281e-02
1.847755908966064453e-02
2.017766237258911133e-02
1.091247797012329102e-02
1.630616188049316406e-02
1.795011758804321289e-02
1.367932558059692383e-02
2.499938011169433594e-02
1.200222969055175781e-02
1.800572872161865234e-02
2.015697956085205078e-02
1.413857936859130859e-02
1.947653293609619141e-02
1.916193962097167969e-02
1.666831970214843750e-02
1.287782192230224609e-02
1.733410358428955078e-02
2.632156014442443848e-03
1.263546943664550781e-02
2.709507942199707031e-02
6.977021694183349609e-03
2.130115032196044922e-02
9.844124317169189453e-03
5.933851003646850586e-03
2.127122879028320312e-02
2.218496799468994141e-02
1.829868555068969727e-02
5.850434303283691406e-03
1.982152462005615234e-02
1.715004444122314453e-02
3.020095825195312500e-02
1.232814788818359375e-02
2.020490169525146484e-02
2.392399311065673828e-02
2.188873291015625000e-02
2.626609802246093750e-02
2.939462661743164062e-02
1.836127042770385742e-02
1.984047889709472656e-02
2.133750915527343750e-02
1.594722270965576172e-02
1.632201671600341797e-02
3.581869602203369141e-02
1.899725198745727539e-02
1.038837432861328125e-02
2.495837211608886719e-02
1.831400394439697266e-02
2.044630050659179688e-02
1.266872882843017578e-02
1.512825489044189453e-02
2.228212356567382812e-02
1.920425891876220703e-02
9.279727935791015625e-03
2.474975585937500000e-02
1.471513509750366211e-02
1.041251420974731445e-02
1.706147193908691406e-02
8.297383785247802734e-03
1.169484853744506836e-02
2.626156806945800781e-02
1.244342327117919922e-02
2.097237110137939453e-02
3.100836277008056641e-02
1.717519760131835938e-02
1.329857110977172852e-02
1.012194156646728516e-02
6.091415882110595703e-03
2.138924598693847656e-02
2.425956726074218750e-02
1.733970642089843750e-02
1.098471879959106445e-02
1.545524597167968750e-02
8.596420288085937500e-03
1.758712530136108398e-02
2.293694019317626953e-02
2.117764949798583984e-02
2.587723731994628906e-02
1.245194673538208008e-02
9.359717369079589844e-03
7.487714290618896484e-03
9.403824806213378906e-03
2.313315868377685547e-02
1.449841260910034180e-02
1.859080791473388672e-02
1.360130310058593750e-02
1.635801792144775391e-02
2.089285850524902344e-02
7.936894893646240234e-03
2.053987979888916016e-02
2.285599708557128906e-02
6.509125232696533203e-03
2.303886413574218750e-02
1.909536123275756836e-02
1.933968067169189453e-02
8.653581142425537109e-03
1.169413328170776367e-02
8.451700210571289062e-03
1.518118381500244141e-02
1.875668764114379883e-02
3.204643726348876953e-02
1.588404178619384766e-02
1.366543769836425781e-02
3.284853696823120117e-02
2.357006072998046875e-02
1.903760433197021484e-02
2.310669422149658203e-02
1.331704854965209961e-02
6.830751895904541016e-03
1.797169446945190430e-02
9.387850761413574219e-03
4.735261201858520508e-03
1.248753070831298828e-02
2.182912826538085938e-02
2.123141288757324219e-02
9.756207466125488281e-03
2.383625507354736328e-02
3.495693206787109375e-02
2.088105678558349609e-02
1.965427398681640625e-02
2.603459358215332031e-02
1.997041702270507812e-02
2.055191993713378906e-02
1.732724905014038086e-02
1.633977890014648438e-02
2.423858642578125000e-02
7.819175720214843750e-03
1.220744848251342773e-02
1.964205503463745117e-02
8.100807666778564453e-03
9.586155414581298828e-03
2.153515815734863281e-02
4.598534107208251953e-02
1.734244823455810547e-02
1.499938964843750000e-02
2.248668670654296875e-02
2.215266227722167969e-02
3.283286094665527344e-02
1.964861154556274414e-02
4.645609855651855469e-02
1.992678642272949219e-02
6.733357906341552734e-03
8.656531572341918945e-03
1.704084873199462891e-02
2.211737632751464844e-02
1.703667640686035156e-02
2.825307846069335938e-02
2.049207687377929688e-02
3.017115592956542969e-02
1.544737815856933594e-02
1.696479320526123047e-02
1.473504304885864258e-02
1.897144317626953125e-02
1.068532466888427734e-02
1.162981986999511719e-02
1.023942232131958008e-02
6.879448890686035156e-03
1.152271032333374023e-02
2.445054054260253906e-02
1.877427101135253906e-02
2.108752727508544922e-02
8.329510688781738281e-03
1.484978199005126953e-02
2.224564552307128906e-02
2.442252635955810547e-02
1.457661390304565430e-02
2.211844921112060547e-02
7.829964160919189453e-03
1.213645935058593750e-02
1.889419555664062500e-02
2.441537380218505859e-02
4.468679428100585938e-03
1.845300197601318359e-02
2.472150325775146484e-02
1.874625682830810547e-02
1.236993074417114258e-02
2.105069160461425781e-02
1.065969467163085938e-02
1.422500610351562500e-02
1.049149036407470703e-02
1.539301872253417969e-02
1.691448688507080078e-02
1.944386959075927734e-02
1.998245716094970703e-02
0.000000000000000000e+00
0.000000000000000000e+00
0.000000000000000000e+00
0.000000000000000000e+00
0.000000000000000000e+00
0.000000000000000000e+00
0.000000000000000000e+00
0.000000000000000000e+00
0.000000000000000000e+00
0.000000000000000000e+00
0.000000000000000000e+00
0.000000000000000000e+00
0.000000000000000000e+00
0.000000000000000000e+00
0.000000000000000000e+00
0.000000000000000000e+00
0.000000000000000000e+00
0.000000000000000000e+00
0.000000000000000000e+00
0.000000000000000000e+00
