1.730108261108398438e-02
1.550596952438354492e-02
2.031970024108886719e-02
2.754008769989013672e-02
1.988077163696289062e-02
3.413569927215576172e-02
2.820575237274169922e-02
1.934206485748291016e-02
3.306293487548828125e-02
1.623350381851196289e-02
1.485013961791992188e-02
2.593886852264404297e-02
2.345335483551025391e-02
2.459615468978881836e-02
2.609741687774658203e-02
2.906858921051025391e-02
2.478706836700439453e-02
2.154237031936645508e-02
4.931658506393432617e-03
2.485263347625732422e-02
1.885873079299926758e-02
2.235090732574462891e-02
3.363204002380371094e-02
4.188394546508789062e-02
1.027143001556396484e-02
2.759110927581787109e-02
1.268321275711059570e-02
1.412647962570190430e-02
3.314006328582763672e-02
2.225625514984130859e-02
4.436397552490234375e-02
2.940070629119873047e-02
1.298230886459350586e-02
1.104247570037841797e-02
3.594154119491577148e-02
3.309297561645507812e-02
8.816659450531005859e-03
8.316636085510253906e-03
3.930926322937011719e-02
4.585742950439453125e-02
1.883399486541748047e-02
1.158690452575683594e-02
7.215857505798339844e-03
3.104448318481445312e-02
2.358520030975341797e-02
2.750229835510253906e-02
2.904450893402099609e-02
2.498865127563476562e-02
3.379094600677490234e-02
3.873294591903686523e-02
1.357495784759521484e-02
6.521433591842651367e-03
3.166854381561279297e-02
4.095518589019775391e-02
1.587969064712524414e-02
8.392214775085449219e-03
3.170633316040039062e-02
2.033418416976928711e-02
2.424514293670654297e-02
1.821243762969970703e-02
3.637051582336425781e-02
2.483582496643066406e-02
1.466190814971923828e-02
3.841543197631835938e-02
2.420949935913085938e-02
2.802252769470214844e-02
2.669227123260498047e-02
3.372418880462646484e-02
2.161705493927001953e-02
2.032417058944702148e-02
2.516722679138183594e-02
3.748100996017456055e-02
2.741444110870361328e-02
3.185176849365234375e-02
2.951347827911376953e-02
2.413004636764526367e-02
2.955746650695800781e-02
2.899742126464843750e-02
4.227364063262939453e-02
2.655839920043945312e-02
8.510440587997436523e-03
2.180695533752441406e-02
1.649063825607299805e-02
2.353382110595703125e-02
3.484511375427246094e-02
3.219145536422729492e-02
1.914072036743164062e-02
2.971148490905761719e-02
1.274424791336059570e-02
2.278292179107666016e-02
1.251161098480224609e-02
2.376079559326171875e-02
4.374170303344726562e-02
1.204979419708251953e-02
3.750991821289062500e-02
1.509582996368408203e-02
9.045124053955078125e-03
3.985899686813354492e-02
2.500694990158081055e-02
2.385133504867553711e-02
9.871900081634521484e-03
3.429985046386718750e-02
3.013586997985839844e-02
2.828133106231689453e-02
2.106249332427978516e-02
4.416465759277343750e-02
4.078316688537597656e-02
2.275407314300537109e-02
3.217887878417968750e-02
4.798376560211181641e-02
4.464411735534667969e-02
3.890192508697509766e-02
4.079198837280273438e-02
2.172809839248657227e-02
2.693271636962890625e-02
3.517687320709228516e-02
3.785783052444458008e-02
1.880979537963867188e-02
1.289927959442138672e-02
2.960205078125000000e-02
2.336686849594116211e-02
2.261936664581298828e-02
1.581412553787231445e-02
3.442203998565673828e-02
1.912879943847656250e-02
1.193845272064208984e-02
3.860867023468017578e-02
1.179009675979614258e-02
1.399785280227661133e-02
2.386242151260375977e-02
1.121950149536132812e-02
2.331626415252685547e-02
3.952801227569580078e-02
4.979193210601806641e-03
3.441298007965087891e-02
3.737187385559082031e-02
3.631830215454101562e-02
2.619206905364990234e-02
4.332828521728515625e-02
1.326382160186767578e-02
2.650189399719238281e-02
5.498290061950683594e-02
2.740895748138427734e-02
2.221226692199707031e-02
1.462054252624511719e-02
2.401965856552124023e-02
3.686672449111938477e-02
2.948021888732910156e-02
2.529013156890869141e-02
2.500396966934204102e-02
2.052533626556396484e-02
3.097802400588989258e-03
1.347309350967407227e-02
1.364767551422119141e-02
2.367055416107177734e-02
2.336817979812622070e-02
3.213846683502197266e-02
7.058680057525634766e-03
1.969981193542480469e-02
2.614355087280273438e-02
1.156687736511230469e-02
2.685463428497314453e-02
3.450912237167358398e-02
2.123630046844482422e-02
2.874827384948730469e-02
3.677010536193847656e-02
3.307294845581054688e-02
1.010090112686157227e-02
1.781058311462402344e-02
1.717925071716308594e-02
2.276790142059326172e-02
1.480615139007568359e-02
5.053472518920898438e-02
2.730584144592285156e-02
2.066308259963989258e-02
6.006348133087158203e-02
4.153895378112792969e-02
2.363300323486328125e-02
2.532136440277099609e-02
2.444022893905639648e-02
1.979815959930419922e-02
1.741695404052734375e-02
1.891887187957763672e-02
1.708859205245971680e-02
2.073109149932861328e-02
3.434252738952636719e-02
4.413545131683349609e-02
2.316582202911376953e-02
4.572045803070068359e-02
3.484308719635009766e-02
1.712548732757568359e-02
3.032994270324707031e-02
3.448390960693359375e-02
1.354134082794189453e-02
4.308784008026123047e-02
3.603100776672363281e-02
2.184760570526123047e-02
3.792846202850341797e-02
8.199691772460937500e-03
7.622659206390380859e-03
6.414234638214111328e-03
1.000452041625976562e-02
2.457344532012939453e-02
3.904509544372558594e-02
6.439721584320068359e-02
2.859890460968017578e-02
1.707804203033447266e-02
4.871428012847900391e-02
3.186297416687011719e-02
4.876887798309326172e-02
2.813428640365600586e-02
1.556262373924255371e-02
3.112697601318359375e-02
9.544581174850463867e-03
3.696691989898681641e-02
2.623569965362548828e-02
3.020596504211425781e-02
2.446383237838745117e-02
4.263806343078613281e-02
4.062378406524658203e-02
2.543663978576660156e-02
2.913808822631835938e-02
3.868889808654785156e-02
1.647913455963134766e-02
2.157068252563476562e-02
2.400529384613037109e-02
2.552330493927001953e-02
2.625823020935058594e-02
8.370339870452880859e-03
2.732014656066894531e-02
3.165519237518310547e-02
2.937543392181396484e-02
5.185794830322265625e-02
8.773446083068847656e-03
1.622879505157470703e-02
4.256749153137207031e-02
3.501707315444946289e-02
2.926254272460937500e-02
2.914762496948242188e-02
2.092051506042480469e-02
2.560150623321533203e-02
3.020954132080078125e-02
3.600096702575683594e-02
8.696496486663818359e-03
3.522276878356933594e-02
3.962528705596923828e-02
2.860915660858154297e-02
1.781576871871948242e-02
4.087901115417480469e-02
1.405644416809082031e-02
1.643544435501098633e-02
1.440709829330444336e-02
2.112245559692382812e-02
3.207683563232421875e-02
3.953671455383300781e-02
3.371679782867431641e-02
0.000000000000000000e+00
0.000000000000000000e+00
0.000000000000000000e+00
0.000000000000000000e+00
0.000000000000000000e+00
0.000000000000000000e+00
0.000000000000000000e+00
0.000000000000000000e+00
0.000000000000000000e+00
0.000000000000000000e+00
0.000000000000000000e+00
0.000000000000000000e+00
0.000000000000000000e+00
0.000000000000000000e+00
0.000000000000000000e+00
0.000000000000000000e+00
0.000000000000000000e+00
0.000000000000000000e+00
0.000000000000000000e+00
0.000000000000000000e+00
