2.587698400020599365e-04
3.265976905822753906e-03
1.852643489837646484e-02
3.359140828251838684e-05
1.759398728609085083e-04
4.663690924644470215e-05
6.709814071655273438e-03
2.639181911945343018e-04
1.066765189170837402e-02
8.399963378906250000e-03
7.120281457901000977e-03
4.023388028144836426e-04
8.334875106811523438e-03
1.444809138774871826e-03
1.284468173980712891e-02
1.201081275939941406e-02
2.335473895072937012e-03
8.486270904541015625e-03
1.645350456237792969e-02
1.069402694702148438e-02
3.516254946589469910e-05
8.121281862258911133e-04
3.956854343414306641e-04
4.901885986328125000e-03
3.997325897216796875e-03
1.514717936515808105e-03
6.066650152206420898e-03
6.447046995162963867e-03
1.938372850418090820e-03
1.058036088943481445e-02
7.412195205688476562e-03
3.428399562835693359e-03
4.340454936027526855e-03
7.333308458328247070e-04
1.221072673797607422e-02
2.368837594985961914e-03
8.894782513380050659e-05
1.889571547508239746e-03
9.388774633407592773e-04
1.379050314426422119e-03
8.368492126464843750e-04
5.822479724884033203e-03
2.442672848701477051e-04
9.934484958648681641e-03
1.334860920906066895e-03
1.508086919784545898e-02
1.997034996747970581e-04
5.771815776824951172e-04
1.980888843536376953e-02
7.481798529624938965e-04
1.539468765258789062e-02
9.041875600814819336e-04
2.157725393772125244e-04
1.087260246276855469e-02
1.015603542327880859e-03
9.848892688751220703e-03
1.239459961652755737e-04
4.212737083435058594e-03
1.431071758270263672e-02
2.755832672119140625e-02
1.156449317932128906e-03
2.050018310546875000e-02
6.829530000686645508e-03
2.955600619316101074e-03
6.297565996646881104e-04
2.281391620635986328e-02
1.476436853408813477e-03
1.115173101425170898e-03
1.295340061187744141e-02
1.156464219093322754e-03
4.851043224334716797e-03
9.072244167327880859e-03
1.333391666412353516e-02
1.028817892074584961e-02
6.438463926315307617e-03
3.648936748504638672e-03
1.870542764663696289e-03
1.433449983596801758e-02
4.923701286315917969e-03
6.894588470458984375e-03
6.065279245376586914e-03
4.242509603500366211e-03
1.368683576583862305e-02
6.129369139671325684e-04
7.983669638633728027e-04
1.445770263671875000e-03
2.617046236991882324e-03
7.124990224838256836e-03
1.618657261133193970e-04
2.775311470031738281e-03
4.652962088584899902e-04
4.347681999206542969e-03
2.119168639183044434e-03
2.132669091224670410e-03
3.733664751052856445e-03
1.391792297363281250e-02
7.237136363983154297e-03
1.208859682083129883e-02
1.619771122932434082e-03
7.909953594207763672e-03
2.780675888061523438e-02
8.494913578033447266e-03
1.432186365127563477e-02
1.634871959686279297e-02
1.586668193340301514e-03
1.617372035980224609e-02
7.047541439533233643e-04
1.187369227409362793e-03
2.042293548583984375e-02
1.002289354801177979e-04
7.694140076637268066e-04
1.173061132431030273e-02
6.938219070434570312e-03
9.092092514038085938e-04
1.962757110595703125e-02
1.096224784851074219e-02
1.394182443618774414e-02
1.324743032455444336e-02
1.567959785461425781e-02
5.968689918518066406e-03
3.629148006439208984e-03
9.855329990386962891e-04
1.237988471984863281e-02
9.459108114242553711e-04
3.976933658123016357e-04
5.806982517242431641e-03
1.599788665771484375e-04
3.056660294532775879e-03
6.571590900421142578e-03
1.963570713996887207e-03
1.526397466659545898e-02
9.868014603853225708e-05
3.860238939523696899e-05
1.117929816246032715e-03
2.457395195960998535e-03
5.295544862747192383e-03
1.538312435150146484e-02
5.971789360046386719e-03
3.554970026016235352e-03
1.180577278137207031e-02
6.889700889587402344e-03
8.203312754631042480e-04
7.082432508468627930e-03
1.618629693984985352e-02
5.851477384567260742e-03
1.415437459945678711e-02
2.243256568908691406e-02
1.594647765159606934e-03
1.726001501083374023e-04
9.201705455780029297e-03
2.959370613098144531e-03
1.302540302276611328e-02
3.249384462833404541e-04
9.499311447143554688e-03
8.004128932952880859e-03
2.320155501365661621e-03
1.084066927433013916e-03
2.088153362274169922e-02
1.683098077774047852e-02
1.044440269470214844e-02
1.722514629364013672e-02
1.631182432174682617e-02
1.769286394119262695e-02
1.705390214920043945e-02
1.080200076103210449e-03
3.460375592112541199e-05
1.328242942690849304e-04
1.916944980621337891e-03
1.151394844055175781e-02
1.335993409156799316e-03
1.461714506149291992e-03
1.337468624114990234e-02
1.677107065916061401e-04
8.995056152343750000e-03
5.030632019042968750e-03
1.413273811340332031e-02
1.502227783203125000e-02
1.220190525054931641e-02
5.442172288894653320e-03
2.348387241363525391e-02
1.436674594879150391e-02
1.934659481048583984e-02
1.096320152282714844e-02
2.861928939819335938e-02
3.453999757766723633e-03
6.575956940650939941e-04
2.489417791366577148e-03
3.284215927124023438e-04
1.649069786071777344e-02
1.609563827514648438e-02
1.003289222717285156e-02
1.089471578598022461e-02
4.970967769622802734e-03
1.225733757019042969e-02
1.226246356964111328e-02
6.321936845779418945e-03
1.275396347045898438e-02
5.761981010437011719e-04
4.001051187515258789e-03
1.325227320194244385e-03
1.203685998916625977e-03
1.669347286224365234e-02
7.604658603668212891e-04
2.399906516075134277e-04
1.272541284561157227e-02
1.620739698410034180e-03
8.584633469581604004e-04
2.732113003730773926e-03
2.096343040466308594e-02
1.382887363433837891e-03
1.390743255615234375e-02
4.731535911560058594e-03
4.639148712158203125e-03
8.800849318504333496e-04
2.754732966423034668e-03
8.494615554809570312e-03
1.663017272949218750e-02
3.338575363159179688e-03
7.818520069122314453e-03
9.180679917335510254e-04
2.692922949790954590e-03
2.522170543670654297e-03
6.699115037918090820e-04
1.420271396636962891e-02
2.436548471450805664e-03
3.560334444046020508e-03
1.638239622116088867e-02
1.028224825859069824e-03
1.450115442276000977e-02
1.759111881256103516e-03
5.300752818584442139e-04
4.557609558105468750e-03
1.617258787155151367e-02
5.403384566307067871e-04
1.582108438014984131e-03
6.623238325119018555e-03
1.101320981979370117e-02
1.406127214431762695e-02
2.864807844161987305e-03
5.964413285255432129e-04
2.068811655044555664e-02
2.320480346679687500e-02
1.455354690551757812e-02
1.700061559677124023e-02
1.993834972381591797e-02
3.768771886825561523e-03
3.847405314445495605e-04
1.855891942977905273e-02
1.875579357147216797e-03
1.899933815002441406e-02
1.374399662017822266e-02
8.254647254943847656e-04
8.750975131988525391e-03
8.115231990814208984e-03
1.877474784851074219e-02
8.610397577285766602e-03
2.353601157665252686e-04
3.352463245391845703e-03
4.497095942497253418e-04
2.510130405426025391e-03
2.932235598564147949e-03
5.611538887023925781e-03
1.095458865165710449e-03
1.974391937255859375e-02
6.330251693725585938e-03
8.795320987701416016e-03
1.187562942504882812e-02
3.811508417129516602e-03
4.628971219062805176e-04
5.137249827384948730e-04
2.584576606750488281e-03
1.358933746814727783e-03
6.445825099945068359e-03
2.064872533082962036e-04
5.363583564758300781e-03
1.323050260543823242e-02
1.512926816940307617e-02
6.637215614318847656e-03
9.388327598571777344e-03
8.657604455947875977e-03
8.963644504547119141e-04
2.517700195312500000e-03
1.950562000274658203e-03
1.099608838558197021e-03
1.458334922790527344e-02
1.523452997207641602e-02
1.665234565734863281e-02
4.201143980026245117e-03
1.732194423675537109e-02
5.732715129852294922e-03
1.077604293823242188e-02
3.102004528045654297e-03
1.548528671264648438e-03
2.852343022823333740e-04
2.202317118644714355e-03
1.411867141723632812e-02
1.237921416759490967e-03
1.815199851989746094e-02
4.626482725143432617e-03
8.103027939796447754e-04
7.776945829391479492e-03
9.160399436950683594e-03
1.753032207489013672e-03
2.565652132034301758e-03
5.769878625869750977e-04
6.290614604949951172e-03
1.864278316497802734e-02
1.370996236801147461e-03
6.989613175392150879e-04
9.831607341766357422e-03
1.415163278579711914e-03
6.602108478546142578e-04
8.978426456451416016e-03
5.165394395589828491e-05
4.704669117927551270e-04
5.801737308502197266e-03
7.700640708208084106e-05
2.692759037017822266e-03
1.467511057853698730e-03
4.578083753585815430e-03
5.662620067596435547e-03
1.396220922470092773e-02
8.038967847824096680e-03
2.437174320220947266e-03
7.651925086975097656e-03
1.739300787448883057e-03
6.498605012893676758e-03
1.187790185213088989e-04
8.279919624328613281e-03
8.112862706184387207e-04
5.964100360870361328e-03
1.052081584930419922e-03
7.037937641143798828e-03
1.079857349395751953e-03
2.053886651992797852e-03
1.142807304859161377e-04
3.475904464721679688e-03
7.551014423370361328e-04
9.532738476991653442e-05
7.594823837280273438e-04
1.604622602462768555e-02
1.100283861160278320e-02
1.348799467086791992e-02
1.366811990737915039e-02
2.671107649803161621e-04
1.199048757553100586e-02
1.462221145629882812e-02
6.982311606407165527e-04
1.566603779792785645e-03
3.243461251258850098e-04
4.086762666702270508e-03
1.620829105377197266e-02
2.086848020553588867e-03
1.501888036727905273e-04
1.155167818069458008e-02
2.210295200347900391e-02
7.744520902633666992e-03
1.489520072937011719e-03
1.979422569274902344e-02
1.676046848297119141e-02
1.108598709106445312e-02
1.118314266204833984e-02
9.545683860778808594e-03
5.737021565437316895e-04
2.822130918502807617e-03
4.841536283493041992e-04
1.447141170501708984e-02
5.882501602172851562e-03
1.716479659080505371e-03
1.064372062683105469e-02
6.633996963500976562e-04
6.498277187347412109e-03
7.584214210510253906e-03
2.516493201255798340e-03
9.619891643524169922e-04
1.516379415988922119e-04
5.297958850860595703e-03
6.614029407501220703e-03
9.691834449768066406e-03
6.747543811798095703e-03
2.286106348037719727e-03
7.835626602172851562e-03
4.489049315452575684e-04
2.923123538494110107e-04
5.450695753097534180e-04
8.557796478271484375e-03
1.150304079055786133e-02
8.652359247207641602e-04
1.589351892471313477e-02
5.056932568550109863e-04
1.179921627044677734e-02
2.242195606231689453e-02
1.060515642166137695e-03
1.298588514328002930e-02
6.953567266464233398e-03
2.802029252052307129e-03
1.831613481044769287e-04
1.937508583068847656e-03
3.159463405609130859e-03
2.859354019165039062e-03
2.124857902526855469e-02
5.763649940490722656e-03
1.220069825649261475e-04
8.519366383552551270e-04
1.731708645820617676e-03
3.921627998352050781e-03
5.375355482101440430e-03
1.799613237380981445e-04
1.768559217453002930e-03
1.275166869163513184e-03
1.378297805786132812e-03
5.191326141357421875e-03
5.521774291992187500e-04
1.033172011375427246e-04
5.257129669189453125e-03
5.323849618434906006e-04
1.370680332183837891e-02
1.777791976928710938e-02
8.044689893722534180e-04
3.107696771621704102e-03
1.891613006591796875e-03
3.083080053329467773e-03
5.676597356796264648e-04
8.488237857818603516e-03
8.390396833419799805e-04
1.626275479793548584e-04
9.597837924957275391e-03
1.247107982635498047e-02
7.803916931152343750e-03
1.480072736740112305e-03
1.169818639755249023e-02
5.255341529846191406e-03
2.590179443359375000e-03
1.368328928947448730e-03
1.347637176513671875e-02
3.224134445190429688e-03
4.115626215934753418e-04
2.684623003005981445e-03
4.611790180206298828e-03
6.145030260086059570e-03
7.949024438858032227e-04
3.946989774703979492e-03
1.586169004440307617e-03
6.270885467529296875e-03
8.296817541122436523e-04
1.528310775756835938e-02
1.050764322280883789e-02
1.655173301696777344e-02
1.141071319580078125e-03
4.376053810119628906e-03
3.496408462524414062e-03
9.700953960418701172e-03
6.248950958251953125e-03
3.689706325531005859e-03
3.041982650756835938e-03
1.851749420166015625e-02
7.988750934600830078e-03
1.977860927581787109e-03
1.030719280242919922e-02
3.216624259948730469e-03
1.704943180084228516e-02
7.661670446395874023e-03
3.807663917541503906e-03
1.945003867149353027e-03
3.617376089096069336e-03
9.808540344238281250e-04
1.201100647449493408e-03
2.306252717971801758e-04
2.989754080772399902e-03
8.405923843383789062e-03
7.601797580718994141e-03
1.329481601715087891e-03
3.771245479583740234e-03
1.728713512420654297e-02
1.585870981216430664e-02
3.389036282896995544e-05
3.738701343536376953e-03
3.330290317535400391e-03
4.314556717872619629e-04
1.132518053054809570e-02
8.496046066284179688e-03
1.201027631759643555e-02
6.305098533630371094e-03
7.006451487541198730e-04
6.806701421737670898e-03
1.946544647216796875e-02
4.556775093078613281e-04
9.159147739410400391e-04
1.472729444503784180e-02
1.068848371505737305e-02
4.422932863235473633e-03
5.660355091094970703e-03
2.767041325569152832e-03
8.340105414390563965e-04
1.816973090171813965e-03
1.678466796875000000e-03
2.033621072769165039e-03
3.316491842269897461e-03
2.055245637893676758e-02
2.070665359497070312e-04
2.961367368698120117e-03
1.846700906753540039e-03
1.805901527404785156e-03
1.982748508453369141e-02
1.000827550888061523e-02
1.213115453720092773e-02
1.943325996398925781e-02
1.549936830997467041e-03
1.027631759643554688e-02
1.249283552169799805e-02
1.135116815567016602e-02
2.278611063957214355e-04
1.049458980560302734e-03
1.060199737548828125e-02
1.407161355018615723e-03
3.263056278228759766e-03
1.078665256500244141e-02
8.305549621582031250e-03
1.003354787826538086e-03
2.857729792594909668e-03
5.168348550796508789e-03
4.008769989013671875e-03
4.739344120025634766e-03
5.249023437500000000e-03
1.149034500122070312e-02
3.698617219924926758e-04
5.937278270721435547e-03
2.280265092849731445e-03
8.003950119018554688e-03
2.259686589241027832e-03
1.233804225921630859e-02
1.011386513710021973e-03
1.188921928405761719e-02
5.139082670211791992e-03
1.612734049558639526e-04
2.341866493225097656e-03
9.391188621520996094e-03
9.503513574600219727e-04
5.123257637023925781e-03
8.742690086364746094e-03
1.163828372955322266e-02
3.072749823331832886e-04
1.732297241687774658e-04
5.323350429534912109e-03
1.770079135894775391e-03
2.062208950519561768e-04
5.316585302352905273e-03
9.169757366180419922e-03
4.811048507690429688e-03
1.069009304046630859e-03
8.377552032470703125e-03
2.774119377136230469e-03
1.433289051055908203e-02
7.833719253540039062e-03
3.338754177093505859e-04
1.010917127132415771e-03
3.983795642852783203e-03
2.412557601928710938e-03
7.279098033905029297e-03
8.871316909790039062e-03
4.237830638885498047e-03
2.025030553340911865e-04
5.646288394927978516e-03
1.767352223396301270e-03
1.284670829772949219e-02
3.154903650283813477e-03
5.669653415679931641e-03
1.685631275177001953e-02
6.827354431152343750e-03
3.895089030265808105e-04
1.236781477928161621e-03
2.422854304313659668e-04
3.510825335979461670e-04
4.974871873855590820e-03
1.110970973968505859e-02
8.480697870254516602e-04
2.697229385375976562e-03
5.680248141288757324e-04
4.161372780799865723e-03
7.965534925460815430e-03
1.141440868377685547e-02
4.877001047134399414e-04
1.505374908447265625e-02
2.606570720672607422e-03
8.633553981781005859e-03
1.234292984008789062e-02
7.223397493362426758e-03
3.159269690513610840e-03
1.952424645423889160e-03
1.225888729095458984e-03
1.022392511367797852e-02
9.344696998596191406e-03
3.358036279678344727e-03
1.942902803421020508e-03
1.650303602218627930e-03
2.350240945816040039e-03
3.511071205139160156e-03
7.975473999977111816e-05
1.688674092292785645e-03
1.164501905441284180e-02
6.556093692779541016e-03
3.370910882949829102e-03
4.542917013168334961e-03
1.546138525009155273e-02
1.064497232437133789e-02
1.918762922286987305e-03
4.476219415664672852e-03
2.502277493476867676e-04
3.365546464920043945e-03
5.925595760345458984e-03
1.732158660888671875e-02
1.462265849113464355e-03
1.837417483329772949e-03
1.943185925483703613e-03
2.688243985176086426e-04
1.186527311801910400e-03
7.499158382415771484e-04
1.245838403701782227e-02
8.430540561676025391e-03
3.211945295333862305e-04
1.215374469757080078e-02
2.577200531959533691e-03
7.065027952194213867e-03
4.460483789443969727e-03
1.113258302211761475e-03
2.415217459201812744e-04
1.329980790615081787e-03
1.076966524124145508e-03
2.060985565185546875e-02
4.366971552371978760e-04
4.810318350791931152e-04
4.634559154510498047e-03
2.999216318130493164e-03
6.025850772857666016e-03
6.016820669174194336e-03
3.087371587753295898e-03
7.071614265441894531e-03
6.982460618019104004e-04
4.015147686004638672e-03
9.289920330047607422e-03
1.129776239395141602e-03
1.927351951599121094e-02
2.382367849349975586e-03
7.580280303955078125e-03
7.503628730773925781e-04
9.366989135742187500e-03
1.217919588088989258e-02
7.853269577026367188e-03
5.844950675964355469e-03
1.460220664739608765e-04
7.194697856903076172e-03
1.268684864044189453e-03
4.030674695968627930e-03
2.715110778808593750e-02
9.491443634033203125e-03
1.467204093933105469e-02
3.207102417945861816e-04
1.854728907346725464e-04
9.273648262023925781e-03
3.546178340911865234e-03
4.077792167663574219e-03
8.855998516082763672e-03
4.114992916584014893e-04
2.085879445075988770e-03
2.872884273529052734e-03
1.431822776794433594e-03
2.644968032836914062e-02
9.076714515686035156e-03
6.576716899871826172e-03
2.482026815414428711e-03
5.180746316909790039e-03
4.591554403305053711e-03
2.382069826126098633e-03
7.934123277664184570e-05
6.403565406799316406e-03
2.726633101701736450e-04
3.365826606750488281e-02
1.165844500064849854e-03
1.062005758285522461e-02
6.871372461318969727e-04
1.586771011352539062e-02
2.328544855117797852e-03
1.526504755020141602e-03
9.874552488327026367e-04
3.860183060169219971e-04
4.043847322463989258e-03
4.956051707267761230e-04
6.061583757400512695e-03
1.530945301055908203e-02
1.209363341331481934e-03
2.076610922813415527e-03
3.107130527496337891e-03
2.367317676544189453e-03
3.364264965057373047e-03
4.714369773864746094e-03
8.705735206604003906e-03
1.240476965904235840e-03
1.627288758754730225e-03
6.705522537231445312e-04
1.511991024017333984e-03
1.112602651119232178e-03
1.485496759414672852e-04
5.057603120803833008e-03
9.506791830062866211e-04
9.763240814208984375e-04
2.056434750556945801e-03
1.575839519500732422e-02
4.423081874847412109e-03
5.405768752098083496e-04
1.210868358612060547e-03
1.523554325103759766e-03
6.519854068756103516e-04
1.737487316131591797e-02
1.553267240524291992e-03
1.027941703796386719e-02
5.492195487022399902e-04
3.109723329544067383e-03
1.788683235645294189e-03
1.969635486602783203e-04
8.083522319793701172e-03
9.011566638946533203e-03
6.459891796112060547e-03
1.942503452301025391e-02
6.285049021244049072e-04
2.403825521469116211e-03
9.351909160614013672e-03
2.719685435295104980e-04
2.307564020156860352e-03
7.638894021511077881e-04
1.557737588882446289e-03
1.241192221641540527e-03
5.035940557718276978e-05
1.160442829132080078e-03
1.349344849586486816e-03
2.251952886581420898e-03
1.158136874437332153e-04
2.083194255828857422e-02
8.818600326776504517e-05
5.002200603485107422e-03
1.697278022766113281e-02
9.655803442001342773e-04
1.111797988414764404e-03
2.638474106788635254e-04
1.593679189682006836e-03
4.068342968821525574e-05
5.951166152954101562e-03
3.139838576316833496e-03
7.703810930252075195e-03
1.584827899932861328e-02
3.584951162338256836e-03
7.050454616546630859e-03
4.119992256164550781e-03
1.054860651493072510e-03
1.236572861671447754e-03
1.959279179573059082e-04
1.169098541140556335e-04
1.836329698562622070e-03
1.252776384353637695e-02
3.089055418968200684e-03
1.774534583091735840e-03
2.748131752014160156e-03
1.044563949108123779e-03
2.386510372161865234e-03
5.947619676589965820e-03
1.026535034179687500e-02
1.560258865356445312e-02
1.237448304891586304e-04
5.304515361785888672e-04
4.681706428527832031e-03
2.058986574411392212e-04
9.301513433456420898e-03
2.107307314872741699e-03
2.124071121215820312e-03
6.076917052268981934e-04
8.383393287658691406e-04
7.303774356842041016e-03
4.952460527420043945e-03
4.559516906738281250e-03
1.765161752700805664e-03
6.495602428913116455e-04
4.637390375137329102e-04
4.832446575164794922e-04
5.771443247795104980e-04
3.893911838531494141e-03
4.490047693252563477e-03
1.674667000770568848e-03
5.764842033386230469e-03
7.778704166412353516e-03
1.508772373199462891e-03
1.293450593948364258e-03
2.566948533058166504e-04
2.988159656524658203e-03
2.752915024757385254e-04
4.295736551284790039e-03
2.856999635696411133e-03
5.166977643966674805e-03
2.353236079216003418e-03
7.680952548980712891e-03
1.478469371795654297e-02
5.213022232055664062e-04
1.388406753540039062e-02
2.695500850677490234e-03
2.771347761154174805e-03
2.124868333339691162e-04
7.216930389404296875e-03
7.155090570449829102e-04
9.173810482025146484e-03
1.289375126361846924e-03
1.472115516662597656e-03
1.327770948410034180e-02
2.239346504211425781e-04
3.770530223846435547e-03
2.937793731689453125e-03
1.022291183471679688e-02
8.061617612838745117e-03
6.211362779140472412e-04
5.659580230712890625e-03
1.157754659652709961e-02
1.678049564361572266e-03
4.551053047180175781e-03
1.946687698364257812e-03
1.434721052646636963e-04
2.968698740005493164e-03
4.499346017837524414e-03
2.878725528717041016e-03
3.461055457592010498e-04
9.599030017852783203e-04
2.078227698802947998e-04
1.268610358238220215e-04
1.181498169898986816e-03
3.161877393722534180e-04
2.484440803527832031e-03
1.631468534469604492e-03
4.093945026397705078e-04
4.305541515350341797e-04
1.097798347473144531e-02
7.757097482681274414e-04
3.044709563255310059e-03
3.417700529098510742e-03
1.689225435256958008e-03
1.001939177513122559e-03
2.125918865203857422e-02
1.360848546028137207e-03
1.493930816650390625e-03
1.680266857147216797e-02
6.014049053192138672e-03
1.477405428886413574e-03
5.939006805419921875e-03
4.131972789764404297e-03
1.470614224672317505e-04
2.655349671840667725e-04
1.572564244270324707e-03
2.036996185779571533e-03
1.220166683197021484e-03
2.202108502388000488e-03
2.171155065298080444e-04
9.172260761260986328e-03
2.825647592544555664e-03
9.156093001365661621e-04
1.013457775115966797e-02
1.314741373062133789e-02
4.132017493247985840e-04
1.557655632495880127e-04
8.069686591625213623e-04
2.525359392166137695e-03
2.473503351211547852e-03
2.095066010951995850e-04
8.394047617912292480e-04
2.165150642395019531e-02
1.089078187942504883e-02
8.796527981758117676e-04
1.636034250259399414e-02
9.687617421150207520e-05
1.522362232208251953e-03
3.142690658569335938e-02
1.166895031929016113e-03
5.246937274932861328e-03
4.670441150665283203e-03
2.920091152191162109e-03
8.009046316146850586e-03
3.024315834045410156e-02
2.000033855438232422e-03
1.546919345855712891e-03
2.896204590797424316e-03
3.011077642440795898e-04
4.946053028106689453e-03
4.491060972213745117e-03
1.074656844139099121e-03
3.615161404013633728e-05
5.566895008087158203e-03
8.405834436416625977e-03
9.982958436012268066e-04
5.091466009616851807e-04
3.321826457977294922e-03
2.153486013412475586e-03
1.752972602844238281e-03
1.946103572845458984e-02
1.641497015953063965e-03
1.356706023216247559e-03
2.602618187665939331e-04
1.842156052589416504e-03
2.395853400230407715e-03
5.044668912887573242e-03
1.878327131271362305e-02
7.251322269439697266e-03
8.584856986999511719e-03
3.605291247367858887e-03
1.399904489517211914e-03
1.363441348075866699e-03
5.379945039749145508e-03
1.388454437255859375e-02
9.502377361059188843e-05
8.378997445106506348e-04
1.485794782638549805e-04
1.483720541000366211e-02
2.464437484741210938e-02
1.518644392490386963e-03
1.028215885162353516e-02
5.698621273040771484e-03
4.099279642105102539e-03
5.135089159011840820e-03
1.394557952880859375e-02
2.117425203323364258e-03
1.011991500854492188e-02
1.047694683074951172e-02
3.468513488769531250e-03
2.460274845361709595e-04
2.268627285957336426e-04
2.911895513534545898e-03
4.495620727539062500e-03
7.896730676293373108e-05
2.412796020507812500e-04
2.246677875518798828e-02
1.169013977050781250e-02
1.689612865447998047e-03
1.311409473419189453e-02
1.019939780235290527e-03
1.326376199722290039e-02
1.061129570007324219e-02
7.136613130569458008e-03
7.999688386917114258e-04
2.906829118728637695e-03
4.121810197830200195e-04
3.332763910293579102e-03
5.771100521087646484e-03
2.153199166059494019e-04
5.289427936077117920e-04
2.161070704460144043e-03
1.045010983943939209e-03
1.303749158978462219e-04
2.133682370185852051e-03
6.809532642364501953e-04
2.301484346389770508e-03
7.067695260047912598e-04
1.284807920455932617e-02
1.289270818233489990e-03
3.415375947952270508e-03
2.004057168960571289e-03
4.938602447509765625e-03
5.355447530746459961e-03
5.292207002639770508e-03
3.251284360885620117e-03
1.686602830886840820e-02
3.025829792022705078e-03
2.842128276824951172e-03
1.295185089111328125e-02
7.661432027816772461e-05
4.320703446865081787e-04
1.243221759796142578e-02
9.098351001739501953e-04
2.297222614288330078e-03
7.191300392150878906e-03
2.023816108703613281e-03
2.340376377105712891e-04
1.522518694400787354e-03
3.093481063842773438e-03
6.172955036163330078e-04
1.139414310455322266e-02
4.084467887878417969e-03
2.044245600700378418e-03
1.635402441024780273e-03
4.613995552062988281e-03
6.453663110733032227e-03
2.315565943717956543e-04
8.427470922470092773e-03
5.652122199535369873e-04
7.747933268547058105e-04
4.840195178985595703e-03
1.807808876037597656e-03
1.320719718933105469e-02
5.100667476654052734e-04
6.253898143768310547e-03
6.219863891601562500e-03
2.395087480545043945e-02
2.911806106567382812e-03
1.111522316932678223e-03
7.681548595428466797e-04
3.754302859306335449e-03
1.007199287414550781e-03
3.345012664794921875e-03
4.291117191314697266e-03
1.003980636596679688e-02
7.720217108726501465e-04
3.443956375122070312e-03
1.080000400543212891e-02
8.575394749641418457e-04
9.253978729248046875e-03
1.188151538372039795e-03
1.862809062004089355e-03
7.837504148483276367e-03
1.606583595275878906e-03
5.727201700210571289e-03
8.696496486663818359e-03
7.202804088592529297e-03
1.567944884300231934e-03
2.073422074317932129e-03
6.011463701725006104e-04
1.044589281082153320e-02
1.001581549644470215e-03
2.772346138954162598e-03
4.690706729888916016e-03
6.424188613891601562e-03
8.177906274795532227e-04
1.304668188095092773e-02
2.266630530357360840e-03
4.984200000762939453e-03
6.130412220954895020e-04
5.472660064697265625e-03
9.801805019378662109e-03
1.035951077938079834e-03
1.618176698684692383e-03
5.295202136039733887e-04
3.158807754516601562e-03
6.241440773010253906e-03
1.957476139068603516e-03
1.037996262311935425e-04
4.399716854095458984e-03
9.602010250091552734e-04
6.333768367767333984e-03
2.704888582229614258e-03
3.107404708862304688e-02
3.784820437431335449e-04
1.551911234855651855e-03
4.138737916946411133e-03
1.775905489921569824e-03
3.825798630714416504e-04
2.114862203598022461e-03
7.008016109466552734e-04
1.335181295871734619e-04
4.876405000686645508e-03
2.062469720840454102e-03
3.136217594146728516e-03
9.639501571655273438e-03
1.900076866149902344e-03
2.412468194961547852e-03
7.837831974029541016e-03
2.643674612045288086e-03
9.910106658935546875e-03
4.284143447875976562e-03
2.048946917057037354e-04
5.265653133392333984e-03
1.267594099044799805e-02
1.291304826736450195e-03
2.273079007863998413e-04
1.761746406555175781e-02
3.640055656433105469e-03
4.862435162067413330e-05
3.671735525131225586e-03
1.655334234237670898e-02
1.364964991807937622e-04
1.116551458835601807e-03
1.901909708976745605e-03
1.159712672233581543e-03
1.493051648139953613e-03
4.398263990879058838e-04
3.260280936956405640e-05
1.237131655216217041e-04
1.223042607307434082e-03
2.890288829803466797e-03
1.284849643707275391e-02
7.287366315722465515e-05
6.680071353912353516e-03
3.489315509796142578e-03
3.833696246147155762e-04
2.229213714599609375e-03
6.349921226501464844e-03
3.809541463851928711e-03
1.037484407424926758e-02
6.780680269002914429e-05
1.300781965255737305e-03
2.055227756500244141e-03
5.435049533843994141e-03
7.822364568710327148e-05
8.403509855270385742e-04
3.137700259685516357e-04
6.649136543273925781e-03
7.593408226966857910e-04
1.051700115203857422e-02
3.790482878684997559e-03
1.652574539184570312e-02
1.743674278259277344e-03
7.013201713562011719e-03
8.039176464080810547e-03
6.658077239990234375e-03
1.034438610076904297e-03
6.984546780586242676e-05
3.379225730895996094e-03
1.618433743715286255e-04
1.143654808402061462e-04
5.239918828010559082e-04
1.006580889225006104e-03
1.575395464897155762e-03
7.011070847511291504e-04
1.634769141674041748e-04
6.708241999149322510e-04
7.069781422615051270e-04
2.389326691627502441e-03
1.969680190086364746e-03
2.886950969696044922e-03
6.592184305191040039e-03
1.104599237442016602e-02
3.129132091999053955e-04
2.660136669874191284e-04
6.105482578277587891e-03
6.314739584922790527e-05
3.004655241966247559e-03
4.292160272598266602e-03
2.705141901969909668e-03
2.270162105560302734e-03
1.518297195434570312e-02
1.563668251037597656e-03
3.999322652816772461e-03
4.907160997390747070e-03
5.634203553199768066e-04
3.547608852386474609e-03
7.019490003585815430e-04
1.146242022514343262e-03
1.401782035827636719e-03
2.363055944442749023e-03
3.654211759567260742e-04
4.583865404129028320e-03
4.775613546371459961e-03
9.016752243041992188e-03
6.246566772460937500e-04
2.115309238433837891e-03
5.495578050613403320e-03
2.985075116157531738e-04
1.744031906127929688e-04
1.439191401004791260e-04
2.872154116630554199e-03
2.883687615394592285e-03
5.920827388763427734e-04
5.992613732814788818e-04
1.064527034759521484e-02
8.299499750137329102e-04
4.579365253448486328e-03
9.725987911224365234e-04
1.327365636825561523e-03
9.208470582962036133e-04
6.545707583427429199e-04
5.754649639129638672e-03
7.036235183477401733e-05
9.307563304901123047e-04
1.714026927947998047e-02
1.463770866394042969e-03
5.225390195846557617e-04
7.557868957519531250e-05
4.959329962730407715e-04
8.321583271026611328e-03
2.856820821762084961e-03
4.190117120742797852e-03
9.486973285675048828e-03
6.875336170196533203e-03
3.587335348129272461e-03
6.607711315155029297e-03
8.266687393188476562e-03
2.847891300916671753e-05
2.661794424057006836e-03
1.323059201240539551e-03
3.274949267506599426e-05
2.130076289176940918e-03
2.428125590085983276e-04
2.164114266633987427e-04
2.178177237510681152e-04
1.896217465400695801e-03
1.208001375198364258e-02
5.931407213211059570e-04
1.146696507930755615e-03
6.912723183631896973e-04
3.605633974075317383e-04
5.465596914291381836e-04
1.619398593902587891e-03
3.876030445098876953e-03
6.951689720153808594e-03
4.179835319519042969e-03
1.432788372039794922e-02
9.296089410781860352e-04
1.408457756042480469e-02
1.596972346305847168e-03
4.747211933135986328e-04
6.562322378158569336e-03
2.703666687011718750e-03
5.353763699531555176e-04
2.368628978729248047e-03
8.978694677352905273e-04
1.939684152603149414e-04
8.388459682464599609e-04
9.787261486053466797e-03
2.434045076370239258e-03
1.755923032760620117e-03
1.552188396453857422e-02
4.245698451995849609e-03
1.216948032379150391e-03
1.053333282470703125e-03
3.341473639011383057e-04
9.347975254058837891e-03
3.192387521266937256e-05
6.927326321601867676e-04
2.138897776603698730e-03
7.151216268539428711e-04
1.015439629554748535e-03
1.300022006034851074e-03
2.851545810699462891e-03
2.976387739181518555e-03
4.364639520645141602e-03
4.881620407104492188e-04
1.663410663604736328e-02
9.616911411285400391e-03
1.305574178695678711e-02
5.428463220596313477e-03
2.219736576080322266e-03
1.235485076904296875e-02
1.534789800643920898e-02
7.777929306030273438e-03
5.785822868347167969e-03
4.228800535202026367e-04
5.283020436763763428e-05
1.941889524459838867e-03
9.706169366836547852e-04
2.057775855064392090e-04
4.909396171569824219e-03
3.111027181148529053e-04
3.965198993682861328e-04
1.396805047988891602e-03
3.938190639019012451e-04
1.529112458229064941e-03
4.709213972091674805e-04
1.886606216430664062e-03
1.555308699607849121e-03
5.396842956542968750e-03
7.902458310127258301e-05
1.576566696166992188e-02
1.235663890838623047e-03
6.914675235748291016e-03
2.116930484771728516e-02
1.157179474830627441e-03
4.906021058559417725e-05
1.453638076782226562e-03
2.922371029853820801e-03
8.184313774108886719e-04
7.458031177520751953e-05
7.768869400024414062e-03
8.139014244079589844e-03
4.336178302764892578e-03
6.678193807601928711e-03
3.513276576995849609e-03
1.368112862110137939e-04
2.638757228851318359e-03
2.159595489501953125e-03
1.491361856460571289e-02
1.658201217651367188e-02
3.151655197143554688e-03
6.220012903213500977e-03
3.104835748672485352e-03
1.650772988796234131e-03
4.081100225448608398e-03
6.392449140548706055e-04
3.554075956344604492e-03
1.703053712844848633e-03
1.610480248928070068e-03
4.267185926437377930e-03
1.135122776031494141e-02
4.350319504737854004e-04
1.064866781234741211e-03
1.050122082233428955e-03
6.483525037765502930e-03
3.064483404159545898e-03
1.302200555801391602e-02
1.319056749343872070e-02
5.164109170436859131e-04
1.073747873306274414e-03
9.333118796348571777e-04
2.436608076095581055e-03
1.228153705596923828e-04
2.198994159698486328e-03
2.067476511001586914e-03
4.442453384399414062e-03
1.223385334014892578e-03
8.335769176483154297e-03
4.767924547195434570e-04
7.797658443450927734e-03
5.597844719886779785e-04
8.283317089080810547e-03
1.905977725982666016e-02
2.415910363197326660e-03
6.664469838142395020e-04
1.234345138072967529e-03
3.583967685699462891e-03
9.249746799468994141e-04
5.274116992950439453e-04
1.126718521118164062e-02
2.222880721092224121e-04
2.963989973068237305e-04
8.195266127586364746e-05
3.462165594100952148e-03
9.631216526031494141e-03
2.408981323242187500e-03
9.883642196655273438e-04
5.520820617675781250e-03
2.660959959030151367e-03
4.742294549942016602e-04
3.478050231933593750e-03
5.477607250213623047e-03
2.335570752620697021e-04
1.381918787956237793e-03
5.902424454689025879e-04
1.469790935516357422e-03
8.567094802856445312e-03
3.114730119705200195e-03
3.393888473510742188e-04
3.371387720108032227e-04
4.363030195236206055e-03
1.690280437469482422e-02
2.748325467109680176e-03
1.847315579652786255e-04
9.024143218994140625e-03
1.993179321289062500e-03
1.333725452423095703e-02
2.066045999526977539e-04
3.978684544563293457e-04
8.552148938179016113e-05
2.430332824587821960e-05
1.206174492835998535e-04
1.023393869400024414e-02
2.785474061965942383e-04
9.017884731292724609e-04
9.297728538513183594e-04
1.252010464668273926e-03
8.426547050476074219e-03
5.960106849670410156e-03
5.734503269195556641e-03
1.023668050765991211e-02
8.030295372009277344e-03
1.013696193695068359e-02
7.586240768432617188e-03
1.030987501144409180e-02
1.059913635253906250e-02
1.603960990905761719e-04
1.662634313106536865e-04
2.408266067504882812e-03
3.092885017395019531e-03
3.108322620391845703e-03
3.308594226837158203e-03
2.500992268323898315e-04
4.315525293350219727e-04
1.705273985862731934e-03
5.544647574424743652e-04
7.128715515136718750e-03
1.273572444915771484e-03
2.564251422882080078e-03
3.819286823272705078e-03
2.271607518196105957e-04
9.552240371704101562e-03
3.932505846023559570e-03
1.303523778915405273e-03
6.505921483039855957e-04
9.549319744110107422e-03
1.134887337684631348e-03
1.851290464401245117e-03
9.447932243347167969e-04
2.586007118225097656e-03
5.724802613258361816e-04
4.363730549812316895e-04
2.008005976676940918e-03
1.421988010406494141e-03
1.202337443828582764e-04
3.275014460086822510e-04
7.092859596014022827e-05
2.681650221347808838e-04
1.934140920639038086e-03
3.970652818679809570e-03
3.082938492298126221e-04
9.727850556373596191e-05
1.397356390953063965e-03
1.840621232986450195e-03
1.098707318305969238e-03
8.195266127586364746e-04
3.234297037124633789e-04
1.503601670265197754e-03
4.542827606201171875e-03
3.063678741455078125e-03
2.215243875980377197e-04
5.772590637207031250e-03
5.691885948181152344e-03
1.895308494567871094e-03
4.219233989715576172e-03
4.898965358734130859e-03
1.739695668220520020e-03
0.000000000000000000e+00
0.000000000000000000e+00
0.000000000000000000e+00
0.000000000000000000e+00
0.000000000000000000e+00
0.000000000000000000e+00
0.000000000000000000e+00
0.000000000000000000e+00
0.000000000000000000e+00
0.000000000000000000e+00
0.000000000000000000e+00
0.000000000000000000e+00
0.000000000000000000e+00
0.000000000000000000e+00
0.000000000000000000e+00
0.000000000000000000e+00
0.000000000000000000e+00
0.000000000000000000e+00
0.000000000000000000e+00
0.000000000000000000e+00
0.000000000000000000e+00
0.000000000000000000e+00
0.000000000000000000e+00
0.000000000000000000e+00
0.000000000000000000e+00
0.000000000000000000e+00
0.000000000000000000e+00
0.000000000000000000e+00
0.000000000000000000e+00
0.000000000000000000e+00
0.000000000000000000e+00
0.000000000000000000e+00
0.000000000000000000e+00
0.000000000000000000e+00
0.000000000000000000e+00
0.000000000000000000e+00
0.000000000000000000e+00
0.000000000000000000e+00
0.000000000000000000e+00
0.000000000000000000e+00
