2.194806933403015137e-03
3.070309758186340332e-04
4.375934600830078125e-03
1.916065812110900879e-04
5.472600460052490234e-03
2.521388232707977295e-04
8.537650108337402344e-03
7.498487830162048340e-04
9.341657161712646484e-03
9.720548987388610840e-04
5.981028079986572266e-03
8.717924356460571289e-04
8.468050509691238403e-05
1.434739679098129272e-04
5.569867789745330811e-04
1.454681158065795898e-03
4.870891571044921875e-04
6.905555725097656250e-03
4.863142967224121094e-03
5.696892738342285156e-03
2.354476600885391235e-05
2.065762877464294434e-03
8.974015712738037109e-03
2.473115921020507812e-03
1.589059829711914062e-02
8.756667375564575195e-04
6.620362401008605957e-04
5.170583724975585938e-03
5.281537771224975586e-03
2.630233764648437500e-03
2.071037888526916504e-03
2.900168299674987793e-03
1.191206276416778564e-03
3.098547458648681641e-03
1.417830586433410645e-03
6.488740444183349609e-03
3.736950457096099854e-04
5.644485354423522949e-04
1.263034343719482422e-02
2.214200794696807861e-04
1.804336905479431152e-03
2.425722777843475342e-04
2.244859933853149414e-04
6.206333637237548828e-04
2.243034541606903076e-04
1.819115877151489258e-02
1.377075910568237305e-03
4.778653383255004883e-04
1.532769203186035156e-02
3.343358635902404785e-03
8.933544158935546875e-03
2.409815788269042969e-04
3.574281930923461914e-03
2.177566289901733398e-03
1.138949394226074219e-02
2.928376197814941406e-03
3.524690866470336914e-03
1.111954450607299805e-03
2.006208896636962891e-02
7.321089506149291992e-04
4.509896039962768555e-03
1.170746982097625732e-03
4.287153482437133789e-03
8.266925811767578125e-03
5.622684955596923828e-03
5.410969257354736328e-03
4.825115203857421875e-03
1.491641998291015625e-02
6.031915545463562012e-04
1.102089881896972656e-02
1.068526506423950195e-02
2.863556146621704102e-03
1.668190956115722656e-02
3.025442361831665039e-03
8.814781904220581055e-03
3.438964486122131348e-04
8.390218019485473633e-03
1.794956624507904053e-04
9.990930557250976562e-03
5.423426628112792969e-04
2.705186605453491211e-03
1.034274697303771973e-03
2.197578549385070801e-03
6.149828433990478516e-03
1.861434429883956909e-04
2.092111110687255859e-02
1.562647521495819092e-04
2.931384369730949402e-05
6.119787693023681641e-03
1.615941524505615234e-03
6.809234619140625000e-04
7.356345653533935547e-03
3.079682588577270508e-03
7.332861423492431641e-03
1.364737749099731445e-03
4.683792591094970703e-03
2.249613404273986816e-03
2.488866448402404785e-03
1.076793670654296875e-02
1.296415925025939941e-03
4.213094711303710938e-03
2.256527543067932129e-03
9.930431842803955078e-04
2.074643969535827637e-03
1.322656869888305664e-03
1.072680950164794922e-02
3.831803798675537109e-03
1.739278435707092285e-03
1.187729835510253906e-02
1.141717657446861267e-04
1.914035528898239136e-04
3.812424838542938232e-04
1.216325908899307251e-04
1.251913607120513916e-03
1.790232956409454346e-03
1.068711280822753906e-02
5.221441388130187988e-04
3.150790929794311523e-03
2.177134156227111816e-03
7.796555757522583008e-03
6.710067391395568848e-04
3.526657819747924805e-04
3.859028220176696777e-04
1.431775093078613281e-02
1.088863611221313477e-02
5.377514753490686417e-06
7.094264030456542969e-03
1.517966389656066895e-03
2.480968832969665527e-04
1.391731202602386475e-04
1.390427350997924805e-03
1.557350158691406250e-03
1.588314771652221680e-03
3.184620290994644165e-04
9.702146053314208984e-03
6.514966487884521484e-03
1.050597429275512695e-02
1.545643806457519531e-02
2.620130777359008789e-03
8.386969566345214844e-03
1.245069503784179688e-02
2.712294459342956543e-03
3.173723816871643066e-04
5.029439926147460938e-03
4.863858222961425781e-03
2.764731645584106445e-03
9.004026651382446289e-05
1.098150014877319336e-02
4.063248634338378906e-04
7.196009159088134766e-03
3.565043210983276367e-03
1.335150003433227539e-02
1.865267753601074219e-03
1.758956909179687500e-02
1.278126239776611328e-02
1.401245594024658203e-03
2.120923995971679688e-02
6.539165973663330078e-03
3.133267164230346680e-03
2.264548093080520630e-04
3.119260072708129883e-03
3.458559513092041016e-03
9.484440088272094727e-04
2.471834421157836914e-03
2.357161045074462891e-02
3.441721200942993164e-03
1.170694828033447266e-03
3.153294324874877930e-03
5.866527557373046875e-03
4.408597946166992188e-03
7.192403078079223633e-03
1.487088203430175781e-02
8.844494819641113281e-03
1.468963921070098877e-03
1.362794637680053711e-02
4.983723163604736328e-03
8.124709129333496094e-03
6.744444370269775391e-03
1.413583755493164062e-03
8.613824844360351562e-03
4.151314496994018555e-03
1.160755753517150879e-03
8.161902427673339844e-03
5.817681550979614258e-03
1.801347732543945312e-02
8.032470941543579102e-03
1.122057437896728516e-03
8.541345596313476562e-03
6.782114505767822266e-03
2.300068736076354980e-03
1.352179050445556641e-02
3.237932920455932617e-03
1.363235712051391602e-02
3.044724464416503906e-03
1.679398119449615479e-04
3.624409437179565430e-04
6.530731916427612305e-04
1.407700777053833008e-02
2.836418151855468750e-02
3.360629081726074219e-03
2.133265137672424316e-03
2.456128597259521484e-03
4.658788442611694336e-03
1.623608171939849854e-03
6.862264126539230347e-05
4.346877336502075195e-03
6.168782711029052734e-03
1.836813986301422119e-03
4.441797733306884766e-03
5.336821079254150391e-03
5.371719598770141602e-03
1.012480258941650391e-02
2.843067049980163574e-03
8.093923330307006836e-03
5.351305007934570312e-03
1.948058605194091797e-03
1.663446426391601562e-03
4.141509532928466797e-03
2.994984388351440430e-03
5.929470062255859375e-04
8.183062076568603516e-03
3.354221582412719727e-03
1.521818339824676514e-04
3.232634067535400391e-02
4.090130329132080078e-03
1.233175396919250488e-03
3.286927938461303711e-03
1.583229750394821167e-04
6.303414702415466309e-04
1.402154564857482910e-03
7.042661309242248535e-04
3.886446356773376465e-04
1.918822526931762695e-04
1.922619342803955078e-02
5.872279405593872070e-03
1.338630914688110352e-03
1.128345727920532227e-02
4.767537117004394531e-03
1.540094614028930664e-03
1.649069786071777344e-02
3.091439604759216309e-03
8.482486009597778320e-04
3.729224205017089844e-03
9.992942214012145996e-04
7.685720920562744141e-03
8.872747421264648438e-03
3.539830446243286133e-03
6.690472364425659180e-04
9.896457195281982422e-03
5.421303212642669678e-04
2.750903367996215820e-04
2.324193716049194336e-02
1.025743782520294189e-03
1.285582780838012695e-03
1.162308454513549805e-02
3.233611583709716797e-03
1.056218147277832031e-02
7.709145545959472656e-03
1.717323064804077148e-02
4.554957151412963867e-03
7.358565926551818848e-04
5.504414439201354980e-04
3.566235303878784180e-03
2.970486879348754883e-03
5.611181259155273438e-03
6.913185119628906250e-03
3.956437110900878906e-03
2.476066350936889648e-03
5.783498287200927734e-03
2.225175499916076660e-03
1.418158411979675293e-03
2.052634954452514648e-03
3.641724586486816406e-03
5.107633769512176514e-04
7.798790931701660156e-03
2.655267715454101562e-03
5.452871322631835938e-03
6.113708019256591797e-03
9.736597537994384766e-03
1.156404614448547363e-04
1.265741884708404541e-04
4.847496747970581055e-03
1.294702291488647461e-03
8.323490619659423828e-04
2.627313137054443359e-03
1.091599464416503906e-02
1.828983426094055176e-03
6.033703684806823730e-04
1.185381412506103516e-02
2.420336008071899414e-03
5.211830139160156250e-04
7.487386465072631836e-03
5.892291665077209473e-04
1.138104125857353210e-04
9.581893682479858398e-04
2.118632197380065918e-03
6.660260260105133057e-05
4.112347960472106934e-04
4.931509494781494141e-03
2.558007836341857910e-04
5.539298057556152344e-03
4.144936800003051758e-03
9.188890457153320312e-03
4.410117864608764648e-03
8.445739746093750000e-03
9.128749370574951172e-04
1.089118421077728271e-03
1.265072822570800781e-02
3.328025341033935547e-04
2.892926335334777832e-03
5.751073360443115234e-03
5.950272083282470703e-03
2.397000789642333984e-03
2.069145441055297852e-03
1.947641372680664062e-03
1.691251993179321289e-03
1.500681042671203613e-03
3.254771232604980469e-03
1.132544130086898804e-04
1.448586583137512207e-03
1.943618059158325195e-03
7.916390895843505859e-04
1.511812210083007812e-02
1.401960849761962891e-03
9.851530194282531738e-04
1.513099670410156250e-02
1.642242074012756348e-03
2.929165959358215332e-03
1.191370189189910889e-03
2.292656898498535156e-02
1.610487699508666992e-03
2.862848341464996338e-04
1.196138560771942139e-03
1.619136333465576172e-02
1.807677745819091797e-02
1.994118094444274902e-03
1.705724000930786133e-02
1.017329096794128418e-02
1.776516437530517578e-02
1.225435733795166016e-02
2.161376178264617920e-04
2.590268850326538086e-03
1.450419425964355469e-03
2.854675054550170898e-03
2.529934048652648926e-03
7.106244564056396484e-03
3.802120685577392578e-03
3.638118505477905273e-03
2.464914321899414062e-02
2.498343586921691895e-03
7.696241140365600586e-03
7.563114166259765625e-03
4.849076271057128906e-03
5.138128995895385742e-03
1.342654228210449219e-03
7.506966590881347656e-03
4.588589072227478027e-04
1.298379898071289062e-02
1.614546775817871094e-02
8.082628250122070312e-03
7.186755537986755371e-04
2.291396260261535645e-03
6.432756781578063965e-04
1.107513904571533203e-03
8.297190070152282715e-04
9.720325469970703125e-04
1.123756170272827148e-03
1.504492759704589844e-02
1.096105575561523438e-02
2.029448747634887695e-03
1.576453447341918945e-03
4.406087100505828857e-04
2.789258956909179688e-03
7.032245397567749023e-03
6.565570831298828125e-03
5.201473832130432129e-04
3.631234169006347656e-03
2.177965641021728516e-02
2.895265817642211914e-03
1.806235313415527344e-02
3.561079502105712891e-04
1.898258924484252930e-03
2.122119069099426270e-03
9.688735008239746094e-04
7.626235485076904297e-03
5.405172705650329590e-04
1.547355204820632935e-04
1.436229795217514038e-04
7.341504096984863281e-03
1.616112887859344482e-03
1.278924942016601562e-02
7.379353046417236328e-04
5.816131830215454102e-03
2.392500638961791992e-03
2.840131521224975586e-03
8.984744548797607422e-03
2.190828323364257812e-03
8.275434374809265137e-04
1.002825796604156494e-03
5.450189113616943359e-03
4.935592412948608398e-03
1.485422253608703613e-04
1.687621697783470154e-04
8.854344487190246582e-04
1.855984330177307129e-03
5.047628656029701233e-05
1.685105264186859131e-03
1.335814595222473145e-03
2.717256546020507812e-03
3.691047430038452148e-03
1.687303185462951660e-03
1.328542828559875488e-03
2.067184448242187500e-02
1.018357276916503906e-02
1.483194530010223389e-03
1.223929226398468018e-03
6.062805652618408203e-03
1.680165529251098633e-03
4.421621561050415039e-03
7.898639887571334839e-05
9.742021560668945312e-03
3.890454769134521484e-03
1.029187440872192383e-02
8.259773254394531250e-03
2.304643392562866211e-03
2.567216753959655762e-03
1.131957769393920898e-02
1.388221979141235352e-02
1.207238435745239258e-02
3.565829247236251831e-04
2.147033810615539551e-04
3.859102725982666016e-04
4.287719726562500000e-03
2.045813016593456268e-05
1.902347803115844727e-02
4.480063915252685547e-03
1.152670010924339294e-04
1.953691244125366211e-03
1.455783843994140625e-02
3.027394413948059082e-03
1.741489395499229431e-04
1.146495342254638672e-02
5.294084548950195312e-04
1.366227865219116211e-03
3.054052591323852539e-03
3.532081842422485352e-03
9.447932243347167969e-04
8.763931691646575928e-05
1.173034310340881348e-03
6.731808185577392578e-03
5.619153380393981934e-04
3.963559865951538086e-03
1.431071758270263672e-02
4.647895693778991699e-04
3.372058272361755371e-04
5.094528198242187500e-03
3.313958644866943359e-03
2.463996410369873047e-03
1.174569129943847656e-03
1.863253116607666016e-02
1.684129238128662109e-03
1.364782452583312988e-03
2.014711499214172363e-04
1.365486532449722290e-04
1.659274101257324219e-03
2.296537160873413086e-03
1.934164762496948242e-02
6.547391414642333984e-03
4.574540071189403534e-06
5.991011857986450195e-03
6.552577018737792969e-03
1.087933778762817383e-03
7.068216800689697266e-03
1.320058107376098633e-02
4.621148109436035156e-03
1.325660943984985352e-02
1.329177618026733398e-02
1.135282218456268311e-04
2.082616090774536133e-02
2.718064934015274048e-04
1.977026462554931641e-03
1.082468032836914062e-02
6.555259227752685547e-03
2.009138464927673340e-03
1.579254865646362305e-03
5.812972784042358398e-03
2.638846635818481445e-04
6.493600085377693176e-05
4.728734493255615234e-03
7.282570004463195801e-04
1.268088817596435547e-03
5.956560373306274414e-03
2.638906240463256836e-03
9.238541126251220703e-03
1.342755556106567383e-02
1.459741592407226562e-02
1.269429922103881836e-03
2.564162015914916992e-03
2.604305744171142578e-03
1.836377382278442383e-02
2.502709627151489258e-03
1.574164628982543945e-02
3.082990646362304688e-03
1.980674266815185547e-02
1.129463315010070801e-03
4.805475473403930664e-04
1.669657230377197266e-02
3.151297569274902344e-03
2.972707152366638184e-04
1.546424627304077148e-02
8.650839328765869141e-03
1.222079992294311523e-02
2.079546451568603516e-03
2.059817314147949219e-03
9.195646271109580994e-06
7.830202579498291016e-03
4.001826047897338867e-03
4.235774278640747070e-03
3.669187426567077637e-04
3.177493810653686523e-03
9.932219982147216797e-04
1.782819628715515137e-03
3.888040781021118164e-03
5.997940897941589355e-04
2.369806170463562012e-03
3.767967224121093750e-03
9.422838687896728516e-03
1.247255131602287292e-04
3.508627414703369141e-03
3.876447677612304688e-03
1.022413372993469238e-03
1.204095780849456787e-03
1.254022121429443359e-03
4.327446222305297852e-04
1.784414052963256836e-03
7.608123123645782471e-04
1.615174114704132080e-04
2.733133733272552490e-04
1.313418149948120117e-02
1.011081039905548096e-04
1.830626279115676880e-04
2.929866313934326172e-02
1.088470220565795898e-03
1.208645105361938477e-02
4.568323493003845215e-04
7.831603288650512695e-04
4.850476980209350586e-03
3.427937626838684082e-04
1.178719103336334229e-03
1.701653003692626953e-03
2.211785316467285156e-02
1.079658977687358856e-05
2.306962013244628906e-02
3.954377025365829468e-04
1.222081482410430908e-04
8.053988218307495117e-03
1.251362264156341553e-03
9.315907955169677734e-03
5.553275346755981445e-03
2.945333719253540039e-03
1.625716686248779297e-03
4.063189029693603516e-03
8.750647306442260742e-03
2.674150466918945312e-02
9.072959423065185547e-03
7.120490074157714844e-03
2.724930644035339355e-03
8.958484977483749390e-05
3.955774009227752686e-04
1.801538467407226562e-02
3.718435764312744141e-04
2.059299731627106667e-06
1.174300909042358398e-03
3.296136856079101562e-04
2.258688211441040039e-03
1.148968935012817383e-02
4.982382059097290039e-03
6.386220455169677734e-03
1.604840159416198730e-03
7.240712642669677734e-03
1.303270459175109863e-03
3.206491470336914062e-03
1.135841012001037598e-03
4.417717456817626953e-03
1.278185844421386719e-02
2.479255199432373047e-03
3.033488988876342773e-03
2.254724502563476562e-03
1.785379648208618164e-02
5.896329879760742188e-03
1.438274979591369629e-03
1.467895507812500000e-02
4.949688911437988281e-03
2.361796796321868896e-04
1.318806409835815430e-02
3.210408613085746765e-05
4.905104637145996094e-03
1.278036832809448242e-02
4.914760589599609375e-03
4.604458808898925781e-03
3.962516784667968750e-03
8.913844823837280273e-03
6.573945283889770508e-04
1.524335145950317383e-02
2.309310436248779297e-02
4.037693142890930176e-04
1.969501376152038574e-03
1.100473105907440186e-03
4.653513431549072266e-03
3.733225166797637939e-04
9.241998195648193359e-03
4.033893346786499023e-04
1.885950565338134766e-03
7.467389106750488281e-03
1.468288898468017578e-02
1.671776175498962402e-03
1.661822199821472168e-03
2.559810876846313477e-03
4.875883460044860840e-04
5.361735820770263672e-03
2.032732963562011719e-02
2.953648567199707031e-03
2.626441419124603271e-04
3.741011023521423340e-04
4.926398396492004395e-04
9.638309478759765625e-03
3.044068813323974609e-03
2.247527241706848145e-03
5.924612283706665039e-03
3.509938716888427734e-03
1.047301292419433594e-02
2.633444964885711670e-04
3.185361623764038086e-03
1.464067026972770691e-04
1.430660486221313477e-03
3.574043512344360352e-03
3.665834665298461914e-03
8.128210902214050293e-04
9.926378726959228516e-03
2.053603529930114746e-03
5.086392164230346680e-03
1.802778244018554688e-02
1.132443547248840332e-03
6.442815065383911133e-03
8.387565612792968750e-03
1.297667622566223145e-02
3.029584884643554688e-03
1.051604747772216797e-02
2.030283212661743164e-04
1.011475920677185059e-03
1.189470291137695312e-03
2.721697092056274414e-03
7.141768932342529297e-03
2.271366119384765625e-02
1.004981994628906250e-02
2.099528908729553223e-03
6.329268217086791992e-04
7.819607853889465332e-04
3.073394298553466797e-03
2.378746867179870605e-03
2.252161502838134766e-03
9.690284729003906250e-03
6.886541843414306641e-03
6.133411079645156860e-05
8.997321128845214844e-04
9.374856948852539062e-03
6.521940231323242188e-04
1.276388764381408691e-03
1.751518249511718750e-02
4.039779305458068848e-03
1.209184527397155762e-03
1.480698585510253906e-03
1.014840602874755859e-02
8.904486894607543945e-04
7.122784852981567383e-03
9.695470333099365234e-03
2.892151474952697754e-03
2.517282962799072266e-03
1.405682414770126343e-04
1.248255372047424316e-03
4.280149936676025391e-03
2.278119325637817383e-03
2.798259258270263672e-03
2.383917570114135742e-03
1.690721511840820312e-02
1.820519566535949707e-03
4.804074764251708984e-03
2.091571688652038574e-03
7.833480834960937500e-03
1.485096290707588196e-04
4.891872406005859375e-03
2.107918262481689453e-03
1.791071891784667969e-02
4.864543676376342773e-03
5.965590476989746094e-03
5.976259708404541016e-04
3.663189709186553955e-04
2.330541610717773438e-03
3.143340349197387695e-03
2.266019582748413086e-04
1.719202846288681030e-04
7.689893245697021484e-04
6.361961364746093750e-03
1.342684030532836914e-03
1.055228710174560547e-02
6.327003240585327148e-03
1.993685960769653320e-02
6.447255611419677734e-03
2.413801848888397217e-04
2.442533150315284729e-05
3.288954496383666992e-03
4.880338907241821289e-03
6.160855293273925781e-03
8.217453956604003906e-03
1.341272145509719849e-04
8.200049400329589844e-03
1.091158390045166016e-02
3.042034804821014404e-04
2.583414316177368164e-03
3.940910100936889648e-03
3.670424222946166992e-03
1.732826232910156250e-02
3.507137298583984375e-03
2.559989690780639648e-03
2.747222781181335449e-03
1.183360815048217773e-03
1.271855831146240234e-02
5.034171044826507568e-04
4.087805747985839844e-03
1.522690057754516602e-03
3.492236137390136719e-03
2.462908625602722168e-03
1.788324117660522461e-02
3.207549452781677246e-03
7.623910903930664062e-03
1.636847853660583496e-03
1.893736422061920166e-03
1.204258203506469727e-02
5.605578422546386719e-03
2.673685550689697266e-03
9.042583405971527100e-05
5.057752132415771484e-04
5.034148693084716797e-03
2.646386623382568359e-03
4.118606448173522949e-04
2.828985452651977539e-04
7.798433303833007812e-03
5.103601142764091492e-05
3.881799057126045227e-05
4.367828369140625000e-04
9.009778499603271484e-03
3.988265991210937500e-03
6.231337785720825195e-03
2.294778823852539062e-02
1.394903659820556641e-02
6.658136844635009766e-04
1.105025410652160645e-03
1.112520694732666016e-02
3.759458661079406738e-03
3.540307283401489258e-03
8.288584649562835693e-04
1.987516880035400391e-03
6.179481744766235352e-03
4.605531692504882812e-03
2.815514802932739258e-03
2.190470695495605469e-03
4.335902631282806396e-04
6.868690252304077148e-04
7.308065891265869141e-03
2.918839454650878906e-03
2.344213426113128662e-04
3.396451473236083984e-03
9.681060910224914551e-04
1.191362738609313965e-03
1.206290721893310547e-02
1.491510868072509766e-02
3.896474838256835938e-03
8.042603731155395508e-04
1.117813587188720703e-02
1.176849007606506348e-03
1.277554035186767578e-02
1.195468008518218994e-03
1.768136024475097656e-02
1.426470279693603516e-02
3.156006336212158203e-03
3.908932209014892578e-03
1.232787966728210449e-03
3.671981394290924072e-04
5.871623754501342773e-03
1.821053028106689453e-02
1.398473978042602539e-03
1.679390668869018555e-03
1.066550612449645996e-03
7.110327482223510742e-03
3.904700279235839844e-03
2.521324157714843750e-02
4.830732941627502441e-04
2.270460128784179688e-03
2.567124366760253906e-02
2.144426107406616211e-04
7.487609982490539551e-04
1.215651631355285645e-03
7.489472627639770508e-04
1.178123056888580322e-03
1.875430345535278320e-03
5.753375589847564697e-04
1.486074179410934448e-04
8.469402790069580078e-03
8.721828460693359375e-03
2.870106697082519531e-02
2.243220806121826172e-03
1.728796958923339844e-02
2.287715673446655273e-03
6.598562002182006836e-03
2.697497606277465820e-03
6.210297346115112305e-03
5.732387304306030273e-03
8.486136794090270996e-04
8.198261260986328125e-03
5.679011344909667969e-03
1.534640789031982422e-03
8.129119873046875000e-03
3.783792257308959961e-03
1.452362537384033203e-02
1.398921012878417969e-02
2.778917551040649414e-03
9.621024131774902344e-03
4.179596900939941406e-03
1.435309648513793945e-03
4.547655582427978516e-03
1.709289848804473877e-03
9.862184524536132812e-04
1.832712441682815552e-04
1.849122345447540283e-04
7.451027631759643555e-03
2.352431416511535645e-03
3.660202026367187500e-03
1.415139436721801758e-02
1.094132661819458008e-03
2.048298716545104980e-03
3.805905580520629883e-04
4.223197698593139648e-03
3.316119313240051270e-03
3.447145223617553711e-03
8.888363838195800781e-03
5.253300070762634277e-03
4.793494939804077148e-03
2.924278378486633301e-04
2.173095941543579102e-03
3.364160656929016113e-04
1.213324069976806641e-02
4.480183124542236328e-03
1.278007030487060547e-02
7.548093795776367188e-03
3.896057605743408203e-04
6.288513541221618652e-04
3.356903791427612305e-03
2.106487751007080078e-03
3.474205732345581055e-03
2.766400575637817383e-03
7.537379860877990723e-04
3.447197377681732178e-04
2.238094806671142578e-03
8.206188678741455078e-03
1.509539783000946045e-03
2.103507518768310547e-03
4.200905561447143555e-03
6.033062934875488281e-03
9.730637073516845703e-03
1.118391752243041992e-03
1.097649335861206055e-03
7.344275712966918945e-03
2.011656761169433594e-04
2.045035362243652344e-03
1.802586019039154053e-03
1.159057021141052246e-03
6.348073482513427734e-03
9.566247463226318359e-03
7.729530334472656250e-04
1.098550856113433838e-03
2.394869923591613770e-03
1.696735620498657227e-03
2.297982573509216309e-03
3.060735762119293213e-04
9.108960628509521484e-03
2.835094928741455078e-03
1.106493175029754639e-03
2.858228981494903564e-04
3.045842051506042480e-03
1.086258888244628906e-02
3.596380352973937988e-03
2.033269405364990234e-02
2.011239528656005859e-02
8.217096328735351562e-03
6.602764129638671875e-03
2.384595572948455811e-04
2.830564975738525391e-03
3.802716732025146484e-03
5.349278450012207031e-03
2.106621861457824707e-03
3.727704286575317383e-03
1.704558730125427246e-03
5.494892597198486328e-03
2.125725150108337402e-03
6.452575325965881348e-05
1.687461137771606445e-02
4.859507083892822266e-03
4.846543073654174805e-03
3.009051084518432617e-03
2.367532253265380859e-02
2.750232815742492676e-03
5.441345274448394775e-04
6.354227662086486816e-04
2.478808164596557617e-04
4.550278186798095703e-03
9.565502405166625977e-04
2.509821206331253052e-04
7.314115762710571289e-03
1.335263252258300781e-02
1.031839847564697266e-02
2.784989774227142334e-04
8.268415927886962891e-03
1.032453775405883789e-02
4.867883399128913879e-05
1.425021886825561523e-02
1.209981739521026611e-03
8.306920528411865234e-03
7.539808750152587891e-03
1.332211494445800781e-02
3.244280815124511719e-04
5.866438150405883789e-04
6.486833095550537109e-03
3.428518772125244141e-03
1.308506727218627930e-02
8.093640208244323730e-04
1.858308911323547363e-03
2.861648797988891602e-03
1.141987740993499756e-04
1.136291027069091797e-02
2.304464578628540039e-04
8.890777826309204102e-04
9.871423244476318359e-03
3.096684813499450684e-03
1.749970018863677979e-03
5.999356508255004883e-04
1.507008075714111328e-02
2.025768160820007324e-03
9.548187255859375000e-03
3.201699256896972656e-02
6.529316306114196777e-04
3.250658512115478516e-03
1.231849193572998047e-03
4.848122596740722656e-03
1.318722963333129883e-03
1.972168684005737305e-04
1.188433170318603516e-02
3.342218697071075439e-04
4.157781600952148438e-03
8.481219410896301270e-04
1.973688602447509766e-03
1.274496316909790039e-02
5.317866802215576172e-03
2.202606201171875000e-02
2.074688673019409180e-03
5.503445863723754883e-03
3.728061914443969727e-03
8.907578885555267334e-04
7.757171988487243652e-05
1.112565398216247559e-03
6.442844867706298828e-03
6.777048110961914062e-03
6.407827138900756836e-03
7.646717131137847900e-04
5.745679140090942383e-03
5.357787013053894043e-04
9.441226720809936523e-04
1.078537106513977051e-02
6.764620542526245117e-03
1.154437661170959473e-03
1.134529709815979004e-03
2.352848649024963379e-03
7.277786731719970703e-03
1.160588860511779785e-02
3.504812717437744141e-03
8.482754230499267578e-03
6.635040044784545898e-04
8.843839168548583984e-04
1.058524847030639648e-02
7.716566324234008789e-04
2.270471304655075073e-04
1.991420984268188477e-03
4.322469234466552734e-03
1.402473449707031250e-02
8.036643266677856445e-04
5.925595760345458984e-04
5.367219448089599609e-03
6.060540676116943359e-03
2.467826008796691895e-03
8.656740188598632812e-03
1.028455793857574463e-03
3.128558397293090820e-03
1.290655136108398438e-02
1.787316799163818359e-02
6.638988852500915527e-04
5.142331123352050781e-03
9.136885404586791992e-03
7.208704948425292969e-03
5.612194538116455078e-03
1.749849319458007812e-02
1.214933395385742188e-02
6.212234497070312500e-03
8.387863636016845703e-04
1.250743865966796875e-03
1.088088750839233398e-02
1.157265901565551758e-02
6.641924381256103516e-03
1.005786657333374023e-02
5.310714244842529297e-03
3.828406333923339844e-03
1.204478740692138672e-02
1.930862665176391602e-03
2.509042620658874512e-03
2.533718943595886230e-04
1.394450664520263672e-04
6.721287965774536133e-03
7.198154926300048828e-04
1.241230964660644531e-02
1.114264130592346191e-03
4.745945334434509277e-04
9.565055370330810547e-04
1.064413785934448242e-02
1.077491044998168945e-02
6.902039051055908203e-03
1.111119985580444336e-03
4.148244857788085938e-03
1.861806958913803101e-04
2.549067139625549316e-04
1.076415181159973145e-03
6.615333259105682373e-04
1.921564340591430664e-03
5.681574344635009766e-03
9.131804108619689941e-05
5.321390926837921143e-05
1.374989748001098633e-03
1.366949081420898438e-02
1.054853200912475586e-02
8.723378181457519531e-03
1.284229755401611328e-02
1.176148653030395508e-03
1.361362636089324951e-03
1.081240177154541016e-02
2.794638276100158691e-03
1.104366779327392578e-02
1.281112432479858398e-02
7.482349872589111328e-03
5.853503942489624023e-03
1.270890235900878906e-02
1.763308048248291016e-02
4.236459732055664062e-03
8.266326040029525757e-05
1.002776622772216797e-02
3.367736935615539551e-04
2.026569843292236328e-02
9.862840175628662109e-03
5.674362182617187500e-04
1.687866449356079102e-02
1.001799106597900391e-02
7.023587822914123535e-04
9.571537375450134277e-04
9.237110614776611328e-03
2.273395657539367676e-03
8.227825164794921875e-03
1.243519783020019531e-02
1.324728131294250488e-03
3.194540739059448242e-03
6.511449813842773438e-03
1.039996743202209473e-03
3.118693828582763672e-03
1.316651701927185059e-03
4.347056150436401367e-03
1.227676868438720703e-03
5.839690566062927246e-04
3.139123320579528809e-03
3.151670098304748535e-03
2.796053886413574219e-04
3.582574427127838135e-04
6.304979324340820312e-04
4.419624805450439453e-03
1.667380332946777344e-03
3.501623868942260742e-03
1.162394881248474121e-02
1.582831144332885742e-03
6.594449281692504883e-03
6.590485572814941406e-03
3.135785460472106934e-03
4.321262240409851074e-04
3.132009506225585938e-02
1.754209399223327637e-03
1.205392181873321533e-03
5.546733736991882324e-04
2.200789749622344971e-04
1.085594296455383301e-03
2.451479434967041016e-03
4.552165046334266663e-05
3.182236105203628540e-04
3.975182771682739258e-03
1.792412996292114258e-02
4.516303539276123047e-03
9.033739566802978516e-03
7.792592048645019531e-03
1.119565963745117188e-02
4.917234182357788086e-03
6.563276052474975586e-03
8.194446563720703125e-04
5.034387111663818359e-03
5.231529474258422852e-03
3.072381019592285156e-03
6.162598729133605957e-04
7.036477327346801758e-03
8.938491344451904297e-03
1.819893717765808105e-03
1.625484228134155273e-02
3.087744116783142090e-03
2.323761582374572754e-04
4.117757081985473633e-03
7.454872131347656250e-03
8.330434560775756836e-03
1.586681604385375977e-02
9.617358446121215820e-04
2.482533454895019531e-03
9.390711784362792969e-03
4.929639399051666260e-04
1.663960516452789307e-03
1.150673627853393555e-02
3.543049097061157227e-04
1.158259809017181396e-03
3.665834665298461914e-04
1.482546329498291016e-03
1.952898502349853516e-02
3.167241811752319336e-03
1.400840282440185547e-02
9.551048278808593750e-04
2.381965517997741699e-03
4.048720002174377441e-04
1.261331140995025635e-03
4.684001207351684570e-03
2.202250063419342041e-03
1.025795936584472656e-03
1.783315092325210571e-04
2.022311091423034668e-03
1.149982213973999023e-03
8.711934089660644531e-03
1.150089502334594727e-02
2.051398158073425293e-03
1.501202583312988281e-03
2.006679773330688477e-03
1.937776803970336914e-03
2.794593572616577148e-03
3.185749053955078125e-03
4.598312079906463623e-04
7.047891616821289062e-03
8.315518498420715332e-04
1.820977777242660522e-04
1.033890247344970703e-02
2.747625112533569336e-03
1.194792985916137695e-02
1.534812152385711670e-03
3.132298588752746582e-03
3.250241279602050781e-04
2.782158553600311279e-04
1.288175582885742188e-02
5.951702594757080078e-03
1.059055328369140625e-02
1.862615346908569336e-03
1.280450820922851562e-02
9.196437895298004150e-05
1.353695988655090332e-03
1.782268285751342773e-03
1.597601175308227539e-02
1.847688108682632446e-04
7.028654217720031738e-04
1.025348901748657227e-03
1.755714416503906250e-03
4.579782485961914062e-03
7.755681872367858887e-04
1.196667551994323730e-03
2.440181560814380646e-05
5.729682743549346924e-05
7.258728146553039551e-04
9.086332283914089203e-06
1.437753438949584961e-03
2.433136105537414551e-03
5.189388990402221680e-03
8.656978607177734375e-03
2.445913851261138916e-04
1.167625188827514648e-03
2.870127558708190918e-03
1.512604951858520508e-02
1.328185200691223145e-03
1.411104202270507812e-02
6.726756691932678223e-05
1.605406403541564941e-03
1.656934618949890137e-04
3.218919038772583008e-03
3.546059131622314453e-03
5.331300199031829834e-04
1.282620429992675781e-02
2.725005149841308594e-03
1.711353659629821777e-03
1.721680164337158203e-03
5.010934546589851379e-05
1.147314906120300293e-04
7.990151643753051758e-04
6.538853049278259277e-04
1.361146569252014160e-04
3.472119569778442383e-04
5.524978041648864746e-04
8.879303932189941406e-04
2.670973539352416992e-03
6.270051002502441406e-03
4.795163869857788086e-03
1.060459762811660767e-04
2.883262932300567627e-04
3.917841240763664246e-05
2.273365855216979980e-03
3.237262368202209473e-03
1.360706984996795654e-03
1.343235373497009277e-03
1.940190792083740234e-03
2.631127834320068359e-03
1.959353685379028320e-04
5.138963460922241211e-04
2.295985817909240723e-03
8.153729140758514404e-05
8.996278047561645508e-04
6.387978792190551758e-04
2.124179154634475708e-04
1.966476440429687500e-03
5.224406719207763672e-03
9.845271706581115723e-04
7.812306284904479980e-05
6.384551525115966797e-04
1.768505573272705078e-02
3.092773258686065674e-04
5.417596548795700073e-05
5.013756453990936279e-04
1.090919971466064453e-02
1.202064752578735352e-02
1.247817277908325195e-02
9.181722998619079590e-04
5.472898483276367188e-03
3.744572401046752930e-03
7.530897855758666992e-04
2.447725273668766022e-05
3.574863076210021973e-04
1.123491674661636353e-04
7.606595754623413086e-04
8.372426033020019531e-03
1.259393990039825439e-03
1.088842749595642090e-03
5.794763565063476562e-04
1.388907432556152344e-03
1.909196376800537109e-02
7.117763161659240723e-04
5.681663751602172852e-04
1.891292631626129150e-04
5.762904882431030273e-03
1.220643520355224609e-03
5.101449787616729736e-04
1.078560948371887207e-03
4.528522491455078125e-03
2.795994281768798828e-03
9.615480899810791016e-03
1.141667366027832031e-03
2.027034759521484375e-02
3.507822751998901367e-03
9.956657886505126953e-04
1.848991960287094116e-04
1.600778102874755859e-02
8.124392479658126831e-06
4.297904670238494873e-04
8.148252964019775391e-04
1.605868339538574219e-03
1.362487673759460449e-03
2.653807401657104492e-03
1.606881618499755859e-03
3.859072923660278320e-03
1.951176673173904419e-04
1.872897148132324219e-02
1.091837882995605469e-02
1.252520084381103516e-02
2.413153648376464844e-03
6.182849407196044922e-03
1.365900039672851562e-03
8.112099021673202515e-05
1.253980398178100586e-02
1.035407185554504395e-03
5.989708006381988525e-05
3.151446580886840820e-03
1.022011041641235352e-03
2.139322459697723389e-04
2.310406416654586792e-04
2.723827958106994629e-03
9.962730109691619873e-05
1.134485006332397461e-03
1.000296324491500854e-04
1.016341149806976318e-03
1.829396933317184448e-04
1.152455806732177734e-03
2.398598194122314453e-02
3.783684223890304565e-05
6.159059703350067139e-04
6.766803562641143799e-05
3.290295600891113281e-03
7.122871465981006622e-06
2.602174878120422363e-03
7.756799459457397461e-05
1.500576734542846680e-03
1.407992839813232422e-02
2.099409699440002441e-03
1.662343740463256836e-03
3.043264150619506836e-03
2.104677259922027588e-04
2.203345298767089844e-03
4.217065870761871338e-04
1.516902446746826172e-02
1.914463937282562256e-04
1.506298780441284180e-03
1.431375741958618164e-02
3.255248069763183594e-03
4.418492317199707031e-04
8.690878748893737793e-04
5.921214818954467773e-03
5.178861320018768311e-04
9.656786918640136719e-03
1.074679195880889893e-03
7.940754294395446777e-04
1.669153571128845215e-04
2.113003283739089966e-04
8.298456668853759766e-04
2.611652016639709473e-04
3.986321389675140381e-04
4.833638668060302734e-03
2.691924571990966797e-03
2.177208662033081055e-04
2.127029001712799072e-04
3.543198108673095703e-04
5.271360278129577637e-04
1.171156764030456543e-03
9.515881538391113281e-04
9.204506874084472656e-03
1.494009047746658325e-04
1.295804977416992188e-04
4.608377814292907715e-03
2.856463193893432617e-03
1.029595732688903809e-03
4.109501838684082031e-03
2.458058297634124756e-04
6.643384695053100586e-04
2.775788307189941406e-04
1.139831542968750000e-02
7.574558258056640625e-04
2.005398273468017578e-03
5.157589912414550781e-04
1.571261882781982422e-02
7.165744900703430176e-04
9.041845798492431641e-03
2.091638743877410889e-04
7.409274578094482422e-03
2.238638699054718018e-04
8.654445409774780273e-04
9.609572589397430420e-05
4.546903073787689209e-05
1.500397920608520508e-03
1.407358795404434204e-04
3.632932901382446289e-03
5.550742149353027344e-03
9.365230798721313477e-04
4.553258419036865234e-03
9.231448173522949219e-03
5.003660917282104492e-04
1.537278294563293457e-03
1.730549335479736328e-02
1.265704631805419922e-04
1.844093203544616699e-04
1.959276199340820312e-02
9.637102484703063965e-04
1.619476824998855591e-04
1.181527972221374512e-03
9.987782686948776245e-05
3.108903765678405762e-04
5.304634571075439453e-03
1.682676374912261963e-03
6.506666541099548340e-04
1.227313280105590820e-02
3.689751029014587402e-04
9.723156690597534180e-04
4.673004150390625000e-03
5.896463990211486816e-04
8.411467075347900391e-03
4.681870341300964355e-04
1.091793179512023926e-03
1.631855964660644531e-03
4.771687090396881104e-04
2.674274146556854248e-04
1.230195164680480957e-03
5.433894693851470947e-05
1.388061791658401489e-04
0.000000000000000000e+00
0.000000000000000000e+00
0.000000000000000000e+00
0.000000000000000000e+00
0.000000000000000000e+00
0.000000000000000000e+00
0.000000000000000000e+00
0.000000000000000000e+00
0.000000000000000000e+00
0.000000000000000000e+00
0.000000000000000000e+00
0.000000000000000000e+00
0.000000000000000000e+00
0.000000000000000000e+00
0.000000000000000000e+00
0.000000000000000000e+00
0.000000000000000000e+00
0.000000000000000000e+00
0.000000000000000000e+00
0.000000000000000000e+00
0.000000000000000000e+00
0.000000000000000000e+00
0.000000000000000000e+00
0.000000000000000000e+00
0.000000000000000000e+00
0.000000000000000000e+00
0.000000000000000000e+00
0.000000000000000000e+00
0.000000000000000000e+00
0.000000000000000000e+00
0.000000000000000000e+00
0.000000000000000000e+00
0.000000000000000000e+00
0.000000000000000000e+00
0.000000000000000000e+00
0.000000000000000000e+00
0.000000000000000000e+00
0.000000000000000000e+00
0.000000000000000000e+00
0.000000000000000000e+00
