5.749732255935668945e-03
5.569219589233398438e-03
5.958378314971923828e-03
2.372705936431884766e-02
1.173210144042968750e-02
2.579510211944580078e-02
1.164495944976806641e-02
8.778035640716552734e-03
3.019857406616210938e-02
1.644206047058105469e-02
5.284458398818969727e-03
1.552659273147583008e-02
1.017969846725463867e-02
1.031410694122314453e-02
1.622092723846435547e-02
2.010369300842285156e-02
1.326084136962890625e-02
9.733259677886962891e-03
3.023445606231689453e-03
2.203541994094848633e-02
1.022809743881225586e-02
2.046847343444824219e-02
2.136790752410888672e-02
2.798563241958618164e-02
4.893898963928222656e-03
1.926887035369873047e-02
8.867442607879638672e-03
8.620142936706542969e-03
1.564502716064453125e-02
1.127076148986816406e-02
1.243561506271362305e-02
2.643859386444091797e-02
9.881675243377685547e-03
4.577040672302246094e-03
2.461630105972290039e-02
2.495908737182617188e-02
1.318722963333129883e-03
9.865105152130126953e-03
2.701497077941894531e-02
1.659393310546875000e-02
1.084834337234497070e-02
5.014300346374511719e-03
3.314033150672912598e-03
2.552795410156250000e-02
1.648920774459838867e-02
1.959294080734252930e-02
1.506978273391723633e-02
2.345705032348632812e-02
2.221882343292236328e-02
3.240334987640380859e-02
1.758778095245361328e-02
4.068911075592041016e-03
2.682411670684814453e-02
3.826832771301269531e-02
1.981121301651000977e-02
5.830287933349609375e-03
9.130924940109252930e-03
3.197991847991943359e-02
2.223551273345947266e-02
9.015977382659912109e-03
2.312648296356201172e-02
9.036839008331298828e-03
1.289463043212890625e-02
2.936708927154541016e-02
5.733579397201538086e-03
2.093648910522460938e-02
6.984591484069824219e-03
1.093214750289916992e-02
8.495867252349853516e-03
1.139950752258300781e-02
1.968026161193847656e-02
2.682656049728393555e-02
5.902439355850219727e-03
1.436644792556762695e-02
1.778566837310791016e-02
4.680186510086059570e-03
2.158123254776000977e-02
2.335345745086669922e-02
9.849756956100463867e-03
1.916640996932983398e-02
2.334696054458618164e-02
7.143914699554443359e-03
1.584947109222412109e-02
1.339638233184814453e-02
2.026414871215820312e-02
1.188760995864868164e-02
7.248461246490478516e-03
2.541148662567138672e-02
5.688816308975219727e-03
6.139248609542846680e-03
4.348039627075195312e-03
1.940429210662841797e-02
2.868211269378662109e-02
6.461799144744873047e-03
1.320838928222656250e-02
7.248878479003906250e-03
3.727108240127563477e-03
1.150614023208618164e-02
1.465594768524169922e-02
5.869150161743164062e-03
5.186378955841064453e-03
1.874899864196777344e-02
1.836490631103515625e-02
3.325951099395751953e-02
1.258289813995361328e-02
3.057134151458740234e-02
2.326887845993041992e-02
2.900385856628417969e-02
1.278460025787353516e-02
3.281044960021972656e-02
1.460689306259155273e-02
2.402174472808837891e-02
1.492893695831298828e-02
9.966075420379638672e-03
1.745343208312988281e-02
7.177174091339111328e-03
4.388287663459777832e-03
9.743630886077880859e-03
5.667388439178466797e-03
2.137541770935058594e-02
1.402378082275390625e-02
6.388098001480102539e-03
6.127119064331054688e-03
2.788734436035156250e-02
1.169842481613159180e-02
6.394863128662109375e-03
2.680683135986328125e-02
2.064526081085205078e-03
7.952809333801269531e-03
1.643365621566772461e-02
5.678385496139526367e-03
1.785886287689208984e-02
2.200722694396972656e-02
1.742243766784667969e-03
2.392172813415527344e-02
1.010966300964355469e-02
1.223313808441162109e-02
9.099364280700683594e-03
1.573073863983154297e-02
1.515471935272216797e-02
2.272379398345947266e-02
3.555262088775634766e-02
1.378214359283447266e-02
1.282250881195068359e-02
5.295157432556152344e-03
1.821124553680419922e-02
1.997965574264526367e-02
2.229130268096923828e-02
1.585698127746582031e-02
9.736180305480957031e-03
1.151806116104125977e-02
1.682817935943603516e-03
5.981564521789550781e-03
7.858574390411376953e-03
1.022362709045410156e-02
2.974379062652587891e-02
1.712667942047119141e-02
2.548426389694213867e-03
2.891659736633300781e-03
1.330024003982543945e-02
5.975455045700073242e-03
1.819324493408203125e-02
1.392501592636108398e-02
9.916365146636962891e-03
2.391493320465087891e-02
2.690839767456054688e-02
7.470488548278808594e-03
8.380889892578125000e-03
1.259374618530273438e-02
8.823037147521972656e-03
1.357626914978027344e-02
5.142390727996826172e-03
2.109140157699584961e-02
1.593053340911865234e-02
1.088774204254150391e-02
6.084978580474853516e-03
2.834761142730712891e-02
2.163505554199218750e-02
3.398180007934570312e-03
1.948904991149902344e-02
7.160544395446777344e-03
1.135528087615966797e-02
6.614327430725097656e-03
4.130721092224121094e-03
5.397707223892211914e-03
2.638292312622070312e-02
2.205991744995117188e-02
9.126543998718261719e-03
2.566838264465332031e-02
2.983939647674560547e-02
1.577711105346679688e-02
1.760876178741455078e-02
1.401340961456298828e-02
2.095937728881835938e-02
2.463603019714355469e-02
1.178634166717529297e-02
5.529284477233886719e-03
2.935338020324707031e-02
3.737062215805053711e-03
3.275275230407714844e-03
4.596561193466186523e-03
4.719108343124389648e-03
1.216703653335571289e-02
2.908730506896972656e-02
2.929198741912841797e-02
1.060336828231811523e-02
6.984353065490722656e-03
7.676959037780761719e-03
2.115011215209960938e-02
2.836132049560546875e-02
9.662628173828125000e-03
8.614361286163330078e-03
1.134318113327026367e-02
3.757178783416748047e-03
1.175111532211303711e-02
2.072918415069580078e-02
1.798486709594726562e-02
1.120948791503906250e-02
1.437294483184814453e-02
2.512896060943603516e-02
3.313827514648437500e-02
1.969158649444580078e-02
7.297545671463012695e-03
3.549218177795410156e-03
2.014780044555664062e-02
1.997077465057373047e-02
1.707839965820312500e-02
1.234710216522216797e-02
5.848854780197143555e-03
2.151310443878173828e-02
2.755534648895263672e-02
4.533976316452026367e-03
2.202045917510986328e-02
5.017518997192382812e-03
9.572148323059082031e-03
1.735240221023559570e-02
7.280111312866210938e-03
2.024143934249877930e-02
2.331066131591796875e-02
6.319761276245117188e-03
7.013261318206787109e-03
1.909959316253662109e-02
1.526224613189697266e-02
2.162665128707885742e-03
1.563632488250732422e-02
2.179872989654541016e-02
9.553313255310058594e-03
1.208829879760742188e-02
7.435113191604614258e-03
8.277416229248046875e-03
5.323141813278198242e-03
3.528028726577758789e-03
1.265692710876464844e-02
1.906490325927734375e-02
2.226352691650390625e-02
1.774764060974121094e-02
0.000000000000000000e+00
0.000000000000000000e+00
0.000000000000000000e+00
0.000000000000000000e+00
0.000000000000000000e+00
0.000000000000000000e+00
0.000000000000000000e+00
0.000000000000000000e+00
0.000000000000000000e+00
0.000000000000000000e+00
0.000000000000000000e+00
0.000000000000000000e+00
0.000000000000000000e+00
0.000000000000000000e+00
0.000000000000000000e+00
0.000000000000000000e+00
0.000000000000000000e+00
0.000000000000000000e+00
0.000000000000000000e+00
0.000000000000000000e+00
