1.606363058090209961e-02
1.984739303588867188e-02
1.634198427200317383e-02
2.664709091186523438e-02
1.863884925842285156e-02
3.633403778076171875e-02
2.384531497955322266e-02
1.351439952850341797e-02
2.395051717758178711e-02
1.475256681442260742e-02
9.496212005615234375e-03
2.221512794494628906e-02
2.174913883209228516e-02
2.549940347671508789e-02
2.697467803955078125e-02
2.438735961914062500e-02
2.472925186157226562e-02
2.508294582366943359e-02
9.258300065994262695e-03
2.511096000671386719e-02
2.294468879699707031e-02
2.375197410583496094e-02
2.754175662994384766e-02
3.702139854431152344e-02
1.297742128372192383e-02
2.193832397460937500e-02
1.781713962554931641e-02
2.637046575546264648e-02
2.330207824707031250e-02
2.004325389862060547e-02
3.955948352813720703e-02
2.875626087188720703e-02
1.653254032135009766e-02
1.513755321502685547e-02
2.831935882568359375e-02
2.747344970703125000e-02
1.505762338638305664e-02
2.173721790313720703e-02
3.330349922180175781e-02
3.187489509582519531e-02
1.774072647094726562e-02
9.991645812988281250e-03
1.410472393035888672e-02
2.860033512115478516e-02
2.464568614959716797e-02
2.855098247528076172e-02
2.375340461730957031e-02
2.476322650909423828e-02
3.174448013305664062e-02
3.694689273834228516e-02
2.187061309814453125e-02
1.316231489181518555e-02
2.920567989349365234e-02
3.716278076171875000e-02
2.169877290725708008e-02
8.570432662963867188e-03
3.037923574447631836e-02
3.019464015960693359e-02
2.876275777816772461e-02
2.769744396209716797e-02
3.056395053863525391e-02
1.673007011413574219e-02
1.486217975616455078e-02
3.593957424163818359e-02
2.505660057067871094e-02
2.399814128875732422e-02
1.910108327865600586e-02
2.115428447723388672e-02
1.651370525360107422e-02
1.085597276687622070e-02
2.313351631164550781e-02
3.069698810577392578e-02
1.612102985382080078e-02
2.796208858489990234e-02
2.409136295318603516e-02
2.020949125289916992e-02
1.556175947189331055e-02
2.617454528808593750e-02
2.742302417755126953e-02
2.486467361450195312e-02
2.264720201492309570e-02
1.435971260070800781e-02
1.904666423797607422e-02
2.380096912384033203e-02
2.332758903503417969e-02
2.350175380706787109e-02
1.575690507888793945e-02
2.889072895050048828e-02
9.578406810760498047e-03
8.221864700317382812e-03
1.265066862106323242e-02
2.047467231750488281e-02
2.963590621948242188e-02
2.560901641845703125e-02
2.690696716308593750e-02
8.521080017089843750e-03
1.608073711395263672e-02
2.063912153244018555e-02
2.021932601928710938e-02
1.677268743515014648e-02
1.279002428054809570e-02
2.734661102294921875e-02
2.374207973480224609e-02
3.069889545440673828e-02
1.694035530090332031e-02
3.641343116760253906e-02
3.007805347442626953e-02
2.305543422698974609e-02
2.359998226165771484e-02
3.364658355712890625e-02
3.002464771270751953e-02
2.751076221466064453e-02
2.914023399353027344e-02
1.341927051544189453e-02
2.493333816528320312e-02
2.547216415405273438e-02
1.984965801239013672e-02
1.547551155090332031e-02
8.340001106262207031e-03
2.742874622344970703e-02
1.996904611587524414e-02
1.768714189529418945e-02
1.536357402801513672e-02
3.141081333160400391e-02
2.322268486022949219e-02
1.325654983520507812e-02
2.885699272155761719e-02
1.873746514320373535e-03
1.006644964218139648e-02
2.678662538528442383e-02
1.540619134902954102e-02
2.241921424865722656e-02
2.986311912536621094e-02
9.831279516220092773e-03
3.907358646392822266e-02
2.570712566375732422e-02
2.798366546630859375e-02
2.665156126022338867e-02
2.994441986083984375e-02
7.643669843673706055e-03
1.715034246444702148e-02
3.786313533782958984e-02
2.108287811279296875e-02
2.065932750701904297e-02
1.339507102966308594e-02
1.494759321212768555e-02
2.713638544082641602e-02
3.593277931213378906e-02
3.888285160064697266e-02
2.114999294281005859e-02
1.398813724517822266e-02
2.372413873672485352e-03
1.077276468276977539e-02
1.299577951431274414e-02
3.402256965637207031e-02
2.325391769409179688e-02
2.409124374389648438e-02
7.139682769775390625e-03
9.602695703506469727e-03
1.816660165786743164e-02
1.229846477508544922e-02
3.294229507446289062e-02
3.089779615402221680e-02
1.827949285507202148e-02
3.106737136840820312e-02
2.906215190887451172e-02
2.107268571853637695e-02
1.254969835281372070e-02
1.664066314697265625e-02
1.671218872070312500e-02
2.122962474822998047e-02
1.666629314422607422e-02
4.453563690185546875e-02
1.953399181365966797e-02
1.499181985855102539e-02
2.946269512176513672e-02
3.884434700012207031e-02
2.590310573577880859e-02
3.575265407562255859e-02
2.467519044876098633e-02
1.577472686767578125e-02
1.690191030502319336e-02
1.458144187927246094e-02
1.270657777786254883e-02
1.407861709594726562e-02
2.580881118774414062e-02
4.022777080535888672e-02
2.049899101257324219e-02
3.438401222229003906e-02
3.939306735992431641e-02
2.093994617462158203e-02
1.591098308563232422e-02
2.844774723052978516e-02
2.130091190338134766e-02
3.858292102813720703e-02
2.185863256454467773e-02
2.510416507720947266e-02
2.975714206695556641e-02
4.045188426971435547e-03
1.594704389572143555e-02
1.000922918319702148e-02
9.541749954223632812e-03
2.037155628204345703e-02
3.498768806457519531e-02
4.782366752624511719e-02
2.923965454101562500e-02
1.465070247650146484e-02
3.661966323852539062e-02
3.106796741485595703e-02
3.989171981811523438e-02
2.209174633026123047e-02
1.941245794296264648e-02
2.855741977691650391e-02
3.392130136489868164e-03
2.829319238662719727e-02
1.339060068130493164e-02
2.723276615142822266e-02
1.141142845153808594e-02
5.098199844360351562e-02
2.603423595428466797e-02
3.241610527038574219e-02
2.483284473419189453e-02
2.573865652084350586e-02
1.012426614761352539e-02
3.003156185150146484e-02
2.229475975036621094e-02
1.912057399749755859e-02
1.983606815338134766e-02
1.291763782501220703e-02
1.406604051589965820e-02
3.141713142395019531e-02
2.253067493438720703e-02
2.398902177810668945e-02
7.876515388488769531e-03
1.827263832092285156e-02
2.664470672607421875e-02
2.683210372924804688e-02
3.930878639221191406e-02
3.285014629364013672e-02
1.727199554443359375e-02
1.813453435897827148e-02
2.902638912200927734e-02
2.190095186233520508e-02
6.191015243530273438e-03
2.758181095123291016e-02
2.417063713073730469e-02
2.242207527160644531e-02
1.404708623886108398e-02
3.110206127166748047e-02
1.313090324401855469e-02
9.471803903579711914e-03
1.048040390014648438e-02
2.186071872711181641e-02
2.777051925659179688e-02
2.410709857940673828e-02
2.597874402999877930e-02
0.000000000000000000e+00
0.000000000000000000e+00
0.000000000000000000e+00
0.000000000000000000e+00
0.000000000000000000e+00
0.000000000000000000e+00
0.000000000000000000e+00
0.000000000000000000e+00
0.000000000000000000e+00
0.000000000000000000e+00
0.000000000000000000e+00
0.000000000000000000e+00
0.000000000000000000e+00
0.000000000000000000e+00
0.000000000000000000e+00
0.000000000000000000e+00
0.000000000000000000e+00
0.000000000000000000e+00
0.000000000000000000e+00
0.000000000000000000e+00
