9.147852659225463867e-03
7.013797760009765625e-03
1.529502868652343750e-02
2.939581871032714844e-02
1.339739561080932617e-02
2.786993980407714844e-02
1.718574762344360352e-02
1.118403673171997070e-02
2.979683876037597656e-02
1.790976524353027344e-02
7.109880447387695312e-03
2.349138259887695312e-02
1.338219642639160156e-02
1.382708549499511719e-02
2.626991271972656250e-02
1.441717147827148438e-02
1.323360204696655273e-02
2.019327878952026367e-02
1.055508852005004883e-02
1.757079362869262695e-02
9.527683258056640625e-03
2.093303203582763672e-02
1.901257038116455078e-02
3.031170368194580078e-02
1.019716262817382812e-02
2.155137062072753906e-02
8.680850267410278320e-03
1.142859458923339844e-02
2.789425849914550781e-02
1.408493518829345703e-02
3.259170055389404297e-02
2.306890487670898438e-02
1.678550243377685547e-02
6.605714559555053711e-03
2.286779880523681641e-02
2.884912490844726562e-02
1.430791616439819336e-02
1.007109880447387695e-02
3.800153732299804688e-02
2.564978599548339844e-02
2.511215209960937500e-02
5.574464797973632812e-03
1.118254661560058594e-02
3.206372261047363281e-02
8.342027664184570312e-03
1.598858833312988281e-02
2.498000860214233398e-02
2.209770679473876953e-02
3.496432304382324219e-02
2.845603227615356445e-02
2.181589603424072266e-02
1.443278789520263672e-02
2.725660800933837891e-02
3.617405891418457031e-02
1.575249433517456055e-02
9.355902671813964844e-03
1.610332727432250977e-02
4.557704925537109375e-02
2.693092823028564453e-02
1.515972614288330078e-02
3.982436656951904297e-02
1.867061853408813477e-02
1.323485374450683594e-02
2.833408117294311523e-02
1.119518280029296875e-02
2.429294586181640625e-02
8.119314908981323242e-03
2.188467979431152344e-02
1.563340425491333008e-02
1.078110933303833008e-02
2.163898944854736328e-02
1.658850908279418945e-02
7.105052471160888672e-03
1.632297039031982422e-02
1.879853010177612305e-02
5.635023117065429688e-03
1.922750473022460938e-02
2.298212051391601562e-02
9.740650653839111328e-03
1.955842971801757812e-02
1.994132995605468750e-02
1.353633403778076172e-02
1.743042469024658203e-02
1.824897527694702148e-02
1.963984966278076172e-02
1.453453302383422852e-02
1.122635602951049805e-02
1.961469650268554688e-02
9.054481983184814453e-03
1.294898986816406250e-02
1.292520761489868164e-02
1.472210884094238281e-02
2.455174922943115234e-02
7.214963436126708984e-03
7.967919111251831055e-03
8.807837963104248047e-03
4.745125770568847656e-03
2.532136440277099609e-02
1.472073793411254883e-02
1.026734709739685059e-02
6.257355213165283203e-03
2.319025993347167969e-02
1.803338527679443359e-02
2.743297815322875977e-02
1.595497131347656250e-02
2.565491199493408203e-02
2.609598636627197266e-02
2.797460556030273438e-02
1.831990480422973633e-02
1.325309276580810547e-02
1.567327976226806641e-02
2.740180492401123047e-02
2.418303489685058594e-02
9.199827909469604492e-03
1.820695400238037109e-02
1.059693098068237305e-02
2.296961843967437744e-03
1.336014270782470703e-02
1.669877767562866211e-02
2.325952053070068359e-02
1.745527982711791992e-02
8.373022079467773438e-03
1.336956024169921875e-02
2.498769760131835938e-02
1.412594318389892578e-02
1.014184951782226562e-02
2.092266082763671875e-02
5.944490432739257812e-03
1.160848140716552734e-02
1.579147577285766602e-02
1.159316301345825195e-02
2.000927925109863281e-02
3.149354457855224609e-02
2.340853214263916016e-03
2.693605422973632812e-02
1.490944623947143555e-02
1.537889242172241211e-02
5.656659603118896484e-03
1.191240549087524414e-02
1.627111434936523438e-02
2.899116277694702148e-02
3.530836105346679688e-02
1.965928077697753906e-02
1.923191547393798828e-02
1.647758483886718750e-02
2.399516105651855469e-02
2.393978834152221680e-02
2.588200569152832031e-02
1.506805419921875000e-02
2.035683393478393555e-02
1.527446508407592773e-02
2.226009964942932129e-03
1.400691270828247070e-02
1.380062103271484375e-02
1.257780194282531738e-02
1.889777183532714844e-02
2.590513229370117188e-02
2.106070518493652344e-03
8.475422859191894531e-03
1.600438356399536133e-02
1.176708936691284180e-02
2.358943223953247070e-02
2.176475524902343750e-02
2.021026611328125000e-02
2.412343025207519531e-02
2.697563171386718750e-02
2.101087570190429688e-02
5.706727504730224609e-03
1.442837715148925781e-02
1.326233148574829102e-02
1.678490638732910156e-02
1.881176233291625977e-02
1.550757884979248047e-02
1.788699626922607422e-02
1.615434885025024414e-02
1.779246330261230469e-02
2.422451972961425781e-02
2.424752712249755859e-02
4.588872194290161133e-03
2.074134349822998047e-02
9.152829647064208984e-03
1.466262340545654297e-02
9.502053260803222656e-03
1.180768013000488281e-02
9.469985961914062500e-03
2.357935905456542969e-02
2.843058109283447266e-02
1.081836223602294922e-02
2.687358856201171875e-02
4.348587989807128906e-02
1.829922199249267578e-02
2.400875091552734375e-02
1.790356636047363281e-02
1.934111118316650391e-02
2.630496025085449219e-02
1.624071598052978516e-02
8.889198303222656250e-03
2.794289588928222656e-02
4.537701606750488281e-03
9.709447622299194336e-03
1.010689139366149902e-02
1.485067605972290039e-02
1.921892166137695312e-02
2.413630485534667969e-02
3.846573829650878906e-02
1.125407218933105469e-02
1.564574241638183594e-02
3.475677967071533203e-02
1.756751537322998047e-02
3.864669799804687500e-02
2.491581439971923828e-02
1.938730478286743164e-02
1.925134658813476562e-02
6.468623876571655273e-03
8.162260055541992188e-03
1.887285709381103516e-02
2.284628152847290039e-02
2.114689350128173828e-02
1.961708068847656250e-02
2.470874786376953125e-02
3.168463706970214844e-02
2.007716894149780273e-02
1.132753491401672363e-02
1.018464565277099609e-02
2.451801300048828125e-02
2.045965194702148438e-02
2.229738235473632812e-02
1.719039678573608398e-02
1.600754261016845703e-02
2.012360095977783203e-02
2.170169353485107422e-02
8.757203817367553711e-03
1.984560489654541016e-02
9.976267814636230469e-03
1.129370927810668945e-02
1.224935054779052734e-02
1.873415708541870117e-02
2.439397573471069336e-02
2.310025691986083984e-02
1.215517520904541016e-02
1.547276973724365234e-02
2.929341793060302734e-02
2.445566654205322266e-02
1.601390540599822998e-03
2.097177505493164062e-02
1.935166120529174805e-02
1.386523246765136719e-02
7.240176200866699219e-03
1.095873117446899414e-02
1.424682140350341797e-02
7.043987512588500977e-03
7.650941610336303711e-03
1.393795013427734375e-02
1.546418666839599609e-02
2.879643440246582031e-02
1.660585403442382812e-02
0.000000000000000000e+00
0.000000000000000000e+00
0.000000000000000000e+00
0.000000000000000000e+00
0.000000000000000000e+00
0.000000000000000000e+00
0.000000000000000000e+00
0.000000000000000000e+00
0.000000000000000000e+00
0.000000000000000000e+00
0.000000000000000000e+00
0.000000000000000000e+00
0.000000000000000000e+00
0.000000000000000000e+00
0.000000000000000000e+00
0.000000000000000000e+00
0.000000000000000000e+00
0.000000000000000000e+00
0.000000000000000000e+00
0.000000000000000000e+00
