5.718655884265899658e-04
1.434618234634399414e-02
2.466160804033279419e-04
1.849293708801269531e-03
3.013446927070617676e-03
4.446864128112792969e-03
3.466337919235229492e-03
3.648372367024421692e-04
2.194094657897949219e-02
6.631821393966674805e-03
1.170951128005981445e-02
1.050857827067375183e-04
7.582902908325195312e-04
1.488345861434936523e-02
2.679616212844848633e-03
1.078147441148757935e-03
6.129145622253417969e-04
3.810957074165344238e-03
2.338147163391113281e-02
1.682299375534057617e-02
3.177845478057861328e-02
1.673841476440429688e-02
5.483021959662437439e-05
9.437724947929382324e-04
6.293803453445434570e-04
9.742438793182373047e-03
2.738058567047119141e-03
9.167790412902832031e-03
1.651567220687866211e-02
1.524430513381958008e-02
4.257299005985260010e-04
1.134157180786132812e-02
2.306032180786132812e-02
1.185011863708496094e-02
7.383763790130615234e-03
3.050982952117919922e-03
2.643668651580810547e-02
5.805313587188720703e-03
8.536279201507568359e-04
1.303333044052124023e-02
1.116907596588134766e-02
4.596948623657226562e-03
3.904998302459716797e-03
6.496265996247529984e-06
6.129115819931030273e-03
2.274625003337860107e-04
2.961683273315429688e-02
4.813194274902343750e-03
6.706677377223968506e-04
2.118587493896484375e-03
2.704143524169921875e-03
1.952186226844787598e-03
8.830651640892028809e-04
1.291823387145996094e-02
2.036154270172119141e-03
6.934136152267456055e-03
1.957416534423828125e-03
5.410879850387573242e-03
9.094595909118652344e-03
1.473379135131835938e-02
6.902188062667846680e-03
1.870644092559814453e-02
2.418577671051025391e-02
3.998160362243652344e-03
3.672927618026733398e-03
3.839746117591857910e-03
1.055496931076049805e-02
4.769730567932128906e-02
2.911791205406188965e-03
1.572161912918090820e-02
1.338630914688110352e-02
2.924591302871704102e-02
1.307785511016845703e-02
1.186974346637725830e-03
1.464709639549255371e-04
7.657855749130249023e-04
2.217710018157958984e-02
2.396866679191589355e-03
9.785175323486328125e-03
1.934444904327392578e-02
1.137647777795791626e-03
1.841753721237182617e-03
1.705366373062133789e-02
1.000910997390747070e-03
2.247747033834457397e-04
9.074866771697998047e-03
2.618962526321411133e-02
2.425655722618103027e-03
1.590454578399658203e-02
1.673519611358642578e-02
3.316327929496765137e-03
7.214516401290893555e-03
8.714124560356140137e-04
1.114332675933837891e-02
2.582156658172607422e-02
1.586836576461791992e-02
1.302570104598999023e-03
1.779741048812866211e-02
1.374810934066772461e-03
6.466321647167205811e-04
1.784965395927429199e-03
4.141181707382202148e-03
1.361298561096191406e-02
5.702704191207885742e-03
2.487212419509887695e-03
1.465535163879394531e-02
1.734167337417602539e-03
4.125252366065979004e-03
1.201775670051574707e-02
2.320808172225952148e-02
2.773416042327880859e-02
9.525597095489501953e-03
4.008114337921142578e-03
4.179805517196655273e-03
3.207039833068847656e-02
7.098436355590820312e-03
9.541749954223632812e-03
8.651055395603179932e-05
1.017607748508453369e-03
5.766659975051879883e-03
8.221119642257690430e-03
5.330890417098999023e-03
1.496350765228271484e-02
2.876166254281997681e-04
1.641735434532165527e-03
5.615055561065673828e-03
3.186836838722229004e-04
1.751914620399475098e-03
9.880065917968750000e-03
2.147238701581954956e-04
1.861102879047393799e-03
1.513528823852539062e-02
9.278774261474609375e-03
5.106300115585327148e-03
7.740557193756103516e-03
4.036664962768554688e-03
4.048682749271392822e-04
1.486644148826599121e-03
6.182819604873657227e-03
1.506018638610839844e-02
1.083938404917716980e-04
1.196056604385375977e-03
1.808333396911621094e-02
2.067762613296508789e-02
1.411801576614379883e-02
9.477972984313964844e-03
2.037030458450317383e-02
4.413463175296783447e-04
8.963346481323242188e-04
1.692628860473632812e-02
5.592685192823410034e-05
3.758803009986877441e-03
2.873197197914123535e-03
9.847059845924377441e-04
1.662003993988037109e-02
1.669567823410034180e-02
8.786052465438842773e-03
6.157577037811279297e-03
5.427032709121704102e-03
1.580852270126342773e-02
6.490528583526611328e-03
9.478852152824401855e-04
1.703780889511108398e-02
3.749504685401916504e-04
7.504761219024658203e-03
3.218092024326324463e-05
1.120060682296752930e-03
2.688586711883544922e-03
8.044987916946411133e-04
1.324558258056640625e-02
1.769840717315673828e-03
2.911835908889770508e-03
4.286319017410278320e-03
2.100026607513427734e-02
2.698922157287597656e-02
1.723402738571166992e-02
1.811158657073974609e-02
8.015483617782592773e-03
6.215227767825126648e-05
1.421308517456054688e-02
8.984088897705078125e-03
2.755168825387954712e-04
2.161022275686264038e-04
9.633421897888183594e-03
3.037130832672119141e-02
4.421353340148925781e-03
1.806542277336120605e-04
6.406992673873901367e-03
1.766312122344970703e-02
1.656603813171386719e-02
4.177689552307128906e-04
1.042939722537994385e-03
1.072728633880615234e-02
2.943929284811019897e-04
7.759422063827514648e-03
5.131121724843978882e-05
3.478789329528808594e-02
2.970602363348007202e-04
1.017081737518310547e-02
3.212904930114746094e-02
1.970350742340087891e-02
6.839156150817871094e-03
6.107956171035766602e-03
1.540303230285644531e-02
4.793033003807067871e-04
7.866099476814270020e-04
1.265466213226318359e-02
2.857667207717895508e-02
1.648926734924316406e-02
1.391088962554931641e-02
5.464777350425720215e-04
8.989423513412475586e-03
1.404136419296264648e-02
7.812678813934326172e-05
2.375090122222900391e-02
2.454417943954467773e-02
1.876461505889892578e-02
4.936344921588897705e-04
1.546531915664672852e-02
4.762619733810424805e-03
2.094620466232299805e-02
3.312930464744567871e-03
1.751887798309326172e-02
3.431224822998046875e-02
2.924516797065734863e-03
1.711958646774291992e-02
4.116445779800415039e-04
6.128042936325073242e-03
5.586683750152587891e-03
9.481832385063171387e-04
2.633750438690185547e-03
5.216002464294433594e-03
2.847969532012939453e-02
1.204967498779296875e-02
1.442462205886840820e-02
6.606519222259521484e-03
1.843184232711791992e-03
1.425081491470336914e-02
5.090624094009399414e-03
3.975152969360351562e-03
5.612671375274658203e-03
2.774953842163085938e-03
2.728745341300964355e-03
3.644779324531555176e-03
5.261525511741638184e-04
8.053258061408996582e-04
1.665914058685302734e-02
1.427263021469116211e-02
1.698142290115356445e-02
4.117637872695922852e-04
1.378849148750305176e-03
1.420140266418457031e-03
6.926134228706359863e-04
8.409917354583740234e-03
1.676779985427856445e-02
1.303032040596008301e-03
5.023062229156494141e-03
1.884743571281433105e-02
2.555444836616516113e-03
1.128646731376647949e-02
3.239572048187255859e-02
1.888982951641082764e-03
5.589097738265991211e-03
1.526427268981933594e-02
2.117562294006347656e-02
2.724039554595947266e-02
9.072303771972656250e-03
3.710724413394927979e-04
6.946139037609100342e-04
2.282395958900451660e-03
2.413190901279449463e-03
7.078826427459716797e-03
5.891442298889160156e-03
1.856046915054321289e-02
3.926694393157958984e-03
5.392670631408691406e-03
1.628291606903076172e-02
1.845374703407287598e-03
1.843243837356567383e-03
6.011366844177246094e-03
2.004116773605346680e-03
5.260735750198364258e-03
2.359420061111450195e-03
3.523565828800201416e-04
7.074505090713500977e-03
8.414015173912048340e-04
1.077687740325927734e-02
2.286124229431152344e-02
3.113389015197753906e-03
4.448927938938140869e-04
1.320612430572509766e-02
2.059221267700195312e-02
1.100633293390274048e-03
1.848238706588745117e-02
4.229187965393066406e-03
1.262497901916503906e-02
1.520402729511260986e-04
1.950210332870483398e-02
3.479138016700744629e-03
9.459629654884338379e-04
1.879654824733734131e-03
3.498882055282592773e-03
2.351731061935424805e-03
1.390069723129272461e-02
9.820610284805297852e-03
1.997694373130798340e-03
2.769514918327331543e-03
1.373589038848876953e-02
5.139052867889404297e-03
1.378998160362243652e-03
1.089259982109069824e-02
1.935458183288574219e-02
1.226145029067993164e-02
1.668787002563476562e-02
1.023393869400024414e-02
1.237809658050537109e-02
1.126980781555175781e-02
1.588523387908935547e-02
7.998228073120117188e-03
6.163343787193298340e-04
7.919073104858398438e-03
1.558315753936767578e-02
1.176142692565917969e-02
1.028470695018768311e-03
1.108849048614501953e-02
4.294514656066894531e-03
1.947158575057983398e-02
7.681727409362792969e-03
7.379233837127685547e-03
6.452649831771850586e-04
1.238042116165161133e-02
3.466993570327758789e-03
2.574231475591659546e-04
2.188622951507568359e-03
2.655640244483947754e-03
5.650371313095092773e-03
1.707643270492553711e-02
9.753286838531494141e-03
1.024064421653747559e-02
1.695752143859863281e-02
8.177191019058227539e-03
4.201252013444900513e-04
2.237772941589355469e-02
1.966571807861328125e-02
1.602500677108764648e-03
1.561239361763000488e-03
2.023643255233764648e-02
2.739459276199340820e-03
1.707565784454345703e-02
1.186662912368774414e-02
2.545034885406494141e-02
5.586743354797363281e-03
6.431996822357177734e-03
2.923682332038879395e-03
1.083776354789733887e-03
8.038461208343505859e-03
2.041697502136230469e-03
1.286312937736511230e-03
1.475557684898376465e-03
8.566081523895263672e-04
5.305051803588867188e-03
2.107274532318115234e-02
6.079301238059997559e-04
3.317520022392272949e-04
1.493930816650390625e-02
8.069455623626708984e-03
1.440125703811645508e-02
3.869235515594482422e-04
2.051830291748046875e-02
1.236617565155029297e-02
7.899701595306396484e-04
1.327216625213623047e-03
2.693086862564086914e-03
7.184982299804687500e-03
2.252483367919921875e-02
1.075346022844314575e-03
6.379514932632446289e-03
4.070460796356201172e-03
1.319050788879394531e-04
2.552223205566406250e-02
2.236530184745788574e-03
1.390266418457031250e-02
1.980245113372802734e-03
1.562207937240600586e-03
1.152229309082031250e-02
1.677083969116210938e-02
7.752448320388793945e-03
4.074722528457641602e-03
4.653707146644592285e-03
6.166458129882812500e-03
4.123389720916748047e-02
1.179820299148559570e-02
5.049407482147216797e-03
2.084779739379882812e-02
1.038956642150878906e-02
2.076327800750732422e-02
1.957118511199951172e-02
3.170728683471679688e-03
1.047015190124511719e-02
1.960283517837524414e-02
7.268756628036499023e-03
7.772028446197509766e-03
4.129782319068908691e-04
4.264175891876220703e-03
2.391085028648376465e-03
3.980193287134170532e-04
1.128166913986206055e-03
2.697974443435668945e-03
1.279741525650024414e-03
1.497618854045867920e-03
1.587831974029541016e-02
3.711640834808349609e-03
1.617294549942016602e-02
2.875399589538574219e-02
5.245357751846313477e-03
1.945388317108154297e-02
9.540617465972900391e-04
8.200079202651977539e-03
4.267364740371704102e-03
6.250068545341491699e-04
8.097350597381591797e-03
1.847165822982788086e-02
2.679848670959472656e-02
8.935272693634033203e-03
8.179575204849243164e-03
1.962947845458984375e-02
1.402220129966735840e-02
1.883906126022338867e-02
1.072384417057037354e-03
1.300811767578125000e-02
1.877546310424804688e-02
1.566612720489501953e-02
8.014559745788574219e-03
1.721560955047607422e-03
1.030817627906799316e-03
1.162767410278320312e-02
1.577877998352050781e-02
7.845759391784667969e-03
7.534725591540336609e-05
2.558127045631408691e-03
6.608366966247558594e-03
7.490754127502441406e-03
1.882982254028320312e-02
1.960855722427368164e-02
2.513945102691650391e-03
4.238821566104888916e-05
2.961844205856323242e-03
8.708909153938293457e-04
1.337630674242973328e-04
2.577260136604309082e-03
6.719291210174560547e-03
3.231078386306762695e-03
4.887674003839492798e-04
5.749553442001342773e-03
3.811925649642944336e-03
5.143791437149047852e-03
4.124343395233154297e-03
2.219641208648681641e-02
5.155242979526519775e-05
2.396121621131896973e-03
2.886191010475158691e-03
1.465752720832824707e-03
8.769035339355468750e-04
2.726703882217407227e-03
3.899216651916503906e-03
3.236122429370880127e-04
8.594207465648651123e-04
4.463613033294677734e-03
6.577402353286743164e-03
2.548277378082275391e-03
2.010352909564971924e-03
6.161868572235107422e-03
2.424746751785278320e-03
2.633011341094970703e-02
2.810601145029067993e-04
2.811598777770996094e-02
2.963822335004806519e-04
1.147472858428955078e-02
8.994072675704956055e-03
2.294749021530151367e-02
8.070915937423706055e-04
2.207243442535400391e-02
4.189863801002502441e-03
3.856778144836425781e-02
1.710988581180572510e-04
1.905936002731323242e-02
2.115428447723388672e-02
1.223988831043243408e-03
4.146307706832885742e-03
3.491565585136413574e-03
6.495527923107147217e-04
3.153458237648010254e-03
6.860978901386260986e-04
1.246467232704162598e-03
4.621505737304687500e-03
2.903506159782409668e-03
6.042197346687316895e-04
2.263772487640380859e-02
4.980191588401794434e-04
4.686824977397918701e-04
1.617032103240489960e-05
1.371425390243530273e-02
1.543298363685607910e-03
7.982552051544189453e-03
2.176530659198760986e-03
5.747526884078979492e-03
9.786635637283325195e-04
2.800002694129943848e-04
8.885096758604049683e-05
2.122730016708374023e-03
9.953618049621582031e-03
6.518065929412841797e-04
8.920341730117797852e-03
1.719892024993896484e-02
2.111300826072692871e-03
2.176761627197265625e-02
2.776682376861572266e-04
2.529814839363098145e-03
1.026630401611328125e-03
1.314051449298858643e-03
5.737841129302978516e-03
2.472817897796630859e-03
1.621365547180175781e-02
1.016861200332641602e-02
2.990588545799255371e-03
2.252668142318725586e-03
6.760656833648681641e-04
5.379140377044677734e-03
1.088559627532958984e-03
1.647424697875976562e-02
1.094982028007507324e-03
5.446434020996093750e-03
4.035055637359619141e-03
4.330277442932128906e-03
1.107436418533325195e-02
2.056723833084106445e-02
1.612359285354614258e-02
4.912793636322021484e-03
2.674067020416259766e-02
2.488911151885986328e-03
6.659999489784240723e-04
1.096051931381225586e-02
8.340835571289062500e-03
6.853550672531127930e-03
1.458637416362762451e-03
1.650887727737426758e-02
7.247000932693481445e-03
1.848325133323669434e-03
1.039132475852966309e-03
2.871274948120117188e-03
5.887627601623535156e-03
4.226481541991233826e-05
1.266252994537353516e-02
1.879876852035522461e-02
7.521897554397583008e-03
1.964199542999267578e-02
3.797203302383422852e-03
4.349887371063232422e-03
1.504796743392944336e-02
1.645761728286743164e-02
3.019928932189941406e-03
5.910247564315795898e-03
2.583050727844238281e-02
7.395073771476745605e-04
2.755719423294067383e-02
4.970422014594078064e-05
2.569809556007385254e-03
2.051222324371337891e-02
1.643663644790649414e-02
2.893745899200439453e-03
2.061706036329269409e-04
1.332554966211318970e-04
1.225411891937255859e-02
1.307171583175659180e-02
1.222245395183563232e-03
4.199519753456115723e-04
2.664208412170410156e-03
5.047112703323364258e-03
1.021641492843627930e-02
1.513868570327758789e-02
2.329730987548828125e-02
6.624966859817504883e-03
4.155635833740234375e-03
1.680791378021240234e-02
1.419484615325927734e-03
1.337021589279174805e-03
1.115143299102783203e-02
1.229047775268554688e-03
1.223790645599365234e-02
1.113183796405792236e-03
7.554292678833007812e-03
3.823906183242797852e-03
1.934516429901123047e-02
2.836734056472778320e-03
4.258954524993896484e-02
1.217094063758850098e-02
1.650653779506683350e-03
7.376968860626220703e-04
2.212131023406982422e-02
8.774474263191223145e-04
1.644395291805267334e-03
5.412966012954711914e-03
3.269672393798828125e-03
2.736961841583251953e-02
1.555424928665161133e-02
3.160402178764343262e-03
4.558786749839782715e-03
6.214112043380737305e-03
2.168858051300048828e-02
7.134489715099334717e-04
3.238782286643981934e-03
2.277708053588867188e-02
2.668481320142745972e-04
4.236727952957153320e-03
9.959563612937927246e-04
1.216146349906921387e-02
6.786704063415527344e-03
1.901969313621520996e-03
2.827900648117065430e-02
5.970120429992675781e-03
7.967829704284667969e-03
1.673907041549682617e-03
1.568353176116943359e-02
1.117408275604248047e-03
5.852252244949340820e-03
8.932322263717651367e-03
1.332175731658935547e-02
1.410081982612609863e-03
3.891080617904663086e-03
4.186183214187622070e-03
3.857538104057312012e-05
9.989559650421142578e-03
7.230073213577270508e-03
1.894509792327880859e-02
6.649702787399291992e-03
1.733554527163505554e-04
2.716615796089172363e-03
2.513211220502853394e-04
1.438960433006286621e-03
2.569794654846191406e-03
2.348888665437698364e-05
1.370523124933242798e-03
4.857957363128662109e-03
4.528462886810302734e-03
4.685401916503906250e-03
4.616409540176391602e-03
2.123847603797912598e-03
1.941453665494918823e-04
2.344295382499694824e-03
1.916468143463134766e-02
1.181602478027343750e-02
1.309567689895629883e-02
1.368445158004760742e-02
1.760803163051605225e-03
2.679336071014404297e-02
5.454912781715393066e-03
8.480846881866455078e-03
2.633910626173019409e-04
4.869282245635986328e-03
2.249881625175476074e-03
8.327305316925048828e-03
1.069939136505126953e-02
3.638602793216705322e-04
1.406294107437133789e-02
8.791238069534301758e-04
5.081761628389358521e-05
1.046126708388328552e-04
1.027524471282958984e-02
1.685309410095214844e-02
3.045693039894104004e-03
4.459843039512634277e-04
8.268773555755615234e-03
8.978605270385742188e-03
5.370706319808959961e-03
1.741188764572143555e-02
2.385866641998291016e-02
1.017248630523681641e-02
3.959968686103820801e-03
6.974339485168457031e-03
4.507452249526977539e-04
1.925230026245117188e-03
1.113015413284301758e-02
1.686155796051025391e-03
5.023144185543060303e-04
3.723025321960449219e-03
5.251169204711914062e-03
2.921745181083679199e-05
1.150511205196380615e-03
7.964491844177246094e-03
1.358973979949951172e-02
7.627606391906738281e-03
3.887340426445007324e-03
2.693772315979003906e-03
1.463234424591064453e-03
3.030210733413696289e-03
1.184988021850585938e-02
3.809911012649536133e-02
1.057595014572143555e-02
4.853188991546630859e-03
3.524929285049438477e-03
1.611572504043579102e-02
5.319535732269287109e-03
1.716291904449462891e-02
2.023166418075561523e-02
5.121737718582153320e-03
3.469064831733703613e-04
1.846486702561378479e-05
3.380811214447021484e-02
9.688884019851684570e-03
1.945048570632934570e-03
1.331329345703125000e-03
2.156339585781097412e-03
8.427537977695465088e-05
2.248093485832214355e-03
9.360074996948242188e-03
1.767003536224365234e-02
1.816675066947937012e-03
1.385025680065155029e-04
1.422598958015441895e-03
1.764148473739624023e-03
7.235556840896606445e-03
3.235861659049987793e-04
4.271954298019409180e-03
2.570435404777526855e-03
2.760994434356689453e-02
1.976335048675537109e-02
5.610138177871704102e-04
5.757302045822143555e-03
4.024356603622436523e-04
1.172341406345367432e-03
3.769338130950927734e-03
1.827757805585861206e-04
1.793158054351806641e-02
5.240827798843383789e-03
2.547156810760498047e-02
2.723461389541625977e-02
6.487965583801269531e-04
1.907780766487121582e-03
2.862200140953063965e-03
5.140125751495361328e-03
5.531013011932373047e-03
2.355605363845825195e-03
1.177954673767089844e-02
1.308727264404296875e-02
2.046525478363037109e-03
1.272588968276977539e-02
1.633942127227783203e-03
2.063870429992675781e-02
9.103178977966308594e-03
8.379155769944190979e-05
4.705935716629028320e-03
1.349173486232757568e-03
1.424324512481689453e-02
5.609408020973205566e-03
2.757869660854339600e-04
3.690943121910095215e-04
2.115631103515625000e-02
2.440080046653747559e-03
1.418358087539672852e-02
9.241998195648193359e-03
1.124787330627441406e-02
4.567831754684448242e-03
1.451158523559570312e-02
1.944726705551147461e-02
1.370394602417945862e-04
9.315490722656250000e-03
5.793944001197814941e-05
7.790960371494293213e-04
5.174934864044189453e-03
2.240943908691406250e-02
1.703746616840362549e-03
1.247090101242065430e-02
3.916636109352111816e-03
5.708307027816772461e-03
8.777678012847900391e-04
2.845758199691772461e-02
1.501739025115966797e-04
4.253000020980834961e-03
1.440036296844482422e-02
1.744699478149414062e-02
2.708107233047485352e-03
8.716881275177001953e-03
8.471868932247161865e-04
2.880412340164184570e-02
7.799118757247924805e-03
1.807630062103271484e-03
3.223109245300292969e-02
3.884792327880859375e-03
6.816446781158447266e-03
1.203209161758422852e-03
2.594798803329467773e-03
3.000646829605102539e-04
1.867696642875671387e-03
2.343200147151947021e-03
1.969095319509506226e-04
1.735413074493408203e-02
2.203905023634433746e-05
2.044415473937988281e-02
7.551908493041992188e-04
7.038116455078125000e-04
8.795782923698425293e-04
7.309671491384506226e-05
6.185889244079589844e-03
1.601052284240722656e-02
2.163901925086975098e-03
1.647067070007324219e-02
1.535701751708984375e-02
4.108637571334838867e-03
2.292282879352569580e-04
1.515068113803863525e-03
7.977843284606933594e-03
3.995120525360107422e-03
7.877126336097717285e-05
1.440942287445068359e-02
2.251435071229934692e-04
3.675848245620727539e-03
4.468485713005065918e-05
5.818083882331848145e-04
4.618279635906219482e-04
4.521533846855163574e-04
6.603077054023742676e-04
1.820647716522216797e-02
7.067501544952392578e-03
1.991403102874755859e-02
7.807910442352294922e-03
9.118437767028808594e-03
1.838648319244384766e-02
1.163005828857421875e-03
5.259096622467041016e-03
7.895112037658691406e-03
1.422073692083358765e-04
1.722220331430435181e-04
5.626380443572998047e-04
2.153683453798294067e-04
6.899461150169372559e-04
4.452168941497802734e-03
2.617627382278442383e-03
4.224199801683425903e-05
3.952682018280029297e-04
9.622812271118164062e-03
1.262015104293823242e-02
4.431419074535369873e-05
1.292070373892784119e-04
6.210893392562866211e-03
1.208013296127319336e-02
3.829729557037353516e-02
6.393909454345703125e-03
5.079712718725204468e-05
7.925510406494140625e-03
6.804801523685455322e-05
2.083897590637207031e-03
8.743494749069213867e-03
8.179128170013427734e-03
1.571083068847656250e-02
7.429659366607666016e-03
1.866745948791503906e-02
1.776635646820068359e-02
1.521241664886474609e-02
4.060715436935424805e-03
1.029771566390991211e-02
3.562159836292266846e-04
3.415495157241821289e-03
2.165697515010833740e-04
6.202816963195800781e-03
8.228331804275512695e-03
3.847360610961914062e-03
2.364367246627807617e-04
1.146382093429565430e-02
7.204502820968627930e-03
1.576468348503112793e-04
6.474182009696960449e-04
1.536034047603607178e-03
7.644832134246826172e-03
1.300185918807983398e-02
8.952803909778594971e-06
7.141053676605224609e-03
3.184638917446136475e-04
1.363283395767211914e-02
1.126039028167724609e-02
1.830768585205078125e-02
1.608079671859741211e-02
1.521259546279907227e-02
1.463371515274047852e-02
7.035210728645324707e-05
7.651090621948242188e-03
2.657016739249229431e-05
1.202851533889770508e-03
4.044584929943084717e-04
1.083624362945556641e-02
5.322575569152832031e-03
8.113622665405273438e-03
1.503419876098632812e-02
3.497973084449768066e-04
6.815511733293533325e-05
6.193574517965316772e-05
1.302793622016906738e-03
3.629326820373535156e-04
1.009678840637207031e-02
3.045761585235595703e-02
2.587065100669860840e-03
1.507932320237159729e-04
8.865952491760253906e-03
2.415359020233154297e-03
1.585543155670166016e-03
1.834785938262939453e-02
1.422458887100219727e-02
1.146644353866577148e-03
2.801697701215744019e-05
9.344443678855895996e-04
3.923833370208740234e-03
1.711994409561157227e-04
8.723616600036621094e-03
3.019481897354125977e-03
3.128254413604736328e-02
9.709417819976806641e-03
2.106809616088867188e-02
1.301504671573638916e-04
1.074913144111633301e-02
1.091027259826660156e-02
2.736359834671020508e-02
2.388328313827514648e-03
2.959415316581726074e-03
2.908706665039062500e-04
6.830662488937377930e-03
1.534897089004516602e-02
7.977411150932312012e-04
8.038938045501708984e-03
1.466646790504455566e-04
3.734529018402099609e-03
4.958026111125946045e-04
1.338303089141845703e-03
8.295178413391113281e-04
5.199899896979331970e-05
1.165438443422317505e-04
2.267837524414062500e-03
4.188448190689086914e-03
2.013947814702987671e-04
1.849211752414703369e-03
7.241964340209960938e-06
3.390159690752625465e-06
6.706953048706054688e-03
3.930218517780303955e-04
7.996521890163421631e-05
1.348379254341125488e-02
2.226597070693969727e-02
4.804283380508422852e-03
2.194426953792572021e-03
5.996048450469970703e-03
1.249808073043823242e-02
2.110707759857177734e-02
1.350522041320800781e-02
8.171081542968750000e-03
7.576167583465576172e-03
6.953358650207519531e-03
7.307250052690505981e-05
1.001760363578796387e-03
4.159635864198207855e-06
1.483559608459472656e-02
2.384477853775024414e-02
6.489902734756469727e-04
5.286792293190956116e-05
1.366913318634033203e-03
4.901200532913208008e-03
2.609837055206298828e-02
1.815283298492431641e-02
1.080557703971862793e-03
1.455187797546386719e-03
1.828530803322792053e-04
4.955500364303588867e-03
6.305247545242309570e-03
1.333564519882202148e-02
3.987580537796020508e-03
2.527511119842529297e-02
1.743823289871215820e-02
1.413416862487792969e-02
7.496401667594909668e-04
1.547168940305709839e-04
1.180008985102176666e-05
2.552843093872070312e-02
2.066278457641601562e-02
2.693313360214233398e-02
3.089651465415954590e-03
9.333848953247070312e-03
1.317381858825683594e-03
2.296733856201171875e-02
1.228593289852142334e-03
1.099944114685058594e-03
2.288997173309326172e-03
1.227550208568572998e-03
1.056537032127380371e-03
2.068543434143066406e-02
1.442193984985351562e-02
9.810447692871093750e-03
4.555106163024902344e-03
1.289397478103637695e-03
2.437156438827514648e-02
1.687264442443847656e-02
8.231610059738159180e-03
2.250261604785919189e-04
1.439694315195083618e-04
2.928487956523895264e-04
1.046818494796752930e-02
1.455557346343994141e-02
1.067638397216796875e-03
1.891151070594787598e-03
8.295848965644836426e-05
2.893954515457153320e-03
5.965352058410644531e-03
1.876175403594970703e-03
1.365101337432861328e-02
2.821356058120727539e-03
4.063367843627929688e-03
1.514726877212524414e-02
1.017758622765541077e-04
5.895569920539855957e-04
3.376323729753494263e-05
1.650899648666381836e-03
1.401484012603759766e-02
5.557149648666381836e-03
1.551628112792968750e-02
1.557868719100952148e-02
2.577365376055240631e-05
1.756536960601806641e-02
1.945763826370239258e-03
1.157239079475402832e-03
2.092266082763671875e-02
5.759924650192260742e-03
5.980610847473144531e-03
8.569598197937011719e-03
2.720093727111816406e-02
3.144696354866027832e-03
2.771290019154548645e-05
3.941599279642105103e-04
1.406505703926086426e-03
6.318613886833190918e-04
3.134133294224739075e-05
1.175940036773681641e-03
1.834011077880859375e-02
1.068168878555297852e-02
5.124621093273162842e-04
2.329319715499877930e-03
1.890081912279129028e-04
2.088260650634765625e-02
2.368843555450439453e-02
2.652376890182495117e-03
8.988566696643829346e-05
1.221221685409545898e-02
8.583992719650268555e-03
1.243817806243896484e-02
1.827394589781761169e-05
6.179511547088623047e-03
3.087624907493591309e-03
8.459165692329406738e-04
3.078889846801757812e-02
1.570916175842285156e-02
7.606297731399536133e-05
1.022920012474060059e-03
1.064851880073547363e-03
1.488393172621726990e-04
2.995878458023071289e-04
9.888038039207458496e-05
1.292294263839721680e-02
1.714909076690673828e-02
1.196330785751342773e-02
1.161414384841918945e-02
2.357381582260131836e-02
4.371821880340576172e-03
1.141525804996490479e-03
2.574980258941650391e-02
7.736533880233764648e-03
3.031780943274497986e-05
2.844884991645812988e-03
2.290850877761840820e-02
9.270668029785156250e-03
6.837934255599975586e-03
2.424523234367370605e-03
3.256320953369140625e-03
7.828712463378906250e-03
1.603551208972930908e-03
2.947039902210235596e-04
3.703922033309936523e-03
7.644966244697570801e-04
1.836562156677246094e-02
6.225466728210449219e-03
1.875978708267211914e-02
1.237206161022186279e-03
1.199299097061157227e-02
2.091061323881149292e-04
2.098172903060913086e-03
5.017101764678955078e-03
6.256639957427978516e-03
7.909871637821197510e-04
2.089202404022216797e-03
3.340959548950195312e-03
2.979859709739685059e-03
2.116095274686813354e-04
3.449572250247001648e-05
4.942296072840690613e-05
8.482206612825393677e-05
4.344522953033447266e-03
8.247286081314086914e-03
2.650469541549682617e-03
1.744240522384643555e-03
1.218076795339584351e-04
7.909722626209259033e-04
7.746458053588867188e-03
5.912184715270996094e-04
2.220943570137023926e-03
1.142472028732299805e-04
1.324899494647979736e-05
3.648608922958374023e-03
4.704862833023071289e-03
1.715034246444702148e-03
2.350941300392150879e-03
2.127513289451599121e-04
9.123921394348144531e-03
2.624779939651489258e-02
3.247708082199096680e-03
7.643640041351318359e-03
1.300030946731567383e-02
2.494500949978828430e-05
7.345788180828094482e-04
2.255308628082275391e-02
4.333304241299629211e-05
1.881390810012817383e-03
7.881298661231994629e-04
7.106155157089233398e-03
1.331456005573272705e-03
1.320883631706237793e-03
6.594866514205932617e-03
1.521718502044677734e-02
2.408966422080993652e-03
6.765604019165039062e-03
3.582924604415893555e-03
2.179920673370361328e-02
1.713514328002929688e-03
3.241613507270812988e-03
1.537340879440307617e-02
1.511782407760620117e-03
2.799227833747863770e-03
4.283562302589416504e-04
1.283548772335052490e-03
9.122490882873535156e-04
1.385353971272706985e-05
4.200898110866546631e-04
2.047610282897949219e-02
2.478301525115966797e-03
3.097373992204666138e-04
1.708185672760009766e-02
1.308143138885498047e-03
1.116013526916503906e-02
1.860521733760833740e-04
1.844632625579833984e-02
1.115150749683380127e-03
1.417070627212524414e-02
3.900341689586639404e-04
2.459958195686340332e-04
9.074714034795761108e-05
6.838440895080566406e-03
2.320948988199234009e-05
1.672543585300445557e-03
1.000311970710754395e-02
8.341193199157714844e-03
1.771729439496994019e-04
1.216344535350799561e-04
1.662337779998779297e-02
2.164140343666076660e-03
1.493021845817565918e-03
9.807705879211425781e-03
4.349514842033386230e-03
2.993971109390258789e-03
2.751439809799194336e-03
2.386212348937988281e-03
1.905828714370727539e-03
4.775047302246093750e-03
2.773955464363098145e-03
1.759324222803115845e-04
2.035373449325561523e-02
2.849563956260681152e-03
2.468805760145187378e-04
1.390479505062103271e-03
1.959204673767089844e-03
2.061173319816589355e-03
1.358054578304290771e-04
1.736474037170410156e-02
1.538038253784179688e-03
6.803534924983978271e-04
9.364914149045944214e-05
4.390090703964233398e-03
3.800168633460998535e-04
2.372860908508300781e-03
1.588221639394760132e-04
4.140585660934448242e-04
7.152736186981201172e-03
7.235519587993621826e-04
6.316751241683959961e-03
5.550265312194824219e-03
4.164025187492370605e-03
1.186870038509368896e-03
2.665258944034576416e-04
1.296982169151306152e-03
3.267839550971984863e-03
4.259601235389709473e-03
5.549341440200805664e-03
1.876000314950942993e-04
1.665726304054260254e-03
6.636194884777069092e-04
1.645803451538085938e-03
1.426368951797485352e-03
1.024246215820312500e-03
9.597301483154296875e-03
1.401685178279876709e-03
1.236401498317718506e-03
2.160798758268356323e-04
1.322745811194181442e-05
5.306899547576904297e-04
2.602088451385498047e-02
1.142971217632293701e-03
1.947730779647827148e-04
3.835111856460571289e-03
2.677947282791137695e-03
9.453356266021728516e-03
1.207458972930908203e-02
1.316899061203002930e-02
5.775600671768188477e-03
1.066597178578376770e-05
2.368962764739990234e-02
4.748463630676269531e-03
1.176305115222930908e-03
2.483464777469635010e-05
1.315504312515258789e-03
2.018779516220092773e-03
1.038908958435058594e-03
2.132892608642578125e-03
1.377351582050323486e-04
3.834098577499389648e-03
8.458793163299560547e-04
4.612170159816741943e-04
2.014279365539550781e-03
2.329719066619873047e-02
1.362338662147521973e-04
1.034997403621673584e-04
7.016584277153015137e-04
1.144337654113769531e-02
5.856007337570190430e-04
2.529895305633544922e-02
2.568103373050689697e-04
8.694589138031005859e-03
4.854351282119750977e-04
2.003107219934463501e-04
1.838915050029754639e-03
6.359755992889404297e-03
1.248985528945922852e-03
1.875966787338256836e-03
1.987874507904052734e-03
5.462765693664550781e-03
9.922608733177185059e-04
1.349031925201416016e-03
1.246362924575805664e-03
3.702461719512939453e-03
2.457290887832641602e-03
1.037508249282836914e-03
7.690072059631347656e-03
3.780499100685119629e-04
1.497112214565277100e-03
3.601074218750000000e-03
5.127862095832824707e-04
4.625290632247924805e-03
1.068806648254394531e-02
1.965478062629699707e-03
3.460161387920379639e-04
6.404258310794830322e-04
6.038993597030639648e-04
1.124836504459381104e-03
1.670494675636291504e-04
2.425208687782287598e-03
4.116503987461328506e-06
4.033148288726806641e-03
3.868266940116882324e-04
1.182686537504196167e-04
3.967493772506713867e-03
6.956517696380615234e-03
2.178713679313659668e-03
2.116784453392028809e-03
9.602084755897521973e-04
2.813013270497322083e-05
7.199764251708984375e-03
2.166524529457092285e-03
1.190412044525146484e-02
1.652240753173828125e-04
1.109981536865234375e-02
2.121686935424804688e-03
5.208700895309448242e-03
1.759789884090423584e-04
3.053322434425354004e-04
1.469165086746215820e-03
2.281814813613891602e-03
1.370925456285476685e-04
1.029938459396362305e-03
6.931498646736145020e-04
2.044898271560668945e-02
1.870971173048019409e-04
1.295104622840881348e-03
3.168448805809020996e-03
4.216760396957397461e-03
2.576857805252075195e-04
2.455487847328186035e-04
1.444760710000991821e-04
8.146930485963821411e-05
3.577411174774169922e-03
1.130747795104980469e-02
6.565004587173461914e-04
1.255500316619873047e-02
2.328939735889434814e-04
8.790940046310424805e-03
5.555480718612670898e-03
2.111613750457763672e-03
1.936793327331542969e-02
2.698227763175964355e-03
1.401752233505249023e-04
1.034416258335113525e-03
1.492421142756938934e-05
5.476549267768859863e-04
1.566863059997558594e-02
6.137251853942871094e-03
1.867637038230895996e-04
5.858391523361206055e-04
4.311092197895050049e-04
2.508595585823059082e-03
2.035617828369140625e-02
3.140330314636230469e-03
9.551852941513061523e-03
2.569146454334259033e-04
4.481859505176544189e-04
7.896602153778076172e-03
5.023807287216186523e-03
1.740820705890655518e-03
1.214072108268737793e-03
1.445226371288299561e-04
1.176416873931884766e-02
1.736450195312500000e-02
2.963230013847351074e-03
4.417933523654937744e-04
1.263663172721862793e-03
1.461702585220336914e-02
3.106705844402313232e-04
1.898586750030517578e-02
1.074887812137603760e-03
9.122379124164581299e-04
9.984672069549560547e-04
1.904880627989768982e-05
2.073776721954345703e-02
2.735368907451629639e-04
7.255196571350097656e-03
1.772925257682800293e-03
6.594732403755187988e-04
6.938353180885314941e-05
9.604811668395996094e-03
2.340435981750488281e-03
2.789244055747985840e-03
4.960685968399047852e-03
3.631822764873504639e-04
8.314847946166992188e-05
5.641207098960876465e-04
6.937444210052490234e-03
6.147533655166625977e-03
1.476716995239257812e-02
5.168840289115905762e-04
1.242630183696746826e-03
1.649188995361328125e-02
1.599397510290145874e-04
4.503160715103149414e-03
3.544837236404418945e-04
9.909272193908691406e-04
2.585709095001220703e-03
4.089809954166412354e-04
3.838610649108886719e-02
1.530334353446960449e-03
2.101719379425048828e-03
1.338822767138481140e-05
1.368522644042968750e-03
1.087856292724609375e-02
2.331659197807312012e-04
4.905695095658302307e-05
3.865733742713928223e-03
4.288218915462493896e-04
1.161378622055053711e-02
1.760220527648925781e-02
1.265615224838256836e-03
1.063033938407897949e-02
2.202272415161132812e-03
5.807787179946899414e-03
7.932007312774658203e-03
3.947496414184570312e-03
4.985556006431579590e-05
5.624070763587951660e-04
1.450330018997192383e-02
2.064090222120285034e-04
1.104676723480224609e-02
2.524912357330322266e-03
1.100972294807434082e-03
1.279368996620178223e-03
3.218972682952880859e-02
4.456192255020141602e-03
7.162839174270629883e-04
3.342792391777038574e-03
4.453491419553756714e-05
1.117609441280364990e-03
0.000000000000000000e+00
0.000000000000000000e+00
0.000000000000000000e+00
0.000000000000000000e+00
0.000000000000000000e+00
0.000000000000000000e+00
0.000000000000000000e+00
0.000000000000000000e+00
0.000000000000000000e+00
0.000000000000000000e+00
0.000000000000000000e+00
0.000000000000000000e+00
0.000000000000000000e+00
0.000000000000000000e+00
0.000000000000000000e+00
0.000000000000000000e+00
0.000000000000000000e+00
0.000000000000000000e+00
0.000000000000000000e+00
0.000000000000000000e+00
0.000000000000000000e+00
0.000000000000000000e+00
0.000000000000000000e+00
0.000000000000000000e+00
0.000000000000000000e+00
0.000000000000000000e+00
0.000000000000000000e+00
0.000000000000000000e+00
0.000000000000000000e+00
0.000000000000000000e+00
0.000000000000000000e+00
0.000000000000000000e+00
0.000000000000000000e+00
0.000000000000000000e+00
0.000000000000000000e+00
0.000000000000000000e+00
0.000000000000000000e+00
0.000000000000000000e+00
0.000000000000000000e+00
0.000000000000000000e+00
