3.211237490177154541e-04
1.261138916015625000e-02
8.065998554229736328e-05
7.200576364994049072e-04
1.435846090316772461e-03
1.440107822418212891e-02
3.136806190013885498e-04
2.485275268554687500e-03
2.534925937652587891e-03
3.597766160964965820e-03
1.311558485031127930e-02
1.516252756118774414e-02
1.310288906097412109e-03
1.164484024047851562e-02
1.697105169296264648e-02
1.150560379028320312e-02
1.392416656017303467e-03
3.735154867172241211e-03
1.567266881465911865e-04
6.768628954887390137e-04
4.577264189720153809e-04
1.491212844848632812e-02
1.139408349990844727e-02
1.979696750640869141e-02
1.308363676071166992e-02
4.403948783874511719e-03
7.730960845947265625e-03
6.823807954788208008e-03
4.964098334312438965e-04
3.170371055603027344e-04
6.875544786453247070e-04
1.233033835887908936e-04
2.646408975124359131e-04
1.150238513946533203e-02
1.861285418272018433e-04
2.411991357803344727e-03
6.481498479843139648e-03
3.236681222915649414e-04
9.454846382141113281e-03
1.250728964805603027e-03
4.624992609024047852e-03
9.644269943237304688e-03
1.506787538528442383e-02
3.863900899887084961e-03
4.960447549819946289e-04
4.445016384124755859e-04
9.863853454589843750e-03
1.663714647293090820e-02
3.369629383087158203e-03
1.188534498214721680e-02
4.868395626544952393e-04
7.139146327972412109e-04
8.446574211120605469e-04
1.409746706485748291e-03
9.215176105499267578e-04
1.385045051574707031e-02
1.366615295410156250e-02
2.144992351531982422e-03
1.053333282470703125e-02
2.370819449424743652e-03
8.742883801460266113e-04
6.902962923049926758e-04
1.182109117507934570e-04
1.100316643714904785e-03
9.352192282676696777e-04
9.494453668594360352e-03
8.688867092132568359e-03
1.886832714080810547e-02
2.190077304840087891e-02
8.328765630722045898e-03
4.970319569110870361e-04
2.266168594360351562e-03
2.659186720848083496e-03
3.881454467773437500e-03
1.543301343917846680e-02
2.461165189743041992e-03
1.744993031024932861e-03
1.092320680618286133e-02
8.010268211364746094e-03
2.750068902969360352e-03
1.461970806121826172e-02
4.372626543045043945e-03
5.295008420944213867e-03
1.913630962371826172e-02
1.514025032520294189e-03
1.231923699378967285e-03
1.031912863254547119e-03
4.688128829002380371e-04
1.411563158035278320e-02
8.443385362625122070e-03
1.506233215332031250e-02
1.221951097249984741e-04
2.301514148712158203e-02
2.809548377990722656e-02
1.782518625259399414e-02
2.012091875076293945e-02
1.784693449735641479e-04
1.132316887378692627e-03
2.715164422988891602e-02
9.635329246520996094e-03
2.095457166433334351e-04
1.255542039871215820e-02
9.467720985412597656e-03
3.182306885719299316e-03
1.347315311431884766e-02
3.573708236217498779e-04
6.728321313858032227e-04
8.280649781227111816e-04
3.142982721328735352e-03
5.884706974029541016e-03
1.084136962890625000e-02
2.299362421035766602e-02
3.234088420867919922e-02
1.730486750602722168e-03
1.114636659622192383e-02
1.901946961879730225e-04
1.388765871524810791e-03
5.904525518417358398e-03
2.719324827194213867e-02
1.647567749023437500e-02
2.099221944808959961e-02
3.352969884872436523e-03
5.278766155242919922e-03
2.162349224090576172e-02
1.417183876037597656e-02
3.217852115631103516e-02
1.011091470718383789e-02
1.719552278518676758e-02
6.071239709854125977e-03
5.332410335540771484e-03
9.427741169929504395e-04
1.392740011215209961e-02
5.562826991081237793e-03
5.913853645324707031e-03
3.405466675758361816e-03
5.815923213958740234e-04
6.337136030197143555e-03
7.435977458953857422e-04
3.607243299484252930e-03
1.894026994705200195e-02
2.964988350868225098e-03
3.423631191253662109e-03
3.002844750881195068e-04
1.585078239440917969e-02
2.715103328227996826e-04
1.497858762741088867e-02
7.236078381538391113e-04
4.065260291099548340e-04
4.457458853721618652e-04
3.284454345703125000e-03
5.312599241733551025e-04
3.056347370147705078e-02
1.271360088139772415e-05
1.086771488189697266e-03
4.495054483413696289e-03
7.028132677078247070e-04
5.526281893253326416e-04
2.038192749023437500e-02
1.702004671096801758e-02
2.252131700515747070e-03
1.542609930038452148e-02
1.886233687400817871e-03
2.858534455299377441e-03
2.157464623451232910e-03
5.368322134017944336e-03
2.073466777801513672e-02
4.354402422904968262e-03
4.079520702362060547e-03
2.132499217987060547e-02
3.969185054302215576e-04
1.582622528076171875e-02
9.267479181289672852e-04
1.646560430526733398e-02
1.774525642395019531e-02
1.886926591396331787e-03
1.182593405246734619e-03
1.005661487579345703e-02
1.258561015129089355e-02
2.154987305402755737e-04
2.060987055301666260e-03
6.890594959259033203e-03
1.735754311084747314e-03
2.466964721679687500e-02
2.924576401710510254e-04
2.152677625417709351e-04
7.262170314788818359e-03
8.066445589065551758e-03
1.437389850616455078e-02
2.754315733909606934e-03
2.241462469100952148e-03
3.932178020477294922e-03
4.928708076477050781e-04
3.441274166107177734e-04
3.278166055679321289e-03
3.349244594573974609e-03
2.667248249053955078e-03
2.226990461349487305e-02
1.198077201843261719e-02
6.055593490600585938e-03
1.752388477325439453e-02
1.875057816505432129e-03
1.885369420051574707e-03
2.364391088485717773e-02
1.768097281455993652e-03
1.063093543052673340e-03
1.673316955566406250e-02
2.105861902236938477e-03
2.041900157928466797e-02
6.013810634613037109e-04
2.466738224029541016e-02
3.110945224761962891e-03
1.034356653690338135e-03
1.730883121490478516e-02
1.115858554840087891e-03
7.883340120315551758e-03
1.022405922412872314e-03
3.177560865879058838e-04
8.494332432746887207e-04
3.154993057250976562e-03
3.113478422164916992e-03
1.198744773864746094e-02
1.212978363037109375e-02
2.275004982948303223e-03
1.039743423461914062e-02
4.519615322351455688e-05
8.203268051147460938e-03
1.428735256195068359e-02
3.588758409023284912e-05
8.263230323791503906e-03
4.915427416563034058e-05
2.779230475425720215e-03
1.293799281120300293e-02
1.409158110618591309e-03
2.799940109252929688e-02
3.282845020294189453e-03
2.995878458023071289e-05
2.168309688568115234e-02
4.433318972587585449e-04
2.682954072952270508e-04
6.115017458796501160e-05
1.735639572143554688e-02
1.262053847312927246e-03
1.710081100463867188e-02
4.961311817169189453e-03
1.644998788833618164e-03
4.460737109184265137e-04
2.321416139602661133e-02
4.883743822574615479e-04
3.374099731445312500e-03
5.322784185409545898e-03
8.796602487564086914e-04
2.497524023056030273e-03
1.595038175582885742e-02
3.755092620849609375e-04
1.432105898857116699e-03
2.619171142578125000e-02
2.442598342895507812e-02
1.493275165557861328e-03
8.912198245525360107e-04
4.332140088081359863e-04
2.269998192787170410e-03
1.785382628440856934e-04
4.273295402526855469e-03
3.219991922378540039e-03
1.466608047485351562e-02
3.129959106445312500e-03
8.228480815887451172e-03
5.909681320190429688e-03
1.155006885528564453e-02
3.449481725692749023e-02
1.817595958709716797e-02
1.834082603454589844e-02
3.346353769302368164e-03
1.300990581512451172e-03
7.267482578754425049e-04
8.660256862640380859e-04
1.490873098373413086e-02
4.321008920669555664e-03
9.748578071594238281e-03
1.427221298217773438e-02
7.501482963562011719e-03
4.924476146697998047e-03
1.114928722381591797e-02
9.291544556617736816e-04
4.739880561828613281e-03
2.673327922821044922e-02
3.702670335769653320e-03
3.934949636459350586e-03
1.348334550857543945e-02
1.716899871826171875e-02
1.366613432765007019e-04
2.492703497409820557e-04
2.318423986434936523e-02
6.214976310729980469e-03
1.651477068662643433e-04
1.254779100418090820e-02
7.043629884719848633e-04
2.237215638160705566e-03
1.534745097160339355e-04
1.863098144531250000e-02
4.236608743667602539e-03
1.171875000000000000e-02
2.985730767250061035e-03
8.994713425636291504e-05
1.290449872612953186e-04
2.225875854492187500e-03
3.478169441223144531e-03
9.792596101760864258e-04
1.716632395982742310e-04
6.795525550842285156e-04
3.955885767936706543e-04
3.821611404418945312e-03
1.074597239494323730e-03
3.046654164791107178e-04
4.340521991252899170e-04
4.585087299346923828e-05
1.067100092768669128e-04
2.972185611724853516e-03
1.261825673282146454e-05
9.524405002593994141e-03
1.251322031021118164e-02
6.208419799804687500e-04
7.300853729248046875e-03
3.627240657806396484e-04
1.110434532165527344e-03
4.958093166351318359e-03
6.670594215393066406e-03
1.258589327335357666e-03
2.856448292732238770e-03
1.021033525466918945e-02
1.871772110462188721e-04
1.444108784198760986e-04
3.717876970767974854e-04
1.581096649169921875e-02
8.498318493366241455e-05
4.741065204143524170e-04
2.553597092628479004e-03
3.505758941173553467e-04
2.909362316131591797e-03
2.665668725967407227e-04
3.949739038944244385e-04
1.260781288146972656e-02
1.082956790924072266e-03
2.451688051223754883e-04
1.916810870170593262e-03
1.074814796447753906e-02
3.313004970550537109e-03
7.658153772354125977e-04
4.981011152267456055e-04
7.986813783645629883e-03
1.154497265815734863e-03
9.525530040264129639e-04
3.437161445617675781e-03
2.192854881286621094e-03
1.917622983455657959e-03
8.575394749641418457e-04
2.060240507125854492e-02
1.380026340484619141e-03
2.548620104789733887e-04
1.948034763336181641e-02
1.001685857772827148e-03
1.538896560668945312e-02
6.416440010070800781e-05
1.061910390853881836e-02
3.729723393917083740e-04
6.756126880645751953e-03
9.841322898864746094e-03
9.174913167953491211e-03
1.332923769950866699e-03
8.576586842536926270e-04
5.772858858108520508e-04
5.861163139343261719e-03
4.620943218469619751e-05
1.118831336498260498e-03
2.994239330291748047e-03
1.269318163394927979e-04
2.585530281066894531e-03
2.647832036018371582e-03
6.391201168298721313e-05
1.394033432006835938e-03
4.533946514129638672e-03
1.037158071994781494e-03
4.282385110855102539e-03
1.003628969192504883e-02
1.589465141296386719e-02
2.920597791671752930e-03
1.852706074714660645e-03
1.190789043903350830e-03
1.030094921588897705e-03
2.672404050827026367e-03
1.387767493724822998e-03
3.154546022415161133e-03
6.345473229885101318e-04
1.895332336425781250e-02
9.545907378196716309e-04
1.290012151002883911e-04
1.662299036979675293e-03
1.005485653877258301e-03
2.450585365295410156e-03
8.429437875747680664e-04
4.209667444229125977e-03
2.126589417457580566e-03
1.460500061511993408e-03
1.796409487724304199e-04
2.420648932456970215e-03
1.575276255607604980e-04
5.598962306976318359e-04
1.945629715919494629e-03
5.696639418601989746e-04
1.196928322315216064e-03
8.351832628250122070e-03
6.057471036911010742e-04
1.932114362716674805e-03
4.268318414688110352e-03
1.879647374153137207e-03
2.787485718727111816e-04
6.069242954254150391e-04
7.293373346328735352e-04
1.743704080581665039e-03
5.317553877830505371e-04
2.339184284210205078e-03
7.438123226165771484e-03
2.383254468441009521e-04
4.976503551006317139e-04
1.143985986709594727e-02
8.172765374183654785e-04
1.442030072212219238e-03
7.820948958396911621e-04
9.936928749084472656e-03
2.174079418182373047e-04
5.600973963737487793e-05
9.248852729797363281e-04
3.658860921859741211e-03
2.229828387498855591e-04
3.295987844467163086e-04
4.256963729858398438e-03
2.773270010948181152e-03
2.956420183181762695e-03
1.437813043594360352e-03
2.081990242004394531e-03
1.601177453994750977e-02
7.692158222198486328e-03
2.589419484138488770e-03
1.839846372604370117e-02
2.056151628494262695e-03
4.960298538208007812e-03
5.703747272491455078e-03
3.304891288280487061e-05
1.058243215084075928e-03
3.421127796173095703e-03
6.183236837387084961e-04
1.142723485827445984e-04
5.749352276325225830e-04
3.945201635360717773e-03
1.196831464767456055e-02
1.252681016921997070e-03
2.191245555877685547e-03
2.071106433868408203e-02
7.506281137466430664e-03
1.104213297367095947e-03
9.130164980888366699e-04
3.506183624267578125e-03
3.004804253578186035e-03
1.592922210693359375e-02
5.638748407363891602e-03
1.291051506996154785e-03
4.045814275741577148e-04
1.004385948181152344e-02
2.279937267303466797e-03
1.043772697448730469e-02
1.734808087348937988e-03
9.089231491088867188e-03
4.200860857963562012e-04
1.221680641174316406e-02
1.323968172073364258e-03
1.063421368598937988e-04
7.490515708923339844e-04
1.068830490112304688e-02
4.017166793346405029e-04
1.240819692611694336e-03
4.485584795475006104e-04
3.825351595878601074e-04
1.316446065902709961e-02
7.388368248939514160e-04
8.160531520843505859e-03
7.776170969009399414e-03
4.915818572044372559e-04
1.919139176607131958e-04
6.910413503646850586e-04
9.452998638153076172e-04
9.228289127349853516e-04
8.306093513965606689e-04
4.908479750156402588e-04
7.203444838523864746e-04
1.471805572509765625e-02
1.057244837284088135e-03
6.592757999897003174e-04
4.613772034645080566e-04
3.793016076087951660e-03
2.664513885974884033e-04
5.990415811538696289e-03
1.685649156570434570e-02
9.745433926582336426e-04
6.649702787399291992e-03
5.626631900668144226e-05
4.388466477394104004e-04
3.957241773605346680e-03
1.102395355701446533e-03
5.129545927047729492e-03
1.042321324348449707e-03
4.807114601135253906e-03
1.152217388153076172e-02
6.807073950767517090e-04
1.537520438432693481e-04
3.266036510467529297e-03
4.610270261764526367e-04
7.718801498413085938e-04
2.664804458618164062e-03
2.427116036415100098e-03
6.984248757362365723e-04
4.035793244838714600e-04
1.732096076011657715e-03
6.263703107833862305e-05
3.162585198879241943e-03
5.031883716583251953e-03
5.614645779132843018e-04
9.534973651170730591e-05
4.805251955986022949e-04
2.994388341903686523e-04
6.699711084365844727e-04
3.361254930496215820e-04
3.334973007440567017e-05
7.467925548553466797e-03
4.314094781875610352e-03
1.027256250381469727e-03
6.248325109481811523e-03
5.297765135765075684e-03
9.816512465476989746e-04
2.941563725471496582e-04
4.101037979125976562e-03
1.160442829132080078e-03
1.108551025390625000e-02
8.808821439743041992e-04
6.663519889116287231e-05
1.233063638210296631e-03
2.820864319801330566e-03
1.413831487298011780e-04
1.482188701629638672e-03
2.897232770919799805e-04
1.326286792755126953e-02
5.287416279315948486e-04
1.146160066127777100e-04
9.057149291038513184e-04
6.430506706237792969e-03
1.740562915802001953e-02
2.409845590591430664e-03
4.513800144195556641e-03
1.238994300365447998e-04
3.423392772674560547e-04
7.583141326904296875e-03
1.711517572402954102e-03
6.151273846626281738e-04
6.052944809198379517e-05
4.570484161376953125e-03
9.295821189880371094e-03
2.364367246627807617e-03
1.679375767707824707e-03
3.311540931463241577e-04
2.597033977508544922e-03
1.815915107727050781e-02
2.718083560466766357e-04
1.215255260467529297e-02
3.363080322742462158e-04
4.744052886962890625e-03
3.082454204559326172e-03
3.013014793395996094e-03
6.256718188524246216e-05
1.160008832812309265e-04
1.503121852874755859e-02
2.003796398639678955e-04
1.328727230429649353e-04
7.274985313415527344e-03
1.136418431997299194e-04
1.579880714416503906e-03
2.562068402767181396e-04
1.236230134963989258e-03
3.777071833610534668e-04
2.039194107055664062e-03
3.639370203018188477e-03
4.752613604068756104e-04
4.308760166168212891e-03
1.053653657436370850e-03
7.828146219253540039e-03
1.008041203022003174e-03
1.921169459819793701e-04
2.154028415679931641e-02
2.377927303314208984e-04
1.824319362640380859e-03
3.549419343471527100e-04
2.914629876613616943e-04
1.300297677516937256e-03
1.776367425918579102e-03
2.309218049049377441e-03
1.149825751781463623e-03
1.317811012268066406e-02
7.999241352081298828e-04
4.885718226432800293e-04
8.252263069152832031e-04
9.350925683975219727e-04
3.294914960861206055e-03
1.560542732477188110e-04
1.511104404926300049e-03
1.702457666397094727e-03
7.499894127249717712e-05
1.995098590850830078e-02
3.748200833797454834e-05
1.997542381286621094e-02
1.538246870040893555e-04
1.970067620277404785e-03
6.000399589538574219e-04
1.715317368507385254e-03
6.021976470947265625e-03
1.318871974945068359e-03
3.770738840103149414e-05
2.232864499092102051e-04
5.233764648437500000e-03
4.422634840011596680e-03
4.226505756378173828e-03
1.285068690776824951e-03
3.732979297637939453e-03
8.125938475131988525e-04
5.236938595771789551e-04
1.104128360748291016e-02
1.795768737792968750e-03
4.468336701393127441e-04
4.544183611869812012e-04
2.924054861068725586e-04
4.360496997833251953e-03
7.802322506904602051e-04
4.562556743621826172e-03
7.233917713165283203e-04
7.285475730895996094e-03
2.358108758926391602e-03
8.177980780601501465e-04
1.652672886848449707e-03
7.902681827545166016e-04
8.678361773490905762e-04
8.242353796958923340e-04
7.607042789459228516e-03
1.561395823955535889e-03
8.784383535385131836e-04
4.746466875076293945e-04
4.339292645454406738e-04
6.048604846000671387e-04
1.279175281524658203e-03
1.261368393898010254e-03
1.060836017131805420e-03
1.574091613292694092e-03
7.498934864997863770e-04
4.007108509540557861e-05
4.606321454048156738e-04
1.159310340881347656e-02
3.012940287590026855e-04
7.744356989860534668e-04
5.977869033813476562e-03
4.309229552745819092e-05
6.885379552841186523e-03
1.107715070247650146e-04
1.192465424537658691e-03
1.348428428173065186e-03
2.830699086189270020e-04
2.483539283275604248e-04
2.942395210266113281e-02
4.903264343738555908e-04
3.800630569458007812e-03
1.063041388988494873e-03
3.052741289138793945e-03
2.774354070425033569e-04
3.730654716491699219e-04
4.169438034296035767e-05
8.578419685363769531e-03
7.476747035980224609e-03
2.320948988199234009e-05
3.180168569087982178e-04
2.508535981178283691e-04
3.719866275787353516e-03
4.680484533309936523e-03
6.710469722747802734e-03
2.933812141418457031e-02
1.051567494869232178e-03
5.405306816101074219e-03
5.736172199249267578e-03
5.940079689025878906e-03
2.043351531028747559e-03
1.238644123077392578e-02
4.692375659942626953e-03
1.088902354240417480e-03
7.092475891113281250e-03
5.534619092941284180e-03
1.221530139446258545e-03
1.164829730987548828e-02
1.420572400093078613e-03
5.602575838565826416e-04
2.024769783020019531e-02
1.903867721557617188e-02
1.107364892959594727e-03
8.953034877777099609e-03
2.051353454589843750e-03
1.246511936187744141e-02
3.468886017799377441e-03
1.748090982437133789e-02
1.439556479454040527e-03
4.559874534606933594e-03
5.887776613235473633e-03
3.681808710098266602e-03
1.376748085021972656e-02
2.217561006546020508e-03
6.578937172889709473e-04
1.280134916305541992e-02
1.690232753753662109e-02
8.837819099426269531e-03
4.964619874954223633e-03
4.707723855972290039e-03
9.241327643394470215e-04
7.925331592559814453e-04
1.128716394305229187e-04
9.187310934066772461e-03
1.278328895568847656e-02
1.699858903884887695e-02
8.254885673522949219e-03
1.015707850456237793e-03
3.053843975067138672e-03
8.325308561325073242e-03
7.734745740890502930e-04
8.810847997665405273e-03
3.469698131084442139e-04
7.324248552322387695e-03
2.333593368530273438e-02
5.552247166633605957e-03
2.484607696533203125e-02
1.393401622772216797e-02
1.693397760391235352e-02
1.437015831470489502e-03
1.649230718612670898e-02
4.774779081344604492e-03
1.807969808578491211e-02
1.666581630706787109e-02
2.186870574951171875e-02
2.655293792486190796e-04
7.435083389282226562e-04
5.581416189670562744e-04
7.149055600166320801e-04
2.066478133201599121e-03
6.676912307739257812e-03
1.010370254516601562e-02
2.795219421386718750e-02
9.013223461806774139e-06
2.424836158752441406e-03
1.278184354305267334e-03
9.812116622924804688e-04
2.010375261306762695e-03
1.966822147369384766e-02
1.781791448593139648e-02
1.794421672821044922e-02
8.151233196258544922e-04
3.277584910392761230e-04
5.451440811157226562e-03
3.482982516288757324e-03
1.311466097831726074e-03
2.407932281494140625e-02
1.638346910476684570e-02
2.531290054321289062e-03
3.976792097091674805e-03
8.854568004608154297e-03
1.419872045516967773e-03
2.447617053985595703e-02
1.739442348480224609e-03
6.293565034866333008e-03
6.045609712600708008e-03
7.465302944183349609e-03
4.483610391616821289e-04
5.981206893920898438e-03
4.636019468307495117e-03
8.940190076828002930e-03
7.657140493392944336e-03
5.847811698913574219e-03
1.029855012893676758e-02
3.275081515312194824e-03
5.557209253311157227e-03
1.240760087966918945e-03
3.393113613128662109e-03
2.965837717056274414e-03
1.707249879837036133e-02
1.873731613159179688e-03
4.381731152534484863e-03
1.389658451080322266e-02
9.914398193359375000e-03
5.835801362991333008e-03
2.781659364700317383e-03
2.250403165817260742e-03
1.009128987789154053e-03
6.699971854686737061e-04
1.227712631225585938e-02
5.664572119712829590e-03
3.188429400324821472e-05
6.802454590797424316e-04
5.415618419647216797e-03
1.221948862075805664e-02
1.155239343643188477e-02
7.305592298507690430e-03
2.320900559425354004e-03
2.431124448776245117e-04
3.847151994705200195e-03
5.943715572357177734e-03
2.274900674819946289e-03
6.741285324096679688e-04
3.805980086326599121e-03
3.063023090362548828e-03
9.220242500305175781e-04
1.169061660766601562e-02
8.519381284713745117e-03
2.733308076858520508e-02
1.288592815399169922e-02
1.442313194274902344e-02
4.554599523544311523e-03
2.873986959457397461e-04
6.469190120697021484e-03
1.714453101158142090e-04
4.515051841735839844e-03
7.353305816650390625e-03
1.930350065231323242e-02
3.595665097236633301e-03
8.683860301971435547e-03
2.872443199157714844e-02
1.052647829055786133e-03
3.102317452430725098e-03
1.967704296112060547e-02
1.467764377593994141e-02
2.072483301162719727e-03
6.075829267501831055e-03
4.298180341720581055e-03
2.817660570144653320e-04
4.749000072479248047e-03
2.497490495443344116e-04
6.364256143569946289e-03
1.795864105224609375e-02
1.332998275756835938e-02
6.270200014114379883e-03
2.316832542419433594e-04
1.276379823684692383e-02
1.605671644210815430e-02
7.619522511959075928e-05
9.477257728576660156e-03
1.349717378616333008e-03
2.050220966339111328e-03
1.618826389312744141e-02
3.622025251388549805e-04
8.529067039489746094e-03
1.645721495151519775e-04
3.255046904087066650e-04
7.675439119338989258e-04
3.153824806213378906e-02
1.510560512542724609e-02
2.820849418640136719e-03
1.006504893302917480e-02
1.324057579040527344e-02
2.100980281829833984e-02
1.432138681411743164e-02
3.160834312438964844e-04
1.922935247421264648e-02
1.510247588157653809e-03
9.830951690673828125e-03
8.054554462432861328e-03
1.573073863983154297e-02
1.390326023101806641e-02
5.505800247192382812e-03
4.657059907913208008e-04
5.720883607864379883e-03
2.060115337371826172e-02
4.046186804771423340e-03
4.806101322174072266e-03
1.655042171478271484e-02
1.034599542617797852e-02
3.720223903656005859e-04
2.298688888549804688e-02
1.909202337265014648e-02
1.006180047988891602e-02
2.743160724639892578e-02
3.230012953281402588e-04
1.186883449554443359e-02
8.279621601104736328e-03
1.398086547851562500e-02
1.470583677291870117e-02
2.563551068305969238e-03
1.879692077636718750e-03
1.318395137786865234e-03
1.657634973526000977e-02
1.647301018238067627e-03
2.426767349243164062e-02
8.342862129211425781e-03
3.276348114013671875e-03
7.820948958396911621e-04
6.548732519149780273e-03
1.620942354202270508e-02
1.668435335159301758e-02
2.354919910430908203e-03
1.418131589889526367e-02
9.323120117187500000e-03
2.664670348167419434e-03
2.109622955322265625e-02
1.787567138671875000e-02
1.324135065078735352e-02
8.953154087066650391e-03
3.548413515090942383e-04
1.616775989532470703e-03
1.661598682403564453e-03
6.149530410766601562e-03
1.876628398895263672e-02
5.208253860473632812e-03
1.383286714553833008e-02
2.913653850555419922e-03
2.257511019706726074e-03
6.536662578582763672e-03
1.008349657058715820e-02
8.775234222412109375e-03
9.129568934440612793e-05
5.213797092437744141e-03
1.749968528747558594e-02
1.877307891845703125e-03
1.456040143966674805e-02
4.310220479965209961e-03
1.231443881988525391e-02
8.652359247207641602e-04
1.440536975860595703e-02
8.038103580474853516e-03
1.425290107727050781e-02
1.732766628265380859e-03
1.611411571502685547e-02
5.784705281257629395e-04
1.392459869384765625e-02
1.870852708816528320e-02
2.270376682281494141e-02
1.871299743652343750e-02
2.053564786911010742e-02
1.476550102233886719e-02
1.626104116439819336e-02
1.231873035430908203e-02
9.376257658004760742e-04
2.415955066680908203e-02
7.942259311676025391e-03
7.144780829548835754e-05
8.431941270828247070e-03
1.209568977355957031e-02
1.143467426300048828e-02
2.700895071029663086e-03
1.738321781158447266e-02
1.723170280456542969e-04
2.174127101898193359e-02
6.268858909606933594e-03
1.914727687835693359e-02
3.163903951644897461e-03
2.175733447074890137e-03
7.184669375419616699e-04
9.292721748352050781e-03
3.679394721984863281e-04
1.352414488792419434e-03
9.036138653755187988e-04
1.417517662048339844e-02
1.322537660598754883e-03
1.602995395660400391e-02
2.131909132003784180e-02
2.053892612457275391e-02
1.389694213867187500e-02
1.106142997741699219e-03
4.705905914306640625e-03
1.644250005483627319e-04
1.425319910049438477e-02
8.911609649658203125e-03
2.993941307067871094e-03
9.906649589538574219e-03
3.507398068904876709e-04
6.166577339172363281e-03
1.039408147335052490e-03
1.589730381965637207e-04
1.422524452209472656e-02
3.358367830514907837e-04
1.533472537994384766e-02
2.017545700073242188e-02
1.085087656974792480e-03
5.241215229034423828e-03
5.867689847946166992e-03
4.387497901916503906e-04
1.338899135589599609e-03
1.946413516998291016e-02
9.721040725708007812e-03
8.010029792785644531e-03
3.458648920059204102e-03
3.524154424667358398e-03
1.802694797515869141e-02
1.921719312667846680e-02
2.055895328521728516e-02
2.044326066970825195e-02
1.538759469985961914e-02
8.636340498924255371e-04
2.174401283264160156e-02
1.263254880905151367e-02
1.257395744323730469e-02
5.054384469985961914e-03
1.332068443298339844e-02
1.492667943239212036e-04
1.084685325622558594e-02
2.367281913757324219e-02
2.038463950157165527e-03
1.546019315719604492e-02
5.968838930130004883e-03
1.132518053054809570e-03
3.801405429840087891e-03
1.795601844787597656e-02
5.441218614578247070e-03
2.412125468254089355e-03
7.583379745483398438e-03
2.557501196861267090e-03
9.632110595703125000e-03
1.072394847869873047e-02
2.456676959991455078e-02
8.429348468780517578e-03
1.013159751892089844e-02
1.162010431289672852e-02
2.713143825531005859e-03
3.415584564208984375e-03
2.999901771545410156e-04
4.903405904769897461e-03
1.267647743225097656e-02
5.149185657501220703e-03
2.146065235137939453e-03
1.739990711212158203e-02
5.057930946350097656e-03
1.331597566604614258e-02
1.246720552444458008e-02
5.630373954772949219e-03
1.544392108917236328e-02
7.185637950897216797e-04
1.618909835815429688e-02
7.992237806320190430e-04
1.761272549629211426e-03
9.265244007110595703e-04
1.110160350799560547e-02
1.227837800979614258e-02
1.109862327575683594e-02
1.239335536956787109e-02
7.852971553802490234e-03
3.169208765029907227e-03
1.060992479324340820e-03
4.731714725494384766e-03
1.524873077869415283e-04
3.082931041717529297e-03
4.730850458145141602e-03
1.468971371650695801e-03
1.179434359073638916e-03
1.782719045877456665e-04
6.427988409996032715e-04
5.623877048492431641e-03
1.525282859802246094e-02
2.004128694534301758e-02
4.555255174636840820e-03
9.638965129852294922e-04
7.841110229492187500e-03
1.227968931198120117e-02
1.207798719406127930e-02
1.454070210456848145e-03
2.684965729713439941e-03
3.057539463043212891e-03
1.262509822845458984e-02
8.418317884206771851e-05
8.314773440361022949e-04
1.381820440292358398e-02
2.606034278869628906e-03
5.881965160369873047e-03
1.114934682846069336e-03
1.196235418319702148e-02
2.729594707489013672e-03
2.350091934204101562e-02
8.734613656997680664e-04
9.171813726425170898e-03
2.735257148742675781e-03
3.023892641067504883e-03
1.798555254936218262e-03
5.859673023223876953e-03
1.661014556884765625e-02
1.007452607154846191e-03
1.422107219696044922e-02
1.440078020095825195e-03
4.165112972259521484e-03
1.190334558486938477e-02
1.213252544403076172e-02
1.977711915969848633e-03
3.952020779252052307e-05
9.203195571899414062e-03
7.762759923934936523e-05
1.271761953830718994e-03
1.641981303691864014e-03
9.907186031341552734e-03
5.205303430557250977e-03
1.268193125724792480e-03
8.261412382125854492e-03
4.765838384628295898e-03
4.729032516479492188e-03
3.458708524703979492e-03
1.715278625488281250e-02
4.648864269256591797e-04
2.399492263793945312e-02
8.414924144744873047e-03
8.970141410827636719e-03
3.628849983215332031e-02
5.887210369110107422e-03
4.747837781906127930e-03
1.850467920303344727e-02
3.797203302383422852e-03
2.164050936698913574e-03
6.550103425979614258e-03
1.581394672393798828e-02
1.017987728118896484e-03
2.972826361656188965e-03
8.404850959777832031e-03
1.799523830413818359e-02
2.351444959640502930e-02
3.743112087249755859e-03
2.665802836418151855e-03
1.854169368743896484e-02
1.356744766235351562e-02
7.067918777465820312e-03
1.206141710281372070e-02
2.325952053070068359e-02
2.193331718444824219e-03
6.844580173492431641e-03
4.660636186599731445e-03
2.963691949844360352e-03
1.120805740356445312e-03
5.228042602539062500e-03
3.287196159362792969e-03
2.818107604980468750e-02
1.004666090011596680e-02
2.686423249542713165e-05
5.491048097610473633e-03
2.442762255668640137e-03
5.660980939865112305e-03
2.052992582321166992e-03
5.014333873987197876e-05
3.337681293487548828e-03
1.284945756196975708e-04
8.298233151435852051e-04
6.586551666259765625e-03
7.469672709703445435e-05
1.781173050403594971e-04
5.997940897941589355e-04
7.731094956398010254e-04
2.293407917022705078e-03
7.483549416065216064e-05
3.534078598022460938e-03
2.529956400394439697e-04
3.584742546081542969e-03
1.929640769958496094e-03
8.657127618789672852e-04
6.202608346939086914e-03
1.327937841415405273e-02
4.386641085147857666e-04
1.557506620883941650e-04
7.120609283447265625e-03
1.522347331047058105e-03
6.756559014320373535e-04
2.036601305007934570e-03
6.259053945541381836e-03
9.635686874389648438e-04
2.684861421585083008e-03
2.869397401809692383e-03
5.407407879829406738e-04
3.003567457199096680e-03
2.308003604412078857e-05
3.079921007156372070e-04
2.210512757301330566e-03
5.326867103576660156e-03
1.284601166844367981e-04
3.258436918258666992e-04
1.460826396942138672e-02
1.458683982491493225e-05
8.038878440856933594e-04
2.880468964576721191e-04
1.543629914522171021e-04
2.840589731931686401e-04
1.503676176071166992e-03
1.075848937034606934e-03
1.069530844688415527e-04
6.715133786201477051e-04
3.151431679725646973e-03
2.480208873748779297e-03
2.823472023010253906e-04
2.953141927719116211e-03
5.745321512222290039e-03
1.904815435409545898e-03
1.663729548454284668e-03
7.960975170135498047e-03
2.504363656044006348e-03
6.901621818542480469e-04
4.249438643455505371e-04
2.088723704218864441e-05
3.414601087570190430e-03
7.284134626388549805e-04
2.259965986013412476e-04
1.776516437530517578e-03
1.149646937847137451e-03
1.040093600749969482e-03
1.333773136138916016e-03
5.381703376770019531e-04
5.864389240741729736e-04
7.648253813385963440e-05
5.454570055007934570e-03
3.651827573776245117e-04
8.457839488983154297e-03
1.091063022613525391e-04
5.462497472763061523e-03
4.779815673828125000e-03
1.740658283233642578e-02
7.150709629058837891e-03
3.808438777923583984e-04
5.919113755226135254e-04
8.100597187876701355e-05
1.948088407516479492e-03
8.052110671997070312e-03
1.064039766788482666e-03
2.556666731834411621e-03
2.045005559921264648e-03
7.804423570632934570e-03
1.105725765228271484e-03
6.090812385082244873e-04
6.951205432415008545e-05
1.823753118515014648e-04
3.033012151718139648e-03
1.689851284027099609e-02
2.417504787445068359e-03
6.272904574871063232e-04
1.973867416381835938e-02
3.345832228660583496e-04
2.819523215293884277e-03
4.289269447326660156e-03
1.463979482650756836e-03
2.717077732086181641e-03
3.036707639694213867e-04
3.970116376876831055e-03
1.521431840956211090e-05
2.819932997226715088e-04
1.851743459701538086e-02
7.160186767578125000e-03
3.480911254882812500e-03
1.349705457687377930e-02
3.775358200073242188e-04
1.233387738466262817e-04
3.241956233978271484e-03
5.611777305603027344e-04
9.340345859527587891e-04
3.980770707130432129e-04
1.753009855747222900e-04
1.209801435470581055e-02
8.516311645507812500e-04
9.055346250534057617e-03
5.536712706089019775e-04
9.834244847297668457e-04
2.204068005084991455e-05
5.994029343128204346e-04
3.417618572711944580e-04
5.984485149383544922e-03
2.802997827529907227e-03
3.010481595993041992e-03
1.714634895324707031e-02
6.416320800781250000e-03
3.473877906799316406e-03
1.262897253036499023e-02
6.906986236572265625e-04
6.812736392021179199e-04
1.000259071588516235e-04
3.113448619842529297e-04
4.412472248077392578e-03
4.215054214000701904e-04
7.120221853256225586e-04
2.696901559829711914e-03
3.360621631145477295e-04
1.967838034033775330e-05
1.332467794418334961e-02
4.211859777569770813e-05
1.579701900482177734e-03
3.417022526264190674e-04
3.445655107498168945e-03
2.191588282585144043e-04
1.448017358779907227e-02
1.449603587388992310e-05
6.175935268402099609e-03
7.333725690841674805e-03
6.399631500244140625e-03
9.724855422973632812e-03
4.713311791419982910e-04
1.476500183343887329e-04
2.597048878669738770e-04
1.192158088088035583e-04
2.223670482635498047e-03
1.120637170970439911e-05
5.523860454559326172e-04
9.438693523406982422e-04
2.369238063693046570e-05
1.167133450508117676e-03
2.220824360847473145e-03
1.367980241775512695e-02
7.091552019119262695e-03
2.510063350200653076e-04
2.039000391960144043e-03
2.612501382827758789e-03
5.538821220397949219e-03
8.738972246646881104e-05
4.988819360733032227e-03
1.096695661544799805e-03
8.177995681762695312e-03
1.672536134719848633e-03
3.389865159988403320e-04
1.157581806182861328e-03
1.897364854812622070e-04
1.535460352897644043e-03
1.274192333221435547e-02
5.038619041442871094e-03
1.211144030094146729e-03
1.631723716855049133e-05
2.013301849365234375e-02
6.586760282516479492e-03
3.781497478485107422e-03
1.722276210784912109e-04
9.982846677303314209e-05
6.152629852294921875e-03
3.950312733650207520e-03
1.426853239536285400e-03
3.742650151252746582e-04
5.426071584224700928e-05
1.866245269775390625e-02
2.575382590293884277e-03
4.263333976268768311e-04
1.502043008804321289e-02
3.076568245887756348e-04
1.472324132919311523e-03
1.408874988555908203e-03
4.643350839614868164e-04
1.497685909271240234e-03
1.529395580291748047e-03
5.430221557617187500e-03
4.679448902606964111e-04
4.617840051651000977e-03
4.442669451236724854e-04
8.113309741020202637e-04
2.110713720321655273e-02
5.585551261901855469e-04
2.472013235092163086e-03
4.727020859718322754e-04
9.010061621665954590e-04
1.047894358634948730e-03
1.871120184659957886e-04
7.681958377361297607e-04
2.022325992584228516e-03
1.110918819904327393e-03
1.350164413452148438e-03
7.178336381912231445e-04
9.171843528747558594e-03
1.686561107635498047e-02
1.073472201824188232e-03
2.484768629074096680e-03
2.197865396738052368e-04
1.804709434509277344e-03
6.529465317726135254e-04
1.203715801239013672e-02
9.806931018829345703e-03
6.509348750114440918e-04
3.308728337287902832e-04
7.246360182762145996e-04
1.346319913864135742e-03
2.674367278814315796e-04
5.558252334594726562e-03
6.331205368041992188e-04
1.549547910690307617e-02
3.993898630142211914e-03
1.275432109832763672e-02
1.238071918487548828e-02
6.788641214370727539e-03
3.342051059007644653e-05
1.546658575534820557e-03
6.246417760848999023e-04
2.585113048553466797e-03
3.432601690292358398e-03
1.198500394821166992e-03
6.718933582305908203e-03
6.902992725372314453e-03
6.171455606818199158e-05
1.415554434061050415e-04
4.002481698989868164e-03
1.434481143951416016e-02
1.770567893981933594e-02
2.846289426088333130e-04
1.005515456199645996e-03
1.110523939132690430e-02
1.151704788208007812e-02
2.276021987199783325e-04
1.205913722515106201e-03
1.519238948822021484e-02
2.005916833877563477e-02
7.385089993476867676e-04
0.000000000000000000e+00
0.000000000000000000e+00
0.000000000000000000e+00
0.000000000000000000e+00
0.000000000000000000e+00
0.000000000000000000e+00
0.000000000000000000e+00
0.000000000000000000e+00
0.000000000000000000e+00
0.000000000000000000e+00
0.000000000000000000e+00
0.000000000000000000e+00
0.000000000000000000e+00
0.000000000000000000e+00
0.000000000000000000e+00
0.000000000000000000e+00
0.000000000000000000e+00
0.000000000000000000e+00
0.000000000000000000e+00
0.000000000000000000e+00
0.000000000000000000e+00
0.000000000000000000e+00
0.000000000000000000e+00
0.000000000000000000e+00
0.000000000000000000e+00
0.000000000000000000e+00
0.000000000000000000e+00
0.000000000000000000e+00
0.000000000000000000e+00
0.000000000000000000e+00
0.000000000000000000e+00
0.000000000000000000e+00
0.000000000000000000e+00
0.000000000000000000e+00
0.000000000000000000e+00
0.000000000000000000e+00
0.000000000000000000e+00
0.000000000000000000e+00
0.000000000000000000e+00
0.000000000000000000e+00
