4.300028085708618164e-03
4.607975482940673828e-03
2.561599016189575195e-03
2.091860771179199219e-02
9.380221366882324219e-03
2.417123317718505859e-02
8.220732212066650391e-03
7.495641708374023438e-03
2.187752723693847656e-02
6.117165088653564453e-03
1.286923885345458984e-03
1.670497655868530273e-02
6.553530693054199219e-03
2.843469381332397461e-03
8.740425109863281250e-03
1.203447580337524414e-02
1.189744472503662109e-02
1.015001535415649414e-02
5.509644746780395508e-03
1.672768592834472656e-02
2.128481864929199219e-03
1.956427097320556641e-02
9.721398353576660156e-03
2.710032463073730469e-02
3.235012292861938477e-03
8.885443210601806641e-03
6.385922431945800781e-03
3.531858325004577637e-03
1.366305351257324219e-02
8.162766695022583008e-03
1.441574096679687500e-02
2.265965938568115234e-02
7.764101028442382812e-03
6.997674703598022461e-03
1.987761259078979492e-02
1.347303390502929688e-02
1.312673091888427734e-03
1.364105939865112305e-02
2.387833595275878906e-02
1.117056608200073242e-02
1.167941093444824219e-02
2.370327711105346680e-03
1.550085842609405518e-03
2.392506599426269531e-02
1.395356655120849609e-02
9.455680847167968750e-03
1.356768608093261719e-02
1.909852027893066406e-02
1.784765720367431641e-02
1.685196161270141602e-02
8.201003074645996094e-03
2.366483211517333984e-03
2.433729171752929688e-02
2.445316314697265625e-02
1.211148500442504883e-02
6.219506263732910156e-03
8.692115545272827148e-03
2.783232927322387695e-02
8.394867181777954102e-03
1.236999034881591797e-02
2.231633663177490234e-02
5.409926176071166992e-03
1.190543174743652344e-02
2.155709266662597656e-02
2.827465534210205078e-03
2.255117893218994141e-02
7.392525672912597656e-03
3.072857856750488281e-03
1.128298044204711914e-02
9.680151939392089844e-03
8.728861808776855469e-03
2.495312690734863281e-02
5.689263343811035156e-03
4.973292350769042969e-03
1.721841096878051758e-02
9.470045566558837891e-03
1.378333568572998047e-02
1.783394813537597656e-02
1.438803970813751221e-03
9.557485580444335938e-03
6.945461034774780273e-03
6.521344184875488281e-03
7.314443588256835938e-03
1.446247100830078125e-02
1.662540435791015625e-02
1.864075660705566406e-03
5.607545375823974609e-03
8.432149887084960938e-03
6.830096244812011719e-03
5.891650915145874023e-03
2.038240432739257812e-03
7.845222949981689453e-03
1.042580604553222656e-02
8.334755897521972656e-03
1.633489131927490234e-02
4.047214984893798828e-03
1.888155937194824219e-03
1.361167430877685547e-02
9.413957595825195312e-03
1.976579427719116211e-03
2.794682979583740234e-03
1.574480533599853516e-02
1.879572868347167969e-02
9.042590856552124023e-03
1.129698753356933594e-02
1.786541938781738281e-02
2.784359455108642578e-02
2.677595615386962891e-02
1.089257001876831055e-02
2.818238735198974609e-02
4.184693098068237305e-03
1.838219165802001953e-02
1.408314704895019531e-02
6.502866744995117188e-03
1.469463109970092773e-02
6.051003932952880859e-03
7.143706083297729492e-03
6.403505802154541016e-03
3.207296133041381836e-03
1.816689968109130859e-02
4.153251647949218750e-03
4.307299852371215820e-03
8.025348186492919922e-03
2.292132377624511719e-02
6.991147994995117188e-03
3.529250621795654297e-03
1.923203468322753906e-02
2.547949552536010742e-03
2.577453851699829102e-03
4.858791828155517578e-03
5.299806594848632812e-03
7.471323013305664062e-03
9.156405925750732422e-03
3.988534212112426758e-03
1.792699098587036133e-02
1.522612571716308594e-02
1.015132665634155273e-02
4.492491483688354492e-03
5.536645650863647461e-03
9.611010551452636719e-03
4.631310701370239258e-03
2.734971046447753906e-02
6.876289844512939453e-03
8.197188377380371094e-03
4.506170749664306641e-03
1.773130893707275391e-02
7.121652364730834961e-03
2.299463748931884766e-02
1.328289508819580078e-02
1.408272981643676758e-02
6.506890058517456055e-03
1.103371381759643555e-03
1.951217651367187500e-03
5.826532840728759766e-03
8.971542119979858398e-03
1.915049552917480469e-02
1.248985528945922852e-02
5.957186222076416016e-03
1.203581690788269043e-03
1.287472248077392578e-02
5.056440830230712891e-03
2.241706848144531250e-02
2.243590354919433594e-02
2.793252468109130859e-03
1.903331279754638672e-02
1.771295070648193359e-02
9.822845458984375000e-03
5.998730659484863281e-03
9.706497192382812500e-03
4.754543304443359375e-03
5.838871002197265625e-03
5.730032920837402344e-03
1.163315773010253906e-02
1.275706291198730469e-02
1.314646005630493164e-02
1.559144258499145508e-02
1.756656169891357422e-02
1.595151424407958984e-02
7.967054843902587891e-03
8.771181106567382812e-03
3.931283950805664062e-03
1.149660348892211914e-02
3.602385520935058594e-03
1.460701227188110352e-03
1.430630683898925781e-03
2.259826660156250000e-02
2.372598648071289062e-02
5.287826061248779297e-03
1.139897108078002930e-02
1.593041419982910156e-02
1.788485050201416016e-02
1.427292823791503906e-02
1.531076431274414062e-02
7.816970348358154297e-03
1.515889167785644531e-02
1.353847980499267578e-02
6.058186292648315430e-03
2.265369892120361328e-02
2.065792679786682129e-03
1.830250024795532227e-03
9.436309337615966797e-03
6.403326988220214844e-03
5.225121974945068359e-03
1.848125457763671875e-02
3.147339820861816406e-02
3.220081329345703125e-03
1.101779937744140625e-02
1.290404796600341797e-02
2.015566825866699219e-02
2.339899539947509766e-02
5.648851394653320312e-03
2.317029237747192383e-02
2.142566442489624023e-02
2.388209104537963867e-03
5.276083946228027344e-03
1.555526256561279297e-02
1.946544647216796875e-02
7.298648357391357422e-03
1.751995086669921875e-02
2.088737487792968750e-02
2.273225784301757812e-02
1.950895786285400391e-02
5.139678716659545898e-03
2.625867724418640137e-03
1.329427957534790039e-02
6.615996360778808594e-03
1.098716259002685547e-02
5.643725395202636719e-03
4.150867462158203125e-03
1.912343502044677734e-02
1.542294025421142578e-02
9.433388710021972656e-03
4.831492900848388672e-03
6.370663642883300781e-03
7.193356752395629883e-03
1.121556758880615234e-02
1.328134536743164062e-02
2.644926309585571289e-03
2.324485778808593750e-02
5.028963088989257812e-03
1.052027940750122070e-02
2.026259899139404297e-02
8.967876434326171875e-03
1.030810177326202393e-03
1.144784688949584961e-02
1.906079053878784180e-02
1.211750507354736328e-02
4.244208335876464844e-03
8.885622024536132812e-03
9.894728660583496094e-03
2.724885940551757812e-03
3.233224153518676758e-03
1.400077342987060547e-02
1.006144285202026367e-02
2.382588386535644531e-02
1.036560535430908203e-02
0.000000000000000000e+00
0.000000000000000000e+00
0.000000000000000000e+00
0.000000000000000000e+00
0.000000000000000000e+00
0.000000000000000000e+00
0.000000000000000000e+00
0.000000000000000000e+00
0.000000000000000000e+00
0.000000000000000000e+00
0.000000000000000000e+00
0.000000000000000000e+00
0.000000000000000000e+00
0.000000000000000000e+00
0.000000000000000000e+00
0.000000000000000000e+00
0.000000000000000000e+00
0.000000000000000000e+00
0.000000000000000000e+00
0.000000000000000000e+00
