6.006598472595214844e-03
1.047410070896148682e-03
2.194494009017944336e-04
3.436282277107238770e-04
1.421038061380386353e-03
6.450042128562927246e-04
7.412910461425781250e-03
6.196647882461547852e-04
9.801149368286132812e-03
9.769052267074584961e-03
7.672533392906188965e-04
1.992005109786987305e-02
1.828307285904884338e-04
8.486583828926086426e-05
1.163071393966674805e-02
3.349852561950683594e-02
2.078041434288024902e-03
3.874376416206359863e-04
2.276730537414550781e-02
3.946989774703979492e-03
1.796221733093261719e-02
8.595645427703857422e-03
2.846121788024902344e-02
2.501499652862548828e-02
3.782257437705993652e-03
9.132325649261474609e-04
2.000403404235839844e-02
4.007917642593383789e-02
2.545988559722900391e-02
6.476670503616333008e-03
1.682481169700622559e-02
6.313472986221313477e-04
3.981068730354309082e-04
2.099752426147460938e-02
1.034736633300781250e-02
1.205921173095703125e-02
1.085411757230758667e-03
2.611830830574035645e-03
3.206118941307067871e-03
1.736268401145935059e-03
2.648788690567016602e-02
3.785416483879089355e-03
1.215195655822753906e-02
5.043782293796539307e-04
1.917064189910888672e-02
7.220610976219177246e-03
3.726339340209960938e-02
1.841804385185241699e-02
5.760908126831054688e-03
2.299457788467407227e-02
1.045584678649902344e-03
9.420141577720642090e-05
1.897156238555908203e-02
1.484054327011108398e-02
8.383899927139282227e-03
3.050211817026138306e-04
1.122653484344482422e-02
3.417208790779113770e-03
6.917029619216918945e-03
4.562141839414834976e-06
3.148257732391357422e-03
9.384229779243469238e-04
1.684236526489257812e-02
2.440765500068664551e-03
2.267384529113769531e-02
3.006547689437866211e-03
5.644559860229492188e-04
8.627176284790039062e-04
3.110319375991821289e-04
1.347738504409790039e-02
9.733587503433227539e-03
1.005262136459350586e-02
1.455849409103393555e-02
6.937086582183837891e-04
1.110509037971496582e-02
1.116698980331420898e-02
2.473706007003784180e-02
8.500933647155761719e-03
4.923313856124877930e-03
4.827499389648437500e-03
2.420270442962646484e-02
2.264052629470825195e-03
3.077201545238494873e-04
3.496879339218139648e-02
1.847460865974426270e-03
3.555789589881896973e-03
5.708217620849609375e-03
7.688291370868682861e-04
2.245926856994628906e-02
4.947036504745483398e-04
2.146196365356445312e-02
2.250149846076965332e-04
5.583792924880981445e-03
1.211566850543022156e-04
1.828879117965698242e-02
2.087831497192382812e-03
4.819408059120178223e-04
2.487771213054656982e-03
2.587914466857910156e-02
1.287841796875000000e-02
8.466005325317382812e-03
1.960450410842895508e-02
2.374775707721710205e-03
2.440959215164184570e-04
3.598833084106445312e-02
6.388127803802490234e-04
1.150093972682952881e-03
4.650428891181945801e-03
2.330297231674194336e-02
8.751899003982543945e-03
4.014050960540771484e-02
3.762853145599365234e-02
1.743018627166748047e-02
2.272045612335205078e-02
1.011639833450317383e-02
2.152472734451293945e-04
1.314127445220947266e-02
4.847114905714988708e-05
6.952881813049316406e-03
1.031380891799926758e-02
1.879304647445678711e-02
2.557313442230224609e-02
2.781420946121215820e-03
2.794873714447021484e-02
2.265945076942443848e-03
3.318399190902709961e-03
2.836603671312332153e-04
1.316553354263305664e-02
4.216951131820678711e-02
2.717729657888412476e-04
5.694717168807983398e-03
1.158108934760093689e-04
4.699751734733581543e-04
1.928442716598510742e-02
8.362904191017150879e-05
2.757298946380615234e-02
3.625112771987915039e-02
7.228732109069824219e-03
4.461146891117095947e-04
9.470507502555847168e-04
2.545350790023803711e-02
6.636828184127807617e-04
3.534659743309020996e-03
4.974722862243652344e-03
1.552790403366088867e-02
3.407225012779235840e-04
2.006721496582031250e-02
3.509238362312316895e-03
2.063822746276855469e-02
3.049373626708984375e-03
1.987171173095703125e-02
1.667171716690063477e-02
1.431858539581298828e-02
4.230600595474243164e-02
2.452984452247619629e-03
2.027213573455810547e-03
1.418089866638183594e-02
1.851731538772583008e-02
2.665519714355468750e-04
1.472675800323486328e-02
4.162535071372985840e-03
2.559661865234375000e-02
1.356944441795349121e-03
9.159326553344726562e-03
6.259046494960784912e-05
1.437503099441528320e-02
1.517301425337791443e-04
1.098193228244781494e-03
4.144281148910522461e-02
1.174691319465637207e-02
1.418471336364746094e-02
1.589499413967132568e-03
2.404224872589111328e-02
2.687066793441772461e-03
3.251320123672485352e-02
5.886867642402648926e-03
6.001979112625122070e-03
1.578375697135925293e-03
7.980704307556152344e-03
9.951353073120117188e-03
8.351635187864303589e-05
2.168822288513183594e-02
1.034992933273315430e-02
2.610254287719726562e-02
3.671199083328247070e-04
2.432537078857421875e-02
3.979754447937011719e-02
5.773790180683135986e-04
5.463883280754089355e-04
3.202974796295166016e-02
9.132176637649536133e-04
8.669979870319366455e-04
2.914893627166748047e-02
8.827686309814453125e-03
9.947538375854492188e-03
4.570901393890380859e-03
2.842471003532409668e-03
6.997287273406982422e-04
1.173898577690124512e-03
2.424076199531555176e-03
1.473450660705566406e-02
5.567342042922973633e-03
4.556821659207344055e-05
2.050772309303283691e-03
4.331804811954498291e-04
9.478569030761718750e-03
8.966811001300811768e-04
6.944715976715087891e-03
3.652244806289672852e-03
3.078269958496093750e-02
8.753299713134765625e-03
3.481492400169372559e-03
3.442674875259399414e-02
8.459063246846199036e-05
2.279531955718994141e-02
3.998070955276489258e-03
2.069109678268432617e-02
9.066238999366760254e-05
6.611943244934082031e-04
9.967803955078125000e-03
2.341866493225097656e-04
1.566983759403228760e-03
9.658858180046081543e-04
2.164226770401000977e-02
1.097863912582397461e-02
2.605486661195755005e-04
3.077739477157592773e-02
4.712843894958496094e-02
3.613419830799102783e-04
4.226826131343841553e-04
2.631235122680664062e-02
2.390432357788085938e-02
1.799561083316802979e-03
1.173788309097290039e-02
1.005879603326320648e-04
3.125882148742675781e-02
1.577541232109069824e-03
1.182806491851806641e-02
1.622185111045837402e-03
1.052953302860260010e-03
3.346689045429229736e-04
2.909544855356216431e-04
8.614063262939453125e-04
1.081040501594543457e-02
1.389294862747192383e-03
1.150453090667724609e-02
1.815792918205261230e-02
1.730972528457641602e-02
4.124119877815246582e-04
2.503201365470886230e-03
1.597052812576293945e-02
9.418547153472900391e-03
7.676519453525543213e-05
1.909458637237548828e-02
1.702114939689636230e-03
1.394990831613540649e-04
3.140419721603393555e-03
1.893979310989379883e-02
3.544583916664123535e-03
8.457265794277191162e-04
7.064700126647949219e-03
4.829168319702148438e-04
4.360020160675048828e-03
2.118098735809326172e-02
2.510368824005126953e-03
1.968026161193847656e-02
3.886252641677856445e-03
3.543496131896972656e-04
1.037061214447021484e-03
8.285880088806152344e-03
1.052498817443847656e-03
2.242165803909301758e-02
1.618337631225585938e-02
2.208578586578369141e-02
1.540893316268920898e-02
1.792836189270019531e-02
4.337865114212036133e-02
1.588934659957885742e-02
1.692110300064086914e-02
7.262438535690307617e-03
4.278533160686492920e-04
1.682132482528686523e-02
6.506443023681640625e-03
3.696858882904052734e-03
6.153672933578491211e-03
4.301428794860839844e-03
2.990178763866424561e-04
1.337423920631408691e-03
3.996472805738449097e-04
1.052074134349822998e-03
3.038376569747924805e-03
2.631980180740356445e-02
6.481632590293884277e-05
8.768327534198760986e-04
2.617150545120239258e-02
7.059425115585327148e-04
1.631893217563629150e-03
1.112020015716552734e-02
2.738791704177856445e-02
2.217411994934082031e-02
4.979385994374752045e-05
6.439909338951110840e-04
5.074143409729003906e-03
1.306599006056785583e-04
3.267312049865722656e-02
4.488170146942138672e-03
8.911103010177612305e-03
2.421662211418151855e-03
4.041418433189392090e-03
2.658188343048095703e-03
2.496302127838134766e-03
1.237356662750244141e-02
1.217156648635864258e-02
4.004940390586853027e-03
2.725073136389255524e-05
3.206515312194824219e-02
2.732966095209121704e-05
3.021284937858581543e-04
7.274933159351348877e-04
1.603192090988159180e-02
1.643016934394836426e-02
2.939987182617187500e-02
1.015204191207885742e-02
2.389210462570190430e-02
3.084763884544372559e-04
1.752257347106933594e-02
1.473385095596313477e-02
1.935636997222900391e-02
7.355660200119018555e-04
5.201786756515502930e-03
1.385378837585449219e-02
2.699911594390869141e-02
5.907118320465087891e-03
1.483982801437377930e-02
5.055427551269531250e-03
1.103550195693969727e-03
6.067246198654174805e-03
1.567566394805908203e-02
1.485958695411682129e-03
8.133202791213989258e-03
2.213466167449951172e-02
2.739381790161132812e-02
3.660339862108230591e-04
8.530169725418090820e-03
2.393627166748046875e-02
2.710866928100585938e-02
6.792433559894561768e-04
1.055294275283813477e-02
4.586756229400634766e-03
1.226767897605895996e-03
1.456409692764282227e-03
3.849101066589355469e-02
2.116329967975616455e-03
2.155397087335586548e-04
1.129218935966491699e-02
7.114544510841369629e-03
3.242678940296173096e-04
3.438895940780639648e-02
8.707851171493530273e-03
1.230877637863159180e-02
2.077901363372802734e-02
2.991244196891784668e-03
9.233355522155761719e-03
1.389014720916748047e-02
3.221288323402404785e-03
1.277264952659606934e-02
2.408012747764587402e-03
1.458531618118286133e-02
1.871412992477416992e-02
2.075117826461791992e-02
5.430914461612701416e-04
2.120465040206909180e-02
1.939356327056884766e-02
2.635210752487182617e-02
3.221914172172546387e-03
2.209700644016265869e-03
1.184481382369995117e-02
5.881637334823608398e-03
1.136851310729980469e-02
2.652615308761596680e-03
1.426240801811218262e-02
1.505380868911743164e-02
1.784527301788330078e-02
4.131495952606201172e-03
3.560662269592285156e-03
1.825022697448730469e-02
1.933676004409790039e-02
1.541420817375183105e-03
8.622631430625915527e-04
3.265190124511718750e-02
5.087330937385559082e-03
1.558754593133926392e-04
9.847223758697509766e-03
5.082301795482635498e-04
5.193591117858886719e-03
2.734339237213134766e-02
4.169613122940063477e-03
2.587866038084030151e-04
2.423381805419921875e-02
3.876447677612304688e-02
2.171629667282104492e-02
1.664292812347412109e-02
1.440837979316711426e-03
8.715689182281494141e-04
9.598165750503540039e-03
1.901704072952270508e-02
1.670938730239868164e-02
3.129541873931884766e-03
2.931421995162963867e-02
1.579746603965759277e-03
1.670891046524047852e-02
6.088465452194213867e-04
3.917023539543151855e-03
4.416060447692871094e-02
6.348878145217895508e-03
4.347428679466247559e-03
2.471864223480224609e-03
1.908165216445922852e-02
7.299959659576416016e-03
5.008131265640258789e-03
2.077591419219970703e-02
1.874253153800964355e-03
1.913195848464965820e-02
3.352507948875427246e-03
1.157271862030029297e-02
8.300811052322387695e-03
5.112178623676300049e-04
3.643190860748291016e-02
2.438485622406005859e-03
6.596714258193969727e-03
2.219833433628082275e-03
1.234114170074462891e-02
6.775289773941040039e-03
3.181672096252441406e-02
3.535962104797363281e-02
2.753123641014099121e-03
1.447647809982299805e-02
1.790636777877807617e-02
9.374693036079406738e-05
1.107767224311828613e-03
5.282871425151824951e-04
4.834204912185668945e-03
2.302482724189758301e-03
1.603662967681884766e-03
1.184269785881042480e-02
3.593452274799346924e-04
2.348825335502624512e-03
2.727866172790527344e-03
7.851570844650268555e-03
1.173198223114013672e-02
1.915648579597473145e-03
3.535187244415283203e-02
3.641694784164428711e-04
1.447117328643798828e-02
1.401185989379882812e-02
2.398294210433959961e-02
2.678349614143371582e-03
5.239635705947875977e-03
1.211650669574737549e-04
1.497492194175720215e-02
3.870332241058349609e-02
1.040878891944885254e-02
2.127550542354583740e-04
2.422446012496948242e-02
1.211655139923095703e-02
9.585589170455932617e-03
1.378767192363739014e-03
2.189517021179199219e-03
9.653091430664062500e-03
1.067516207695007324e-02
1.015871763229370117e-03
2.702438831329345703e-02
1.441931724548339844e-02
1.798647642135620117e-02
2.724938094615936279e-04
3.514327108860015869e-04
2.209737896919250488e-03
1.384559273719787598e-02
1.381891965866088867e-02
4.020547866821289062e-02
1.431190967559814453e-02
7.015675306320190430e-03
1.143735647201538086e-02
1.091516017913818359e-02
3.022301197052001953e-02
9.488947689533233643e-04
3.747606277465820312e-02
3.274583816528320312e-02
1.381260156631469727e-02
3.127735853195190430e-02
9.532094001770019531e-03
2.276825904846191406e-02
2.440911531448364258e-02
1.956331729888916016e-02
3.614023327827453613e-03
2.036637067794799805e-02
2.458858489990234375e-02
1.232780516147613525e-03
2.401667833328247070e-02
8.904561400413513184e-04
6.214618682861328125e-03
1.456756144762039185e-04
1.458093523979187012e-03
4.563188552856445312e-02
6.255835294723510742e-03
6.851971149444580078e-03
5.842983722686767578e-03
1.941466331481933594e-02
1.944637298583984375e-02
2.643793821334838867e-02
5.898743867874145508e-03
1.328933238983154297e-02
1.897269487380981445e-02
1.518511772155761719e-02
2.903074026107788086e-02
9.791031479835510254e-04
2.146594226360321045e-03
2.229493111371994019e-04
2.607330679893493652e-04
2.927255630493164062e-02
2.378523349761962891e-04
1.116278767585754395e-02
2.352946996688842773e-02
2.880901098251342773e-02
2.407515421509742737e-05
2.093672752380371094e-03
2.479332685470581055e-02
2.669626474380493164e-02
3.821939229965209961e-02
1.567113399505615234e-02
1.912042498588562012e-04
1.489043235778808594e-02
1.586318016052246094e-02
2.839803695678710938e-03
1.215659081935882568e-03
1.100751757621765137e-02
5.183070898056030273e-03
7.717311382293701172e-03
4.780781269073486328e-02
1.911625266075134277e-03
7.473587989807128906e-03
2.751058340072631836e-02
3.087437152862548828e-02
4.175633192062377930e-03
3.084164857864379883e-02
2.004063129425048828e-02
9.814240038394927979e-04
3.840929269790649414e-02
2.000439167022705078e-02
1.344203948974609375e-03
1.308041810989379883e-02
4.676319658756256104e-04
4.137402772903442383e-02
2.299463748931884766e-02
2.527803182601928711e-03
1.416802406311035156e-02
2.864718437194824219e-02
2.159428596496582031e-02
4.690997302532196045e-04
5.894780158996582031e-03
1.951217651367187500e-02
6.926208734512329102e-03
9.834229946136474609e-03
2.366739511489868164e-02
1.951360702514648438e-02
1.816190779209136963e-03
3.400570154190063477e-02
2.335339784622192383e-03
9.511083364486694336e-03
2.570366859436035156e-02
1.297608017921447754e-02
3.211092948913574219e-02
2.226674556732177734e-02
3.551580011844635010e-04
1.160323619842529297e-03
4.039478302001953125e-02
9.365826845169067383e-04
1.757308840751647949e-03
4.508018493652343750e-03
3.916442394256591797e-03
7.763728499412536621e-04
8.177369832992553711e-03
3.790944814682006836e-03
1.831930875778198242e-02
3.453612327575683594e-03
3.535058349370956421e-04
2.112007141113281250e-02
2.544808387756347656e-02
5.781993269920349121e-03
3.281247615814208984e-02
7.095672190189361572e-04
1.682028174400329590e-03
1.744166016578674316e-03
1.399588584899902344e-02
3.609013557434082031e-02
2.408444881439208984e-02
3.026127815246582031e-03
1.227289438247680664e-02
1.440778374671936035e-03
2.849325537681579590e-03
1.315303146839141846e-03
2.956092357635498047e-04
1.567268371582031250e-02
1.589518785476684570e-02
2.714386209845542908e-04
2.088409662246704102e-02
3.005933761596679688e-02
7.607221603393554688e-03
6.761342287063598633e-03
2.398467063903808594e-02
9.195297956466674805e-03
2.330136299133300781e-02
1.736193895339965820e-02
1.440316438674926758e-02
1.879435777664184570e-02
2.002966403961181641e-02
4.850663244724273682e-04
2.610576152801513672e-02
3.561317920684814453e-03
1.419305801391601562e-02
7.202684879302978516e-03
9.208219125866889954e-05
1.450145244598388672e-02
2.986728213727474213e-05
4.696130752563476562e-02
1.759147644042968750e-02
2.955013513565063477e-02
8.255064487457275391e-03
9.946405887603759766e-03
1.527917385101318359e-02
3.866291046142578125e-02
1.200199127197265625e-02
1.386061310768127441e-03
5.227649211883544922e-02
6.810307502746582031e-03
4.752874374389648438e-04
2.099457196891307831e-05
1.928961277008056641e-02
1.003488898277282715e-03
2.249618992209434509e-04
6.865620613098144531e-03
7.390007376670837402e-04
1.056724786758422852e-02
7.198989391326904297e-03
1.129306852817535400e-03
1.318819820880889893e-03
6.737858057022094727e-03
1.240614801645278931e-03
7.248431444168090820e-03
2.371333539485931396e-04
8.286349475383758545e-04
2.252006530761718750e-02
1.781329512596130371e-03
1.901525259017944336e-02
1.277679204940795898e-02
1.191878318786621094e-02
7.442742586135864258e-03
2.471995353698730469e-02
3.787839412689208984e-02
2.219229936599731445e-03
6.817400455474853516e-03
4.839934408664703369e-04
5.323551595211029053e-04
1.807224750518798828e-02
1.901876926422119141e-02
7.984489202499389648e-04
1.343227922916412354e-04
3.805514425039291382e-04
1.890206336975097656e-02
1.516771316528320312e-02
5.550608038902282715e-04
1.021870970726013184e-02
1.499012112617492676e-03
6.652683019638061523e-03
2.319610118865966797e-02
4.337680339813232422e-02
8.616685867309570312e-03
5.313724279403686523e-03
1.137822866439819336e-02
2.359163761138916016e-02
1.888073980808258057e-03
4.225492477416992188e-02
1.728045940399169922e-02
1.581728458404541016e-02
3.711521625518798828e-02
1.780995726585388184e-02
3.718920052051544189e-04
6.593912839889526367e-04
3.039538860321044922e-03
6.553763523697853088e-05
4.087284207344055176e-03
8.262932300567626953e-03
2.812004089355468750e-02
3.717827796936035156e-02
2.247726917266845703e-02
5.829259753227233887e-03
1.677423715591430664e-02
2.566307783126831055e-03
8.229851722717285156e-03
1.574203372001647949e-03
4.057419300079345703e-02
1.980841159820556641e-02
3.775343298912048340e-03
3.581571578979492188e-02
8.700281381607055664e-03
4.529431462287902832e-04
2.394020557403564453e-03
1.604929566383361816e-03
7.657147943973541260e-05
3.922507166862487793e-04
3.401059657335281372e-04
3.744930028915405273e-03
1.145591959357261658e-04
7.597506046295166016e-03
2.934885025024414062e-02
2.291071414947509766e-02
1.611560583114624023e-02
2.089538611471652985e-05
2.113252878189086914e-03
6.268650293350219727e-03
1.702960580587387085e-04
1.366907358169555664e-02
1.873174309730529785e-02
3.439597785472869873e-04
3.642931580543518066e-03
1.296862959861755371e-02
2.992078661918640137e-03
1.568555831909179688e-03
1.784600317478179932e-03
1.214854419231414795e-04
2.045190334320068359e-02
1.670277118682861328e-02
1.214170455932617188e-02
1.190388202667236328e-02
1.954481005668640137e-03
9.049683809280395508e-03
1.682609319686889648e-03
6.112158298492431641e-03
1.643151044845581055e-02
1.674634218215942383e-02
5.479380488395690918e-04
1.296257972717285156e-02
3.666520118713378906e-03
2.819821238517761230e-04
2.806559205055236816e-04
3.687545657157897949e-03
1.612119376659393311e-04
2.201819419860839844e-02
6.052434444427490234e-03
2.458840608596801758e-02
2.199536561965942383e-02
3.596210479736328125e-02
4.945695400238037109e-03
6.356596946716308594e-03
1.065587997436523438e-02
1.139405369758605957e-02
1.490390300750732422e-02
8.666902780532836914e-03
1.187032461166381836e-02
2.131685614585876465e-03
5.039542913436889648e-03
9.930491447448730469e-03
4.241272807121276855e-03
1.823157072067260742e-02
1.835480332374572754e-03
7.679790258407592773e-03
1.581251621246337891e-02
8.033573627471923828e-03
8.428767323493957520e-04
1.227414608001708984e-02
2.118572592735290527e-03
3.158289194107055664e-02
3.082603216171264648e-03
7.145516574382781982e-04
3.615170717239379883e-03
3.744289278984069824e-03
1.825615763664245605e-04
1.600449904799461365e-04
2.438291907310485840e-03
4.265856742858886719e-02
2.425238490104675293e-03
2.079769968986511230e-03
8.423447608947753906e-03
1.009452342987060547e-02
1.300609111785888672e-02
2.335858345031738281e-02
3.157984465360641479e-04
1.714968681335449219e-02
2.271521091461181641e-02
7.053494453430175781e-03
3.995656967163085938e-03
1.228451728820800781e-02
1.885437965393066406e-02
1.193918287754058838e-04
2.404069900512695312e-02
2.295777201652526855e-03
6.961822509765625000e-03
6.028175354003906250e-03
9.185075759887695312e-04
3.017187118530273438e-03
2.581471204757690430e-02
3.563642501831054688e-03
3.237277269363403320e-05
9.774029254913330078e-03
1.026596873998641968e-04
7.986187934875488281e-03
1.947596669197082520e-03
1.479789614677429199e-03
6.026029586791992188e-03
1.945476979017257690e-04
1.553237438201904297e-03
7.083550095558166504e-03
2.951301634311676025e-03
1.235611736774444580e-03
9.855598211288452148e-03
2.406549453735351562e-02
8.792020380496978760e-04
1.310491934418678284e-04
4.628479480743408203e-03
2.030842006206512451e-03
2.516053617000579834e-03
5.918055772781372070e-03
3.676664829254150391e-02
1.414492726325988770e-03
2.665296196937561035e-03
2.985671162605285645e-03
2.474471926689147949e-03
1.930065453052520752e-03
2.314662933349609375e-02
1.663869619369506836e-02
3.906920552253723145e-03
1.059660315513610840e-02
1.849681138992309570e-04
2.311822026968002319e-04
1.017153263092041016e-02
1.870948076248168945e-02
2.788320183753967285e-03
4.963055253028869629e-04
9.232074022293090820e-03
6.855517625808715820e-03
4.160434007644653320e-03
1.762941479682922363e-03
2.351447939872741699e-03
2.896147966384887695e-02
5.106553435325622559e-04
2.540275454521179199e-03
7.953941822052001953e-03
3.617051988840103149e-04
4.029363393783569336e-03
8.003599941730499268e-05
5.225658416748046875e-03
1.248553395271301270e-03
1.030993461608886719e-02
2.286434173583984375e-03
1.004534959793090820e-02
1.945517957210540771e-03
1.712131500244140625e-02
2.759218215942382812e-02
1.961052417755126953e-03
9.580329060554504395e-05
2.936863899230957031e-02
1.079037785530090332e-03
1.488596200942993164e-02
2.972424030303955078e-03
8.144741877913475037e-05
2.265495061874389648e-02
1.589316129684448242e-02
1.089472323656082153e-03
1.898604631423950195e-02
1.441124081611633301e-02
2.095472812652587891e-02
4.512444138526916504e-05
4.850924015045166016e-04
1.378685235977172852e-03
3.346204757690429688e-03
9.420327842235565186e-04
8.914470672607421875e-03
9.281665086746215820e-03
2.806946635246276855e-03
2.178028225898742676e-03
3.660666942596435547e-02
1.003378629684448242e-02
2.022969722747802734e-02
2.048575878143310547e-02
8.450224995613098145e-04
2.144753932952880859e-02
3.420636057853698730e-03
1.276805996894836426e-03
3.306710720062255859e-02
2.899765968322753906e-02
1.375836133956909180e-02
2.134752273559570312e-02
2.762563526630401611e-04
1.464225351810455322e-05
4.079878330230712891e-03
1.339204609394073486e-04
3.181323409080505371e-03
5.235761404037475586e-03
1.520144939422607422e-02
1.355767250061035156e-02
2.436876296997070312e-03
2.815714105963706970e-05
1.604050397872924805e-02
1.340404152870178223e-03
1.840114593505859375e-02
8.423119783401489258e-03
4.542283713817596436e-04
1.046098768711090088e-03
2.746689319610595703e-02
2.758318185806274414e-02
1.757688820362091064e-03
1.145315170288085938e-02
2.431970834732055664e-02
5.381748080253601074e-03
1.847669482231140137e-04
3.660693764686584473e-04
2.377420663833618164e-03
4.895225167274475098e-03
9.415924549102783203e-03
2.688877284526824951e-04
1.795673370361328125e-02
1.124858856201171875e-02
1.968848705291748047e-02
7.406353950500488281e-03
4.799321293830871582e-03
2.027207612991333008e-02
2.950523048639297485e-05
1.173831522464752197e-03
3.624439239501953125e-03
2.290368080139160156e-02
1.902592182159423828e-02
1.080527901649475098e-02
5.992621183395385742e-03
1.584202051162719727e-03
8.984142914414405823e-05
5.344361066818237305e-03
3.267359733581542969e-02
4.078187048435211182e-04
9.140431880950927734e-03
1.029473543167114258e-02
2.620095014572143555e-02
6.916075944900512695e-04
2.388918399810791016e-02
2.896553277969360352e-02
1.067996025085449219e-03
3.040656447410583496e-03
9.275138378143310547e-03
5.174040794372558594e-03
2.363991737365722656e-02
1.076400279998779297e-03
2.397701144218444824e-03
8.652508258819580078e-03
4.661083221435546875e-04
1.382440328598022461e-02
1.164533197879791260e-03
3.731191158294677734e-03
3.507975488901138306e-04
3.651767969131469727e-03
1.326292753219604492e-02
1.394695043563842773e-02
1.309210062026977539e-02
5.145557224750518799e-04
2.692699432373046875e-03
2.509415149688720703e-03
3.540754318237304688e-03
4.492938518524169922e-03
2.439529635012149811e-05
1.739317178726196289e-02
1.068103313446044922e-02
1.843087375164031982e-04
3.836065530776977539e-03
4.513829946517944336e-03
1.489168405532836914e-02
7.151067256927490234e-03
5.200535058975219727e-03
6.496191024780273438e-03
4.073947668075561523e-03
1.032911241054534912e-03
7.105339318513870239e-05
1.495990157127380371e-02
3.733579069375991821e-04
6.706155836582183838e-04
9.784072637557983398e-03
2.042603492736816406e-02
1.064777374267578125e-02
4.431784152984619141e-03
3.028377890586853027e-03
1.134715974330902100e-03
1.110959053039550781e-02
4.924740642309188843e-05
3.640353679656982422e-03
2.406728267669677734e-02
1.498055458068847656e-02
8.489936590194702148e-06
1.044148206710815430e-02
1.004689931869506836e-02
8.853942155838012695e-03
9.237617254257202148e-03
5.560964345932006836e-03
3.118366003036499023e-03
1.248776912689208984e-02
2.185118198394775391e-02
7.986575365066528320e-04
6.981164216995239258e-03
1.090022921562194824e-02
1.176260411739349365e-04
2.458266913890838623e-03
1.478952169418334961e-02
1.429212093353271484e-02
2.486121654510498047e-02
3.400713205337524414e-03
2.068907022476196289e-03
2.050623297691345215e-03
2.208724617958068848e-04
3.202915191650390625e-03
1.188956201076507568e-03
8.047521114349365234e-03
4.047632217407226562e-03
1.187622547149658203e-05
1.488476991653442383e-02
1.374620199203491211e-02
9.623140096664428711e-03
2.670168876647949219e-02
1.322025060653686523e-02
8.488539606332778931e-06
1.463639736175537109e-02
3.592258691787719727e-02
3.404533863067626953e-02
8.330404758453369141e-03
1.132920384407043457e-03
2.837181091308593750e-04
1.718714833259582520e-02
1.156540215015411377e-02
2.085351943969726562e-02
1.527637243270874023e-03
9.198307991027832031e-03
1.367673277854919434e-03
1.656766980886459351e-04
2.392567694187164307e-05
8.005499839782714844e-03
1.441672444343566895e-03
8.390238508582115173e-05
1.828417181968688965e-03
4.178479313850402832e-03
1.177638769149780273e-03
3.992281854152679443e-04
5.886852741241455078e-04
3.487795591354370117e-03
1.270778477191925049e-03
1.304608583450317383e-02
5.853891372680664062e-03
6.011798977851867676e-04
9.203143417835235596e-05
4.835464060306549072e-04
1.294150948524475098e-03
2.699829638004302979e-04
1.350760459899902344e-02
3.478284925222396851e-04
2.651751041412353516e-03
2.490077167749404907e-04
9.036570787429809570e-03
1.058124005794525146e-03
7.896032184362411499e-05
4.383027553558349609e-04
1.349356025457382202e-04
4.609882831573486328e-03
1.115655899047851562e-02
4.632994532585144043e-04
1.929968595504760742e-03
2.156496047973632812e-03
6.904244422912597656e-03
1.913905143737792969e-03
4.460550844669342041e-04
2.951276302337646484e-02
1.704476773738861084e-03
3.661308437585830688e-04
2.239689230918884277e-03
2.062078565359115601e-04
3.643650561571121216e-04
7.275879383087158203e-03
1.088404655456542969e-02
2.256724238395690918e-02
1.634759828448295593e-04
3.564089536666870117e-03
5.304738879203796387e-04
1.336038112640380859e-03
7.916167378425598145e-04
3.155976533889770508e-03
6.685629487037658691e-04
5.124866962432861328e-03
5.183555185794830322e-04
7.214695215225219727e-04
3.398671746253967285e-03
1.377090811729431152e-04
1.109875738620758057e-03
4.613436758518218994e-04
9.484678506851196289e-03
9.381696581840515137e-04
1.690834760665893555e-03
9.735524654388427734e-04
8.916407823562622070e-04
3.669810295104980469e-02
1.478612422943115234e-03
5.030371248722076416e-04
1.384496688842773438e-03
2.454495429992675781e-02
1.026175916194915771e-03
2.798698842525482178e-04
1.541560888290405273e-02
1.681581139564514160e-03
6.431847810745239258e-03
6.951438263058662415e-05
6.879955530166625977e-03
1.795124262571334839e-04
4.980742931365966797e-03
1.573085784912109375e-02
6.635099649429321289e-03
2.255477011203765869e-04
8.219957351684570312e-03
2.123169600963592529e-03
1.246728003025054932e-03
1.166593283414840698e-04
2.461671829223632812e-03
3.434270620346069336e-04
1.735180616378784180e-03
1.364864408969879150e-03
1.676723361015319824e-03
4.599150270223617554e-05
2.279639244079589844e-03
6.989687681198120117e-03
1.795753836631774902e-03
1.094851642847061157e-03
1.690223813056945801e-03
1.060359179973602295e-03
7.166117429733276367e-04
1.281872391700744629e-03
1.188470050692558289e-04
8.690804243087768555e-04
8.002460002899169922e-03
2.966523170471191406e-04
8.157610893249511719e-03
1.843474805355072021e-03
1.984879374504089355e-03
1.009635627269744873e-03
1.534268260002136230e-03
2.771884202957153320e-03
2.765357494354248047e-03
2.575874328613281250e-03
2.344921231269836426e-03
1.076664775609970093e-04
4.829131066799163818e-04
1.218974590301513672e-03
2.609238028526306152e-03
2.601873129606246948e-04
6.290197372436523438e-03
3.417089581489562988e-03
1.450084149837493896e-03
4.508405923843383789e-03
8.848235011100769043e-04
1.986041665077209473e-03
5.855038762092590332e-04
1.887410879135131836e-03
3.733839839696884155e-04
2.039056271314620972e-04
2.975642681121826172e-03
3.528185188770294189e-04
2.275332808494567871e-03
8.588843047618865967e-05
1.047682762145996094e-02
6.046220660209655762e-04
7.923841476440429688e-03
5.953684449195861816e-04
1.485586166381835938e-03
4.023574292659759521e-04
1.386582851409912109e-02
2.389904111623764038e-04
1.252248883247375488e-03
7.002800703048706055e-04
2.022767439484596252e-04
2.334751188755035400e-04
2.080053091049194336e-04
3.051429986953735352e-03
2.118110656738281250e-03
1.978322863578796387e-03
4.760593175888061523e-03
8.996389806270599365e-04
4.226118326187133789e-03
6.645411252975463867e-03
1.256209611892700195e-02
6.462112069129943848e-04
1.599371433258056641e-03
2.342581748962402344e-02
1.725159585475921631e-03
5.361735820770263672e-03
8.524566888809204102e-03
8.842945098876953125e-03
8.351281285285949707e-04
9.012073278427124023e-04
2.116173505783081055e-03
5.634129047393798828e-04
2.797376364469528198e-04
1.503843814134597778e-04
9.324699640274047852e-04
5.535930395126342773e-04
1.919025182723999023e-02
8.616298437118530273e-04
1.284295320510864258e-02
1.014038920402526855e-02
1.283061504364013672e-02
2.852842211723327637e-03
1.400755718350410461e-05
1.656278967857360840e-03
2.479642629623413086e-03
1.052767038345336914e-04
3.985452651977539062e-02
3.619194030761718750e-03
1.368716359138488770e-03
4.546910524368286133e-03
1.606082916259765625e-02
1.892840862274169922e-02
2.732351422309875488e-03
8.827447891235351562e-04
3.656536340713500977e-03
4.162378609180450439e-04
5.673408508300781250e-03
5.052201449871063232e-04
1.565385609865188599e-04
1.337617635726928711e-03
1.532554626464843750e-03
7.274448871612548828e-04
9.754858911037445068e-04
3.498494625091552734e-04
1.130066812038421631e-03
1.454226672649383545e-03
6.776750087738037109e-03
1.565009355545043945e-03
2.388469874858856201e-04
2.142358571290969849e-04
4.398971796035766602e-04
6.315577775239944458e-05
3.229215741157531738e-03
8.538335561752319336e-03
1.761280000209808350e-04
8.951842784881591797e-03
6.947591900825500488e-04
1.730847358703613281e-02
1.092404127120971680e-03
6.085246801376342773e-03
3.918856382369995117e-04
1.416258513927459717e-03
2.199552953243255615e-03
5.104196071624755859e-02
9.479075670242309570e-04
2.463664859533309937e-04
7.969420403242111206e-05
5.432590842247009277e-04
5.738288164138793945e-03
7.257789373397827148e-03
8.051246404647827148e-04
5.640322342514991760e-05
2.253338694572448730e-03
6.248429417610168457e-04
1.810848712921142578e-03
7.245808839797973633e-03
1.437319442629814148e-04
4.974082112312316895e-04
3.315508365631103516e-04
1.265585422515869141e-02
1.079097390174865723e-03
1.339457929134368896e-03
3.883559256792068481e-04
2.153173089027404785e-03
2.723857760429382324e-03
9.774975478649139404e-05
4.863590002059936523e-03
4.209011793136596680e-03
1.633358001708984375e-02
9.160041809082031250e-04
1.913029700517654419e-04
5.605742335319519043e-04
1.299399882555007935e-04
2.521760761737823486e-04
9.840447455644607544e-05
7.587764412164688110e-05
7.497102022171020508e-03
5.749285221099853516e-03
2.624005079269409180e-03
3.541104495525360107e-03
5.450978875160217285e-03
1.372885704040527344e-02
5.585923790931701660e-04
1.119613647460937500e-03
7.780641317367553711e-05
1.887375116348266602e-02
8.538454771041870117e-03
6.551295518875122070e-03
1.926705241203308105e-03
3.517754375934600830e-04
4.833638668060302734e-04
1.025227829813957214e-04
1.140058040618896484e-03
1.367880031466484070e-04
1.384574174880981445e-02
1.326128840446472168e-03
1.655256748199462891e-02
1.630038022994995117e-04
8.226573467254638672e-03
4.573240876197814941e-04
1.186713576316833496e-03
3.596723079681396484e-03
3.675103187561035156e-03
1.648049801588058472e-04
2.451520413160324097e-04
2.049118280410766602e-03
1.782789826393127441e-03
1.013539731502532959e-04
2.577245235443115234e-03
2.256967127323150635e-04
4.831850528717041016e-04
2.406854182481765747e-04
1.376372575759887695e-02
4.947274923324584961e-03
2.064108848571777344e-03
4.659295082092285156e-04
3.557652235031127930e-04
1.728180795907974243e-04
5.792006850242614746e-04
3.424681723117828369e-03
8.875370025634765625e-03
2.411574125289916992e-03
1.833111047744750977e-02
1.170717179775238037e-03
1.325696706771850586e-03
3.030866384506225586e-03
6.746780127286911011e-05
9.810086339712142944e-05
1.458543539047241211e-02
1.421235501766204834e-04
1.114867627620697021e-04
2.368241548538208008e-04
2.527013421058654785e-03
1.664012670516967773e-03
6.763041019439697266e-04
1.330092549324035645e-03
5.006313323974609375e-03
5.468189716339111328e-03
8.991584181785583496e-04
8.741468191146850586e-04
6.647482514381408691e-04
1.828093081712722778e-04
4.231557250022888184e-04
3.428570926189422607e-04
1.635450124740600586e-02
4.225760698318481445e-03
5.046986043453216553e-04
2.347093820571899414e-02
9.514316916465759277e-04
1.382425427436828613e-03
9.621620178222656250e-03
2.002859115600585938e-02
1.046963036060333252e-03
8.427426218986511230e-04
1.186363399028778076e-03
8.396059274673461914e-04
3.603190183639526367e-03
4.470683634281158447e-04
9.552389383316040039e-05
1.625394821166992188e-02
1.352135092020034790e-03
1.465302705764770508e-02
3.523360937833786011e-04
1.154607161879539490e-04
3.702270984649658203e-02
2.445220947265625000e-03
6.704702973365783691e-04
2.617120742797851562e-03
2.641021274030208588e-05
7.809579372406005859e-03
2.832844853401184082e-03
2.032175660133361816e-03
1.605134457349777222e-04
1.392491161823272705e-03
6.818234920501708984e-03
2.830121666193008423e-04
1.279127597808837891e-02
5.949258804321289062e-03
2.562880516052246094e-03
5.183339118957519531e-03
4.821822047233581543e-03
2.673700451850891113e-03
5.658529698848724365e-04
6.430625915527343750e-03
3.092288970947265625e-04
2.574950456619262695e-03
2.220980823040008545e-04
1.615774631500244141e-02
1.236915588378906250e-02
9.438209235668182373e-04
3.965459764003753662e-04
2.353921532630920410e-03
2.128779888153076172e-03
9.863674640655517578e-04
3.042459487915039062e-03
4.341080784797668457e-04
1.889258623123168945e-03
4.323013126850128174e-04
3.070160746574401855e-04
1.200515031814575195e-02
0.000000000000000000e+00
0.000000000000000000e+00
0.000000000000000000e+00
0.000000000000000000e+00
0.000000000000000000e+00
0.000000000000000000e+00
0.000000000000000000e+00
0.000000000000000000e+00
0.000000000000000000e+00
0.000000000000000000e+00
0.000000000000000000e+00
0.000000000000000000e+00
0.000000000000000000e+00
0.000000000000000000e+00
0.000000000000000000e+00
0.000000000000000000e+00
0.000000000000000000e+00
0.000000000000000000e+00
0.000000000000000000e+00
0.000000000000000000e+00
0.000000000000000000e+00
0.000000000000000000e+00
0.000000000000000000e+00
0.000000000000000000e+00
0.000000000000000000e+00
0.000000000000000000e+00
0.000000000000000000e+00
0.000000000000000000e+00
0.000000000000000000e+00
0.000000000000000000e+00
0.000000000000000000e+00
0.000000000000000000e+00
0.000000000000000000e+00
0.000000000000000000e+00
0.000000000000000000e+00
0.000000000000000000e+00
0.000000000000000000e+00
0.000000000000000000e+00
0.000000000000000000e+00
0.000000000000000000e+00
