6.510242819786071777e-04
3.006950020790100098e-03
2.361357212066650391e-03
1.941487193107604980e-03
1.024594530463218689e-04
3.477469086647033691e-03
4.922524094581604004e-04
1.090359687805175781e-02
2.717554569244384766e-03
7.599472999572753906e-03
6.119050085544586182e-04
1.737579703330993652e-03
9.118691086769104004e-04
8.273720741271972656e-04
1.418787240982055664e-02
6.335318088531494141e-03
1.944088935852050781e-02
8.657515048980712891e-03
7.553026080131530762e-05
2.388227730989456177e-04
1.054707914590835571e-03
2.731755375862121582e-05
6.002448499202728271e-04
4.466846585273742676e-04
5.372650921344757080e-04
7.245182991027832031e-03
7.851123809814453125e-03
1.106721162796020508e-02
1.094830036163330078e-02
6.138056516647338867e-03
5.911052227020263672e-03
9.411245584487915039e-03
1.113682985305786133e-02
1.304626464843750000e-03
1.515549421310424805e-02
3.858774900436401367e-03
1.338690519332885742e-02
1.337456703186035156e-02
6.060034036636352539e-03
1.091611385345458984e-02
8.691148832440376282e-05
3.668099641799926758e-03
1.236271858215332031e-02
1.879155635833740234e-03
5.911499261856079102e-03
9.667932987213134766e-03
8.508592844009399414e-03
6.065309047698974609e-03
8.876528590917587280e-05
4.558861255645751953e-04
2.433329820632934570e-03
7.807910442352294922e-03
7.942080497741699219e-03
2.417474985122680664e-02
2.300972118973731995e-05
2.826482057571411133e-03
1.063954830169677734e-02
1.274615526199340820e-03
2.099405974149703979e-04
1.288357377052307129e-02
1.497175544500350952e-04
4.929443821310997009e-05
2.102911472320556641e-02
1.571232080459594727e-02
2.795606851577758789e-04
1.109056174755096436e-04
1.634311676025390625e-02
4.853874444961547852e-03
1.371174585074186325e-05
2.873092889785766602e-03
1.037079095840454102e-02
1.250839233398437500e-02
1.229131221771240234e-02
1.399874687194824219e-03
6.389975547790527344e-03
3.517061471939086914e-03
2.968292683362960815e-04
1.367115974426269531e-02
1.023322343826293945e-02
1.230090856552124023e-03
1.934200525283813477e-03
2.062901854515075684e-03
2.765581011772155762e-04
7.216393947601318359e-03
7.555067539215087891e-03
1.764374971389770508e-02
3.320109099149703979e-04
6.116986274719238281e-03
6.402581930160522461e-03
7.822737097740173340e-04
1.276963949203491211e-02
1.567155122756958008e-02
1.266586780548095703e-02
8.503906428813934326e-06
5.384624004364013672e-03
2.420395612716674805e-03
4.113584756851196289e-03
1.657730340957641602e-02
1.249350607395172119e-04
9.493470191955566406e-03
3.480643033981323242e-03
4.927515983581542969e-03
5.381524562835693359e-03
9.369626641273498535e-04
6.109952926635742188e-03
5.245149135589599609e-03
5.066454410552978516e-03
8.929520845413208008e-05
1.778639853000640869e-05
2.486176788806915283e-03
1.490205526351928711e-03
5.720049142837524414e-03
1.354831457138061523e-02
6.680756807327270508e-03
6.041467189788818359e-03
8.976638317108154297e-03
2.159215509891510010e-04
2.815574407577514648e-05
3.150820732116699219e-03
2.973392605781555176e-03
7.672905921936035156e-03
6.135851144790649414e-04
9.469449520111083984e-03
5.650341510772705078e-03
2.235680818557739258e-03
3.855019807815551758e-03
7.826030254364013672e-03
7.383406162261962891e-03
2.330675721168518066e-03
6.893873214721679688e-03
8.904218673706054688e-03
9.330779314041137695e-03
6.838023662567138672e-03
7.359348237514495850e-04
2.457261085510253906e-02
1.151069998741149902e-03
6.686508655548095703e-03
9.915173053741455078e-03
1.584202051162719727e-02
5.399342626333236694e-05
1.629269123077392578e-02
2.327769994735717773e-03
1.451718807220458984e-02
1.336252689361572266e-02
9.983032941818237305e-05
6.350398063659667969e-03
1.135045289993286133e-02
1.030698418617248535e-03
4.821598529815673828e-03
4.054427146911621094e-03
2.433657646179199219e-03
3.376649692654609680e-05
1.118496060371398926e-03
3.573879599571228027e-03
1.259781420230865479e-04
2.570301294326782227e-04
5.874782800674438477e-04
1.727145910263061523e-02
4.840552806854248047e-03
1.701188087463378906e-02
1.539308577775955200e-04
8.930325508117675781e-03
1.464605331420898438e-02
1.048641279339790344e-04
1.015919446945190430e-02
1.255959272384643555e-03
7.052332162857055664e-03
4.360347986221313477e-03
1.081287860870361328e-03
2.112293243408203125e-02
8.565127849578857422e-03
1.193034648895263672e-02
6.091237068176269531e-03
2.200976014137268066e-03
7.694140076637268066e-04
1.127523183822631836e-02
7.751226425170898438e-03
1.286044716835021973e-03
5.195625126361846924e-04
1.754269003868103027e-03
1.663327217102050781e-02
1.656282693147659302e-04
7.832467555999755859e-03
2.610266208648681641e-03
3.185532987117767334e-04
2.958662807941436768e-04
7.338728755712509155e-05
1.939439773559570312e-02
4.420071840286254883e-03
2.822503447532653809e-04
1.183879375457763672e-02
3.523044288158416748e-04
1.574739813804626465e-03
7.483512163162231445e-03
6.127327680587768555e-03
1.179471611976623535e-03
1.934566535055637360e-05
9.150244295597076416e-05
4.316478967666625977e-03
1.211315393447875977e-02
4.753738641738891602e-03
7.914938032627105713e-05
3.500223159790039062e-03
1.861852407455444336e-02
7.171444594860076904e-04
3.504097461700439453e-03
1.501476764678955078e-02
7.664501667022705078e-03
5.059868097305297852e-03
7.279872894287109375e-03
4.828453063964843750e-03
3.305915743112564087e-05
4.124306142330169678e-04
5.634635686874389648e-03
5.549073219299316406e-03
5.114881787449121475e-06
1.381778717041015625e-02
1.212370395660400391e-02
2.023744583129882812e-02
1.994997262954711914e-03
8.664131164550781250e-04
4.850141704082489014e-05
2.945709228515625000e-02
4.421263933181762695e-03
1.245409250259399414e-03
6.429404020309448242e-04
2.111941576004028320e-02
8.654147386550903320e-04
7.068254053592681885e-04
8.137732744216918945e-03
1.286983489990234375e-03
1.126182079315185547e-02
7.207512855529785156e-03
1.411730051040649414e-02
9.566545486450195312e-03
1.676276326179504395e-03
1.463100314140319824e-03
1.388907432556152344e-03
2.112376689910888672e-02
6.676558405160903931e-05
1.403129100799560547e-02
8.647590875625610352e-04
4.295617341995239258e-03
1.209042966365814209e-05
1.040184497833251953e-02
7.245242595672607422e-03
9.532421827316284180e-04
1.366063952445983887e-03
3.923639655113220215e-03
2.262338995933532715e-03
1.072116196155548096e-03
8.042305707931518555e-03
5.307435989379882812e-03
5.317717790603637695e-03
1.375848054885864258e-02
1.270502805709838867e-03
9.212177246809005737e-05
3.606583923101425171e-04
1.757249236106872559e-03
3.472566604614257812e-03
2.886340022087097168e-03
1.702941954135894775e-04
2.130913734436035156e-02
8.190035820007324219e-03
1.466387510299682617e-02
1.377010345458984375e-02
5.242675542831420898e-04
9.472250938415527344e-03
2.521932125091552734e-03
1.341648399829864502e-03
2.355910837650299072e-04
3.344058990478515625e-03
2.340264618396759033e-04
4.174411296844482422e-04
1.266151666641235352e-02
1.888349652290344238e-03
3.368645906448364258e-03
6.513476371765136719e-03
5.845129489898681641e-03
1.373484730720520020e-03
2.319827675819396973e-03
8.638620376586914062e-03
1.093603670597076416e-03
1.176586374640464783e-04
1.294004917144775391e-02
6.511956453323364258e-04
2.360284328460693359e-03
6.639212369918823242e-03
2.703592181205749512e-03
1.515340805053710938e-02
3.123059868812561035e-03
3.626663237810134888e-04
1.038336753845214844e-02
1.176282763481140137e-03
2.010300755500793457e-03
1.554566621780395508e-02
2.512675523757934570e-02
1.478716731071472168e-03
1.764427870512008667e-04
7.585108280181884766e-03
5.333535373210906982e-04
3.791317343711853027e-03
1.388835906982421875e-02
4.083603620529174805e-03
5.654871463775634766e-03
8.652508258819580078e-04
7.056504487991333008e-03
1.944172382354736328e-02
5.332589149475097656e-03
9.913444519042968750e-03
3.742247819900512695e-03
2.990484237670898438e-03
1.191526651382446289e-02
5.136616528034210205e-05
1.335746049880981445e-02
4.833519458770751953e-03
9.299159049987792969e-03
4.056151956319808960e-04
9.844183921813964844e-03
9.074926376342773438e-03
4.850164055824279785e-03
5.956053733825683594e-03
1.494213938713073730e-03
2.704179286956787109e-02
1.120615005493164062e-02
1.019805669784545898e-02
3.376174718141555786e-04
1.152336597442626953e-02
2.377275377511978149e-04
1.555584371089935303e-03
5.456283688545227051e-04
1.182876527309417725e-03
1.890987157821655273e-02
1.194131374359130859e-02
2.755317836999893188e-05
1.458838582038879395e-03
8.330315351486206055e-03
2.563014626502990723e-03
1.308614015579223633e-02
7.028102874755859375e-03
1.064604520797729492e-02
1.099753379821777344e-02
9.586811065673828125e-03
4.043936729431152344e-03
1.348592340946197510e-04
6.275577470660209656e-05
1.227319240570068359e-02
2.381145954132080078e-03
1.197438687086105347e-04
1.281219720840454102e-02
9.552478790283203125e-03
2.395324409008026123e-04
9.295821189880371094e-03
7.332086563110351562e-03
1.044330000877380371e-02
6.716996431350708008e-03
5.408972501754760742e-04
9.676933288574218750e-03
9.303569793701171875e-03
1.839518547058105469e-02
5.388081073760986328e-03
5.618542432785034180e-03
6.390035152435302734e-03
1.402652263641357422e-02
1.103079319000244141e-02
1.137354411184787750e-05
4.014760255813598633e-03
4.409790039062500000e-03
5.152523517608642578e-03
8.310317993164062500e-03
8.353218436241149902e-04
9.308576583862304688e-03
2.330678701400756836e-02
1.274311542510986328e-02
1.057535409927368164e-04
1.557064056396484375e-02
6.311804056167602539e-03
5.805026739835739136e-05
6.537795066833496094e-03
1.080429553985595703e-02
8.837655186653137207e-04
2.031706273555755615e-03
1.409983634948730469e-02
7.940232753753662109e-04
2.416867017745971680e-02
4.085414111614227295e-04
9.791463613510131836e-03
1.383221149444580078e-02
9.181499481201171875e-04
1.508325338363647461e-03
2.679318189620971680e-03
4.735589027404785156e-03
4.466265439987182617e-03
6.732046604156494141e-03
4.232063889503479004e-03
3.322511911392211914e-04
1.938417553901672363e-04
4.698097705841064453e-03
1.461178064346313477e-02
9.098052978515625000e-04
5.631923675537109375e-03
1.326292753219604492e-02
8.893430233001708984e-03
8.034288883209228516e-03
1.674473285675048828e-02
2.296697348356246948e-04
2.085436135530471802e-04
3.594875335693359375e-03
1.263546943664550781e-02
1.216644048690795898e-02
1.969027519226074219e-02
7.731765508651733398e-03
1.736693084239959717e-04
6.124854087829589844e-03
1.327395439147949219e-03
2.387687563896179199e-03
8.618533611297607422e-03
1.873874664306640625e-02
5.248701199889183044e-05
5.214154720306396484e-03
5.789458751678466797e-03
4.956405609846115112e-05
3.049135208129882812e-03
6.603986024856567383e-03
1.221555471420288086e-02
7.660388946533203125e-03
5.574971437454223633e-03
1.334738731384277344e-02
9.930253028869628906e-03
1.713478565216064453e-02
3.014162182807922363e-03
4.564404487609863281e-03
5.630344152450561523e-03
5.300752818584442139e-04
1.125717163085937500e-02
1.434940099716186523e-02
1.157701015472412109e-02
1.279348507523536682e-04
1.077759265899658203e-02
1.923626661300659180e-02
1.506516709923744202e-04
2.871658653020858765e-04
7.463693618774414062e-03
1.266577839851379395e-02
8.452013134956359863e-04
1.455754041671752930e-03
6.579011678695678711e-03
4.005923867225646973e-03
1.068019866943359375e-02
8.572220802307128906e-03
6.868720054626464844e-03
1.137644052505493164e-02
8.078366518020629883e-03
6.732612848281860352e-03
1.726704835891723633e-02
2.324104309082031250e-03
3.533148765563964844e-02
6.875246763229370117e-04
1.218569278717041016e-02
1.454204320907592773e-03
1.886412501335144043e-03
3.655076026916503906e-03
1.168477535247802734e-02
4.054009914398193359e-03
1.354825496673583984e-02
1.041781902313232422e-02
8.079797029495239258e-03
8.300185203552246094e-03
5.706176161766052246e-04
1.716899871826171875e-02
6.733775138854980469e-03
1.588058471679687500e-02
2.992033958435058594e-03
1.309692859649658203e-02
4.725068807601928711e-03
2.138519287109375000e-02
8.120477199554443359e-03
1.348352432250976562e-02
3.240108489990234375e-04
2.495479583740234375e-02
9.542763233184814453e-03
2.216130495071411133e-03
1.077793538570404053e-03
5.328536033630371094e-03
1.476228237152099609e-03
2.681463956832885742e-04
2.177894115447998047e-03
1.618295907974243164e-03
1.282906532287597656e-02
9.152352809906005859e-03
3.720328211784362793e-03
7.397055625915527344e-03
1.031535863876342773e-02
9.758532047271728516e-03
1.079598069190979004e-02
1.720058917999267578e-02
5.874097347259521484e-03
5.737245082855224609e-03
1.513218879699707031e-02
1.032489538192749023e-02
1.065187156200408936e-03
1.434868574142456055e-02
1.205921173095703125e-02
1.635265350341796875e-02
1.450916752219200134e-04
2.553462982177734375e-03
1.049453020095825195e-02
1.073431968688964844e-02
7.991790771484375000e-03
1.031261682510375977e-02
5.577504634857177734e-05
2.495139837265014648e-03
2.885729074478149414e-03
1.889646053314208984e-03
1.394778490066528320e-03
1.479871571063995361e-04
1.066982746124267578e-02
2.006758004426956177e-04
9.962499141693115234e-03
6.615370512008666992e-03
2.184981107711791992e-02
2.941668033599853516e-03
8.387953042984008789e-03
7.086575031280517578e-03
6.605505943298339844e-03
4.047632217407226562e-03
3.683912754058837891e-02
1.238971948623657227e-02
5.585432052612304688e-03
9.006202220916748047e-03
2.225786447525024414e-03
6.200633943080902100e-04
8.601725101470947266e-03
6.250701844692230225e-04
1.040691137313842773e-02
5.769655108451843262e-04
4.324615001678466797e-04
4.247963428497314453e-03
1.858729124069213867e-02
5.037397146224975586e-03
4.174560308456420898e-04
1.111668348312377930e-02
6.808251142501831055e-03
4.399687051773071289e-03
4.353970289230346680e-04
1.136243343353271484e-02
4.142755642533302307e-05
1.102507114410400391e-03
8.567273616790771484e-03
1.192492246627807617e-02
6.603479385375976562e-03
1.442813873291015625e-02
3.605812788009643555e-03
8.269846439361572266e-03
1.472282409667968750e-02
2.574962377548217773e-02
1.234453916549682617e-02
1.163297891616821289e-02
1.909166574478149414e-03
4.203133285045623779e-04
1.218855381011962891e-03
8.194446563720703125e-04
5.646228790283203125e-03
6.403505802154541016e-03
1.075458526611328125e-02
5.481615662574768066e-04
3.697462379932403564e-04
5.479514598846435547e-03
1.813471317291259766e-04
1.041918992996215820e-03
2.519536018371582031e-02
5.921199917793273926e-04
1.680922508239746094e-02
2.584621310234069824e-03
2.018320560455322266e-02
2.789568901062011719e-02
5.416572093963623047e-04
7.796078920364379883e-03
3.594219684600830078e-03
1.137759536504745483e-04
2.799704670906066895e-04
7.430911064147949219e-03
2.680176496505737305e-02
9.021982550621032715e-04
2.599969506263732910e-03
4.952520132064819336e-03
8.555948734283447266e-03
1.594084501266479492e-02
6.690099835395812988e-04
8.078105747699737549e-05
3.857955336570739746e-03
1.322364807128906250e-02
1.077920198440551758e-02
6.466239690780639648e-03
3.160357475280761719e-02
5.472004413604736328e-03
2.512276172637939453e-03
4.119724035263061523e-03
2.774044871330261230e-03
9.092837572097778320e-04
2.562379837036132812e-02
9.503122419118881226e-05
2.595007419586181641e-02
5.298554897308349609e-04
9.677529335021972656e-03
9.075343608856201172e-03
6.635904312133789062e-03
1.099593937397003174e-03
1.763492822647094727e-02
2.238333225250244141e-02
1.325374841690063477e-02
1.567058265209197998e-03
4.988998174667358398e-03
2.015262842178344727e-03
1.427084207534790039e-03
1.227295398712158203e-02
1.652133464813232422e-02
2.896599471569061279e-04
7.132068276405334473e-04
1.019555330276489258e-02
1.401251554489135742e-02
1.027506589889526367e-02
7.486462593078613281e-03
1.791757345199584961e-02
1.358950138092041016e-02
3.568994998931884766e-02
1.114189624786376953e-03
2.157163619995117188e-02
1.208400726318359375e-02
1.070237159729003906e-02
1.100566983222961426e-02
2.002790570259094238e-03
1.795768737792968750e-02
1.674890518188476562e-03
1.711374521255493164e-02
2.418234944343566895e-03
1.138299703598022461e-04
1.259773969650268555e-02
1.889169216156005859e-03
9.798169136047363281e-03
1.947470009326934814e-03
2.652421593666076660e-03
3.036081790924072266e-03
1.437723636627197266e-03
1.648396253585815430e-03
1.770353317260742188e-02
1.239694654941558838e-03
2.202689647674560547e-04
1.167941093444824219e-02
1.855522394180297852e-02
1.095992326736450195e-02
8.746832609176635742e-03
1.525469124317169189e-03
1.867097616195678711e-02
2.983324229717254639e-04
2.062833309173583984e-02
7.193416357040405273e-03
1.979362964630126953e-02
9.622395038604736328e-03
1.123583316802978516e-02
2.331957221031188965e-04
3.077054023742675781e-02
2.672836184501647949e-03
6.639927625656127930e-03
1.216557621955871582e-02
1.450932025909423828e-02
4.890561103820800781e-03
5.637049674987792969e-03
1.902008056640625000e-02
2.835440635681152344e-02
6.002545356750488281e-03
1.814916729927062988e-03
8.808016777038574219e-03
1.728832721710205078e-02
1.780694723129272461e-02
8.086383342742919922e-03
1.176548004150390625e-02
1.821231842041015625e-02
1.063942909240722656e-02
1.682257652282714844e-02
8.851230144500732422e-03
1.011598110198974609e-02
1.114457845687866211e-04
7.647126913070678711e-03
4.104316234588623047e-03
4.480741918087005615e-04
1.852631568908691406e-02
1.791059970855712891e-03
2.174079418182373047e-03
7.955878973007202148e-04
4.543457180261611938e-05
2.742573618888854980e-03
1.031142473220825195e-02
7.705688476562500000e-03
2.135455608367919922e-03
2.850890159606933594e-03
2.800214290618896484e-02
1.956790685653686523e-03
1.519155502319335938e-02
1.854264736175537109e-02
1.983582973480224609e-03
5.667060613632202148e-03
9.469091892242431641e-03
1.321494579315185547e-03
1.451337337493896484e-02
9.009748697280883789e-03
6.037950515747070312e-04
9.351581335067749023e-03
5.557268857955932617e-03
1.142221689224243164e-02
2.572745084762573242e-03
4.952810704708099365e-04
9.321153163909912109e-03
1.845300197601318359e-02
5.894362926483154297e-03
1.052451133728027344e-02
1.248903572559356689e-04
7.817268371582031250e-03
1.956343650817871094e-02
9.881913661956787109e-03
2.985775470733642578e-03
5.107745528221130371e-04
5.147039890289306641e-03
9.008795022964477539e-03
5.358278751373291016e-03
1.406118273735046387e-03
1.274086534976959229e-03
1.126182079315185547e-02
5.256056785583496094e-03
8.865237236022949219e-03
6.233870983123779297e-03
6.868839263916015625e-03
3.995567560195922852e-03
1.034164428710937500e-02
8.355319499969482422e-03
1.828253269195556641e-02
2.945399284362792969e-02
1.042179763317108154e-03
1.474601030349731445e-02
6.885290145874023438e-03
4.585832357406616211e-04
2.299502491950988770e-03
4.322364926338195801e-03
6.425738334655761719e-03
3.867782652378082275e-04
5.970448255538940430e-03
4.532903432846069336e-03
9.296506643295288086e-03
4.382431507110595703e-03
5.197405815124511719e-03
1.873111724853515625e-02
1.135575771331787109e-02
6.821453571319580078e-03
4.105456173419952393e-04
1.647037267684936523e-02
2.328920364379882812e-02
4.185855388641357422e-03
1.455688476562500000e-02
1.102668046951293945e-02
3.191798925399780273e-03
4.310995340347290039e-03
1.977068185806274414e-02
7.735699415206909180e-03
2.040542662143707275e-03
9.738922119140625000e-03
1.561716198921203613e-04
9.535372257232666016e-03
1.003168523311614990e-03
1.073676347732543945e-02
1.990251243114471436e-03
3.290772438049316406e-04
1.206789165735244751e-04
9.287834167480468750e-03
5.780041217803955078e-03
3.805086016654968262e-03
9.665116667747497559e-04
2.282202243804931641e-03
6.656050682067871094e-04
4.158109426498413086e-03
1.268126070499420166e-03
1.391023397445678711e-03
2.757236361503601074e-04
4.788972437381744385e-04
7.894337177276611328e-03
4.316121339797973633e-03
5.058169364929199219e-03
5.391910672187805176e-04
2.212059497833251953e-02
1.599454879760742188e-02
1.178473234176635742e-02
1.903101801872253418e-03
1.343566179275512695e-02
1.257762312889099121e-03
2.629518508911132812e-03
1.499786972999572754e-03
2.313435077667236328e-03
4.160255193710327148e-04
5.497694015502929688e-03
4.870831966400146484e-03
4.862576723098754883e-03
2.698481082916259766e-03
6.521254777908325195e-03
3.693193197250366211e-03
1.636192202568054199e-03
3.354400396347045898e-03
8.579492568969726562e-03
3.925412893295288086e-03
6.823651492595672607e-04
3.474950790405273438e-03
1.990586519241333008e-03
2.512186765670776367e-03
1.029212027788162231e-03
6.713867187500000000e-04
1.381552219390869141e-02
6.379157304763793945e-03
5.765520036220550537e-04
1.269072294235229492e-03
1.582938432693481445e-02
1.398093998432159424e-03
1.166388392448425293e-03
2.810224890708923340e-03
1.620054244995117188e-02
9.359180927276611328e-03
2.522161230444908142e-04
5.342096090316772461e-03
1.231461763381958008e-02
2.295523881912231445e-03
2.424754202365875244e-03
1.377262175083160400e-03
3.712683916091918945e-03
1.118624210357666016e-02
6.170868873596191406e-04
5.701892077922821045e-04
4.047304391860961914e-03
1.695883274078369141e-02
7.685124874114990234e-04
1.262739300727844238e-03
3.042817115783691406e-03
1.722574234008789062e-02
1.991931349039077759e-04
1.723483204841613770e-03
1.035735011100769043e-03
7.509738206863403320e-04
5.402714014053344727e-04
1.202785968780517578e-02
1.837685704231262207e-03
9.117603302001953125e-03
6.063491106033325195e-03
3.176081180572509766e-02
3.306344151496887207e-04
2.755925059318542480e-03
2.519756555557250977e-03
1.442885398864746094e-02
2.449899911880493164e-03
6.975531578063964844e-03
3.171533346176147461e-03
2.252571284770965576e-04
1.515574753284454346e-03
4.555583000183105469e-03
4.376053810119628906e-03
3.753691911697387695e-03
4.969865083694458008e-03
1.047402620315551758e-04
3.853008151054382324e-03
1.885116100311279297e-02
3.175530582666397095e-04
5.880236625671386719e-03
2.738833427429199219e-03
2.693478018045425415e-04
3.849476575851440430e-03
9.036123752593994141e-03
1.185065507888793945e-02
1.738741993904113770e-03
2.216041088104248047e-03
1.109141111373901367e-02
8.674487471580505371e-04
1.763679087162017822e-03
2.670422196388244629e-03
9.788498282432556152e-04
1.049116253852844238e-03
1.107245683670043945e-02
1.205831766128540039e-02
1.803553104400634766e-02
2.387040853500366211e-02
5.057513713836669922e-03
2.004331350326538086e-02
1.097375154495239258e-02
3.476738929748535156e-03
1.977369189262390137e-03
7.627308368682861328e-03
9.239554405212402344e-03
1.655839383602142334e-03
5.061447620391845703e-03
2.508068084716796875e-02
3.959655761718750000e-03
1.234430074691772461e-02
7.549673318862915039e-04
2.465292811393737793e-03
7.274240255355834961e-03
3.296613693237304688e-03
1.077912747859954834e-03
1.185461878776550293e-04
1.360058784484863281e-02
1.086610555648803711e-02
6.223320960998535156e-04
5.988031625747680664e-03
6.650477647781372070e-03
4.180878400802612305e-03
9.877085685729980469e-03
2.797156572341918945e-03
2.892470359802246094e-02
1.585148274898529053e-04
1.855179667472839355e-03
2.721518278121948242e-03
1.039350032806396484e-02
1.770451664924621582e-03
5.831599235534667969e-03
1.411193609237670898e-02
2.199523150920867920e-04
8.946210145950317383e-04
1.859611272811889648e-02
4.167407751083374023e-03
1.118338108062744141e-02
1.639634370803833008e-03
2.547372132539749146e-04
5.817949771881103516e-03
1.773965358734130859e-02
1.511685550212860107e-03
8.861005306243896484e-03
6.404757499694824219e-03
9.356856346130371094e-03
2.371132373809814453e-02
3.559654578566551208e-05
2.286255359649658203e-03
7.981270551681518555e-03
6.544888019561767578e-03
1.154536008834838867e-02
1.071256399154663086e-02
1.012301445007324219e-02
2.521073818206787109e-02
1.357984542846679688e-02
1.769006252288818359e-03
3.555595874786376953e-03
8.271932601928710938e-04
3.999665379524230957e-03
8.309602737426757812e-03
9.881734848022460938e-03
3.544948995113372803e-04
3.592699766159057617e-03
1.718664169311523438e-02
6.296455860137939453e-03
9.495854377746582031e-03
3.963410854339599609e-03
7.372051477432250977e-04
7.371231913566589355e-05
6.479322910308837891e-04
4.479795694351196289e-03
9.635627269744873047e-03
2.478271722793579102e-03
2.914994955062866211e-03
1.260828971862792969e-02
8.981168270111083984e-03
4.546903073787689209e-04
1.192861795425415039e-02
3.601983189582824707e-05
8.021831512451171875e-03
2.463907003402709961e-03
1.366764307022094727e-03
2.855956554412841797e-03
6.918683648109436035e-04
1.112535595893859863e-03
6.114125251770019531e-03
1.004278659820556641e-03
3.939062356948852539e-03
6.731659173965454102e-03
8.265733718872070312e-03
3.164350986480712891e-03
1.627469062805175781e-02
1.693654060363769531e-02
1.528930664062500000e-02
1.910969614982604980e-03
3.859192132949829102e-03
1.070487499237060547e-02
1.735872030258178711e-02
9.566023945808410645e-04
2.541735768318176270e-03
1.122820377349853516e-02
2.642989158630371094e-03
7.862150669097900391e-03
1.118564605712890625e-02
1.113820075988769531e-02
9.106919169425964355e-04
1.931831240653991699e-03
1.319572329521179199e-03
4.804804921150207520e-04
5.565255880355834961e-03
3.244109451770782471e-03
1.904413104057312012e-03
1.356899738311767578e-02
1.462888717651367188e-02
1.324471086263656616e-04
1.349151134490966797e-02
6.283462047576904297e-03
1.757287979125976562e-02
4.633754491806030273e-03
1.817300915718078613e-03
8.879005908966064453e-03
3.013294190168380737e-04
8.539140224456787109e-03
9.056419134140014648e-03
1.070704311132431030e-04
5.199193954467773438e-03
1.427751779556274414e-02
8.239090442657470703e-03
7.349401712417602539e-04
1.150512695312500000e-02
1.980948448181152344e-02
6.761252880096435547e-03
2.467140555381774902e-03
8.436530828475952148e-03
9.948432445526123047e-03
2.385415136814117432e-04
2.297103404998779297e-02
9.197533130645751953e-03
6.724745035171508789e-04
1.169544458389282227e-02
1.653850078582763672e-03
1.531830057501792908e-04
1.139467954635620117e-02
1.527678966522216797e-02
3.299093246459960938e-02
2.765700221061706543e-03
1.896429061889648438e-02
4.114761948585510254e-03
3.721237182617187500e-03
1.221370697021484375e-02
4.962831735610961914e-03
9.434163570404052734e-03
6.249368190765380859e-03
9.832859039306640625e-03
1.371204853057861328e-02
4.023373126983642578e-03
1.873314380645751953e-03
3.271847963333129883e-03
2.679848670959472656e-02
1.492351293563842773e-03
6.292089819908142090e-04
6.469666957855224609e-03
1.000776886940002441e-03
4.882603883743286133e-03
1.086533069610595703e-03
2.356730401515960693e-04
9.222608059644699097e-05
4.218608140945434570e-03
8.071929216384887695e-03
1.222449541091918945e-02
3.588050603866577148e-03
9.823702275753021240e-04
3.132596611976623535e-04
2.339780330657958984e-02
1.659184694290161133e-03
1.534676551818847656e-02
7.990747690200805664e-04
1.127332448959350586e-03
1.207625865936279297e-02
8.750200271606445312e-03
4.997909069061279297e-03
3.354132175445556641e-03
1.364132761955261230e-02
3.046572208404541016e-03
2.325937151908874512e-03
2.772152423858642578e-03
1.109139993786811829e-04
5.588620901107788086e-03
2.565532922744750977e-04
5.791932344436645508e-04
1.712441444396972656e-03
4.018038511276245117e-03
2.788519859313964844e-02
1.402413845062255859e-02
4.099041223526000977e-03
4.556715488433837891e-03
2.282887697219848633e-03
1.859664916992187500e-04
3.725945949554443359e-03
8.193135261535644531e-03
1.032391190528869629e-02
2.175406552851200104e-05
2.139136195182800293e-03
6.848424673080444336e-04
8.455783128738403320e-03
6.369799375534057617e-04
2.940639853477478027e-03
3.465600311756134033e-04
2.953916788101196289e-03
1.525276899337768555e-02
1.132905483245849609e-02
6.785452365875244141e-03
3.295511007308959961e-03
4.062688350677490234e-02
1.204144954681396484e-02
1.238721609115600586e-02
1.063907146453857422e-02
1.356649398803710938e-02
9.095549583435058594e-03
3.526583313941955566e-03
7.493793964385986328e-04
5.155242979526519775e-04
8.830964565277099609e-03
1.161180436611175537e-03
5.241721868515014648e-03
1.339346170425415039e-03
4.647281020879745483e-04
3.073334693908691406e-03
1.253420487046241760e-05
2.611309289932250977e-03
1.102340221405029297e-02
8.391499519348144531e-03
3.326296806335449219e-03
2.111434936523437500e-02
3.411710262298583984e-03
9.808480739593505859e-03
6.952583789825439453e-03
8.255392313003540039e-04
1.580524258315563202e-05
1.017460227012634277e-02
1.520022749900817871e-03
1.150637865066528320e-02
9.592175483703613281e-04
1.997411251068115234e-02
7.766634225845336914e-03
1.806825399398803711e-03
2.055391669273376465e-03
1.499283313751220703e-02
7.790088653564453125e-03
1.547712087631225586e-02
7.806718349456787109e-04
3.421068191528320312e-03
1.793829724192619324e-04
3.424882888793945312e-03
8.108079433441162109e-03
6.189495325088500977e-03
1.946911215782165527e-03
5.806386470794677734e-03
3.851251676678657532e-05
1.692411024123430252e-05
4.836777225136756897e-05
3.055840730667114258e-03
1.189103350043296814e-04
7.347881793975830078e-03
1.215539872646331787e-03
9.397745132446289062e-03
1.408919692039489746e-03
1.300817728042602539e-02
1.051779836416244507e-04
8.384212851524353027e-04
1.257704570889472961e-04
7.373154163360595703e-03
3.645680844783782959e-04
1.014977693557739258e-02
8.572489023208618164e-04
1.325411722064018250e-05
5.839109420776367188e-03
3.281652927398681641e-03
8.779168128967285156e-04
1.106010749936103821e-04
3.069609403610229492e-03
1.471675932407379150e-04
1.661442220211029053e-03
1.876682043075561523e-03
2.981070429086685181e-05
1.009893417358398438e-02
1.979921944439411163e-05
3.251694142818450928e-04
4.080533981323242188e-04
3.901749849319458008e-03
1.015871763229370117e-02
9.969808161258697510e-04
2.188824117183685303e-03
5.721360445022583008e-03
1.297995448112487793e-03
2.319291234016418457e-03
6.612062454223632812e-03
2.893376350402832031e-02
2.095729112625122070e-03
4.766762256622314453e-03
1.341193914413452148e-03
7.445886731147766113e-04
1.865482330322265625e-02
9.051114320755004883e-04
1.302622258663177490e-03
2.222791314125061035e-03
2.929568290710449219e-04
9.204149246215820312e-04
2.189904451370239258e-03
4.026234149932861328e-03
4.234500229358673096e-04
6.467998027801513672e-03
2.273708581924438477e-03
4.362873733043670654e-04
1.207035779953002930e-02
1.053744554519653320e-02
3.202427178621292114e-04
2.398401498794555664e-03
4.044398665428161621e-04
1.323670148849487305e-03
1.376559957861900330e-04
4.939660429954528809e-04
2.558417618274688721e-04
1.319974660873413086e-02
3.724824637174606323e-05
9.756982326507568359e-04
2.308432012796401978e-04
8.150041103363037109e-04
2.304717898368835449e-03
4.827186465263366699e-03
2.931848168373107910e-03
1.564100384712219238e-03
2.458151429891586304e-04
4.597574472427368164e-03
7.791593670845031738e-04
7.227063179016113281e-03
4.617348313331604004e-03
3.991946578025817871e-04
3.654420375823974609e-03
3.474891185760498047e-03
2.342998981475830078e-03
5.100369453430175781e-04
1.777589321136474609e-03
1.125901937484741211e-03
3.437682986259460449e-03
5.489028990268707275e-05
2.230070531368255615e-04
2.791225910186767578e-03
4.750117659568786621e-04
1.629963517189025879e-03
1.067131757736206055e-02
4.751712083816528320e-03
1.003339886665344238e-03
1.367554068565368652e-04
8.907765150070190430e-04
1.879358291625976562e-02
5.794465541839599609e-03
7.671117782592773438e-05
1.895241439342498779e-04
1.045623794198036194e-04
1.596193760633468628e-04
3.083288669586181641e-03
7.086782716214656830e-06
6.171539425849914551e-04
3.818348050117492676e-04
1.330897212028503418e-03
9.890794754028320312e-04
1.632049679756164551e-04
1.205969601869583130e-04
2.625882625579833984e-04
7.342100143432617188e-04
7.549077272415161133e-04
1.165449619293212891e-03
7.321238517761230469e-03
4.398673772811889648e-04
4.327118396759033203e-03
1.351954415440559387e-05
3.450587391853332520e-04
1.606509089469909668e-03
7.053434848785400391e-03
1.079693436622619629e-03
6.294175982475280762e-04
1.619172096252441406e-02
1.627820730209350586e-02
1.124665141105651855e-04
9.015470743179321289e-03
1.580417156219482422e-02
2.789467573165893555e-03
4.162313416600227356e-05
6.019324064254760742e-04
1.722062006592750549e-05
8.108973503112792969e-03
9.450167417526245117e-04
1.802928745746612549e-04
6.272643804550170898e-03
1.321900635957717896e-04
2.626895904541015625e-03
8.850991725921630859e-04
1.561433076858520508e-03
9.485244750976562500e-03
1.340039074420928955e-03
2.118244767189025879e-03
4.543423652648925781e-03
1.390531659126281738e-03
1.707935333251953125e-02
4.874736070632934570e-03
5.662500858306884766e-03
3.529265522956848145e-04
3.597021102905273438e-03
1.833558082580566406e-03
7.458627223968505859e-04
2.032041549682617188e-03
1.948960125446319580e-04
1.899445056915283203e-02
1.925945281982421875e-03
1.604370772838592529e-04
1.566326245665550232e-04
5.291044712066650391e-03
6.158947944641113281e-04
2.474449574947357178e-04
5.373433232307434082e-04
2.264469861984252930e-03
5.099058151245117188e-03
4.665732383728027344e-03
1.765843480825424194e-04
1.703143119812011719e-03
6.019294261932373047e-03
6.461609154939651489e-05
9.393990039825439453e-04
1.462232321500778198e-04
7.671043276786804199e-04
1.025237143039703369e-03
2.359986305236816406e-03
1.391723752021789551e-03
8.999481797218322754e-04
2.462908625602722168e-03
1.672878861427307129e-04
9.965598583221435547e-04
2.063721418380737305e-03
1.306086778640747070e-04
3.655701875686645508e-04
4.934161901473999023e-03
1.177303493022918701e-04
7.875710725784301758e-04
1.192694902420043945e-02
6.144307553768157959e-04
1.837331801652908325e-04
1.152232289314270020e-04
2.563409507274627686e-03
9.269788861274719238e-04
1.327916979789733887e-03
4.458203911781311035e-04
1.303404569625854492e-04
3.890097141265869141e-03
2.560049295425415039e-03
6.213784217834472656e-04
2.299696207046508789e-03
1.569435000419616699e-03
1.352369785308837891e-03
1.712702214717864990e-04
1.296699047088623047e-03
2.004683017730712891e-03
2.345848083496093750e-02
7.363259792327880859e-04
6.214648485183715820e-03
2.244580537080764771e-04
5.637258291244506836e-03
5.695819854736328125e-03
1.306396722793579102e-02
1.098573207855224609e-03
1.789435744285583496e-03
9.593218564987182617e-04
3.666765987873077393e-04
6.036907434463500977e-04
5.857422947883605957e-04
8.120760321617126465e-04
3.481626510620117188e-03
5.881160497665405273e-03
7.552206516265869141e-04
7.958337664604187012e-04
7.543712854385375977e-04
3.815330564975738525e-04
1.146525144577026367e-03
1.857671886682510376e-04
1.155920326709747314e-03
8.175671100616455078e-04
3.151316195726394653e-05
8.140411227941513062e-05
1.506321132183074951e-04
1.658916473388671875e-03
3.401674330234527588e-04
3.024330362677574158e-05
8.092075586318969727e-04
5.864910781383514404e-05
5.217082798480987549e-04
6.066784262657165527e-04
5.088560283184051514e-04
1.002222299575805664e-02
1.623153686523437500e-03
3.447383642196655273e-03
1.193590462207794189e-03
3.782436251640319824e-04
2.304270863533020020e-03
2.631777897477149963e-05
9.833499789237976074e-04
6.285309791564941406e-04
1.310795545578002930e-03
6.419233977794647217e-05
2.485585212707519531e-02
6.686419248580932617e-03
2.273276448249816895e-03
7.344735786318778992e-05
2.699308097362518311e-04
1.026794314384460449e-03
7.580637931823730469e-03
4.895150661468505859e-03
6.092339754104614258e-04
7.550641894340515137e-04
3.378763794898986816e-04
1.732483506202697754e-03
1.512771844863891602e-02
1.316994428634643555e-02
0.000000000000000000e+00
0.000000000000000000e+00
0.000000000000000000e+00
0.000000000000000000e+00
0.000000000000000000e+00
0.000000000000000000e+00
0.000000000000000000e+00
0.000000000000000000e+00
0.000000000000000000e+00
0.000000000000000000e+00
0.000000000000000000e+00
0.000000000000000000e+00
0.000000000000000000e+00
0.000000000000000000e+00
0.000000000000000000e+00
0.000000000000000000e+00
0.000000000000000000e+00
0.000000000000000000e+00
0.000000000000000000e+00
0.000000000000000000e+00
0.000000000000000000e+00
0.000000000000000000e+00
0.000000000000000000e+00
0.000000000000000000e+00
0.000000000000000000e+00
0.000000000000000000e+00
0.000000000000000000e+00
0.000000000000000000e+00
0.000000000000000000e+00
0.000000000000000000e+00
0.000000000000000000e+00
0.000000000000000000e+00
0.000000000000000000e+00
0.000000000000000000e+00
0.000000000000000000e+00
0.000000000000000000e+00
0.000000000000000000e+00
0.000000000000000000e+00
0.000000000000000000e+00
0.000000000000000000e+00
