1.879990100860595703e-02
1.342624425888061523e-02
1.490831375122070312e-02
2.246046066284179688e-02
1.292455196380615234e-02
1.887714862823486328e-02
1.565408706665039062e-02
1.353895664215087891e-02
2.568912506103515625e-02
1.515126228332519531e-02
2.210831642150878906e-02
2.366006374359130859e-02
1.927983760833740234e-02
2.190971374511718750e-02
2.145731449127197266e-02
1.982283592224121094e-02
2.281093597412109375e-02
2.068257331848144531e-02
5.990624427795410156e-03
2.143073081970214844e-02
1.689589023590087891e-02
1.576960086822509766e-02
2.879691123962402344e-02
3.174412250518798828e-02
1.201820373535156250e-02
1.794397830963134766e-02
1.102614402770996094e-02
2.132892608642578125e-02
2.136826515197753906e-02
2.122271060943603516e-02
2.419304847717285156e-02
1.913666725158691406e-02
1.581692695617675781e-02
1.291662454605102539e-02
1.780265569686889648e-02
2.194750308990478516e-02
1.134836673736572266e-02
5.045861005783081055e-03
2.980959415435791016e-02
2.367806434631347656e-02
2.001500129699707031e-02
1.120531558990478516e-02
1.450842618942260742e-02
2.005147933959960938e-02
1.819658279418945312e-02
2.677059173583984375e-02
2.472007274627685547e-02
1.997935771942138672e-02
1.699727773666381836e-02
3.509545326232910156e-02
1.658272743225097656e-02
6.071209907531738281e-03
1.931715011596679688e-02
2.817106246948242188e-02
1.760435104370117188e-02
6.613254547119140625e-03
2.277350425720214844e-02
1.190915703773498535e-02
2.614784240722656250e-02
1.648342609405517578e-02
2.005189657211303711e-02
2.206933498382568359e-02
1.152092218399047852e-02
9.652495384216308594e-03
1.885557174682617188e-02
1.433062553405761719e-02
1.618540287017822266e-02
1.828533411026000977e-02
1.153898239135742188e-02
1.392865180969238281e-02
1.739132404327392578e-02
1.612997055053710938e-02
1.202636957168579102e-02
2.026557922363281250e-02
1.498210430145263672e-02
2.128362655639648438e-02
8.647441864013671875e-03
1.670336723327636719e-02
1.747053861618041992e-02
1.921689510345458984e-02
4.050284624099731445e-03
1.439392566680908203e-02
1.482272148132324219e-02
1.800918579101562500e-02
1.596224308013916016e-02
2.322161197662353516e-02
1.344192028045654297e-02
1.862776279449462891e-02
1.057779788970947266e-02
1.131647825241088867e-02
1.330387592315673828e-02
1.632153987884521484e-02
3.171229362487792969e-02
1.735225319862365723e-03
2.105987071990966797e-02
1.567673683166503906e-02
1.238477230072021484e-02
2.774584293365478516e-02
1.369357109069824219e-02
1.607978343963623047e-02
1.013100147247314453e-02
1.979899406433105469e-02
1.497471332550048828e-02
2.688229084014892578e-02
1.211464405059814453e-02
2.784419059753417969e-02
2.594327926635742188e-02
1.075673103332519531e-02
2.151370048522949219e-02
2.045547962188720703e-02
3.843045234680175781e-02
2.292644977569580078e-02
2.157735824584960938e-02
1.190990209579467773e-02
1.638627052307128906e-02
2.835917472839355469e-02
2.367001771926879883e-02
1.127207279205322266e-02
1.293373107910156250e-02
1.630139350891113281e-02
2.166378498077392578e-02
1.598048210144042969e-02
1.215410232543945312e-02
2.682709693908691406e-02
1.587867736816406250e-02
1.151520013809204102e-02
2.284884452819824219e-02
1.687884330749511719e-03
8.189678192138671875e-03
1.327252388000488281e-02
1.450753211975097656e-02
1.680541038513183594e-02
2.858471870422363281e-02
1.062858104705810547e-02
2.382266521453857422e-02
3.062701225280761719e-02
2.518796920776367188e-02
1.951527595520019531e-02
2.366554737091064453e-02
6.404101848602294922e-03
1.476418972015380859e-02
2.874457836151123047e-02
1.650357246398925781e-02
1.799571514129638672e-02
1.402318477630615234e-02
1.477968692779541016e-02
1.713299751281738281e-02
1.875913143157958984e-02
2.610361576080322266e-02
2.347099781036376953e-02
1.153796911239624023e-02
4.182338714599609375e-03
1.031953096389770508e-02
1.065683364868164062e-02
2.401214838027954102e-02
1.634824275970458984e-02
1.962280273437500000e-02
5.738556385040283203e-03
8.045524358749389648e-03
1.574397087097167969e-02
1.301336288452148438e-02
2.359175682067871094e-02
2.809429168701171875e-02
1.611673831939697266e-02
1.790916919708251953e-02
2.075529098510742188e-02
2.053129673004150391e-02
1.437473297119140625e-02
8.639931678771972656e-03
1.244223117828369141e-02
1.536095142364501953e-02
1.800441741943359375e-02
3.066229820251464844e-02
1.506268978118896484e-02
1.303386688232421875e-02
3.203809261322021484e-02
1.746088266372680664e-02
2.049314975738525391e-02
2.141821384429931641e-02
1.614248752593994141e-02
1.594603061676025391e-02
1.791936159133911133e-02
1.125872135162353516e-02
1.417577266693115234e-02
1.758873462677001953e-02
2.399718761444091797e-02
2.781975269317626953e-02
1.849079132080078125e-02
2.869963645935058594e-02
3.161859512329101562e-02
1.859676837921142578e-02
1.547777652740478516e-02
2.760791778564453125e-02
1.747071743011474609e-02
2.757155895233154297e-02
1.738929748535156250e-02
1.866382360458374023e-02
2.854716777801513672e-02
1.093524694442749023e-02
1.343017816543579102e-02
9.235858917236328125e-03
1.219183206558227539e-02
2.052319049835205078e-02
1.935553550720214844e-02
3.370821475982666016e-02
2.803039550781250000e-02
1.397323608398437500e-02
3.344058990478515625e-02
2.109336853027343750e-02
3.021228313446044922e-02
2.441656589508056641e-02
1.009762287139892578e-02
1.955842971801757812e-02
1.067155599594116211e-02
2.651405334472656250e-02
1.927077770233154297e-02
1.630246639251708984e-02
2.033698558807373047e-02
2.547061443328857422e-02
2.154612541198730469e-02
3.036201000213623047e-02
1.898980140686035156e-02
2.070432901382446289e-02
1.407098770141601562e-02
1.951467990875244141e-02
1.980912685394287109e-02
1.310634613037109375e-02
2.188420295715332031e-02
2.267205715179443359e-02
1.317882537841796875e-02
2.112936973571777344e-02
1.596504449844360352e-02
2.480375766754150391e-02
8.893132209777832031e-03
1.806449890136718750e-02
2.542960643768310547e-02
2.065414190292358398e-02
2.404379844665527344e-02
2.107822895050048828e-02
1.615357398986816406e-02
1.868307590484619141e-02
2.406144142150878906e-02
2.977538108825683594e-02
8.652269840240478516e-03
2.883446216583251953e-02
2.385294437408447266e-02
1.638472080230712891e-02
2.158617973327636719e-02
2.847266197204589844e-02
1.077938079833984375e-02
1.957857608795166016e-02
1.662015914916992188e-02
1.892697811126708984e-02
1.738464832305908203e-02
1.503896713256835938e-02
2.504968643188476562e-02
0.000000000000000000e+00
0.000000000000000000e+00
0.000000000000000000e+00
0.000000000000000000e+00
0.000000000000000000e+00
0.000000000000000000e+00
0.000000000000000000e+00
0.000000000000000000e+00
0.000000000000000000e+00
0.000000000000000000e+00
0.000000000000000000e+00
0.000000000000000000e+00
0.000000000000000000e+00
0.000000000000000000e+00
0.000000000000000000e+00
0.000000000000000000e+00
0.000000000000000000e+00
0.000000000000000000e+00
0.000000000000000000e+00
0.000000000000000000e+00
