9.465068578720092773e-04
1.177288591861724854e-03
1.533830165863037109e-02
7.544551044702529907e-05
2.929531037807464600e-04
3.569945693016052246e-04
1.427680253982543945e-02
9.526610374450683594e-03
8.112311363220214844e-03
2.211844921112060547e-02
1.179918646812438965e-03
4.182547330856323242e-03
1.500725746154785156e-03
7.261365652084350586e-03
7.606744766235351562e-03
3.922939300537109375e-03
1.402959227561950684e-03
1.269274950027465820e-02
9.961187839508056641e-03
1.205939054489135742e-02
2.541601657867431641e-03
7.124468684196472168e-04
3.162939101457595825e-04
1.307189464569091797e-03
7.087767124176025391e-03
1.050865650177001953e-02
3.424927592277526855e-03
1.030880212783813477e-02
1.934289932250976562e-03
4.808515310287475586e-03
1.266026496887207031e-02
8.098840713500976562e-03
1.089513301849365234e-03
1.900911331176757812e-03
1.017145812511444092e-03
1.475018262863159180e-02
1.166671514511108398e-02
1.582607626914978027e-03
1.092624664306640625e-02
2.260982990264892578e-03
4.126816987991333008e-03
3.398150205612182617e-03
1.625403761863708496e-03
5.429416894912719727e-03
1.665866374969482422e-02
5.569666624069213867e-03
7.445752620697021484e-03
9.401977062225341797e-03
1.330244541168212891e-02
2.729845046997070312e-02
1.360498368740081787e-03
8.681923151016235352e-03
4.809975624084472656e-03
2.394354343414306641e-02
5.527436733245849609e-04
9.706169366836547852e-04
1.664608716964721680e-03
3.880679607391357422e-03
4.453659057617187500e-03
7.102489471435546875e-04
2.497687935829162598e-03
1.548640429973602295e-04
1.098161935806274414e-02
1.772081851959228516e-02
3.900498151779174805e-03
1.307475566864013672e-02
3.257393836975097656e-03
2.809241414070129395e-03
1.161533594131469727e-02
6.195843219757080078e-03
1.286226324737071991e-05
1.686513423919677734e-03
6.789654493331909180e-03
8.557915687561035156e-03
1.243758201599121094e-02
5.716025829315185547e-03
6.030499935150146484e-03
3.618687391281127930e-03
5.382329225540161133e-03
3.408178687095642090e-03
6.075263023376464844e-03
1.139968633651733398e-03
3.051832318305969238e-04
7.481426000595092773e-04
9.886503219604492188e-03
2.371966838836669922e-03
8.404612541198730469e-03
2.084004878997802734e-02
3.328949213027954102e-03
4.223734140396118164e-03
1.583561301231384277e-03
9.807884693145751953e-03
1.400613784790039062e-02
1.714557409286499023e-03
9.740293025970458984e-03
1.078599691390991211e-02
9.495437145233154297e-03
6.054788827896118164e-04
1.439988613128662109e-03
7.719844579696655273e-04
1.074802875518798828e-02
6.182104349136352539e-03
1.064397394657135010e-03
1.871377229690551758e-03
5.838215351104736328e-03
6.130188703536987305e-04
8.968055248260498047e-03
3.036499023437500000e-03
2.729848027229309082e-03
1.680299639701843262e-03
4.590392112731933594e-03
3.961682319641113281e-03
2.428025007247924805e-03
6.022095680236816406e-03
7.934093475341796875e-03
1.245516538619995117e-02
1.082789897918701172e-02
2.209395170211791992e-03
1.434051990509033203e-02
2.145066857337951660e-03
1.304998993873596191e-03
3.914058208465576172e-03
1.631826162338256836e-03
6.328254938125610352e-03
7.999718189239501953e-03
1.195353269577026367e-02
9.104788303375244141e-03
1.381412148475646973e-03
1.590527594089508057e-03
4.406124353408813477e-03
5.792289972305297852e-03
5.591303110122680664e-03
7.223114371299743652e-04
7.549166679382324219e-03
5.747258663177490234e-03
1.154381036758422852e-02
2.887353301048278809e-03
7.245689630508422852e-04
7.130056619644165039e-04
5.123227834701538086e-03
6.262302398681640625e-03
2.152872085571289062e-02
8.041381835937500000e-03
8.353888988494873047e-03
3.838725388050079346e-04
5.074471235275268555e-03
6.667286157608032227e-03
6.845772266387939453e-03
1.800698041915893555e-02
5.198001861572265625e-03
1.426666975021362305e-03
6.085604429244995117e-03
1.744014024734497070e-02
5.724746733903884888e-05
4.773706197738647461e-03
3.658592700958251953e-03
8.697867393493652344e-03
1.166903972625732422e-02
1.083505153656005859e-02
1.012653112411499023e-03
1.868471503257751465e-03
1.322343945503234863e-03
9.828269481658935547e-03
1.673683524131774902e-03
9.422376751899719238e-05
4.962608218193054199e-04
7.069930434226989746e-04
1.692223548889160156e-02
1.024758815765380859e-02
6.419241428375244141e-03
1.979023218154907227e-04
8.671209216117858887e-04
1.234203577041625977e-02
8.521914482116699219e-03
1.405738294124603271e-04
8.616983890533447266e-03
2.325758337974548340e-03
3.575474023818969727e-03
1.031500101089477539e-02
6.623566150665283203e-04
1.890420913696289062e-02
6.199032068252563477e-04
1.949012279510498047e-03
6.228268146514892578e-03
9.407758712768554688e-03
6.913095712661743164e-04
5.928695201873779297e-03
7.752597332000732422e-03
1.091247797012329102e-02
5.071461200714111328e-04
5.221143364906311035e-04
2.912044525146484375e-03
1.126950979232788086e-02
5.829364061355590820e-03
2.925515174865722656e-03
2.522468566894531250e-03
1.742219924926757812e-02
4.041373729705810547e-03
1.060748100280761719e-02
3.220248222351074219e-02
1.900970935821533203e-03
1.760333776473999023e-03
6.846964359283447266e-03
5.585029721260070801e-04
1.425480842590332031e-02
9.066984057426452637e-04
9.442806243896484375e-03
2.204775810241699219e-03
4.458367824554443359e-03
1.629978418350219727e-03
5.639135837554931641e-03
1.275634765625000000e-02
6.860613822937011719e-03
1.099741458892822266e-02
1.961067318916320801e-03
8.937343955039978027e-05
5.142122507095336914e-03
1.977264881134033203e-03
5.849510431289672852e-03
7.184982299804687500e-03
1.245751976966857910e-03
6.939232349395751953e-03
1.820966601371765137e-03
3.953605890274047852e-03
1.530885696411132812e-03
1.148808002471923828e-02
1.218032836914062500e-02
6.796717643737792969e-04
2.299696207046508789e-03
5.827754735946655273e-03
6.693601608276367188e-03
2.294220030307769775e-04
1.336467266082763672e-02
1.217916607856750488e-03
3.934353590011596680e-04
1.126849651336669922e-02
2.530105412006378174e-04
8.299052715301513672e-04
6.087534129619598389e-04
1.713439822196960449e-03
3.176450729370117188e-03
5.586743354797363281e-03
8.082687854766845703e-03
1.369714736938476562e-03
9.235441684722900391e-04
1.900151371955871582e-03
2.057182788848876953e-02
3.088871017098426819e-05
7.744133472442626953e-03
1.669681072235107422e-02
2.508401870727539062e-03
7.944107055664062500e-03
1.252844929695129395e-03
7.011473178863525391e-03
3.544837236404418945e-03
5.593001842498779297e-03
1.148045063018798828e-02
2.635493874549865723e-03
1.417636871337890625e-03
1.474279165267944336e-02
1.587343215942382812e-02
1.249790191650390625e-02
2.012127637863159180e-02
1.377379894256591797e-02
2.038955688476562500e-03
1.320523023605346680e-02
1.408201456069946289e-02
1.329854130744934082e-04
1.161634922027587891e-02
9.726762771606445312e-03
1.363363116979598999e-04
1.245930790901184082e-03
3.231987357139587402e-04
1.058839261531829834e-04
2.454704046249389648e-02
8.658736944198608398e-03
9.388744831085205078e-03
2.314850687980651855e-03
1.129996776580810547e-02
2.990737557411193848e-04
2.230793237686157227e-03
3.032147884368896484e-03
9.396597743034362793e-04
5.831956863403320312e-03
1.343452930450439453e-02
1.106780767440795898e-02
2.333998680114746094e-03
5.563860759139060974e-05
8.840471506118774414e-03
9.620562195777893066e-04
1.001238822937011719e-03
1.854598522186279297e-03
1.513361930847167969e-03
4.609763622283935547e-03
9.611606597900390625e-03
2.685822546482086182e-04
2.851247787475585938e-03
5.686320364475250244e-04
3.703743219375610352e-03
6.903260946273803711e-04
8.019894361495971680e-03
1.419717073440551758e-02
7.704377174377441406e-03
1.380421221256256104e-03
1.703798770904541016e-03
2.008929848670959473e-03
2.240121364593505859e-03
4.344582557678222656e-03
6.472110748291015625e-03
1.527607440948486328e-02
8.531868457794189453e-03
2.642035484313964844e-02
1.359015703201293945e-02
7.756769657135009766e-03
7.778108119964599609e-04
1.222634315490722656e-02
1.450550556182861328e-02
9.825944900512695312e-03
1.295991241931915283e-04
2.652220427989959717e-04
1.746010780334472656e-02
1.756000518798828125e-02
7.018983364105224609e-03
4.700422286987304688e-04
1.022830605506896973e-03
7.281184196472167969e-03
2.540037035942077637e-03
1.517370343208312988e-03
7.321164011955261230e-04
6.852567195892333984e-03
1.477941870689392090e-03
1.698338985443115234e-02
8.861839771270751953e-03
2.880096435546875000e-03
4.636824131011962891e-03
5.210965871810913086e-03
5.356013774871826172e-03
3.496050834655761719e-03
8.767992258071899414e-04
3.149509429931640625e-03
9.529799222946166992e-03
1.415836811065673828e-02
1.992747187614440918e-03
1.662567257881164551e-03
5.915760993957519531e-03
8.002221584320068359e-03
1.732254028320312500e-02
2.692669630050659180e-03
7.793307304382324219e-03
1.192599534988403320e-02
1.697510480880737305e-03
1.484137773513793945e-02
5.424439907073974609e-03
1.789122819900512695e-03
3.073424100875854492e-03
3.084018826484680176e-04
2.520099282264709473e-03
3.162268549203872681e-04
1.033365726470947266e-03
2.080701291561126709e-03
1.595240831375122070e-02
4.752799868583679199e-03
1.884028315544128418e-03
3.044456243515014648e-03
9.428858757019042969e-03
1.126217842102050781e-02
1.215571165084838867e-02
1.021993160247802734e-02
9.917497634887695312e-03
4.702135920524597168e-04
1.170325279235839844e-02
3.281414508819580078e-03
7.194399833679199219e-03
9.559273719787597656e-03
5.515426397323608398e-03
1.326143741607666016e-03
4.607349634170532227e-03
1.351339742541313171e-04
9.999871253967285156e-03
1.398760080337524414e-02
4.459589719772338867e-03
1.993492245674133301e-03
5.457550287246704102e-03
7.040143013000488281e-03
1.034522056579589844e-02
8.008718490600585938e-03
1.803070306777954102e-03
3.874599933624267578e-03
1.171819865703582764e-03
1.538433134555816650e-03
2.758577466011047363e-03
1.197539269924163818e-03
2.429991960525512695e-03
9.056031703948974609e-04
3.193378448486328125e-03
5.171537399291992188e-03
1.066923141479492188e-02
1.659274101257324219e-03
1.679629087448120117e-03
2.561524510383605957e-03
9.864211082458496094e-03
4.077851772308349609e-04
2.697199583053588867e-03
3.470718860626220703e-03
1.114420592784881592e-04
7.971525192260742188e-03
3.639549016952514648e-03
3.063026815652847290e-05
9.920001029968261719e-04
6.026118993759155273e-03
4.850029945373535156e-04
7.456958293914794922e-03
5.469143390655517578e-03
2.631276845932006836e-03
7.338166236877441406e-03
1.154109835624694824e-03
2.355355024337768555e-02
7.901966571807861328e-03
8.590996265411376953e-03
1.718834042549133301e-03
7.731258869171142578e-03
9.922385215759277344e-04
4.723183810710906982e-04
1.334822177886962891e-02
1.188784837722778320e-02
5.486786365509033203e-03
7.349133491516113281e-03
4.532635211944580078e-03
8.724480867385864258e-04
9.712651371955871582e-04
1.303839683532714844e-02
2.951890230178833008e-03
7.357418537139892578e-03
1.766867935657501221e-04
4.543632268905639648e-03
2.663075923919677734e-03
1.941025257110595703e-02
5.907490849494934082e-04
3.254711627960205078e-03
7.164835929870605469e-03
3.446161746978759766e-03
1.580369472503662109e-02
6.190836429595947266e-04
9.402751922607421875e-03
1.066431403160095215e-03
4.454910755157470703e-03
4.481285810470581055e-03
9.570896625518798828e-03
1.163768768310546875e-02
1.312434673309326172e-02
3.565251827239990234e-03
1.737102866172790527e-03
6.370931863784790039e-03
2.117216587066650391e-03
2.868473529815673828e-04
1.285716891288757324e-03
7.855892181396484375e-04
6.493460386991500854e-05
9.098947048187255859e-03
1.092648506164550781e-02
6.410002708435058594e-03
1.125544309616088867e-02
4.618734121322631836e-03
2.237468957901000977e-03
2.388492226600646973e-03
2.690225839614868164e-03
1.302695274353027344e-02
2.193784713745117188e-02
8.603632450103759766e-03
8.796274662017822266e-03
9.868964552879333496e-04
2.836510539054870605e-04
1.104199886322021484e-02
1.014190912246704102e-02
7.864296436309814453e-03
1.023598015308380127e-04
3.773644566535949707e-04
5.769014358520507812e-03
9.565472602844238281e-03
3.344193100929260254e-04
3.131479024887084961e-03
1.071685552597045898e-02
1.996970176696777344e-02
1.898527145385742188e-03
1.823854446411132812e-02
4.019618034362792969e-03
4.028558731079101562e-03
1.596629619598388672e-02
5.462974309921264648e-03
4.536986351013183594e-03
2.183991670608520508e-02
3.860443830490112305e-03
8.604601025581359863e-04
2.613949775695800781e-02
6.590843200683593750e-03
1.595836877822875977e-02
2.271249890327453613e-03
2.551257610321044922e-03
1.257039606571197510e-03
2.570897340774536133e-03
1.132780313491821289e-02
2.149105072021484375e-03
7.918894290924072266e-03
1.794651150703430176e-03
3.361940383911132812e-03
5.183398723602294922e-03
1.405870914459228516e-02
6.306916475296020508e-03
1.256072521209716797e-02
1.773372292518615723e-03
7.377564907073974609e-04
1.462137699127197266e-02
7.212281227111816406e-03
5.212068557739257812e-03
1.767647266387939453e-02
6.898492574691772461e-04
1.736402511596679688e-03
8.089125156402587891e-03
5.134455859661102295e-04
6.224215030670166016e-05
7.709145545959472656e-03
3.934398293495178223e-03
1.800322532653808594e-02
3.406167030334472656e-03
1.232206821441650391e-03
1.436561346054077148e-03
1.776903867721557617e-03
1.134061813354492188e-02
7.903069257736206055e-03
1.387652009725570679e-04
4.083752632141113281e-03
1.278720796108245850e-03
3.153115510940551758e-03
9.823918342590332031e-03
1.177167892456054688e-02
3.352880477905273438e-03
2.299219369888305664e-03
6.109178066253662109e-03
1.247739791870117188e-02
5.580246448516845703e-03
3.732025623321533203e-03
1.114165782928466797e-02
1.011896133422851562e-02
5.195319652557373047e-03
8.496940135955810547e-03
4.545226693153381348e-04
6.307542324066162109e-03
1.858890056610107422e-02
4.034712910652160645e-04
1.060914993286132812e-02
2.557635307312011719e-03
7.499575614929199219e-03
3.060191869735717773e-03
1.010701060295104980e-03
3.743588924407958984e-03
3.439337015151977539e-04
3.429591655731201172e-03
5.076646804809570312e-03
4.691600799560546875e-03
2.546682953834533691e-04
3.031924366950988770e-03
1.496028900146484375e-02
3.028035163879394531e-03
1.307505369186401367e-02
8.333008736371994019e-06
3.709822893142700195e-03
4.901647567749023438e-03
1.658812165260314941e-03
1.246738433837890625e-02
1.000903546810150146e-03
2.676993608474731445e-03
1.426625251770019531e-02
9.927153587341308594e-03
1.285958290100097656e-02
1.006834208965301514e-03
2.002447843551635742e-03
1.872837543487548828e-03
1.596248149871826172e-02
5.225017666816711426e-04
1.687467098236083984e-03
1.107186079025268555e-02
7.594764232635498047e-03
9.614884853363037109e-03
1.070439815521240234e-02
2.498954534530639648e-03
9.502656757831573486e-05
4.683077335357666016e-03
3.433406352996826172e-03
1.061275601387023926e-03
5.701154470443725586e-03
1.292473077774047852e-02
4.587978124618530273e-03
5.834996700286865234e-04
9.193196892738342285e-04
9.407222270965576172e-03
3.628432750701904297e-03
1.794403791427612305e-02
8.765697479248046875e-03
3.958702087402343750e-03
8.127093315124511719e-03
2.469956874847412109e-03
8.304119110107421875e-03
6.609559059143066406e-04
1.187956333160400391e-02
2.057164907455444336e-03
9.267330169677734375e-03
4.482388496398925781e-03
6.025359034538269043e-04
2.416059374809265137e-03
1.182204484939575195e-02
4.898458719253540039e-03
2.709683030843734741e-04
1.335549354553222656e-02
6.541609764099121094e-04
1.778674125671386719e-02
1.791030168533325195e-03
9.065270423889160156e-03
8.494555950164794922e-03
1.468583941459655762e-03
1.131214201450347900e-03
8.747696876525878906e-03
1.935517787933349609e-02
2.331528812646865845e-04
3.073990345001220703e-03
2.011215686798095703e-02
3.859102725982666016e-03
2.690739929676055908e-04
1.680958271026611328e-02
3.936439752578735352e-03
1.017057895660400391e-02
1.969218254089355469e-03
2.038851380348205566e-03
4.265345633029937744e-04
2.604007720947265625e-02
4.999637603759765625e-03
4.959106445312500000e-03
1.029622554779052734e-02
2.907700836658477783e-04
2.061522006988525391e-02
7.323741912841796875e-03
3.567457199096679688e-03
2.545326948165893555e-03
8.443921804428100586e-03
2.818655967712402344e-02
1.122802495956420898e-02
1.222556829452514648e-02
6.766974925994873047e-03
1.444239169359207153e-04
1.296246051788330078e-02
4.180490970611572266e-03
6.766736507415771484e-03
5.809932947158813477e-03
1.424625515937805176e-03
1.148670911788940430e-02
1.313787698745727539e-02
7.142722606658935547e-03
6.266951560974121094e-03
1.094543933868408203e-02
3.562867641448974609e-03
6.388187408447265625e-03
2.272129058837890625e-03
6.638437509536743164e-03
1.665627956390380859e-02
4.325568675994873047e-03
5.069136619567871094e-03
2.409756183624267578e-03
7.271111011505126953e-03
8.513256907463073730e-04
9.235978126525878906e-03
8.412837982177734375e-03
2.237781882286071777e-04
1.192432641983032227e-02
2.778148651123046875e-02
8.873522281646728516e-03
1.552954316139221191e-03
1.268529891967773438e-02
8.994162082672119141e-03
9.804338216781616211e-03
1.604861021041870117e-02
5.504071712493896484e-03
8.174747228622436523e-03
5.356073379516601562e-04
3.063827753067016602e-04
1.850819587707519531e-02
1.249432563781738281e-03
7.668614387512207031e-03
2.545967698097229004e-03
1.228624582290649414e-02
3.514051437377929688e-03
1.314967870712280273e-02
1.376241445541381836e-03
3.230676054954528809e-03
1.063328981399536133e-02
1.893532276153564453e-02
8.006572723388671875e-03
2.309697866439819336e-02
1.990437507629394531e-03
7.779359817504882812e-03
6.582975387573242188e-03
1.066279411315917969e-02
4.522264003753662109e-03
1.187920570373535156e-02
5.422830581665039062e-03
1.748070120811462402e-03
5.861192941665649414e-03
1.530277729034423828e-02
3.146342933177947998e-04
2.845823764801025391e-03
1.040643453598022461e-02
6.953835487365722656e-03
4.386395215988159180e-03
1.543939113616943359e-02
1.165115833282470703e-02
2.155852317810058594e-02
4.379749298095703125e-03
4.635065793991088867e-03
7.982075214385986328e-03
8.168995380401611328e-03
2.699300646781921387e-03
6.864786148071289062e-03
5.840539932250976562e-03
4.717171192169189453e-03
1.102072000503540039e-02
1.521992683410644531e-02
2.796083688735961914e-03
1.627939939498901367e-02
4.824101924896240234e-03
7.461249828338623047e-03
2.117380499839782715e-04
1.063847541809082031e-02
3.330279141664505005e-04
1.274895668029785156e-02
1.893162727355957031e-03
4.388168454170227051e-04
1.415663957595825195e-02
6.845772266387939453e-03
8.570730686187744141e-03
8.455570787191390991e-05
8.075058460235595703e-03
1.864492893218994141e-03
1.516886055469512939e-03
6.916001439094543457e-05
1.754641532897949219e-03
1.351648569107055664e-02
1.130752265453338623e-03
1.042127609252929688e-02
1.681357622146606445e-03
2.598926424980163574e-03
3.378242254257202148e-03
5.347967147827148438e-03
2.985864877700805664e-03
1.474130153656005859e-02
1.653805375099182129e-03
9.140431880950927734e-03
2.669885754585266113e-03
7.418572902679443359e-03
1.240223646163940430e-03
3.534704446792602539e-03
3.605693578720092773e-03
8.275091648101806641e-03
3.518611192703247070e-03
4.683405160903930664e-03
3.373980522155761719e-03
2.990499138832092285e-03
1.089954376220703125e-02
2.384424209594726562e-03
8.617937564849853516e-03
1.502968370914459229e-03
7.085978984832763672e-03
2.012252807617187500e-02
9.550690650939941406e-03
6.208419799804687500e-04
4.315495491027832031e-03
3.019601106643676758e-03
3.515526652336120605e-03
4.776358604431152344e-03
1.666057109832763672e-02
1.419657468795776367e-02
1.888453960418701172e-03
4.886627197265625000e-03
8.068025112152099609e-03
1.715022325515747070e-02
4.337638616561889648e-03
1.535080373287200928e-04
4.237651824951171875e-03
3.637410700321197510e-04
8.108019828796386719e-03
1.095736026763916016e-02
1.038688421249389648e-02
7.714033126831054688e-03
2.996587753295898438e-02
6.972312927246093750e-03
7.264375686645507812e-03
1.805365085601806641e-03
1.919582486152648926e-03
3.247112035751342773e-03
4.635989665985107422e-03
9.453654289245605469e-03
2.539008855819702148e-03
2.725906670093536377e-04
4.468411207199096680e-03
1.216523349285125732e-03
5.300223827362060547e-03
6.047487258911132812e-03
7.646143436431884766e-03
1.423841714859008789e-02
9.799182415008544922e-03
8.756041526794433594e-03
8.797407150268554688e-03
2.792447805404663086e-03
1.136749982833862305e-02
2.487972378730773926e-03
2.690985798835754395e-03
5.964994430541992188e-03
1.715803146362304688e-02
2.157628536224365234e-02
2.211034297943115234e-04
5.253180861473083496e-04
1.621067523956298828e-03
3.155358135700225830e-04
7.687509059906005859e-03
7.177814841270446777e-04
6.039291620254516602e-04
4.011273384094238281e-03
6.191790103912353516e-03
2.135708928108215332e-04
1.279618591070175171e-04
2.990029752254486084e-04
9.115114808082580566e-04
2.978779375553131104e-04
9.610950946807861328e-03
1.835197210311889648e-03
3.515988588333129883e-03
1.927427947521209717e-04
6.661340594291687012e-04
7.224977016448974609e-04
6.500124931335449219e-03
9.059533476829528809e-04
3.030687570571899414e-03
7.937569171190261841e-05
2.130374312400817871e-03
3.510951995849609375e-03
3.575921058654785156e-03
9.150058031082153320e-04
3.929771482944488525e-04
1.796513795852661133e-03
3.126397728919982910e-03
2.152815461158752441e-03
1.090228557586669922e-03
3.041960299015045166e-04
8.318498730659484863e-04
4.537820816040039062e-03
8.142739534378051758e-04
1.188695430755615234e-03
2.638287842273712158e-04
2.303011715412139893e-04
3.548562526702880859e-04
1.596789807081222534e-04
4.350580275058746338e-04
5.819872021675109863e-04
8.460640907287597656e-03
2.530291676521301270e-04
1.508772373199462891e-03
9.355723857879638672e-03
3.782790154218673706e-04
1.852549612522125244e-04
1.604288816452026367e-03
1.700580120086669922e-03
3.133295103907585144e-05
1.818984746932983398e-03
6.888657808303833008e-04
2.228468656539916992e-03
5.986094474792480469e-03
8.172541856765747070e-05
2.916529774665832520e-03
9.207148104906082153e-05
7.447272539138793945e-03
3.712624311447143555e-03
1.230728626251220703e-02
6.362870335578918457e-04
2.083554863929748535e-03
1.997590065002441406e-03
2.605840563774108887e-04
7.912069559097290039e-04
1.047804951667785645e-03
6.346330046653747559e-04
2.256333827972412109e-03
9.162187576293945312e-03
2.945125102996826172e-03
5.708634853363037109e-03
1.334682106971740723e-03
9.178966283798217773e-04
1.154154539108276367e-03
1.052231527864933014e-05
9.826123714447021484e-04
9.944066405296325684e-04
6.281659007072448730e-04
2.410039305686950684e-04
2.481833100318908691e-03
1.286640763282775879e-04
1.381218433380126953e-03
1.659784466028213501e-04
2.808943390846252441e-04
3.262668848037719727e-03
1.512631773948669434e-03
5.778074264526367188e-03
4.088804125785827637e-04
4.593461751937866211e-03
2.510957419872283936e-04
4.919022321701049805e-04
6.672739982604980469e-04
3.002732992172241211e-04
1.109957695007324219e-03
9.576231241226196289e-04
1.922541856765747070e-02
1.576580107212066650e-04
3.083571791648864746e-04
6.630718708038330078e-04
3.884211182594299316e-04
7.693439722061157227e-03
1.031506061553955078e-02
3.169074654579162598e-03
1.533567905426025391e-02
4.649698734283447266e-03
3.493800759315490723e-04
2.267926931381225586e-03
8.599519729614257812e-03
1.393288373947143555e-03
1.281604170799255371e-03
1.560330390930175781e-03
6.242215633392333984e-03
3.791553899645805359e-05
2.080947160720825195e-04
3.435313701629638672e-04
6.385356187820434570e-03
2.064794301986694336e-03
2.660959959030151367e-03
9.994804859161376953e-04
1.168394088745117188e-02
5.338966846466064453e-03
2.612590789794921875e-03
5.549043416976928711e-04
9.412020444869995117e-04
3.100857138633728027e-04
4.490882158279418945e-03
1.082897186279296875e-02
3.574267029762268066e-04
1.964829862117767334e-04
3.703981637954711914e-04
7.292777299880981445e-04
2.062350511550903320e-03
3.587558865547180176e-03
1.143753528594970703e-03
7.512271404266357422e-04
1.174509525299072266e-03
6.656050682067871094e-03
2.354034222662448883e-05
3.216683864593505859e-03
2.074199914932250977e-02
1.893136650323867798e-04
2.649903297424316406e-03
1.097217202186584473e-03
1.246505975723266602e-02
2.814292907714843750e-03
4.765033721923828125e-03
3.724128007888793945e-03
6.317645311355590820e-04
2.535879611968994141e-04
2.264440059661865234e-03
1.543164253234863281e-03
8.710846304893493652e-05
4.346445202827453613e-04
2.137124538421630859e-03
7.622689008712768555e-04
1.277192495763301849e-05
8.928552269935607910e-04
3.539733588695526123e-04
5.043923854827880859e-03
1.651525497436523438e-03
9.134225547313690186e-05
2.978406846523284912e-04
1.301974058151245117e-03
6.583541631698608398e-03
1.690328121185302734e-03
2.150610089302062988e-03
3.003448247909545898e-03
1.506969332695007324e-03
2.180188894271850586e-04
1.091390848159790039e-02
6.549339741468429565e-05
2.899885177612304688e-03
7.215887308120727539e-04
8.083060383796691895e-04
6.851851940155029297e-04
6.175711750984191895e-04
7.744319736957550049e-05
2.483967691659927368e-04
1.851707696914672852e-03
3.909289836883544922e-03
4.533767700195312500e-03
1.433283090591430664e-03
1.314592361450195312e-02
2.519756555557250977e-03
3.034025430679321289e-03
1.213145256042480469e-02
3.010749816894531250e-03
9.690895676612854004e-04
6.418451666831970215e-04
6.910741329193115234e-03
6.604373455047607422e-03
3.453865647315979004e-04
3.189034759998321533e-04
2.627633512020111084e-04
3.314353525638580322e-04
3.080725669860839844e-03
1.677818596363067627e-03
1.480478048324584961e-02
1.193620264530181885e-04
4.464872181415557861e-04
1.067006587982177734e-02
1.211577653884887695e-02
4.840344190597534180e-04
9.233653545379638672e-04
5.940049886703491211e-04
1.574322581291198730e-03
4.461891949176788330e-04
2.420991659164428711e-04
2.892017364501953125e-03
1.609593629837036133e-02
4.460532218217849731e-04
2.548217773437500000e-03
2.260833978652954102e-02
4.952549934387207031e-04
9.307146072387695312e-03
1.600414514541625977e-03
2.699345350265502930e-04
7.264733314514160156e-03
1.630574464797973633e-03
2.632707357406616211e-03
7.301807403564453125e-03
1.023516058921813965e-03
1.717239618301391602e-03
3.789812326431274414e-04
3.219842910766601562e-03
7.874444127082824707e-04
5.405694246292114258e-04
9.900331497192382812e-04
6.885360926389694214e-05
1.670047640800476074e-04
2.896159887313842773e-03
3.201812505722045898e-04
4.040718078613281250e-03
7.008202373981475830e-05
7.652133703231811523e-03
1.514583826065063477e-03
7.995702326297760010e-04
3.159977495670318604e-04
2.149361371994018555e-02
2.650022506713867188e-03
1.626163721084594727e-04
9.261608123779296875e-03
3.761619329452514648e-03
1.268184185028076172e-02
1.419156789779663086e-03
7.249712944030761719e-03
2.666831016540527344e-03
7.593929767608642578e-04
1.301050186157226562e-03
1.000411808490753174e-03
2.872377634048461914e-03
1.188162714242935181e-04
1.423291862010955811e-03
4.025492817163467407e-04
2.219229936599731445e-04
5.110800266265869141e-04
1.760590076446533203e-02
2.222266048192977905e-04
1.739319413900375366e-04
1.129940152168273926e-03
4.222929477691650391e-03
4.267528653144836426e-03
4.051905125379562378e-05
7.466971874237060547e-04
3.169327974319458008e-04
6.841793656349182129e-04
2.971291542053222656e-04
1.557266712188720703e-02
8.761644363403320312e-03
6.037205457687377930e-03
1.641884446144104004e-03
5.110492929816246033e-05
9.283304214477539062e-03
1.647233963012695312e-03
4.511594772338867188e-03
2.902328968048095703e-03
9.925067424774169922e-04
4.252582788467407227e-03
2.906322479248046875e-04
7.743924856185913086e-03
1.854494214057922363e-03
4.840433597564697266e-03
2.311542630195617676e-03
2.420485019683837891e-03
4.050694406032562256e-05
1.226320862770080566e-03
1.566529273986816406e-03
1.101613044738769531e-03
1.078021526336669922e-02
1.168680191040039062e-02
1.511082053184509277e-03
3.374856896698474884e-05
6.667733192443847656e-03
4.402771592140197754e-04
4.390895366668701172e-03
1.254953444004058838e-03
1.300287246704101562e-02
5.458146333694458008e-04
1.501619815826416016e-03
1.371681690216064453e-03
8.390188217163085938e-03
1.985669136047363281e-03
1.025021076202392578e-03
1.185163855552673340e-04
7.693171501159667969e-04
4.221796989440917969e-04
2.491138875484466553e-04
7.942914962768554688e-04
2.279639244079589844e-03
5.978811532258987427e-05
7.148087024688720703e-05
1.216046512126922607e-04
7.846057415008544922e-04
4.786729812622070312e-03
1.113871112465858459e-04
3.954023122787475586e-03
1.183792948722839355e-03
5.598187446594238281e-03
1.288461685180664062e-02
4.345476627349853516e-04
4.929572343826293945e-03
2.104640007019042969e-04
1.552507281303405762e-03
1.002371311187744141e-02
2.335429191589355469e-03
1.303777098655700684e-03
9.492099285125732422e-03
2.382695674896240234e-05
1.078918576240539551e-03
4.975572228431701660e-04
1.880489289760589600e-04
2.348065376281738281e-03
7.294863462448120117e-04
2.430796623229980469e-03
2.242118120193481445e-03
1.014985144138336182e-03
8.239150047302246094e-03
1.208603382110595703e-03
1.476332545280456543e-03
8.207000792026519775e-05
1.232661306858062744e-04
1.077100634574890137e-03
1.276588439941406250e-02
2.923980355262756348e-04
7.504038512706756592e-05
4.901774227619171143e-04
6.207823753356933594e-04
2.277597784996032715e-03
4.127934575080871582e-03
3.101736307144165039e-03
1.886904239654541016e-03
3.228992223739624023e-03
6.858557462692260742e-03
1.004296541213989258e-02
4.998221993446350098e-04
5.329847335815429688e-04
2.166426181793212891e-02
1.030359417200088501e-04
5.687713623046875000e-03
1.587957143783569336e-03
2.398833632469177246e-03
1.297146081924438477e-03
4.804849624633789062e-03
1.470953226089477539e-03
3.220856189727783203e-03
2.084210515022277832e-03
5.782581865787506104e-04
2.001747488975524902e-03
7.130682468414306641e-03
2.247586846351623535e-03
3.159388899803161621e-03
6.048679351806640625e-04
6.318688392639160156e-04
2.203062176704406738e-04
1.422846317291259766e-02
1.059807837009429932e-04
6.568133831024169922e-04
3.610029816627502441e-04
1.515448093414306641e-03
5.238428711891174316e-04
6.043687462806701660e-04
3.327503800392150879e-04
2.014935016632080078e-03
7.646620273590087891e-03
8.297264575958251953e-04
1.825932413339614868e-04
1.684099435806274414e-03
1.677227020263671875e-02
6.892606616020202637e-04
1.509152352809906006e-04
2.246238291263580322e-04
1.090157032012939453e-02
4.359275102615356445e-03
1.276761293411254883e-02
4.244089126586914062e-03
6.039857864379882812e-03
7.028412073850631714e-05
7.732659578323364258e-04
1.536067575216293335e-04
2.353966236114501953e-03
6.464719772338867188e-03
4.935637116432189941e-04
1.415535807609558105e-03
7.290542125701904297e-04
1.422092318534851074e-03
2.448368072509765625e-02
4.467889666557312012e-04
2.394914627075195312e-03
1.490935683250427246e-04
2.028085291385650635e-04
4.769057035446166992e-03
2.323910593986511230e-03
3.222078084945678711e-03
2.637505531311035156e-03
2.808235585689544678e-04
8.804947137832641602e-04
1.794267445802688599e-04
3.720074892044067383e-03
1.321718096733093262e-03
8.513927459716796875e-04
1.076951622962951660e-03
1.863074302673339844e-02
6.578147411346435547e-03
4.878640174865722656e-03
1.022893190383911133e-02
6.236284971237182617e-04
2.156406641006469727e-03
1.268982887268066406e-04
1.333034038543701172e-02
1.690117642283439636e-05
5.688145756721496582e-04
3.501817584037780762e-03
1.631572842597961426e-03
2.255797386169433594e-03
3.544688224792480469e-03
2.543300390243530273e-03
4.789680242538452148e-04
1.379567384719848633e-02
1.344859600067138672e-02
8.813142776489257812e-03
1.567721366882324219e-02
1.316177845001220703e-02
2.011626958847045898e-03
3.407988697290420532e-05
2.049937844276428223e-03
9.415864944458007812e-03
3.101855516433715820e-03
2.931207418441772461e-04
2.797674387693405151e-04
7.568776607513427734e-03
2.186492085456848145e-03
1.315736770629882812e-02
1.176595687866210938e-04
2.238079905509948730e-03
6.601572036743164062e-03
1.062393188476562500e-03
1.463937759399414062e-02
2.383589744567871094e-04
7.039867341518402100e-04
1.987904310226440430e-03
4.136078059673309326e-04
5.717188119888305664e-03
1.530759036540985107e-04
2.741426229476928711e-03
2.491176128387451172e-04
1.898622512817382812e-02
2.616103738546371460e-04
2.620145678520202637e-04
8.627213537693023682e-05
4.349052906036376953e-03
4.411302506923675537e-05
2.599850296974182129e-03
2.898368984460830688e-04
9.818747639656066895e-05
1.493781805038452148e-03
1.216948032379150391e-02
3.412604331970214844e-03
5.767717957496643066e-04
7.180720567703247070e-04
2.251967787742614746e-03
6.658211350440979004e-04
2.539604902267456055e-03
7.705092430114746094e-04
2.707570791244506836e-03
2.529174089431762695e-03
1.196736097335815430e-02
6.855390965938568115e-04
2.604484558105468750e-03
9.188592433929443359e-03
5.644708871841430664e-04
6.164938211441040039e-03
8.818656206130981445e-04
3.503449261188507080e-04
5.865514278411865234e-03
1.768350601196289062e-03
7.818043231964111328e-04
9.230151772499084473e-04
2.119690179824829102e-04
1.146662980318069458e-04
1.486301422119140625e-03
9.804815053939819336e-04
1.112371683120727539e-03
1.424145698547363281e-02
2.827532589435577393e-04
3.527738153934478760e-04
1.603700220584869385e-04
5.744174122810363770e-04
4.929825663566589355e-04
1.381553709506988525e-03
6.880462169647216797e-04
2.418495714664459229e-04
3.677234053611755371e-04
2.508815377950668335e-04
2.377375960350036621e-03
1.500934362411499023e-03
3.278821706771850586e-03
4.448413848876953125e-03
1.615174114704132080e-04
1.427769660949707031e-03
5.526095628738403320e-04
1.127445697784423828e-02
9.815767407417297363e-04
2.863109111785888672e-03
5.444064736366271973e-04
1.847219467163085938e-02
6.172955036163330078e-04
1.072388887405395508e-02
9.563088417053222656e-03
2.831704914569854736e-04
5.012899637222290039e-03
2.365596592426300049e-04
5.157366394996643066e-04
4.113465547561645508e-04
1.732837408781051636e-04
1.022871583700180054e-04
3.502011299133300781e-03
7.480904459953308105e-04
1.953288912773132324e-03
4.639863967895507812e-03
1.849681138992309570e-03
9.254932403564453125e-03
1.030288636684417725e-03
5.375519394874572754e-04
3.288537263870239258e-04
4.491657018661499023e-03
8.673369884490966797e-03
3.678426146507263184e-04
1.380127668380737305e-02
2.620190382003784180e-03
7.286015897989273071e-05
3.566183149814605713e-04
3.743655979633331299e-04
2.113974094390869141e-02
1.156985759735107422e-03
3.738641738891601562e-03
1.312084496021270752e-03
2.028550952672958374e-04
3.936290740966796875e-04
1.098681241273880005e-04
7.949829101562500000e-03
1.356393098831176758e-03
1.844954490661621094e-02
3.473982214927673340e-04
1.290783286094665527e-03
1.248434185981750488e-03
7.714033126831054688e-04
3.099925816059112549e-04
2.018892765045166016e-02
3.447785973548889160e-03
1.165896654129028320e-03
9.809359908103942871e-04
9.398609399795532227e-04
2.094134688377380371e-04
8.765608072280883789e-05
3.556534647941589355e-04
1.548248529434204102e-02
3.422826528549194336e-03
3.648340702056884766e-03
3.278702497482299805e-04
1.173857599496841431e-04
9.595081210136413574e-04
1.544699072837829590e-03
1.123911142349243164e-02
2.454146742820739746e-04
2.053946256637573242e-02
1.087760925292968750e-02
2.837419509887695312e-03
1.052510738372802734e-02
7.248148322105407715e-04
0.000000000000000000e+00
0.000000000000000000e+00
0.000000000000000000e+00
0.000000000000000000e+00
0.000000000000000000e+00
0.000000000000000000e+00
0.000000000000000000e+00
0.000000000000000000e+00
0.000000000000000000e+00
0.000000000000000000e+00
0.000000000000000000e+00
0.000000000000000000e+00
0.000000000000000000e+00
0.000000000000000000e+00
0.000000000000000000e+00
0.000000000000000000e+00
0.000000000000000000e+00
0.000000000000000000e+00
0.000000000000000000e+00
0.000000000000000000e+00
0.000000000000000000e+00
0.000000000000000000e+00
0.000000000000000000e+00
0.000000000000000000e+00
0.000000000000000000e+00
0.000000000000000000e+00
0.000000000000000000e+00
0.000000000000000000e+00
0.000000000000000000e+00
0.000000000000000000e+00
0.000000000000000000e+00
0.000000000000000000e+00
0.000000000000000000e+00
0.000000000000000000e+00
0.000000000000000000e+00
0.000000000000000000e+00
0.000000000000000000e+00
0.000000000000000000e+00
0.000000000000000000e+00
0.000000000000000000e+00
