1.072674989700317383e-02
5.683422088623046875e-03
7.300963625311851501e-05
9.407848119735717773e-04
7.181335240602493286e-05
2.322047948837280273e-04
2.093786001205444336e-02
2.617850899696350098e-03
4.379004240036010742e-04
1.131966710090637207e-03
5.629539489746093750e-03
9.613633155822753906e-04
2.170223742723464966e-04
4.294179379940032959e-04
6.872177124023437500e-03
1.743971370160579681e-05
3.318846225738525391e-03
1.291728019714355469e-02
6.564319133758544922e-03
1.721882820129394531e-02
7.479310035705566406e-03
7.235482335090637207e-04
2.491652965545654297e-03
3.199160099029541016e-03
5.995601415634155273e-03
8.100807666778564453e-03
2.218902111053466797e-03
3.247372806072235107e-04
1.409304141998291016e-02
9.702797979116439819e-05
7.743179798126220703e-03
6.204023957252502441e-04
2.624955959618091583e-05
2.641662955284118652e-03
2.808928489685058594e-03
2.846732735633850098e-03
5.418807268142700195e-03
7.888600230216979980e-04
2.862140536308288574e-04
1.284974813461303711e-02
1.940149068832397461e-02
5.021542310714721680e-03
2.350574731826782227e-02
5.300864577293395996e-04
1.095801591873168945e-03
2.026617527008056641e-03
2.903258427977561951e-05
1.369833946228027344e-03
1.448303461074829102e-03
2.059135586023330688e-04
2.412378787994384766e-03
7.497757673263549805e-03
1.321434974670410156e-03
9.121894836425781250e-04
1.133065670728683472e-04
3.727436065673828125e-03
1.060843467712402344e-03
3.241658210754394531e-03
1.564443111419677734e-03
2.300631999969482422e-02
5.142688751220703125e-04
1.179613173007965088e-03
5.601905286312103271e-05
1.323342323303222656e-03
9.754925966262817383e-03
7.748529314994812012e-04
5.358308553695678711e-04
9.042382240295410156e-03
2.313807606697082520e-03
1.249289512634277344e-02
7.750004529953002930e-03
8.518040180206298828e-03
2.418249845504760742e-03
5.620479583740234375e-03
7.104724645614624023e-04
4.140809178352355957e-04
2.255439758300781250e-04
5.936712026596069336e-03
4.645168781280517578e-03
1.210495829582214355e-03
6.166696548461914062e-04
8.327215909957885742e-04
2.091601490974426270e-03
2.719685435295104980e-04
3.598332405090332031e-04
1.089684665203094482e-03
9.075254201889038086e-04
1.005016267299652100e-03
5.925148725509643555e-04
2.464681863784790039e-03
1.776963472366333008e-04
7.579475641250610352e-04
3.734342753887176514e-04
4.901438951492309570e-03
4.376657307147979736e-04
9.957700967788696289e-06
5.902051925659179688e-04
2.072101831436157227e-02
3.754496574401855469e-04
1.056082546710968018e-03
3.569871187210083008e-03
1.127511262893676758e-03
1.637095212936401367e-02
1.508694887161254883e-02
6.255358457565307617e-03
2.040527760982513428e-05
1.885753870010375977e-02
5.637370049953460693e-04
3.114104270935058594e-03
6.776023656129837036e-05
1.445603370666503906e-02
2.113908529281616211e-03
3.024905920028686523e-03
1.833029091358184814e-04
3.966301679611206055e-03
1.080906391143798828e-02
1.478195190429687500e-03
7.858499884605407715e-04
7.671583443880081177e-05
1.812636852264404297e-03
5.396753549575805664e-03
2.505451440811157227e-03
3.655046224594116211e-03
8.939020335674285889e-05
1.141071319580078125e-03
3.194883465766906738e-04
8.349418640136718750e-03
1.890674233436584473e-03
9.525001049041748047e-03
8.027911186218261719e-03
1.426470279693603516e-02
1.667243242263793945e-02
1.674532890319824219e-02
6.057694554328918457e-04
8.633509278297424316e-04
6.358534097671508789e-03
1.290267705917358398e-02
7.708877325057983398e-03
3.985315561294555664e-03
7.025122642517089844e-03
2.982348203659057617e-03
1.466226577758789062e-02
9.947657585144042969e-03
2.821654081344604492e-03
9.557753801345825195e-04
1.585531234741210938e-02
2.590432763099670410e-03
9.799608960747718811e-06
8.135348558425903320e-03
1.475673913955688477e-02
4.356242716312408447e-04
2.238862216472625732e-04
4.161357879638671875e-03
8.317083120346069336e-04
1.556766033172607422e-02
2.644941210746765137e-03
3.735944628715515137e-03
1.291148364543914795e-04
2.175211906433105469e-03
1.019790768623352051e-03
3.147587180137634277e-03
1.577264070510864258e-02
6.350845098495483398e-03
1.248136162757873535e-03
1.864731311798095703e-04
3.640919923782348633e-03
9.307488799095153809e-04
2.705231308937072754e-04
2.509474754333496094e-03
1.234218478202819824e-03
1.139974594116210938e-02
2.240892499685287476e-04
4.144385457038879395e-04
9.161591529846191406e-03
1.058501005172729492e-02
1.520607620477676392e-04
2.068579196929931641e-04
3.122799098491668701e-04
4.650741815567016602e-03
1.422427594661712646e-04
2.222418785095214844e-03
1.269024610519409180e-02
2.049937844276428223e-03
1.896917819976806641e-04
1.143492758274078369e-03
7.457375526428222656e-03
1.981055736541748047e-02
4.529416561126708984e-03
4.922121763229370117e-03
2.442061901092529297e-03
7.445439696311950684e-04
1.757365465164184570e-02
1.896023750305175781e-04
1.459765434265136719e-02
2.619717270135879517e-05
2.894476056098937988e-03
2.410933375358581543e-03
1.648385077714920044e-04
1.158658415079116821e-04
9.244233369827270508e-04
4.941113293170928955e-04
5.782186985015869141e-03
1.367926597595214844e-02
7.572442293167114258e-03
2.013766765594482422e-02
3.699883818626403809e-03
1.922249794006347656e-03
1.013702154159545898e-02
1.177109777927398682e-03
2.931326627731323242e-03
1.415002346038818359e-02
1.980125904083251953e-03
5.450665950775146484e-03
3.512129187583923340e-04
8.372664451599121094e-04
1.550155878067016602e-02
3.134265542030334473e-03
4.866257309913635254e-03
5.061365664005279541e-05
9.673297405242919922e-03
2.289563417434692383e-03
3.870710730552673340e-03
1.913976669311523438e-02
1.135699450969696045e-03
1.021134853363037109e-02
7.707834243774414062e-03
1.424774527549743652e-03
2.138429880142211914e-02
5.852371454238891602e-03
9.831972420215606689e-05
1.258128881454467773e-02
5.664110183715820312e-03
4.346184432506561279e-04
3.081895411014556885e-04
4.738643765449523926e-04
1.689679920673370361e-03
1.063883304595947266e-02
1.277610659599304199e-03
1.520848274230957031e-02
8.008241653442382812e-03
2.190023660659790039e-04
1.699388027191162109e-02
6.975829601287841797e-04
7.404536008834838867e-04
7.930994033813476562e-03
5.468353629112243652e-04
1.701772212982177734e-03
1.837128400802612305e-02
5.078613758087158203e-03
1.310053467750549316e-02
4.311978816986083984e-03
2.164253965020179749e-05
3.618329763412475586e-03
7.011294364929199219e-03
4.134401679039001465e-04
9.800493717193603516e-05
5.196213722229003906e-03
3.174170851707458496e-04
1.771673560142517090e-03
2.853333950042724609e-03
7.110804319381713867e-03
7.363334298133850098e-04
2.081751823425292969e-03
2.334445714950561523e-03
1.048576086759567261e-04
7.978379726409912109e-04
9.893923997879028320e-04
2.469539642333984375e-03
1.379154622554779053e-03
1.458823680877685547e-02
2.108551561832427979e-04
8.855164051055908203e-04
2.098083496093750000e-03
3.040470182895660400e-04
6.415188312530517578e-03
1.120783388614654541e-03
2.025485038757324219e-03
1.100665330886840820e-02
9.894669055938720703e-03
3.028512001037597656e-03
3.886446356773376465e-04
5.405172705650329590e-04
1.239106059074401855e-04
1.640513539314270020e-03
1.537919044494628906e-03
1.555144786834716797e-03
7.419362664222717285e-04
8.151866495609283447e-05
4.088431596755981445e-04
1.034094020724296570e-04
6.169438362121582031e-03
1.105582714080810547e-02
3.538459539413452148e-03
5.112707614898681641e-03
3.828480839729309082e-05
1.190245151519775391e-03
1.366227865219116211e-03
4.659056663513183594e-03
2.649113535881042480e-03
9.388446807861328125e-03
1.403391361236572266e-03
1.109492778778076172e-02
8.030414581298828125e-03
1.829081773757934570e-02
2.572119235992431641e-03
1.230090856552124023e-03
4.324968904256820679e-05
2.435490489006042480e-03
9.105205535888671875e-03
1.223906874656677246e-04
5.714669823646545410e-04
2.881944179534912109e-03
2.939719706773757935e-04
6.803810596466064453e-03
1.879986375570297241e-04
3.001298755407333374e-04
8.337080478668212891e-03
1.136898994445800781e-02
1.462614536285400391e-02
8.882954716682434082e-04
6.410703063011169434e-04
5.754083395004272461e-04
1.966154575347900391e-02
1.311069354414939880e-04
6.485283374786376953e-03
1.034572720527648926e-03
6.752252578735351562e-03
2.511646598577499390e-04
1.698974519968032837e-04
4.640892148017883301e-04
7.835984230041503906e-03
2.373352646827697754e-03
2.282661199569702148e-02
2.708971500396728516e-03
2.371132373809814453e-03
5.591064691543579102e-04
1.504290103912353516e-02
8.402671664953231812e-05
9.814836084842681885e-05
7.163081318140029907e-05
5.143791437149047852e-03
1.348847150802612305e-02
7.419250905513763428e-04
3.147795796394348145e-03
1.384758949279785156e-02
2.469316124916076660e-03
5.650311708450317383e-03
6.587803363800048828e-03
2.351462841033935547e-03
6.123930215835571289e-04
1.202058792114257812e-02
1.316949725151062012e-03
1.748338341712951660e-03
1.683926582336425781e-02
5.054250359535217285e-04
3.629505634307861328e-03
1.824742555618286133e-02
1.859128475189208984e-03
1.864746212959289551e-03
2.377367019653320312e-02
1.226052641868591309e-03
2.753719687461853027e-03
1.089411973953247070e-02
2.479299902915954590e-03
1.029604673385620117e-02
1.319512724876403809e-03
2.903938293457031250e-03
1.441764831542968750e-02
6.639152765274047852e-03
1.530572772026062012e-03
2.136409282684326172e-03
6.680116057395935059e-04
1.769310235977172852e-02
1.137539744377136230e-03
5.115345120429992676e-04
1.788008958101272583e-04
4.722326993942260742e-03
4.436016082763671875e-03
7.233545184135437012e-04
1.405864953994750977e-03
1.055806875228881836e-02
1.505029201507568359e-02
8.951127529144287109e-04
2.362221479415893555e-03
5.084306001663208008e-03
2.392709255218505859e-03
1.203030347824096680e-03
1.058019697666168213e-03
1.078093051910400391e-02
6.586700677871704102e-03
1.516479253768920898e-02
2.012604475021362305e-02
5.852341651916503906e-03
1.540452241897583008e-02
5.915127694606781006e-04
9.160041809082031250e-04
5.569159984588623047e-04
5.163550376892089844e-03
1.974493265151977539e-02
4.761368036270141602e-03
6.695181131362915039e-03
4.668325185775756836e-03
1.736670732498168945e-03
2.895450592041015625e-02
3.498643636703491211e-03
1.149111986160278320e-02
7.883250713348388672e-03
2.887323498725891113e-04
1.064079999923706055e-02
4.048198461532592773e-04
9.080737829208374023e-03
9.356558322906494141e-03
3.228098154067993164e-03
2.666771411895751953e-03
9.551569819450378418e-04
1.545950770378112793e-03
4.052417352795600891e-05
7.475078105926513672e-03
1.709187030792236328e-02
1.320943236351013184e-03
1.470422744750976562e-02
1.294642686843872070e-03
1.457646489143371582e-03
1.967167854309082031e-02
7.271885871887207031e-03
9.197741746902465820e-04
9.935081005096435547e-03
5.540549755096435547e-03
6.024762988090515137e-04
2.222383022308349609e-02
1.674838364124298096e-03
7.898569107055664062e-03
3.377292305231094360e-04
9.926967322826385498e-05
4.715234041213989258e-03
2.796858549118041992e-03
1.565182209014892578e-02
3.452062606811523438e-03
1.677441596984863281e-02
1.546609401702880859e-02
2.338588237762451172e-02
1.430904865264892578e-02
1.457667350769042969e-02
4.925161600112915039e-03
1.707617193460464478e-04
2.257925271987915039e-02
1.681470870971679688e-02
7.895678281784057617e-04
5.003437399864196777e-04
9.608387947082519531e-03
6.294429302215576172e-03
1.159355044364929199e-03
4.125773906707763672e-03
8.372128009796142578e-03
1.782846450805664062e-02
1.731932163238525391e-03
1.227632164955139160e-03
6.379276514053344727e-03
1.307904720306396484e-03
1.666367053985595703e-02
2.379333972930908203e-02
6.240606307983398438e-03
2.165548503398895264e-04
3.684744238853454590e-03
2.744607627391815186e-04
1.615077257156372070e-02
2.010262012481689453e-02
4.408694803714752197e-04
7.931232452392578125e-03
3.087446093559265137e-04
1.227521896362304688e-02
2.122777700424194336e-02
1.617465168237686157e-04
2.368003129959106445e-03
7.717311382293701172e-03
2.680718898773193359e-02
5.308449268341064453e-03
1.264646649360656738e-03
2.404600381851196289e-03
1.232874393463134766e-02
2.586126327514648438e-03
1.920074224472045898e-03
3.486126661300659180e-03
3.066852688789367676e-03
1.107448339462280273e-02
3.223925828933715820e-03
5.196809768676757812e-03
3.093779087066650391e-03
4.514276981353759766e-03
5.316197872161865234e-03
2.075523138046264648e-03
5.250096321105957031e-03
1.691848039627075195e-03
2.892129123210906982e-05
1.758486032485961914e-02
1.782067120075225830e-03
9.324476122856140137e-04
9.956583380699157715e-04
1.985594630241394043e-03
1.339782029390335083e-04
1.950606703758239746e-03
2.685278654098510742e-03
5.409866571426391602e-05
2.548754215240478516e-02
9.862333536148071289e-04
2.366259694099426270e-03
5.461692810058593750e-03
7.848963141441345215e-04
1.496419310569763184e-03
3.942772746086120605e-04
1.090489327907562256e-03
1.737409830093383789e-02
4.504442214965820312e-03
2.157986164093017578e-03
1.286298036575317383e-02
2.464324235916137695e-03
1.217484474182128906e-02
1.851454377174377441e-03
6.493320688605308533e-05
1.217824220657348633e-02
1.734830439090728760e-04
1.863270998001098633e-03
1.490026712417602539e-02
1.738440990447998047e-02
1.418188214302062988e-03
1.281887292861938477e-02
4.503101110458374023e-03
1.094289124011993408e-03
9.017646312713623047e-03
1.595959067344665527e-03
9.624361991882324219e-03
6.175935268402099609e-04
5.276575684547424316e-04
5.368702113628387451e-04
2.875506877899169922e-03
1.124009490013122559e-03
7.094740867614746094e-03
8.998751640319824219e-03
7.691383361816406250e-04
2.104371786117553711e-03
2.030640840530395508e-03
2.534449100494384766e-03
1.817458868026733398e-02
1.952499151229858398e-03
8.068799972534179688e-03
2.923794090747833252e-05
3.687664866447448730e-04
5.632080137729644775e-04
1.974534243345260620e-04
4.630535840988159180e-04
1.234754920005798340e-03
6.305873394012451172e-04
8.093506097793579102e-03
9.624302387237548828e-03
2.066209912300109863e-03
3.635808825492858887e-04
1.598346233367919922e-02
8.143842220306396484e-03
3.213554620742797852e-03
8.677393198013305664e-04
2.069279551506042480e-03
1.894488930702209473e-03
3.873109817504882812e-03
2.540111541748046875e-02
6.998628377914428711e-04
1.338720321655273438e-04
2.088713645935058594e-02
4.407584667205810547e-03
1.355570554733276367e-02
1.972746104001998901e-04
8.668005466461181641e-04
5.492120981216430664e-04
6.062150001525878906e-03
1.804250478744506836e-02
1.413452625274658203e-02
2.285525202751159668e-03
5.673579871654510498e-04
8.224993944168090820e-04
1.327735185623168945e-02
1.467514038085937500e-02
6.575763225555419922e-03
8.875727653503417969e-03
1.280534267425537109e-02
9.068965911865234375e-03
6.707370281219482422e-03
7.910653948783874512e-04
9.973108768463134766e-03
8.424639701843261719e-03
5.350649356842041016e-03
1.545870304107666016e-02
2.294376492500305176e-03
2.567327022552490234e-02
1.979947090148925781e-03
1.390844583511352539e-02
5.053102970123291016e-03
1.576513051986694336e-02
5.878925323486328125e-03
5.888760089874267578e-03
4.708133637905120850e-04
7.968097925186157227e-03
3.167577087879180908e-04
9.341817349195480347e-05
3.231629729270935059e-03
4.221051931381225586e-04
7.375240325927734375e-03
1.277291774749755859e-02
5.498051643371582031e-03
2.259269356727600098e-03
2.216041088104248047e-03
1.966500282287597656e-02
1.462519168853759766e-03
1.243031024932861328e-02
6.552159786224365234e-03
1.996994018554687500e-02
1.366078853607177734e-02
7.668044418096542358e-05
4.952073097229003906e-03
1.341149210929870605e-03
5.777776241302490234e-04
1.586061716079711914e-02
5.837321281433105469e-03
1.979880034923553467e-04
1.124346256256103516e-02
1.000491902232170105e-04
6.754279136657714844e-03
2.035725116729736328e-02
1.265794038772583008e-03
1.168292760848999023e-02
1.772910356521606445e-03
7.132023572921752930e-03
3.589838743209838867e-03
1.181289553642272949e-03
8.230134844779968262e-04
5.070082843303680420e-04
1.653671264648437500e-03
1.695528626441955566e-03
5.997121334075927734e-04
4.419162869453430176e-04
1.582354307174682617e-03
4.979372024536132812e-03
2.317898906767368317e-05
1.442305743694305420e-03
5.868077278137207031e-04
2.967059612274169922e-03
5.637347698211669922e-03
1.900136470794677734e-03
1.475676894187927246e-03
1.561784744262695312e-02
1.978421211242675781e-02
1.753240823745727539e-03
1.266062259674072266e-03
8.363783359527587891e-03
1.576796174049377441e-03
5.746066570281982422e-03
5.007488653063774109e-05
1.557159423828125000e-02
5.436033010482788086e-03
1.460045576095581055e-02
9.851157665252685547e-03
1.551225781440734863e-03
2.933487296104431152e-03
6.869971752166748047e-03
1.636475324630737305e-02
4.962027072906494141e-03
4.239790141582489014e-04
2.964437007904052734e-04
5.729049444198608398e-04
6.353437900543212891e-03
1.725903712213039398e-05
2.262473106384277344e-02
6.317555904388427734e-03
7.185991853475570679e-05
1.719877123832702637e-03
1.461672782897949219e-02
1.558691263198852539e-03
1.490917056798934937e-04
5.770802497863769531e-03
5.549676716327667236e-04
1.868396997451782227e-03
4.908680915832519531e-03
5.123913288116455078e-03
2.846300601959228516e-03
1.309113577008247375e-04
1.462303102016448975e-03
1.125031709671020508e-02
7.508471608161926270e-04
1.733601093292236328e-03
1.503384113311767578e-02
8.222311735153198242e-04
1.623276621103286743e-04
2.084940671920776367e-03
1.762375235557556152e-03
1.488149166107177734e-03
1.168012619018554688e-03
1.788854598999023438e-02
2.551004290580749512e-03
1.139223575592041016e-03
1.346021890640258789e-04
2.801511436700820923e-04
1.128330826759338379e-03
1.870095729827880859e-03
1.760774850845336914e-02
1.724374294281005859e-02
1.239124685525894165e-05
5.642414093017578125e-03
6.195217370986938477e-03
1.076217740774154663e-04
1.356577873229980469e-02
1.429855823516845703e-02
4.807054996490478516e-03
1.282447576522827148e-02
1.267975568771362305e-02
2.169553190469741821e-04
3.025025129318237305e-03
1.962692476809024811e-05
1.815885305404663086e-03
6.535768508911132812e-03
4.322290420532226562e-03
8.465498685836791992e-04
8.494108915328979492e-04
3.144919872283935547e-03
2.436935901641845703e-04
4.262849688529968262e-05
3.352761268615722656e-03
4.958733916282653809e-04
1.781687140464782715e-03
1.523500680923461914e-02
5.736649036407470703e-03
1.309901475906372070e-02
1.103597879409790039e-02
1.551681756973266602e-02
1.742422580718994141e-03
1.420356333255767822e-03
8.393451571464538574e-04
7.565081119537353516e-03
2.218216657638549805e-03
2.457106113433837891e-02
1.181907951831817627e-03
1.199257373809814453e-02
7.187873125076293945e-04
1.610759645700454712e-04
1.635450124740600586e-02
1.960411667823791504e-03
2.991668879985809326e-04
1.566261053085327148e-02
1.037144660949707031e-02
1.591163873672485352e-02
2.246096730232238770e-03
2.410709857940673828e-03
3.828434273600578308e-05
3.075659275054931641e-03
3.212988376617431641e-03
6.928265094757080078e-03
2.948008477687835693e-04
5.738466978073120117e-03
8.540749549865722656e-04
3.617852926254272461e-04
5.368441343307495117e-03
4.826560616493225098e-04
8.382797241210937500e-04
5.543053150177001953e-03
6.429404020309448242e-03
1.398436725139617920e-04
2.593860030174255371e-03
2.015680074691772461e-03
1.082956790924072266e-03
5.201131105422973633e-03
1.146666705608367920e-03
6.469748914241790771e-04
2.960920333862304688e-03
1.240894198417663574e-03
2.393834292888641357e-04
8.683092892169952393e-05
1.749449968338012695e-02
8.524581789970397949e-05
9.412597864866256714e-05
2.692437171936035156e-02
1.680105924606323242e-03
1.470363140106201172e-02
4.883483052253723145e-04
8.303672075271606445e-04
2.730429172515869141e-03
3.745481371879577637e-04
4.680693149566650391e-03
1.254379749298095703e-03
2.465796470642089844e-02
8.256756700575351715e-06
1.277989149093627930e-02
2.196673303842544556e-04
1.510288566350936890e-04
5.067467689514160156e-03
6.468370556831359863e-04
1.943725347518920898e-02
1.055592298507690430e-02
1.673549413681030273e-03
2.025127410888671875e-03
2.672016620635986328e-03
4.227399826049804688e-03
2.289748191833496094e-02
1.496517658233642578e-02
6.186246871948242188e-03
1.361027359962463379e-03
7.634423673152923584e-05
4.164539277553558350e-04
1.735252141952514648e-02
4.033520817756652832e-04
3.610097337514162064e-06
2.058237791061401367e-03
5.095452070236206055e-05
1.113116741180419922e-03
2.181643247604370117e-02
1.315015554428100586e-02
1.030385494232177734e-02
5.443274974822998047e-03
4.687100648880004883e-03
1.367181539535522461e-03
1.214757561683654785e-03
4.500329494476318359e-03
8.550554513931274414e-03
1.892626285552978516e-02
3.362476825714111328e-03
2.035871148109436035e-03
2.978384494781494141e-03
1.199877262115478516e-02
1.060754060745239258e-02
1.397311687469482422e-03
2.189505100250244141e-02
9.736776351928710938e-03
4.022195935249328613e-04
1.134729385375976562e-02
1.869746483862400055e-05
1.106199622154235840e-02
1.088029146194458008e-02
3.676891326904296875e-03
5.333125591278076172e-03
2.704277634620666504e-03
1.189702749252319336e-02
4.167407751083374023e-04
1.612639427185058594e-02
1.510757207870483398e-02
1.239828765392303467e-03
2.416566014289855957e-03
2.758622169494628906e-03
4.094332456588745117e-03
2.531483769416809082e-04
1.486545801162719727e-02
6.551370024681091309e-04
3.921985626220703125e-03
1.493614912033081055e-02
1.822221279144287109e-02
7.625296711921691895e-04
1.389354467391967773e-03
2.043977379798889160e-03
9.540617465972900391e-04
1.021194458007812500e-02
2.025091648101806641e-02
3.528773784637451172e-03
4.128739237785339355e-04
4.286803305149078369e-04
9.824633598327636719e-04
1.274293661117553711e-02
2.576664090156555176e-03
3.034234046936035156e-03
6.729006767272949219e-03
4.046767950057983398e-03
2.176487445831298828e-02
2.653375267982482910e-04
1.856818795204162598e-03
1.400969922542572021e-04
1.741766929626464844e-03
1.098418235778808594e-02
6.991684436798095703e-03
4.756003618240356445e-04
1.885777711868286133e-02
2.463310956954956055e-03
4.169464111328125000e-03
2.722370624542236328e-02
5.647689104080200195e-04
3.473311662673950195e-03
1.087653636932373047e-02
5.412817001342773438e-03
9.890496730804443359e-04
1.172626018524169922e-02
4.514567553997039795e-04
1.157015562057495117e-03
1.404643058776855469e-03
2.513974905014038086e-03
8.278965950012207031e-03
9.607970714569091797e-03
1.260423660278320312e-02
1.294046640396118164e-03
5.137994885444641113e-04
1.318514347076416016e-03
2.139329910278320312e-03
3.300309181213378906e-03
2.773135900497436523e-03
1.951128244400024414e-02
6.424486637115478516e-03
8.914433419704437256e-05
1.339793205261230469e-03
1.703965663909912109e-02
5.055554211139678955e-04
1.569613814353942871e-03
1.358246803283691406e-02
4.061073064804077148e-03
2.120271325111389160e-03
8.089035749435424805e-03
1.325392723083496094e-02
8.206367492675781250e-04
9.537667036056518555e-03
6.459116935729980469e-03
3.357023000717163086e-03
2.769812941551208496e-03
4.225559532642364502e-04
2.426147460937500000e-03
5.022406578063964844e-03
3.145560622215270996e-03
4.510283470153808594e-03
2.171307802200317383e-03
1.755404472351074219e-02
7.792115211486816406e-04
2.281874418258666992e-03
4.839777946472167969e-03
8.729994297027587891e-03
4.113372415304183960e-05
3.482431173324584961e-03
1.601994037628173828e-03
1.916384696960449219e-02
4.722177982330322266e-03
8.685588836669921875e-03
4.400275647640228271e-04
1.384411007165908813e-04
2.486228942871093750e-03
4.678130149841308594e-03
4.023537039756774902e-04
1.681931316852569580e-04
1.305624842643737793e-03
8.072227239608764648e-03
3.850072622299194336e-03
1.550817489624023438e-02
3.484517335891723633e-03
1.357543468475341797e-02
2.715826034545898438e-03
1.926422119140625000e-04
1.768465153872966766e-05
3.454521298408508301e-03
6.013154983520507812e-03
1.000046730041503906e-02
7.820427417755126953e-03
3.395862877368927002e-04
3.490090370178222656e-03
1.407039165496826172e-02
1.653395593166351318e-04
1.271486282348632812e-03
2.186357975006103516e-03
3.388136625289916992e-03
6.622731685638427734e-03
2.850487828254699707e-03
3.343746066093444824e-04
2.480342984199523926e-03
9.971708059310913086e-04
1.678502559661865234e-02
1.127861440181732178e-03
7.270634174346923828e-03
4.115104675292968750e-03
3.914982080459594727e-03
1.726150512695312500e-03
5.286663770675659180e-03
6.271004676818847656e-03
1.307654380798339844e-02
1.541316509246826172e-03
6.704926490783691406e-04
1.504248380661010742e-02
5.290806293487548828e-03
2.755999565124511719e-03
1.855865120887756348e-04
6.263926625251770020e-04
8.921384811401367188e-03
7.564723491668701172e-04
1.651853322982788086e-03
1.415722072124481201e-04
2.065058797597885132e-04
7.609371095895767212e-05
1.927778124809265137e-03
7.047317922115325928e-04
1.448348164558410645e-03
3.273457288742065430e-03
1.310038566589355469e-02
5.546137690544128418e-04
3.606826066970825195e-04
9.731352329254150391e-03
5.090385675430297852e-04
2.546340227127075195e-03
8.182786405086517334e-05
6.879642605781555176e-04
3.568947315216064453e-03
1.583203673362731934e-03
2.782613039016723633e-03
3.757029771804809570e-04
3.721803426742553711e-03
1.807659864425659180e-03
1.293551921844482422e-02
3.212932497262954712e-04
1.812539994716644287e-04
3.307253122329711914e-03
8.700564503669738770e-04
1.654103398323059082e-03
1.008501276373863220e-04
4.222169518470764160e-04
1.886591315269470215e-03
3.714710474014282227e-04
1.583099365234375000e-03
5.281865596771240234e-03
1.018911600112915039e-02
1.086890697479248047e-03
2.252906560897827148e-03
4.577219486236572266e-03
3.313302993774414062e-03
7.804334163665771484e-03
4.710890352725982666e-04
1.502144336700439453e-02
5.525887012481689453e-03
8.715987205505371094e-04
3.685839474201202393e-04
2.148464322090148926e-03
2.088341861963272095e-04
2.643942832946777344e-03
1.809835433959960938e-02
1.591593027114868164e-04
5.500391125679016113e-04
1.304913312196731567e-04
7.128059864044189453e-03
4.408434033393859863e-04
9.451657533645629883e-04
3.176838159561157227e-03
1.757189631462097168e-03
2.212196588516235352e-03
3.147578239440917969e-02
5.571357905864715576e-04
2.157330513000488281e-03
3.673546016216278076e-04
4.090741276741027832e-04
1.469478011131286621e-03
9.035170078277587891e-03
4.923790693283081055e-04
9.390227496623992920e-04
1.253932714462280273e-04
6.565988063812255859e-03
3.022849559783935547e-03
4.865407943725585938e-03
2.854120731353759766e-02
1.285344362258911133e-03
1.507759094238281250e-02
9.214878082275390625e-04
2.720713615417480469e-03
6.221160292625427246e-04
1.227077841758728027e-02
2.275109291076660156e-03
3.216564655303955078e-04
2.479869872331619263e-04
4.311531782150268555e-03
2.182163298130035400e-04
3.992199897766113281e-03
2.223819494247436523e-03
6.952643394470214844e-03
1.119065284729003906e-02
4.979610443115234375e-03
4.768490791320800781e-03
4.880800843238830566e-04
3.736793994903564453e-03
2.457685768604278564e-04
9.405314922332763672e-04
2.044722437858581543e-03
5.645841360092163086e-03
2.991884946823120117e-03
3.961622714996337891e-04
1.222312450408935547e-03
1.409500837326049805e-04
8.999407291412353516e-03
3.307968378067016602e-03
2.712443470954895020e-03
4.597097635269165039e-03
1.267233490943908691e-02
3.758184611797332764e-04
1.494899392127990723e-03
9.102225303649902344e-04
6.603300571441650391e-04
5.258023738861083984e-04
1.017190515995025635e-03
3.980040550231933594e-03
8.168742060661315918e-04
1.239007711410522461e-02
4.663318395614624023e-04
1.374833285808563232e-03
7.436454296112060547e-03
6.092749536037445068e-04
1.484334468841552734e-02
2.347767353057861328e-03
2.365887165069580078e-03
4.375696182250976562e-03
1.314431428909301758e-03
7.588863372802734375e-04
1.043140888214111328e-03
5.805119872093200684e-04
2.114608883857727051e-03
1.530703157186508179e-04
2.246052026748657227e-04
2.270296216011047363e-03
3.007858991622924805e-03
5.265027284622192383e-04
3.064155578613281250e-03
6.992220878601074219e-04
3.666102886199951172e-03
3.171443939208984375e-03
5.900144577026367188e-03
1.157402992248535156e-03
1.248456537723541260e-04
7.209852337837219238e-04
2.115163952112197876e-04
3.161877393722534180e-03
3.917068243026733398e-03
4.876926541328430176e-04
9.550750255584716797e-03
2.508267760276794434e-03
4.824735224246978760e-04
2.747550606727600098e-03
5.911141633987426758e-04
1.079052686691284180e-03
5.684494972229003906e-04
1.263761520385742188e-02
6.222203373908996582e-04
4.470795392990112305e-04
1.127235591411590576e-04
6.657540798187255859e-03
5.956068634986877441e-04
1.337212324142456055e-02
3.793984651565551758e-03
4.551559686660766602e-03
2.287253737449645996e-04
3.258079290390014648e-03
1.654654741287231445e-03
7.173009216785430908e-04
2.072513103485107422e-03
1.763865351676940918e-03
8.782386779785156250e-03
5.675017833709716797e-03
1.391038298606872559e-03
8.089721202850341797e-03
1.238399744033813477e-02
3.966465592384338379e-04
1.068562269210815430e-03
2.623844146728515625e-02
1.480698585510253906e-03
7.091611623764038086e-04
1.073315739631652832e-03
4.103779792785644531e-04
8.265450596809387207e-04
1.843184232711791992e-03
1.811206340789794922e-03
8.357968181371688843e-05
2.702921628952026367e-03
8.125305175781250000e-04
1.147484779357910156e-02
4.166319966316223145e-03
1.428827643394470215e-03
1.969829201698303223e-03
1.339662075042724609e-02
3.834977746009826660e-03
9.343862533569335938e-03
1.820981502532958984e-03
4.246860742568969727e-03
1.012992858886718750e-02
3.729552030563354492e-03
1.884102821350097656e-02
2.139881253242492676e-03
1.820582151412963867e-02
2.554848790168762207e-03
1.863718032836914062e-02
1.218929886817932129e-03
9.061619639396667480e-04
2.539977431297302246e-04
9.478926658630371094e-04
1.280196011066436768e-04
6.981432437896728516e-03
2.325177192687988281e-04
1.436874270439147949e-03
1.216717064380645752e-03
3.238528966903686523e-03
1.176565885543823242e-03
1.759991049766540527e-03
3.973096609115600586e-04
4.535734653472900391e-03
3.952234983444213867e-04
2.403222024440765381e-04
1.168109476566314697e-03
2.650529146194458008e-02
3.351531922817230225e-04
1.210436224937438965e-03
8.917693048715591431e-05
5.378872156143188477e-03
7.306411862373352051e-04
1.675374805927276611e-04
5.956590175628662109e-03
1.435242593288421631e-04
4.235990345478057861e-04
4.055611789226531982e-04
9.953826665878295898e-04
1.285574398934841156e-06
1.339837908744812012e-03
7.603168487548828125e-03
1.053300499916076660e-02
2.329558134078979492e-03
3.311306238174438477e-03
1.500532031059265137e-03
5.585029721260070801e-04
3.447197377681732178e-04
8.867084980010986328e-03
3.746777772903442383e-03
6.331145763397216797e-03
6.914362311363220215e-04
9.606108069419860840e-04
1.650787889957427979e-04
1.181185245513916016e-03
2.592355012893676758e-03
1.507371664047241211e-03
4.569023847579956055e-03
2.501308917999267578e-03
1.020975410938262939e-03
1.909047365188598633e-03
1.053935289382934570e-02
9.002804756164550781e-03
1.193761825561523438e-02
7.838830351829528809e-04
2.341851592063903809e-03
1.363724470138549805e-02
2.106383442878723145e-03
3.254711627960205078e-04
2.996921539306640625e-03
8.845105767250061035e-04
8.527934551239013672e-04
9.042397141456604004e-05
1.723438501358032227e-03
1.116417348384857178e-03
7.140487432479858398e-03
8.570924401283264160e-04
9.086132049560546875e-03
1.053214073181152344e-03
1.184400171041488647e-04
6.645843386650085449e-04
5.038231611251831055e-03
3.264099359512329102e-04
1.559525728225708008e-03
3.519326448440551758e-03
1.464366912841796875e-02
1.556038856506347656e-03
9.583115577697753906e-03
2.885818481445312500e-03
1.374632120132446289e-03
4.557728767395019531e-03
6.578788161277770996e-04
1.986074447631835938e-02
1.112215220928192139e-03
9.779274463653564453e-03
9.334906935691833496e-04
3.027878701686859131e-04
1.799285411834716797e-03
3.234535455703735352e-03
4.129290580749511719e-03
3.767848014831542969e-03
5.616068840026855469e-03
4.139766097068786621e-04
3.898918628692626953e-03
9.138047695159912109e-03
1.007013022899627686e-03
4.965998232364654541e-04
5.495101213455200195e-04
3.715813159942626953e-03
1.054666936397552490e-04
1.068556308746337891e-02
1.334214210510253906e-02
8.139163255691528320e-04
6.278324872255325317e-05
1.256726682186126709e-04
1.511776447296142578e-02
2.297684550285339355e-03
5.171179771423339844e-03
6.485208868980407715e-04
4.369765520095825195e-03
1.099463552236557007e-04
2.022534608840942383e-04
1.397460699081420898e-03
7.335692644119262695e-04
2.701550722122192383e-03
5.779229104518890381e-05
2.880364656448364258e-03
1.285807229578495026e-05
2.327218651771545410e-03
6.181389093399047852e-03
3.041446208953857422e-03
2.485185861587524414e-03
6.325721740722656250e-03
1.550292968750000000e-02
1.228138804435729980e-03
1.509487628936767578e-03
4.951000213623046875e-03
5.919516086578369141e-03
4.741139709949493408e-04
1.077622175216674805e-02
1.721453666687011719e-02
1.208108663558959961e-02
1.317858695983886719e-04
6.757318973541259766e-03
7.200062274932861328e-03
1.141339540481567383e-02
1.197576522827148438e-02
1.059480011463165283e-03
1.302719116210937500e-03
2.047861926257610321e-05
1.087272167205810547e-02
8.070189505815505981e-05
2.312541007995605469e-02
4.175789654254913330e-04
2.980053424835205078e-03
2.079814672470092773e-03
7.863819599151611328e-03
1.339781284332275391e-02
1.960210502147674561e-04
1.100540161132812500e-03
3.175586462020874023e-03
4.298478364944458008e-03
8.999705314636230469e-04
4.010885953903198242e-03
4.796266555786132812e-03
4.752278327941894531e-04
3.242194652557373047e-02
1.052945852279663086e-03
1.320749521255493164e-03
3.477632999420166016e-03
2.676993608474731445e-03
6.505399942398071289e-04
1.659616827964782715e-04
2.511441707611083984e-04
3.147646784782409668e-04
3.837905824184417725e-04
1.445758342742919922e-02
3.047250211238861084e-04
8.062925189733505249e-06
6.372556090354919434e-04
9.976774454116821289e-04
2.471730113029479980e-03
1.085519790649414062e-03
2.393245697021484375e-03
3.776252269744873047e-03
2.152509987354278564e-04
1.576757058501243591e-04
9.270608425140380859e-04
2.804493904113769531e-02
6.696730852127075195e-04
3.298297524452209473e-04
3.337934613227844238e-04
9.439438581466674805e-04
6.384328007698059082e-04
8.499773684889078140e-06
6.823837757110595703e-04
1.234230399131774902e-02
6.163641810417175293e-04
1.850262284278869629e-03
1.486647129058837891e-02
6.975084543228149414e-04
3.822535276412963867e-03
1.003734767436981201e-03
2.109363675117492676e-03
4.661455750465393066e-04
1.598402857780456543e-03
7.315933704376220703e-03
8.906573057174682617e-04
2.492405474185943604e-04
2.647817134857177734e-03
7.679641246795654297e-03
9.528100490570068359e-04
3.583461046218872070e-03
1.779332756996154785e-03
5.968846380710601807e-05
5.161501467227935791e-04
6.252340972423553467e-05
6.911516189575195312e-03
8.101835846900939941e-04
6.049275398254394531e-03
4.668980836868286133e-04
1.441329717636108398e-03
3.124579787254333496e-03
5.964875221252441406e-03
2.870187163352966309e-04
6.253011524677276611e-04
3.290280699729919434e-03
2.747505903244018555e-03
1.027554273605346680e-03
7.660090923309326172e-04
5.440264940261840820e-04
6.181746721267700195e-03
1.664060354232788086e-02
1.480519771575927734e-03
2.267688512802124023e-03
9.207054972648620605e-04
2.355501055717468262e-03
3.965944051742553711e-04
1.075339317321777344e-02
2.139300107955932617e-03
0.000000000000000000e+00
0.000000000000000000e+00
0.000000000000000000e+00
0.000000000000000000e+00
0.000000000000000000e+00
0.000000000000000000e+00
0.000000000000000000e+00
0.000000000000000000e+00
0.000000000000000000e+00
0.000000000000000000e+00
0.000000000000000000e+00
0.000000000000000000e+00
0.000000000000000000e+00
0.000000000000000000e+00
0.000000000000000000e+00
0.000000000000000000e+00
0.000000000000000000e+00
0.000000000000000000e+00
0.000000000000000000e+00
0.000000000000000000e+00
0.000000000000000000e+00
0.000000000000000000e+00
0.000000000000000000e+00
0.000000000000000000e+00
0.000000000000000000e+00
0.000000000000000000e+00
0.000000000000000000e+00
0.000000000000000000e+00
0.000000000000000000e+00
0.000000000000000000e+00
0.000000000000000000e+00
0.000000000000000000e+00
0.000000000000000000e+00
0.000000000000000000e+00
0.000000000000000000e+00
0.000000000000000000e+00
0.000000000000000000e+00
0.000000000000000000e+00
0.000000000000000000e+00
0.000000000000000000e+00
