1.640534400939941406e-02
1.636254787445068359e-02
1.232433319091796875e-02
1.879382133483886719e-02
1.629877090454101562e-02
2.167153358459472656e-02
1.821589469909667969e-02
1.670098304748535156e-02
2.185893058776855469e-02
1.350951194763183594e-02
8.772134780883789062e-03
1.644194126129150391e-02
1.430082321166992188e-02
1.827925443649291992e-02
1.765727996826171875e-02
1.576793193817138672e-02
2.095901966094970703e-02
1.865446567535400391e-02
2.368140220642089844e-02
1.868486404418945312e-02
1.569765806198120117e-02
1.500809192657470703e-02
2.036905288696289062e-02
2.444517612457275391e-02
1.392620801925659180e-02
1.608014106750488281e-02
1.806390285491943359e-02
1.759576797485351562e-02
1.255619525909423828e-02
1.187729835510253906e-02
3.150713443756103516e-02
1.867353916168212891e-02
1.326942443847656250e-02
7.751822471618652344e-03
1.572787761688232422e-02
1.802515983581542969e-02
1.271045207977294922e-02
7.728517055511474609e-03
1.526868343353271484e-02
2.593505382537841797e-02
1.109153032302856445e-02
1.062929630279541016e-02
9.093165397644042969e-03
1.388096809387207031e-02
1.734828948974609375e-02
2.203989028930664062e-02
1.678228378295898438e-02
1.724171638488769531e-02
2.599060535430908203e-02
3.094506263732910156e-02
1.389098167419433594e-02
1.388466358184814453e-02
1.795732975006103516e-02
3.024721145629882812e-02
1.769804954528808594e-02
7.483005523681640625e-03
2.104830741882324219e-02
1.145088672637939453e-02
1.619279384613037109e-02
1.546406745910644531e-02
2.320814132690429688e-02
1.908135414123535156e-02
7.081151008605957031e-03
1.861941814422607422e-02
1.564514636993408203e-02
1.718825101852416992e-02
1.489448547363281250e-02
2.147376537322998047e-02
1.942169666290283203e-02
1.700639724731445312e-02
1.335000991821289062e-02
2.488636970520019531e-02
2.085244655609130859e-02
1.744353771209716797e-02
1.414501667022705078e-02
1.840442419052124023e-02
1.283669471740722656e-02
2.116584777832031250e-02
1.800608634948730469e-02
1.946139335632324219e-02
1.071083545684814453e-02
1.591789722442626953e-02
1.127260923385620117e-02
1.717805862426757812e-02
1.648771762847900391e-02
2.612352371215820312e-02
1.987707614898681641e-02
1.871490478515625000e-02
1.792025566101074219e-02
2.311015129089355469e-02
1.481759548187255859e-02
1.414251327514648438e-02
2.635419368743896484e-02
5.380034446716308594e-03
1.827251911163330078e-02
5.161464214324951172e-03
1.889240741729736328e-02
2.002477645874023438e-02
2.026057243347167969e-02
1.534634828567504883e-02
8.024394512176513672e-03
2.078580856323242188e-02
1.758742332458496094e-02
2.790772914886474609e-02
1.100802421569824219e-02
2.513182163238525391e-02
1.958477497100830078e-02
6.572604179382324219e-03
2.489972114562988281e-02
2.601313591003417969e-02
2.857565879821777344e-02
2.004146575927734375e-02
2.184033393859863281e-02
1.758670806884765625e-02
1.496767997741699219e-02
2.817976474761962891e-02
2.068662643432617188e-02
1.528668403625488281e-02
2.573561668395996094e-02
1.988601684570312500e-02
2.486038208007812500e-02
1.847636699676513672e-02
1.693391799926757812e-02
2.878165245056152344e-02
1.918888092041015625e-02
1.778948307037353516e-02
2.176177501678466797e-02
1.430171728134155273e-02
7.989645004272460938e-03
1.495063304901123047e-02
1.515841484069824219e-02
1.562190055847167969e-02
2.121818065643310547e-02
1.000922918319702148e-02
1.760339736938476562e-02
2.907228469848632812e-02
2.200925350189208984e-02
1.654380559921264648e-02
1.733922958374023438e-02
4.425317049026489258e-03
1.064407825469970703e-02
2.489531040191650391e-02
1.779925823211669922e-02
1.321160793304443359e-02
1.201343536376953125e-02
1.087331771850585938e-02
1.508861780166625977e-02
2.027451992034912109e-02
2.476716041564941406e-02
2.375113964080810547e-02
1.884150505065917969e-02
6.373882293701171875e-03
9.171783924102783203e-03
1.313340663909912109e-02
2.157986164093017578e-02
1.185160875320434570e-02
1.788818836212158203e-02
8.268356323242187500e-03
1.174706220626831055e-02
1.469552516937255859e-02
1.220512390136718750e-02
1.271486282348632812e-02
2.156400680541992188e-02
1.196599006652832031e-02
1.728582382202148438e-02
2.076470851898193359e-02
1.852548122406005859e-02
1.225906610488891602e-02
1.291882991790771484e-02
1.181554794311523438e-02
1.786446571350097656e-02
2.241647243499755859e-02
2.741479873657226562e-02
1.300406455993652344e-02
1.101231575012207031e-02
2.581799030303955078e-02
2.736055850982666016e-02
1.179343461990356445e-02
1.602369546890258789e-02
1.376938819885253906e-02
1.358127593994140625e-02
2.335035800933837891e-02
1.045298576354980469e-02
1.143109798431396484e-02
1.510047912597656250e-02
1.845860481262207031e-02
2.498805522918701172e-02
1.831579208374023438e-02
2.520954608917236328e-02
2.802371978759765625e-02
1.357126235961914062e-02
1.589679718017578125e-02
2.314841747283935547e-02
1.079970598220825195e-02
2.270972728729248047e-02
1.389944553375244141e-02
2.433991432189941406e-02
2.823948860168457031e-02
9.757220745086669922e-03
1.396816968917846680e-02
1.411330699920654297e-02
1.655197143554687500e-02
1.384985446929931641e-02
2.322459220886230469e-02
3.277838230133056641e-02
2.715849876403808594e-02
1.386260986328125000e-02
2.732348442077636719e-02
1.944577693939208984e-02
2.413117885589599609e-02
1.864272356033325195e-02
3.418016433715820312e-02
1.172780990600585938e-02
1.316404342651367188e-02
1.728200912475585938e-02
1.561582088470458984e-02
9.880065917968750000e-03
1.866984367370605469e-02
2.969884872436523438e-02
2.663314342498779297e-02
2.239465713500976562e-02
1.257127523422241211e-02
2.082824707031250000e-02
1.579964160919189453e-02
1.778578758239746094e-02
1.675879955291748047e-02
1.195025444030761719e-02
1.269674301147460938e-02
9.843051433563232422e-03
1.740980148315429688e-02
2.168464660644531250e-02
1.140850782394409180e-02
2.109622955322265625e-02
1.029443740844726562e-02
1.515495777130126953e-02
2.336025238037109375e-02
2.808558940887451172e-02
2.519994974136352539e-02
1.710522174835205078e-02
1.415586471557617188e-02
1.253664493560791016e-02
2.013862133026123047e-02
2.257317304611206055e-02
1.372289657592773438e-02
1.801025867462158203e-02
1.790964603424072266e-02
1.334345340728759766e-02
1.080799102783203125e-02
1.887178421020507812e-02
1.082277297973632812e-02
1.667332649230957031e-02
1.161897182464599609e-02
1.504588127136230469e-02
1.934719085693359375e-02
2.088868618011474609e-02
2.273821830749511719e-02
0.000000000000000000e+00
0.000000000000000000e+00
0.000000000000000000e+00
0.000000000000000000e+00
0.000000000000000000e+00
0.000000000000000000e+00
0.000000000000000000e+00
0.000000000000000000e+00
0.000000000000000000e+00
0.000000000000000000e+00
0.000000000000000000e+00
0.000000000000000000e+00
0.000000000000000000e+00
0.000000000000000000e+00
0.000000000000000000e+00
0.000000000000000000e+00
0.000000000000000000e+00
0.000000000000000000e+00
0.000000000000000000e+00
0.000000000000000000e+00
