1.410752534866333008e-02
4.115939140319824219e-03
3.238534554839134216e-05
2.697229385375976562e-03
6.164222955703735352e-03
1.215243339538574219e-02
3.410577774047851562e-03
4.340678453445434570e-03
2.095305919647216797e-02
2.668276429176330566e-03
9.903013706207275391e-03
1.228809356689453125e-03
1.325123012065887451e-04
5.604140460491180420e-05
5.595525726675987244e-05
6.908550858497619629e-04
2.971500158309936523e-03
1.188588794320821762e-05
6.530612707138061523e-03
6.910383701324462891e-03
5.623281002044677734e-03
1.973882317543029785e-04
6.209433078765869141e-03
2.443287521600723267e-04
8.387923240661621094e-03
7.946550846099853516e-03
3.746837377548217773e-03
2.235144376754760742e-03
6.891012191772460938e-03
2.145880460739135742e-02
1.504135131835937500e-02
6.175972521305084229e-05
4.321476444602012634e-05
1.182633638381958008e-02
1.361751556396484375e-02
2.323929220438003540e-04
7.606344297528266907e-06
1.059764623641967773e-02
1.459920406341552734e-02
1.610666513442993164e-02
4.432082176208496094e-03
8.739322423934936523e-03
3.001410514116287231e-04
3.795772790908813477e-03
4.608243703842163086e-03
2.331167459487915039e-03
8.949160575866699219e-03
7.581532001495361328e-03
1.778662204742431641e-03
2.416467666625976562e-02
1.487112045288085938e-02
4.904717206954956055e-04
1.287227869033813477e-02
1.492753624916076660e-03
1.622483134269714355e-03
2.912282943725585938e-02
2.780649811029434204e-04
2.031445503234863281e-02
4.081279039382934570e-03
1.078341156244277954e-04
3.794655203819274902e-03
3.463566303253173828e-03
3.849834203720092773e-03
1.493155956268310547e-03
2.199038863182067871e-03
6.430864334106445312e-03
6.400048732757568359e-03
1.186311244964599609e-02
7.250636816024780273e-03
4.010692238807678223e-03
1.278705894947052002e-04
1.547712087631225586e-02
2.187564969062805176e-03
1.918096095323562622e-04
2.873331308364868164e-03
1.084017753601074219e-02
2.623212337493896484e-02
6.263032555580139160e-04
4.615396261215209961e-03
3.173109143972396851e-04
2.036333084106445312e-03
5.281269550323486328e-04
2.630615234375000000e-02
1.585274003446102142e-05
8.629262447357177734e-04
2.217125147581100464e-04
3.633469343185424805e-03
2.260908484458923340e-03
2.896761894226074219e-02
6.207302212715148926e-04
2.614736557006835938e-03
1.702807843685150146e-03
2.139970660209655762e-03
8.059978485107421875e-03
8.182242512702941895e-03
7.389336824417114258e-04
5.543082952499389648e-03
1.961573958396911621e-03
2.132582664489746094e-02
2.808928489685058594e-03
5.377948284149169922e-03
8.418321609497070312e-03
1.665300130844116211e-02
9.255886077880859375e-03
3.648728132247924805e-03
8.563697338104248047e-04
6.209164857864379883e-04
1.382225751876831055e-02
6.796605885028839111e-05
1.232761144638061523e-02
1.663082838058471680e-02
1.552840694785118103e-04
1.383453607559204102e-02
5.293607711791992188e-03
1.150602102279663086e-02
1.561623811721801758e-02
1.931518316268920898e-03
5.216330289840698242e-03
3.301575779914855957e-04
1.624822616577148438e-03
7.166177034378051758e-03
1.193508505821228027e-03
1.637861132621765137e-04
3.162659704685211182e-04
1.093918085098266602e-02
9.331762790679931641e-03
2.041411399841308594e-02
9.209334850311279297e-03
1.742946915328502655e-05
1.084022223949432373e-03
8.140951395034790039e-04
6.846308708190917969e-03
1.381531357765197754e-03
1.772165298461914062e-03
8.023194968700408936e-04
1.147866249084472656e-02
7.867276668548583984e-03
2.802371978759765625e-03
4.059880971908569336e-03
4.219949245452880859e-03
2.658098936080932617e-03
7.398575544357299805e-04
2.424474805593490601e-04
1.066094636917114258e-02
1.078683137893676758e-02
3.649532794952392578e-03
1.057766377925872803e-03
1.387190818786621094e-02
8.870325982570648193e-04
4.551053047180175781e-03
8.982955478131771088e-06
1.049920916557312012e-02
8.053809404373168945e-03
8.902251720428466797e-03
2.317935228347778320e-03
1.748114824295043945e-02
1.017451286315917969e-02
1.064054667949676514e-03
1.829397678375244141e-02
3.342211246490478516e-03
2.437606453895568848e-04
1.779371500015258789e-02
5.118489265441894531e-03
1.797688007354736328e-02
2.152442932128906250e-03
3.315489739179611206e-04
1.711979508399963379e-03
2.126879990100860596e-04
1.233863830566406250e-02
8.950829505920410156e-03
9.377300739288330078e-04
8.357614278793334961e-04
1.598112285137176514e-03
2.985239028930664062e-03
2.446860074996948242e-03
3.425717353820800781e-03
3.753930330276489258e-03
1.579087972640991211e-02
1.752719283103942871e-03
1.389365643262863159e-04
8.545398712158203125e-03
2.674311399459838867e-04
1.347251236438751221e-04
2.179217338562011719e-02
1.515008509159088135e-03
1.120257377624511719e-02
3.861695528030395508e-03
2.282130718231201172e-02
8.089125156402587891e-03
8.800923824310302734e-04
8.895397186279296875e-04
2.054199576377868652e-03
1.035916805267333984e-02
1.508247852325439453e-02
3.016982227563858032e-04
2.913512289524078369e-04
4.042983055114746094e-04
8.748564869165420532e-05
1.606822013854980469e-03
5.361974239349365234e-03
9.373649954795837402e-04
1.340854167938232422e-02
9.457707405090332031e-03
5.867928266525268555e-03
2.957619726657867432e-04
3.091320395469665527e-04
1.443082094192504883e-02
1.155567169189453125e-02
8.757784962654113770e-05
5.360931158065795898e-03
1.415804028511047363e-03
4.765927791595458984e-03
4.789903759956359863e-04
9.926687926054000854e-05
4.800083115696907043e-05
1.621490716934204102e-02
4.967719316482543945e-03
3.543123602867126465e-04
1.387074589729309082e-03
6.736040115356445312e-03
1.684498786926269531e-02
1.299911737442016602e-02
1.836806535720825195e-03
1.197856664657592773e-02
6.785154342651367188e-03
1.690506935119628906e-03
2.197057008743286133e-03
1.385837793350219727e-03
6.576627492904663086e-04
3.367990255355834961e-03
1.297295093536376953e-03
1.488685607910156250e-02
1.419854164123535156e-02
3.086477518081665039e-04
7.959842681884765625e-03
2.648964524269104004e-03
1.554876565933227539e-03
1.238369941711425781e-02
3.848135471343994141e-03
1.767289638519287109e-02
1.280969381332397461e-02
9.665265679359436035e-05
5.558550357818603516e-03
2.891206741333007812e-02
1.879757642745971680e-02
2.232305705547332764e-04
9.059339761734008789e-03
2.374965697526931763e-04
1.930582523345947266e-02
1.658570766448974609e-02
3.941878676414489746e-04
2.515774965286254883e-02
2.088934183120727539e-03
3.748852759599685669e-05
9.305417537689208984e-03
1.601457595825195312e-03
1.980841159820556641e-02
1.422949135303497314e-04
7.892310619354248047e-03
8.237421512603759766e-03
1.144081354141235352e-03
4.850417375564575195e-03
1.182556152343750000e-03
1.762741804122924805e-02
3.814339637756347656e-03
3.226578235626220703e-03
1.045651733875274658e-04
3.295004367828369141e-03
1.195567846298217773e-02
1.889884471893310547e-02
5.915462970733642578e-03
2.812951803207397461e-03
1.694923639297485352e-02
2.263438701629638672e-02
5.734041333198547363e-04
5.563586950302124023e-03
2.594739198684692383e-03
1.362848281860351562e-02
1.288473606109619141e-02
3.585100173950195312e-03
1.515907049179077148e-02
2.936705946922302246e-03
8.514463901519775391e-03
2.542591094970703125e-02
3.713294863700866699e-04
4.276335239410400391e-03
3.336429595947265625e-03
1.306086778640747070e-03
7.060244679450988770e-04
1.054137945175170898e-03
1.411229372024536133e-03
3.806710243225097656e-03
2.414214611053466797e-02
9.399745613336563110e-05
2.620100975036621094e-03
8.928835391998291016e-03
1.564848423004150391e-02
5.142778158187866211e-03
2.028793096542358398e-03
4.415243864059448242e-03
2.255707979202270508e-03
9.036157280206680298e-06
8.821208029985427856e-05
5.887866020202636719e-03
2.206340432167053223e-04
8.742809295654296875e-03
1.708519458770751953e-02
5.878865718841552734e-03
5.204603075981140137e-05
1.117205247282981873e-04
2.400875091552734375e-03
1.540794968605041504e-03
9.879544377326965332e-04
1.311016082763671875e-02
1.890039443969726562e-02
2.404108643531799316e-03
4.623636603355407715e-03
8.002892136573791504e-04
1.493617892265319824e-03
1.500642299652099609e-02
9.919479489326477051e-04
5.402266979217529297e-04
8.724868297576904297e-03
2.291160821914672852e-02
1.373976469039916992e-02
3.617852926254272461e-03
1.172089576721191406e-02
1.589611172676086426e-03
3.923326730728149414e-03
7.037594914436340332e-04
4.116445779800415039e-04
5.208998918533325195e-03
1.644098758697509766e-02
4.745155572891235352e-03
1.174360513687133789e-02
4.625460132956504822e-05
3.365892916917800903e-05
1.386946439743041992e-02
1.927781105041503906e-02
2.670025825500488281e-02
3.562700003385543823e-04
9.051799774169921875e-03
1.487404108047485352e-02
6.564185023307800293e-04
4.962861537933349609e-03
3.349751234054565430e-03
6.910443305969238281e-03
1.194030046463012695e-02
2.476066350936889648e-02
8.692517876625061035e-04
1.306384801864624023e-03
8.280277252197265625e-04
2.531453967094421387e-03
1.776087284088134766e-02
9.810119867324829102e-03
1.052141189575195312e-02
1.956486701965332031e-02
1.820176839828491211e-04
1.173233985900878906e-02
5.424916744232177734e-04
9.352639317512512207e-04
4.169084131717681885e-04
4.799455404281616211e-03
1.134753227233886719e-02
1.083427667617797852e-02
1.657384634017944336e-02
5.651354789733886719e-03
1.103049516677856445e-02
9.646192193031311035e-04
1.379418373107910156e-02
1.642006635665893555e-02
1.948788762092590332e-03
5.892515182495117188e-03
1.475755125284194946e-04
1.930934190750122070e-02
3.308415412902832031e-03
4.330873489379882812e-03
5.211494863033294678e-04
3.330051898956298828e-03
1.601889729499816895e-03
5.354657769203186035e-04
1.590941101312637329e-04
4.993099719285964966e-05
1.562559604644775391e-02
6.365478038787841797e-03
1.072990894317626953e-02
4.013359546661376953e-03
4.669576883316040039e-03
1.460820436477661133e-02
2.020454406738281250e-02
5.152285099029541016e-03
5.947262048721313477e-03
1.262888312339782715e-03
2.313351631164550781e-02
3.585100173950195312e-03
5.661416798830032349e-05
2.945318818092346191e-03
1.313263177871704102e-02
1.109349727630615234e-02
1.233471557497978210e-04
7.256150245666503906e-03
5.502700805664062500e-03
1.282006502151489258e-03
1.979712396860122681e-05
1.652128994464874268e-04
1.180455088615417480e-03
8.534848690032958984e-03
2.011936157941818237e-05
1.146882772445678711e-03
2.698749303817749023e-03
1.737207174301147461e-03
6.270229816436767578e-03
1.113131642341613770e-03
3.211259841918945312e-03
1.718771457672119141e-02
8.694648742675781250e-03
1.499545574188232422e-02
6.525993347167968750e-03
7.289350032806396484e-03
7.801875472068786621e-05
3.887712955474853516e-03
6.501469761133193970e-05
2.464264631271362305e-03
8.975386619567871094e-03
7.822334766387939453e-03
1.541513204574584961e-02
1.161068677902221680e-02
2.468213438987731934e-03
7.962942123413085938e-03
6.563901901245117188e-03
3.449022769927978516e-03
3.349095582962036133e-03
1.889228820800781250e-02
5.881220102310180664e-03
3.730833530426025391e-03
1.821160316467285156e-03
9.818315505981445312e-03
2.428740262985229492e-03
8.944690227508544922e-03
7.137842476367950439e-05
1.013800501823425293e-04
4.071369767189025879e-03
1.349949836730957031e-02
4.754848778247833252e-04
1.997403800487518311e-03
2.234485000371932983e-04
1.522794365882873535e-03
1.146948337554931641e-02
3.189787268638610840e-03
7.634699344635009766e-03
1.249983906745910645e-03
1.668751239776611328e-03
5.253851413726806641e-03
5.872666835784912109e-03
1.052752137184143066e-03
1.351840794086456299e-03
4.453118890523910522e-05
1.017045974731445312e-02
9.244441986083984375e-03
9.555280208587646484e-03
4.165917634963989258e-03
1.898598670959472656e-02
5.151964724063873291e-04
1.019269227981567383e-02
8.664667606353759766e-03
1.768839359283447266e-02
1.404958963394165039e-02
3.448091447353363037e-04
1.023477315902709961e-02
4.329144954681396484e-03
8.647702634334564209e-05
1.577496528625488281e-02
8.218511939048767090e-04
1.666203141212463379e-03
4.958622157573699951e-04
1.233184337615966797e-02
3.882914781570434570e-03
5.800098180770874023e-03
9.021162986755371094e-03
4.070103168487548828e-03
2.712517976760864258e-03
1.282912492752075195e-02
1.481235027313232422e-02
1.810669898986816406e-03
1.271039247512817383e-03
2.889007329940795898e-03
7.074862718582153320e-03
1.652061939239501953e-02
6.144732236862182617e-03
6.708323955535888672e-03
1.045668125152587891e-02
1.607024669647216797e-02
3.865733742713928223e-04
6.237536668777465820e-03
3.684788942337036133e-03
9.686946868896484375e-03
3.024861216545104980e-03
6.624341011047363281e-03
5.952358245849609375e-03
2.160891890525817871e-03
2.006396651268005371e-03
1.905113458633422852e-04
2.271849662065505981e-04
1.462046056985855103e-04
1.249819993972778320e-02
3.712087869644165039e-03
4.242092370986938477e-03
9.090781211853027344e-03
5.142420530319213867e-03
2.739094197750091553e-04
3.760129213333129883e-03
1.751139760017395020e-03
4.897147417068481445e-03
1.385711133480072021e-03
1.464432477951049805e-02
7.947802543640136719e-03
1.974746584892272949e-03
1.746807247400283813e-04
5.474269390106201172e-03
1.483249664306640625e-02
7.016897201538085938e-03
8.900538086891174316e-04
1.017713546752929688e-02
3.885239362716674805e-03
3.035053610801696777e-03
6.347656250000000000e-03
3.297552466392517090e-04
8.227169513702392578e-03
1.358544826507568359e-02
3.966838121414184570e-03
4.304826259613037109e-03
1.850426197052001953e-03
8.906781673431396484e-03
1.474404335021972656e-02
1.664799451828002930e-02
1.370102167129516602e-03
1.922285556793212891e-02
9.240448474884033203e-03
1.075911521911621094e-02
5.854755640029907227e-03
4.775911569595336914e-03
1.828789710998535156e-03
1.241527497768402100e-03
3.875456750392913818e-04
7.222950458526611328e-03
3.616325557231903076e-05
2.823509275913238525e-04
1.442722976207733154e-03
1.944869756698608398e-03
7.858335971832275391e-03
8.628070354461669922e-03
6.807833909988403320e-03
1.760751008987426758e-03
1.264196634292602539e-02
5.357891321182250977e-03
1.721298694610595703e-02
1.958644390106201172e-02
7.142126560211181641e-03
9.798407554626464844e-03
1.089915633201599121e-03
2.051116898655891418e-04
2.727317810058593750e-02
4.146337509155273438e-03
1.991760730743408203e-02
5.327165126800537109e-04
9.389996528625488281e-03
1.495689153671264648e-02
6.230086088180541992e-03
2.914234995841979980e-03
8.728355169296264648e-04
1.836270093917846680e-04
3.916054964065551758e-03
1.032754778861999512e-03
8.945167064666748047e-03
9.966522455215454102e-03
6.511747837066650391e-03
4.636794328689575195e-04
7.328763604164123535e-04
8.353963494300842285e-05
4.827370867133140564e-05
1.011587679386138916e-03
2.737537026405334473e-03
2.395915985107421875e-02
1.346617937088012695e-02
4.547573626041412354e-04
7.167011499404907227e-04
2.958863973617553711e-03
7.365703582763671875e-03
1.396536827087402344e-04
1.228630542755126953e-03
1.021688804030418396e-04
5.321845412254333496e-03
1.528605818748474121e-03
6.238996982574462891e-03
5.695179104804992676e-03
6.360411643981933594e-03
8.464694023132324219e-03
1.110762357711791992e-03
5.966842174530029297e-03
8.487761020660400391e-03
2.692446112632751465e-03
2.044469118118286133e-02
1.087445020675659180e-02
7.686972618103027344e-03
2.495646476745605469e-04
9.834051132202148438e-03
8.749246597290039062e-03
1.225993037223815918e-03
1.282505691051483154e-04
3.059297800064086914e-03
4.394575953483581543e-04
7.146239280700683594e-03
1.826143264770507812e-02
6.106108427047729492e-03
1.115953922271728516e-02
2.386346459388732910e-03
2.064250409603118896e-03
1.528419554233551025e-03
1.147884130477905273e-02
9.433813393115997314e-04
3.209903836250305176e-03
2.846717834472656250e-04
1.463240385055541992e-02
4.265487194061279297e-03
1.048995181918144226e-04
8.459985256195068359e-04
2.130419015884399414e-03
1.430451869964599609e-03
1.178610324859619141e-02
2.637073397636413574e-03
1.099683344364166260e-03
3.043003380298614502e-04
5.806952714920043945e-03
3.098011016845703125e-03
1.708650588989257812e-02
6.817191839218139648e-03
3.890901803970336914e-03
6.065070629119873047e-03
1.230962574481964111e-03
5.183815956115722656e-04
1.372486352920532227e-02
3.267899155616760254e-03
1.535499095916748047e-02
3.130525350570678711e-03
3.728821873664855957e-03
7.795765995979309082e-04
2.179443836212158203e-03
2.522841095924377441e-04
1.814109086990356445e-02
3.993138670921325684e-04
1.120775938034057617e-02
1.131355762481689453e-03
3.634870052337646484e-03
2.075165510177612305e-03
5.867257714271545410e-04
8.367523550987243652e-04
7.995404303073883057e-05
1.170092821121215820e-02
3.492504358291625977e-03
1.301980018615722656e-02
1.582312583923339844e-02
4.015743732452392578e-03
1.912921667098999023e-03
1.635265350341796875e-02
1.618313789367675781e-02
3.808066248893737793e-04
1.620680093765258789e-02
4.283040761947631836e-04
5.222052335739135742e-03
6.414324045181274414e-03
9.648650884628295898e-04
1.795873045921325684e-03
1.145285367965698242e-02
3.697231411933898926e-03
8.218586444854736328e-03
7.024228572845458984e-03
7.161855697631835938e-03
1.919543743133544922e-02
2.411663532257080078e-03
1.621443033218383789e-02
7.722765207290649414e-03
5.332738161087036133e-03
4.739910364151000977e-03
9.891167283058166504e-04
5.478365346789360046e-05
1.126688718795776367e-02
1.611560583114624023e-03
1.734614372253417969e-03
3.847442567348480225e-04
1.108765602111816406e-02
3.528252243995666504e-03
7.210701704025268555e-03
3.245584666728973389e-04
1.028174161911010742e-02
2.859801054000854492e-03
3.330469131469726562e-03
3.384065628051757812e-02
1.206839084625244141e-02
2.561613917350769043e-03
8.252829313278198242e-03
3.630161285400390625e-03
9.017623960971832275e-05
5.970910191535949707e-03
1.419061422348022461e-02
4.087984561920166016e-04
3.614157438278198242e-03
2.406630665063858032e-04
6.724566221237182617e-03
3.687858581542968750e-03
6.654202938079833984e-03
7.016301155090332031e-03
6.197452545166015625e-03
4.338566213846206665e-05
1.631751656532287598e-03
9.894549846649169922e-03
9.816944599151611328e-03
1.380376517772674561e-03
6.945580244064331055e-04
1.327610015869140625e-02
1.661747694015502930e-03
2.856862545013427734e-02
5.912959575653076172e-03
1.233547925949096680e-03
1.434803009033203125e-03
4.550799727439880371e-03
5.544662475585937500e-03
3.278493881225585938e-03
6.790876388549804688e-03
4.104912281036376953e-03
6.863266229629516602e-03
1.731717586517333984e-02
7.306128740310668945e-03
3.288358449935913086e-03
2.513602375984191895e-03
6.706029176712036133e-03
1.366096735000610352e-02
1.333749294281005859e-02
5.985677242279052734e-03
4.965811967849731445e-03
1.771576702594757080e-03
3.667622804641723633e-03
9.822100400924682617e-04
1.179784536361694336e-02
1.006945967674255371e-02
1.391947269439697266e-03
1.989374868571758270e-05
2.977356314659118652e-03
1.604437828063964844e-03
5.626231431961059570e-03
1.492512226104736328e-02
7.952824234962463379e-04
1.589113473892211914e-02
3.468431532382965088e-04
1.010306179523468018e-03
3.012955188751220703e-03
2.789348363876342773e-03
1.346278190612792969e-02
1.630187034606933594e-03
6.567835807800292969e-03
1.790213584899902344e-02
3.568157553672790527e-04
7.486436516046524048e-05
1.265203952789306641e-02
1.982189714908599854e-03
3.312563896179199219e-02
1.244425773620605469e-03
1.720547676086425781e-03
1.924082636833190918e-03
1.309716701507568359e-02
6.622016429901123047e-03
1.028221845626831055e-02
1.049399375915527344e-03
1.018926501274108887e-03
5.143970251083374023e-03
3.862798213958740234e-03
4.002358764410018921e-05
5.168560892343521118e-05
4.161261022090911865e-04
2.738565206527709961e-02
8.186772465705871582e-04
1.091152429580688477e-03
4.011373966932296753e-04
3.250837326049804688e-03
1.894277334213256836e-02
5.238391458988189697e-04
6.648711860179901123e-05
8.417099714279174805e-03
3.182254731655120850e-04
4.392102360725402832e-03
1.133675687015056610e-05
1.839689910411834717e-03
1.413375139236450195e-03
1.097309589385986328e-02
2.371519804000854492e-03
1.676076650619506836e-02
8.661419153213500977e-03
5.757242441177368164e-03
4.390716552734375000e-03
1.533150672912597656e-02
5.733788013458251953e-03
1.094210147857666016e-02
2.414476871490478516e-02
2.511609345674514771e-04
8.991062641143798828e-04
9.870971553027629852e-06
1.127719879150390625e-03
1.913845539093017578e-03
9.176284074783325195e-04
9.628832340240478516e-04
1.329407095909118652e-04
3.743288107216358185e-05
6.849825382232666016e-03
3.860834985971450806e-04
3.095506690442562103e-05
7.044989615678787231e-05
5.157202482223510742e-03
8.626639842987060547e-03
8.780807256698608398e-04
6.246536970138549805e-03
3.485947847366333008e-03
3.811419010162353516e-03
6.039477884769439697e-04
3.056958317756652832e-03
5.037426948547363281e-03
2.046860754489898682e-04
1.177810132503509521e-03
2.179682254791259766e-03
8.746683597564697266e-04
1.738357543945312500e-02
4.130288958549499512e-03
1.788348890841007233e-05
4.067458212375640869e-04
7.068272680044174194e-05
5.082190036773681641e-04
1.049721613526344299e-04
8.407980203628540039e-06
1.479826867580413818e-03
1.665297895669937134e-04
1.439595222473144531e-02
1.479148864746093750e-02
3.546565771102905273e-03
1.940861344337463379e-03
3.335941582918167114e-04
2.992951869964599609e-02
2.060644328594207764e-05
1.333308219909667969e-02
2.772822976112365723e-03
1.165282726287841797e-02
1.771831512451171875e-02
5.701510235667228699e-05
1.218205690383911133e-02
2.069085836410522461e-02
2.381965517997741699e-03
2.102125436067581177e-04
1.363843679428100586e-03
9.526312351226806641e-03
7.222406566143035889e-05
1.237136125564575195e-02
1.647096872329711914e-02
3.045424818992614746e-05
1.322098076343536377e-03
1.032370328903198242e-02
2.873921766877174377e-05
1.112633943557739258e-02
2.815157175064086914e-03
1.292992383241653442e-04
1.717507839202880859e-04
6.141290068626403809e-04
1.928415149450302124e-04
1.751852035522460938e-02
3.950670361518859863e-05
1.040732860565185547e-02
1.907236874103546143e-04
1.173955202102661133e-02
4.818648099899291992e-03
1.576364040374755859e-03
2.068541944026947021e-04
4.201292991638183594e-03
1.504820585250854492e-02
7.378220558166503906e-03
3.622725605964660645e-03
1.067847013473510742e-03
1.286547631025314331e-04
1.943731307983398438e-02
4.156082868576049805e-03
6.120139732956886292e-05
1.755845546722412109e-02
1.680348068475723267e-04
3.493390977382659912e-04
2.933554351329803467e-04
4.121568053960800171e-05
9.002685546875000000e-04
1.585751771926879883e-02
9.146169759333133698e-06
1.039272174239158630e-04
1.385830342769622803e-03
1.036119461059570312e-02
7.004112005233764648e-03
6.410852074623107910e-05
2.621188759803771973e-03
2.215802669525146484e-03
1.690018177032470703e-02
2.642586827278137207e-03
4.008948802947998047e-03
2.910360693931579590e-03
7.950395345687866211e-03
6.353296339511871338e-05
3.271363675594329834e-04
1.385371433570981026e-06
9.246706962585449219e-03
1.455540768802165985e-05
1.807600259780883789e-03
6.449222564697265625e-04
3.242522478103637695e-03
3.198873996734619141e-02
1.184515655040740967e-03
1.585267484188079834e-03
3.342866897583007812e-03
1.108610630035400391e-02
6.638020277023315430e-04
1.125171780586242676e-03
4.635572433471679688e-03
1.023143529891967773e-02
1.927122473716735840e-03
3.390200436115264893e-04
1.515805721282958984e-02
1.064548268914222717e-05
9.357705712318420410e-04
1.720339059829711914e-03
3.733932971954345703e-03
2.185061573982238770e-03
2.081286907196044922e-02
1.605421304702758789e-03
5.296438932418823242e-03
1.654379069805145264e-03
1.681536436080932617e-03
3.320395946502685547e-03
1.191534101963043213e-04
1.653522253036499023e-03
4.871219396591186523e-03
5.304291844367980957e-04
2.253770828247070312e-03
1.492984592914581299e-04
1.086629927158355713e-03
1.441931724548339844e-02
1.434780657291412354e-03
1.451587677001953125e-02
3.558009862899780273e-03
1.070536673069000244e-03
1.696443557739257812e-02
5.441546440124511719e-03
3.362856805324554443e-04
1.203894615173339844e-03
5.825050175189971924e-04
2.538673579692840576e-04
1.526102423667907715e-03
2.982839941978454590e-04
2.866424620151519775e-04
1.860558986663818359e-04
2.623856067657470703e-03
1.172892749309539795e-03
9.316857904195785522e-05
3.459870815277099609e-03
1.213848590850830078e-03
2.764955163002014160e-03
5.324602127075195312e-03
1.022183895111083984e-02
1.297604292631149292e-03
1.379251480102539062e-03
4.229724407196044922e-03
2.874732017517089844e-04
5.018472671508789062e-03
1.184630393981933594e-02
4.300355911254882812e-03
6.221532821655273438e-03
1.718020439147949219e-02
2.957865595817565918e-03
9.010955691337585449e-04
4.957057535648345947e-05
7.552444934844970703e-03
4.721507430076599121e-03
2.877473831176757812e-03
1.800376921892166138e-04
5.123158916831016541e-05
5.564317107200622559e-04
7.264703512191772461e-03
2.860337495803833008e-03
4.234254360198974609e-03
1.932248473167419434e-03
1.839971542358398438e-02
9.919051080942153931e-06
3.625452518463134766e-03
3.665238618850708008e-03
6.107330322265625000e-03
1.538414508104324341e-04
5.714669823646545410e-04
7.533073425292968750e-03
2.057794481515884399e-04
4.671141505241394043e-04
9.214505553245544434e-04
1.133531332015991211e-03
3.035441040992736816e-04
1.013386249542236328e-02
3.381557762622833252e-04
4.983410239219665527e-03
1.639294624328613281e-02
8.313834667205810547e-03
3.686286509037017822e-04
5.599926225841045380e-06
3.345906734466552734e-03
3.151133656501770020e-03
5.998313426971435547e-03
5.650460720062255859e-03
4.284977912902832031e-03
9.629502892494201660e-05
3.952309489250183105e-04
7.810927927494049072e-04
4.599690437316894531e-04
1.310855150222778320e-02
1.612693071365356445e-03
1.455992460250854492e-02
3.549084067344665527e-04
1.789480447769165039e-04
4.458948969841003418e-04
2.706021070480346680e-03
9.083002805709838867e-04
2.206528186798095703e-02
1.086443662643432617e-03
1.420587301254272461e-02
1.179701089859008789e-02
2.774856984615325928e-04
1.661062240600585938e-03
2.065263688564300537e-04
3.711223602294921875e-03
3.463104367256164551e-04
1.750551164150238037e-04
2.655647695064544678e-04
1.100070774555206299e-03
8.275061845779418945e-04
1.134383678436279297e-02
3.768429160118103027e-04
3.064841032028198242e-03
1.868277788162231445e-03
3.464035689830780029e-04
7.944032549858093262e-04
1.392364501953125000e-04
8.760452270507812500e-03
9.599700570106506348e-04
3.586679697036743164e-03
1.416862010955810547e-03
1.895129680633544922e-04
2.131424844264984131e-04
5.735278129577636719e-03
3.087580204010009766e-03
8.212924003601074219e-03
1.539230346679687500e-02
2.502258867025375366e-04
8.861869573593139648e-04
1.932322978973388672e-03
1.405328512191772461e-03
9.114667773246765137e-05
2.691179513931274414e-03
1.851603388786315918e-03
2.725481986999511719e-03
1.304611563682556152e-03
7.302582263946533203e-03
1.567751169204711914e-03
9.846910834312438965e-04
2.845488488674163818e-04
1.395549625158309937e-04
3.748595714569091797e-03
1.094883680343627930e-02
7.569551467895507812e-03
4.910111427307128906e-03
6.587011739611625671e-05
7.819533348083496094e-04
4.816502332687377930e-04
5.575343966484069824e-04
1.226902008056640625e-02
8.476339280605316162e-04
2.184752374887466431e-04
2.701401710510253906e-03
2.651773393154144287e-04
1.608341932296752930e-03
9.128227829933166504e-04
3.640502691268920898e-04
3.433600068092346191e-03
6.198063492774963379e-04
2.836376428604125977e-02
7.639974355697631836e-04
5.579255521297454834e-04
4.980654921382665634e-06
4.844814538955688477e-03
1.411324739456176758e-02
2.283260226249694824e-03
1.974552869796752930e-03
4.515826702117919922e-03
4.075661301612854004e-03
1.796519756317138672e-02
1.261852681636810303e-03
4.057228565216064453e-03
9.219162166118621826e-05
1.674354076385498047e-03
7.699802517890930176e-04
3.137141466140747070e-04
1.686364412307739258e-04
4.480890929698944092e-04
6.507456302642822266e-03
4.405915737152099609e-03
9.087711572647094727e-03
1.541208475828170776e-04
1.056797802448272705e-03
1.860603690147399902e-03
1.360839605331420898e-02
1.978278160095214844e-03
2.799272537231445312e-03
9.257704019546508789e-03
1.704576425254344940e-05
5.601085722446441650e-04
7.785782217979431152e-04
6.145536899566650391e-04
3.212615847587585449e-04
4.675239324569702148e-04
9.113848209381103516e-03
5.641162395477294922e-03
6.832554936408996582e-04
4.324018955230712891e-03
2.109423279762268066e-03
1.895964145660400391e-02
1.553501933813095093e-04
8.293464779853820801e-04
4.829503595829010010e-04
9.392648935317993164e-04
4.811376333236694336e-03
1.891538500785827637e-03
9.541213512420654297e-04
1.191116869449615479e-03
4.822552204132080078e-03
1.802012324333190918e-03
1.017433404922485352e-02
3.348998725414276123e-04
1.229315996170043945e-03
8.770748972892761230e-04
1.995146274566650391e-03
3.148674964904785156e-03
9.416490793228149414e-03
1.928672194480895996e-03
1.211956143379211426e-03
1.550406217575073242e-03
8.613914251327514648e-04
3.602169454097747803e-05
8.337199687957763672e-04
2.103492617607116699e-03
1.450534909963607788e-04
4.174709320068359375e-03
2.533830702304840088e-04
7.870122790336608887e-04
1.109465956687927246e-02
4.123076796531677246e-04
1.068976521492004395e-02
5.523152649402618408e-04
1.691561937332153320e-02
2.575181424617767334e-04
3.425963222980499268e-04
1.410685479640960693e-03
5.781203508377075195e-04
3.612399101257324219e-03
1.358199119567871094e-02
4.309751093387603760e-04
9.223669767379760742e-04
1.800179481506347656e-03
7.264435291290283203e-03
1.720547676086425781e-03
1.252651214599609375e-03
8.218586444854736328e-04
1.166827976703643799e-03
9.541928768157958984e-03
1.670646667480468750e-02
4.715733230113983154e-04
1.401335000991821289e-03
2.041095495223999023e-02
3.742694854736328125e-03
3.297105431556701660e-04
1.470816135406494141e-02
4.622563719749450684e-04
2.531319856643676758e-03
2.148561179637908936e-04
2.895772457122802734e-03
7.715541869401931763e-05
5.751490592956542969e-03
1.845166087150573730e-03
4.982352256774902344e-04
2.240365743637084961e-02
1.280412077903747559e-03
2.746090292930603027e-03
5.953550338745117188e-03
2.391886711120605469e-02
7.503569126129150391e-03
3.108114004135131836e-03
4.600673913955688477e-03
4.380285739898681641e-03
2.742946147918701172e-03
6.105601787567138672e-03
1.107144355773925781e-02
7.755309343338012695e-04
1.749649643898010254e-03
3.572195768356323242e-03
8.863955736160278320e-04
2.445602416992187500e-02
4.992216825485229492e-03
4.339143633842468262e-04
2.856031060218811035e-04
3.341346979141235352e-03
5.383789539337158203e-05
3.098342567682266235e-04
3.522634506225585938e-03
7.950365543365478516e-03
7.938519120216369629e-04
1.212006807327270508e-02
7.071122527122497559e-04
7.902801036834716797e-03
5.606785416603088379e-03
1.082673668861389160e-03
2.337545156478881836e-03
8.661419153213500977e-03
2.877429127693176270e-03
1.017552614212036133e-02
8.800253272056579590e-04
3.032386302947998047e-03
4.600495100021362305e-03
1.682803034782409668e-03
3.956496715545654297e-03
7.997080683708190918e-04
3.984048962593078613e-04
4.410296678543090820e-03
8.796960115432739258e-03
1.208096742630004883e-03
4.981346428394317627e-04
6.529595702886581421e-05
3.201782703399658203e-03
1.634456217288970947e-03
8.204672485589981079e-05
1.254171133041381836e-03
5.265444517135620117e-03
7.629871368408203125e-03
1.069962978363037109e-03
1.149095594882965088e-03
8.792400360107421875e-03
2.135545015335083008e-03
1.135833561420440674e-03
9.814370423555374146e-05
9.250193834304809570e-04
7.908463478088378906e-03
6.551057100296020508e-03
1.238323748111724854e-04
5.217880010604858398e-03
5.497157573699951172e-03
9.047910571098327637e-04
5.266070365905761719e-04
9.046569466590881348e-04
1.220524311065673828e-03
4.457265138626098633e-03
3.993399441242218018e-04
1.988820731639862061e-04
7.559269666671752930e-03
2.293169498443603516e-02
6.756454706192016602e-03
2.766907215118408203e-03
1.447781920433044434e-03
3.404706716537475586e-03
1.476675271987915039e-03
8.564069867134094238e-04
1.019120216369628906e-03
1.053094863891601562e-02
1.171779632568359375e-02
1.453769207000732422e-02
7.954463362693786621e-04
1.310892403125762939e-04
6.702095270156860352e-03
4.440397024154663086e-03
6.360024213790893555e-03
4.719018936157226562e-03
6.074979901313781738e-04
1.615077257156372070e-03
5.460530519485473633e-03
1.486331224441528320e-03
1.316082477569580078e-02
1.074865460395812988e-03
1.166576147079467773e-02
6.360173225402832031e-03
1.506470143795013428e-04
1.003533601760864258e-03
4.738792777061462402e-04
2.515297383069992065e-04
7.936358451843261719e-04
1.576822251081466675e-04
6.074905395507812500e-04
1.407060772180557251e-04
1.190626621246337891e-02
1.528359949588775635e-03
1.492178440093994141e-02
1.925900578498840332e-03
2.058047056198120117e-02
1.594193279743194580e-03
6.741359829902648926e-04
9.031355381011962891e-03
3.466218709945678711e-03
1.866859383881092072e-05
5.014151334762573242e-03
7.056981325149536133e-03
1.478242874145507812e-02
6.221197545528411865e-04
4.841387271881103516e-03
2.059172838926315308e-04
4.919677972793579102e-03
8.421018719673156738e-04
1.425051689147949219e-02
7.269561290740966797e-03
1.368880271911621094e-02
3.621578216552734375e-03
1.097559928894042969e-02
1.809787750244140625e-02
6.300322711467742920e-04
3.645569086074829102e-03
1.310640946030616760e-04
1.160025596618652344e-02
5.067419260740280151e-05
5.686283111572265625e-03
2.553272247314453125e-02
7.134899497032165527e-04
2.171099185943603516e-03
2.878069877624511719e-03
1.158677041530609131e-03
1.329636573791503906e-02
4.256010055541992188e-03
1.600593328475952148e-03
6.706237792968750000e-03
2.681091427803039551e-04
3.452509641647338867e-03
3.776416182518005371e-03
7.126480340957641602e-03
2.176225185394287109e-03
6.391927599906921387e-04
9.190589189529418945e-04
1.132413744926452637e-03
8.279383182525634766e-04
5.958154797554016113e-04
1.431815326213836670e-04
5.231678485870361328e-03
6.604552268981933594e-03
4.759356379508972168e-04
4.359707236289978027e-05
4.561245441436767578e-03
1.122713088989257812e-03
4.957541823387145996e-04
2.081155776977539062e-03
6.868243217468261719e-03
7.825791835784912109e-04
9.418129920959472656e-04
3.944290801882743835e-05
1.225218176841735840e-03
2.755299210548400879e-03
4.182428121566772461e-03
9.055063128471374512e-05
3.078021109104156494e-04
1.409965753555297852e-02
5.981028079986572266e-03
1.442462205886840820e-02
3.077730536460876465e-03
1.078814268112182617e-03
1.095309853553771973e-03
2.316862344741821289e-03
1.355797052383422852e-03
9.709745645523071289e-04
1.932075247168540955e-05
1.043360680341720581e-04
4.953742027282714844e-04
8.362457156181335449e-04
2.599582076072692871e-03
9.001910686492919922e-03
9.087920188903808594e-04
3.170624375343322754e-03
7.465556263923645020e-04
9.070858359336853027e-04
1.868546009063720703e-03
3.607459366321563721e-04
9.189248085021972656e-04
5.083531141281127930e-04
8.786693215370178223e-04
1.697733998298645020e-03
4.727914929389953613e-04
8.374266326427459717e-05
3.716908395290374756e-04
9.024918079376220703e-03
6.077378988265991211e-03
5.906596779823303223e-04
5.425691604614257812e-03
1.075312495231628418e-03
2.312421798706054688e-02
4.498243331909179688e-03
2.321377396583557129e-03
5.554258823394775391e-03
3.459781408309936523e-03
6.242021918296813965e-04
2.819783985614776611e-04
1.105509698390960693e-03
1.060381531715393066e-02
2.402160316705703735e-04
0.000000000000000000e+00
0.000000000000000000e+00
0.000000000000000000e+00
0.000000000000000000e+00
0.000000000000000000e+00
0.000000000000000000e+00
0.000000000000000000e+00
0.000000000000000000e+00
0.000000000000000000e+00
0.000000000000000000e+00
0.000000000000000000e+00
0.000000000000000000e+00
0.000000000000000000e+00
0.000000000000000000e+00
0.000000000000000000e+00
0.000000000000000000e+00
0.000000000000000000e+00
0.000000000000000000e+00
0.000000000000000000e+00
0.000000000000000000e+00
0.000000000000000000e+00
0.000000000000000000e+00
0.000000000000000000e+00
0.000000000000000000e+00
0.000000000000000000e+00
0.000000000000000000e+00
0.000000000000000000e+00
0.000000000000000000e+00
0.000000000000000000e+00
0.000000000000000000e+00
0.000000000000000000e+00
0.000000000000000000e+00
0.000000000000000000e+00
0.000000000000000000e+00
0.000000000000000000e+00
0.000000000000000000e+00
0.000000000000000000e+00
0.000000000000000000e+00
0.000000000000000000e+00
0.000000000000000000e+00
