1.628077030181884766e-02
1.698979735374450684e-02
3.633042797446250916e-05
5.925372242927551270e-04
2.967163920402526855e-03
1.105874776840209961e-03
1.761800050735473633e-02
7.495999336242675781e-03
1.749016344547271729e-03
1.194816827774047852e-02
1.179629564285278320e-02
7.115244865417480469e-03
1.879268884658813477e-02
1.176518201828002930e-02
6.170541048049926758e-03
1.140677928924560547e-02
2.058529853820800781e-02
9.344592690467834473e-04
8.984416723251342773e-03
9.767860174179077148e-04
1.267391443252563477e-02
7.473349571228027344e-03
1.180690526962280273e-02
3.256350755691528320e-03
1.771974563598632812e-02
1.042369008064270020e-02
2.823490649461746216e-04
1.715445518493652344e-02
3.519773483276367188e-03
1.165337860584259033e-03
1.425731182098388672e-02
1.690798997879028320e-02
4.292935132980346680e-03
2.009868621826171875e-03
5.070149898529052734e-03
1.578217744827270508e-02
3.275722265243530273e-03
1.100704073905944824e-03
1.603484153747558594e-02
1.695724204182624817e-04
8.722066879272460938e-03
3.192961215972900391e-03
8.456885814666748047e-03
2.397634088993072510e-04
2.369940280914306641e-02
1.595407724380493164e-03
3.361082077026367188e-02
2.644872665405273438e-02
2.540677785873413086e-03
4.299402236938476562e-03
1.548519358038902283e-04
7.903456687927246094e-03
2.129077911376953125e-02
2.145099639892578125e-02
2.374187111854553223e-03
4.251092672348022461e-03
1.466825604438781738e-03
1.196885108947753906e-02
3.030896186828613281e-03
6.947100162506103516e-03
2.906158566474914551e-03
1.968175638467073441e-05
1.117253303527832031e-02
1.265251636505126953e-02
1.108914613723754883e-02
2.750903367996215820e-04
4.453927278518676758e-03
4.870712757110595703e-03
9.560119360685348511e-05
3.808379173278808594e-03
3.895074129104614258e-03
7.589310407638549805e-04
5.252420902252197266e-03
1.310266554355621338e-03
1.069217920303344727e-03
7.666766643524169922e-03
5.394756793975830078e-03
2.896916866302490234e-02
3.845736384391784668e-03
2.823844552040100098e-04
1.701712608337402344e-02
1.899892091751098633e-02
1.575119793415069580e-03
9.120702743530273438e-03
1.664942502975463867e-02
2.126640081405639648e-02
1.654863357543945312e-03
8.872330188751220703e-03
1.324337720870971680e-02
2.988383173942565918e-03
1.721918582916259766e-02
6.103813648223876953e-03
8.900195360183715820e-03
4.373174160718917847e-04
9.476929903030395508e-03
3.697633743286132812e-03
4.752397537231445312e-03
1.291650533676147461e-02
1.169949769973754883e-02
5.911812186241149902e-04
2.295494079589843750e-03
2.014440298080444336e-02
1.854658126831054688e-02
3.196731209754943848e-03
1.043921709060668945e-02
1.107069849967956543e-02
7.990360260009765625e-03
2.237570285797119141e-02
1.931548118591308594e-03
8.488237857818603516e-03
3.050088882446289062e-03
1.544004678726196289e-02
1.777750253677368164e-02
8.340477943420410156e-03
1.318180561065673828e-02
1.253324747085571289e-02
2.117729187011718750e-02
1.652806997299194336e-03
1.363098621368408203e-02
5.541265010833740234e-03
1.402765512466430664e-02
1.371836662292480469e-02
2.560830116271972656e-02
2.761855721473693848e-04
1.514959335327148438e-02
2.736985683441162109e-03
8.942466229200363159e-05
7.477253675460815430e-04
9.127736091613769531e-03
1.486137509346008301e-03
1.685762405395507812e-02
2.158433198928833008e-03
2.553462982177734375e-02
1.204615831375122070e-02
9.917855262756347656e-03
1.559583470225334167e-04
7.927119731903076172e-04
1.236367225646972656e-02
1.309394836425781250e-02
8.155047893524169922e-03
1.073233783245086670e-03
1.360726356506347656e-02
1.117996871471405029e-03
2.290183305740356445e-02
5.775727331638336182e-04
2.083405852317810059e-03
3.302311897277832031e-02
1.453906297683715820e-03
2.467520534992218018e-04
7.748976349830627441e-04
3.977656364440917969e-03
2.017343044281005859e-02
8.758872747421264648e-03
2.641275525093078613e-03
1.317886635661125183e-04
1.313146203756332397e-04
9.163282811641693115e-05
1.099789142608642578e-02
4.954981803894042969e-02
1.897424459457397461e-03
2.519890666007995605e-03
1.770293712615966797e-02
2.084177732467651367e-02
1.801645755767822266e-02
1.404933631420135498e-03
9.658373892307281494e-05
1.472737640142440796e-04
1.395010948181152344e-02
1.241001486778259277e-02
9.808242321014404297e-04
1.662218570709228516e-02
2.798691391944885254e-03
3.143660724163055420e-04
4.620552062988281250e-03
1.826965808868408203e-02
2.431392669677734375e-03
5.917519330978393555e-03
8.969128131866455078e-03
1.340276002883911133e-02
2.718403935432434082e-03
1.013609766960144043e-02
1.029379665851593018e-03
1.827293634414672852e-02
2.166640758514404297e-02
1.039123535156250000e-02
2.283342182636260986e-04
5.784064531326293945e-03
4.870742559432983398e-03
1.086384057998657227e-02
4.178106784820556641e-03
1.419132947921752930e-02
1.438552141189575195e-02
2.143904566764831543e-03
6.194412708282470703e-03
1.547113060951232910e-03
4.807293415069580078e-03
1.067054271697998047e-02
2.720937132835388184e-03
3.227338194847106934e-03
2.327281236648559570e-02
7.125139236450195312e-04
7.177680730819702148e-03
9.765684604644775391e-03
1.108339056372642517e-04
1.974874734878540039e-02
1.725691556930541992e-02
2.050809562206268311e-04
9.145960211753845215e-04
4.893571138381958008e-03
1.053988933563232422e-02
1.101118326187133789e-02
1.211845874786376953e-02
7.752001285552978516e-03
2.010941505432128906e-03
2.129808068275451660e-03
9.935200214385986328e-04
1.954978704452514648e-02
8.535295724868774414e-03
1.604545116424560547e-02
4.436336457729339600e-04
8.870139718055725098e-04
9.762942790985107422e-03
2.528566122055053711e-02
1.811695098876953125e-02
1.909506320953369141e-02
1.146597787737846375e-04
1.717203855514526367e-02
1.194167137145996094e-02
9.203106164932250977e-04
5.731284618377685547e-04
1.938974857330322266e-02
2.861213684082031250e-02
3.345400094985961914e-03
9.240269660949707031e-03
2.481460571289062500e-02
8.606351912021636963e-04
6.266564130783081055e-03
2.147063612937927246e-03
4.236668348312377930e-03
3.257900476455688477e-03
2.208918333053588867e-02
1.659637689590454102e-02
1.982059329748153687e-04
2.032756805419921875e-03
1.362717151641845703e-02
3.191351890563964844e-03
1.941904425621032715e-03
1.688182353973388672e-02
5.166009068489074707e-04
3.150142729282379150e-04
4.537805914878845215e-03
1.892197132110595703e-02
2.211695909500122070e-02
3.955334424972534180e-03
2.180403470993041992e-02
2.084589004516601562e-02
2.901673316955566406e-03
2.323701977729797363e-03
7.993668317794799805e-03
1.925513148307800293e-03
1.349848508834838867e-02
1.435828208923339844e-02
1.586854457855224609e-03
1.761838793754577637e-03
1.837933063507080078e-02
2.433574199676513672e-02
1.311498880386352539e-02
5.469024181365966797e-03
4.704855382442474365e-04
3.023266792297363281e-03
4.213511943817138672e-03
6.950795650482177734e-03
2.010172605514526367e-02
2.023309469223022461e-03
1.428204774856567383e-02
1.444756984710693359e-02
3.242418169975280762e-04
1.996960490942001343e-04
3.617322444915771484e-02
2.618998289108276367e-03
1.877629756927490234e-02
3.230690956115722656e-03
2.000778913497924805e-03
8.819252252578735352e-04
1.795494556427001953e-02
3.299385309219360352e-03
9.336709976196289062e-03
9.881675243377685547e-03
2.677631378173828125e-02
1.004305481910705566e-02
2.323216199874877930e-02
8.738279342651367188e-03
1.791603863239288330e-04
1.714572310447692871e-03
5.109757184982299805e-04
2.266991138458251953e-02
2.245891094207763672e-02
1.511067152023315430e-02
1.217395067214965820e-03
1.864671707153320312e-03
9.824365377426147461e-03
4.560202360153198242e-03
1.055017113685607910e-03
8.901178836822509766e-03
2.462215721607208252e-03
5.625337362289428711e-03
1.866325736045837402e-03
3.065359592437744141e-02
7.556796073913574219e-03
2.127602696418762207e-03
6.771981716156005859e-03
9.428635239601135254e-04
1.656883955001831055e-02
1.725119352340698242e-02
5.232006311416625977e-03
1.603698730468750000e-02
9.602546691894531250e-03
2.028509974479675293e-03
4.799991846084594727e-03
2.853311598300933838e-04
2.166318893432617188e-02
1.150172948837280273e-02
1.212990283966064453e-02
1.258589327335357666e-04
1.772582530975341797e-02
1.222930848598480225e-03
1.946777105331420898e-03
1.530867815017700195e-02
1.724749803543090820e-03
1.699537038803100586e-02
5.040109157562255859e-03
3.572851419448852539e-03
3.429323434829711914e-03
1.675522327423095703e-02
4.334419965744018555e-03
2.082251012325286865e-04
2.241271734237670898e-02
1.655799150466918945e-02
5.386859178543090820e-03
1.032048463821411133e-02
7.462173700332641602e-03
7.819663733243942261e-05
1.260656863451004028e-04
1.029044389724731445e-03
2.253487706184387207e-03
1.496821641921997070e-02
1.151207089424133301e-02
1.368552446365356445e-03
7.573515176773071289e-03
1.235172152519226074e-03
2.118331193923950195e-02
1.732134819030761719e-02
2.497589588165283203e-02
2.186536788940429688e-03
1.828372478485107422e-02
1.588791608810424805e-02
5.552738904953002930e-03
1.609092950820922852e-02
1.372247934341430664e-03
3.187820315361022949e-03
1.728081703186035156e-02
7.389247417449951172e-03
7.440060377120971680e-03
3.198131918907165527e-03
4.901085048913955688e-05
6.423890590667724609e-03
1.525115966796875000e-02
1.912310719490051270e-03
9.148716926574707031e-03
2.584028989076614380e-04
3.213584423065185547e-03
1.674778759479522705e-04
3.596794605255126953e-02
7.849454879760742188e-03
6.127536296844482422e-03
2.991604804992675781e-02
3.363206982612609863e-03
1.076984405517578125e-02
1.652905344963073730e-02
1.448601484298706055e-02
2.312690019607543945e-03
3.752782940864562988e-04
1.210439950227737427e-04
4.860758781433105469e-04
7.757684215903282166e-05
5.818605422973632812e-03
1.745119690895080566e-03
4.718359559774398804e-05
1.048511266708374023e-02
6.205946207046508789e-03
1.133066415786743164e-02
2.973154187202453613e-03
7.393896579742431641e-03
3.784522414207458496e-04
1.088345050811767578e-02
3.156185150146484375e-03
1.178774237632751465e-02
2.352613955736160278e-04
1.853480935096740723e-03
9.380057454109191895e-04
9.832412004470825195e-03
1.146368682384490967e-03
1.525908708572387695e-03
1.503503322601318359e-02
3.610886633396148682e-04
2.311706542968750000e-02
1.946967095136642456e-04
5.414187908172607422e-03
4.615671932697296143e-04
8.541941642761230469e-04
1.604247093200683594e-02
3.198571503162384033e-04
4.687830805778503418e-04
6.629526615142822266e-04
2.615618705749511719e-02
2.532225847244262695e-02
3.550201654434204102e-04
1.631599664688110352e-02
2.003550529479980469e-02
5.353316664695739746e-04
4.526712000370025635e-04
4.464924335479736328e-03
1.302838325500488281e-02
1.235362142324447632e-04
8.116364479064941406e-03
1.367259025573730469e-02
2.177789807319641113e-03
3.192603588104248047e-03
3.027617931365966797e-03
2.704989910125732422e-02
1.530134677886962891e-02
3.580376505851745605e-03
1.953929662704467773e-02
5.791157484054565430e-03
5.710124969482421875e-03
1.253905892372131348e-02
3.704726696014404297e-04
2.617049217224121094e-02
1.713550090789794922e-02
1.193478703498840332e-03
1.757234334945678711e-02
7.045924663543701172e-03
4.217565059661865234e-03
2.447530627250671387e-03
4.389584064483642578e-03
2.236747741699218750e-02
9.960293769836425781e-03
2.284869551658630371e-03
6.011813879013061523e-03
5.578786134719848633e-03
3.763958811759948730e-04
4.047341644763946533e-05
5.762517452239990234e-03
4.838369786739349365e-04
1.053363084793090820e-02
2.611267566680908203e-02
1.423627138137817383e-03
9.383037686347961426e-04
1.225925981998443604e-03
2.832829952239990234e-03
4.850417375564575195e-03
5.887970328330993652e-04
3.153944015502929688e-02
1.797582954168319702e-04
1.198798418045043945e-04
5.814045667648315430e-03
7.281824946403503418e-04
5.204275250434875488e-03
9.347289800643920898e-03
3.481674194335937500e-02
6.497204303741455078e-03
1.057875156402587891e-02
1.378178596496582031e-03
2.133920788764953613e-03
3.315448760986328125e-03
1.254141330718994141e-02
7.271796464920043945e-03
1.062017679214477539e-02
1.117497682571411133e-03
9.302273392677307129e-04
2.700233459472656250e-02
4.232913255691528320e-03
2.068603038787841797e-02
2.699089050292968750e-02
5.999132990837097168e-04
9.194463491439819336e-04
1.128101348876953125e-02
1.242995262145996094e-03
5.613207817077636719e-03
2.416336536407470703e-02
2.418681979179382324e-04
1.593884080648422241e-04
1.142144203186035156e-03
8.276365697383880615e-04
2.080559730529785156e-03
2.447497844696044922e-02
1.265294849872589111e-03
4.295200109481811523e-03
1.631870865821838379e-03
1.413547992706298828e-02
5.737580358982086182e-04
1.681586727499961853e-04
2.209350466728210449e-03
7.967203855514526367e-04
3.594517707824707031e-03
2.187854051589965820e-02
1.800966262817382812e-02
1.566106081008911133e-02
5.062157288193702698e-05
1.031494140625000000e-02
4.244565963745117188e-03
1.157808303833007812e-02
2.771839499473571777e-04
1.995600759983062744e-04
1.378580927848815918e-03
5.157232284545898438e-03
2.224147319793701172e-03
5.171112716197967529e-04
4.239544272422790527e-03
1.578980684280395508e-02
3.982990980148315430e-03
1.968875527381896973e-03
1.423954963684082031e-03
1.857370138168334961e-03
1.369498670101165771e-03
1.787826418876647949e-03
1.925206184387207031e-02
1.353573799133300781e-02
1.106888055801391602e-02
6.053522229194641113e-04
9.515881538391113281e-03
1.508069038391113281e-02
2.992823719978332520e-03
1.396691799163818359e-02
9.745359420776367188e-05
1.520389318466186523e-02
9.152531623840332031e-03
2.283841371536254883e-02
1.877114176750183105e-03
1.679688692092895508e-02
1.444077491760253906e-02
9.251415729522705078e-03
5.734741687774658203e-03
1.467144489288330078e-02
1.880928874015808105e-03
2.525949478149414062e-02
1.567435264587402344e-02
2.925115823745727539e-02
1.644656062126159668e-03
2.006990835070610046e-04
1.623600721359252930e-03
9.104311466217041016e-03
3.985390067100524902e-04
9.066909551620483398e-04
2.524054050445556641e-02
6.544351577758789062e-03
3.211677074432373047e-03
2.996265888214111328e-03
1.470804214477539062e-03
1.829302310943603516e-02
1.147496700286865234e-02
9.208559989929199219e-03
2.304601669311523438e-02
1.288616657257080078e-02
3.258995711803436279e-04
1.093423366546630859e-02
2.005472779273986816e-03
2.920186519622802734e-02
1.505315303802490234e-03
2.141159772872924805e-02
8.780002593994140625e-03
2.799141407012939453e-02
1.183271408081054688e-02
1.924991607666015625e-03
1.319989562034606934e-03
8.841529488563537598e-04
6.543099880218505859e-03
1.427993178367614746e-03
3.003126382827758789e-02
7.356345653533935547e-03
3.633368015289306641e-02
6.079524755477905273e-03
4.381053149700164795e-04
3.987342119216918945e-03
5.338862538337707520e-04
5.815178155899047852e-04
4.031419754028320312e-03
3.048270940780639648e-03
5.301743745803833008e-03
3.109931945800781250e-03
8.565247058868408203e-03
4.668295383453369141e-03
4.439622163772583008e-03
4.674308001995086670e-04
1.483261585235595703e-04
1.484620571136474609e-02
1.221932470798492432e-04
7.671415805816650391e-03
9.004414081573486328e-03
4.898756742477416992e-03
6.652399897575378418e-04
5.933828651905059814e-04
1.172749325633049011e-04
1.104231923818588257e-04
2.347218990325927734e-02
1.381620764732360840e-03
5.897581577301025391e-03
3.361433744430541992e-03
2.892553806304931641e-03
1.168832182884216309e-03
2.297520637512207031e-02
2.228218317031860352e-02
2.749577164649963379e-03
5.107790231704711914e-03
1.260399818420410156e-02
5.979895591735839844e-03
3.807127475738525391e-03
2.997308969497680664e-03
3.500819206237792969e-03
5.605548620223999023e-03
7.377788424491882324e-04
6.073713302612304688e-04
2.513629198074340820e-02
3.392755985260009766e-03
1.372471451759338379e-03
1.205107569694519043e-02
2.829041332006454468e-04
1.052176952362060547e-02
3.837496042251586914e-03
1.384204626083374023e-02
3.018110990524291992e-03
2.857130020856857300e-04
4.725709557533264160e-03
3.993809223175048828e-04
4.400587081909179688e-02
1.516416668891906738e-04
4.476130008697509766e-03
1.832008361816406250e-03
2.340584993362426758e-02
8.905567228794097900e-04
4.128038883209228516e-03
1.815766096115112305e-02
3.095960617065429688e-02
1.924335956573486328e-03
1.398637890815734863e-03
2.816133201122283936e-04
1.894211769104003906e-02
1.880727708339691162e-03
2.424287796020507812e-02
1.453883945941925049e-03
1.256632804870605469e-02
8.481621742248535156e-03
1.149326562881469727e-04
1.592522859573364258e-02
3.151074051856994629e-04
1.306438446044921875e-02
3.713555634021759033e-04
5.789071321487426758e-03
3.842383623123168945e-03
2.589046955108642578e-02
3.155186772346496582e-03
2.049541473388671875e-02
5.242884159088134766e-03
5.722820758819580078e-03
1.620244979858398438e-02
1.688492298126220703e-02
4.477798938751220703e-03
6.001964211463928223e-04
3.043675422668457031e-02
1.665687561035156250e-02
8.449926972389221191e-04
1.916930079460144043e-03
2.653145790100097656e-02
4.691496491432189941e-03
4.639595746994018555e-03
1.972693204879760742e-02
1.435965299606323242e-02
7.880270481109619141e-03
1.437067985534667969e-02
3.312206268310546875e-02
2.099826931953430176e-03
3.770381212234497070e-03
3.075540065765380859e-03
3.527060151100158691e-03
3.331422805786132812e-03
9.844079613685607910e-04
1.029419898986816406e-02
2.756786346435546875e-02
2.013698220252990723e-03
6.896138191223144531e-03
2.214157581329345703e-02
3.657758235931396484e-03
4.973858594894409180e-03
1.510635018348693848e-03
1.070812344551086426e-03
7.421635091304779053e-04
5.221545696258544922e-03
4.988200962543487549e-04
5.051083862781524658e-04
2.644419670104980469e-03
4.970043897628784180e-03
2.117037773132324219e-03
2.159494906663894653e-04
1.405102014541625977e-02
1.547083258628845215e-03
2.357125282287597656e-02
1.407168805599212646e-03
7.122755050659179688e-04
6.353855133056640625e-04
8.699893951416015625e-04
7.612816989421844482e-05
1.469604671001434326e-03
2.520024776458740234e-03
3.402419388294219971e-04
5.543917417526245117e-03
5.990415811538696289e-03
2.039849758148193359e-03
9.733021259307861328e-03
2.803325653076171875e-03
5.559086799621582031e-03
2.640521526336669922e-02
1.503869891166687012e-03
4.966467618942260742e-03
2.085745334625244141e-03
2.446129918098449707e-03
2.032779157161712646e-04
1.977849006652832031e-02
3.256320953369140625e-03
3.682896494865417480e-04
8.391201496124267578e-03
2.327919006347656250e-03
9.138435125350952148e-04
8.506923913955688477e-04
3.678277134895324707e-04
8.790194988250732422e-03
1.144748926162719727e-02
1.497370004653930664e-02
1.031637191772460938e-03
7.690399885177612305e-03
9.155087172985076904e-05
5.025297403335571289e-03
2.701673656702041626e-04
4.466325044631958008e-04
1.686686277389526367e-02
2.001016400754451752e-05
1.075053587555885315e-04
2.241957187652587891e-02
3.418102860450744629e-04
1.710087060928344727e-03
5.395878106355667114e-04
1.390480995178222656e-02
1.057080924510955811e-03
2.173855900764465332e-04
6.507337093353271484e-03
1.338906586170196533e-03
3.424435853958129883e-03
1.329576969146728516e-02
2.766877412796020508e-02
4.026830196380615234e-03
8.570775389671325684e-04
3.653690218925476074e-04
4.010975360870361328e-03
2.326536178588867188e-02
2.961480617523193359e-02
1.631879806518554688e-02
1.930184662342071533e-04
1.760280132293701172e-02
2.655908465385437012e-03
9.975433349609375000e-04
4.772603511810302734e-03
4.878640174865722656e-03
1.080751419067382812e-02
1.451593637466430664e-02
2.101528644561767578e-02
4.957914352416992188e-03
7.275611162185668945e-03
1.023627817630767822e-03
1.035854220390319824e-03
4.054903984069824219e-03
1.365363597869873047e-02
3.368645906448364258e-03
1.087747514247894287e-03
2.136409282684326172e-02
1.560759544372558594e-02
1.540943980216979980e-03
1.718020439147949219e-02
1.105630397796630859e-02
1.516893506050109863e-03
3.164485096931457520e-04
3.490552306175231934e-03
1.504451036453247070e-03
8.302628993988037109e-04
4.201028496026992798e-04
6.426036357879638672e-03
5.339741706848144531e-03
8.468627929687500000e-04
1.160490512847900391e-02
8.180469274520874023e-03
2.821192145347595215e-03
2.084597945213317871e-03
5.538433790206909180e-03
1.766335964202880859e-02
1.388072967529296875e-02
4.245817661285400391e-03
4.220232367515563965e-04
1.956060528755187988e-03
1.047390699386596680e-02
6.862908601760864258e-03
3.549009561538696289e-04
1.618251204490661621e-03
2.218645811080932617e-02
2.100273966789245605e-03
2.208679914474487305e-03
6.575763225555419922e-03
2.245791256427764893e-04
8.513331413269042969e-04
9.527057409286499023e-04
2.954855561256408691e-03
1.790601015090942383e-02
9.137094020843505859e-03
6.502531468868255615e-04
8.627295494079589844e-03
4.095584154129028320e-04
8.925423026084899902e-04
1.839086413383483887e-03
7.873922586441040039e-04
1.162648200988769531e-03
3.181630745530128479e-05
8.957926183938980103e-05
6.548538804054260254e-04
9.630858898162841797e-03
1.282787322998046875e-02
1.349234580993652344e-02
2.203457057476043701e-03
2.023369073867797852e-03
2.802699804306030273e-03
2.005207538604736328e-02
3.924697637557983398e-03
5.944758653640747070e-03
8.302211761474609375e-03
9.206384420394897461e-04
1.297754049301147461e-02
1.489806175231933594e-02
1.380126923322677612e-04
2.520099282264709473e-03
1.323479413986206055e-02
2.903878688812255859e-03
1.432055234909057617e-02
2.414667606353759766e-02
9.344041347503662109e-03
6.846725940704345703e-03
7.659196853637695312e-03
1.493081450462341309e-03
9.813129901885986328e-03
2.722680568695068359e-03
1.285558938980102539e-02
9.309798479080200195e-04
1.677721738815307617e-02
3.076940774917602539e-03
8.138239383697509766e-03
4.446119070053100586e-03
1.309856772422790527e-03
8.427023887634277344e-03
9.901747107505798340e-04
8.238479495048522949e-04
4.130005836486816406e-03
4.206597805023193359e-04
3.287211060523986816e-03
1.698511838912963867e-02
7.836878299713134766e-03
1.364581286907196045e-03
4.939973354339599609e-03
2.691018581390380859e-02
8.240714669227600098e-04
1.077070832252502441e-03
1.836046576499938965e-03
1.462161540985107422e-03
3.210291266441345215e-03
2.335846424102783203e-03
4.918873310089111328e-04
2.429019659757614136e-04
4.188537597656250000e-03
1.174116134643554688e-02
3.894472122192382812e-02
2.456739544868469238e-03
2.106547355651855469e-02
4.792690277099609375e-03
6.781399250030517578e-03
3.006413578987121582e-03
1.424646377563476562e-02
8.091211318969726562e-03
1.211291551589965820e-02
1.526284217834472656e-02
6.969869136810302734e-03
1.971602439880371094e-02
1.550984382629394531e-02
4.044055938720703125e-03
6.606280803680419922e-03
5.250036716461181641e-03
6.958723068237304688e-03
2.623096108436584473e-03
3.999136388301849365e-04
2.374667674303054810e-04
7.743895053863525391e-03
3.188163042068481445e-03
3.399193286895751953e-03
1.473814249038696289e-03
4.657536745071411133e-03
1.728065311908721924e-03
6.701111793518066406e-03
7.444649934768676758e-03
9.454190731048583984e-04
2.453714609146118164e-03
5.150586366653442383e-03
2.153366804122924805e-03
2.008914947509765625e-02
1.213288307189941406e-02
2.492988109588623047e-02
5.449533462524414062e-03
1.767003536224365234e-02
1.302343606948852539e-02
9.857654571533203125e-03
1.037508249282836914e-03
1.227423548698425293e-03
5.062311887741088867e-03
1.033805310726165771e-03
1.724970340728759766e-02
2.524927258491516113e-03
1.271337270736694336e-03
1.898720860481262207e-03
6.136707961559295654e-04
5.109459161758422852e-03
3.451615571975708008e-03
4.995495080947875977e-03
5.185663700103759766e-03
3.253579139709472656e-03
1.247506588697433472e-04
4.861652851104736328e-03
4.414618015289306641e-04
3.329247236251831055e-03
2.088963985443115234e-03
6.434738636016845703e-03
7.414072751998901367e-04
7.470488548278808594e-03
1.443147659301757812e-03
2.987543120980262756e-05
7.006488740444183350e-04
2.414703369140625000e-03
1.855427026748657227e-02
5.222409963607788086e-03
1.014277338981628418e-03
7.461428642272949219e-03
1.297849416732788086e-02
1.262411475181579590e-03
1.120382547378540039e-02
4.123710095882415771e-04
2.536898851394653320e-02
3.091573715209960938e-02
3.032398223876953125e-02
2.934709191322326660e-04
4.801422357559204102e-03
5.041599273681640625e-03
1.077443361282348633e-02
9.660273790359497070e-03
3.098174929618835449e-03
1.596480607986450195e-03
2.495869994163513184e-03
1.198822259902954102e-02
1.867055892944335938e-03
1.849681138992309570e-04
2.627247571945190430e-02
4.201352596282958984e-03
2.596986293792724609e-02
3.781974315643310547e-03
6.671905517578125000e-03
5.667030811309814453e-03
1.489907503128051758e-03
1.077070832252502441e-03
5.598664283752441406e-04
1.039877533912658691e-03
1.470452547073364258e-02
1.000482589006423950e-04
5.990862846374511719e-03
1.295149326324462891e-03
1.546275615692138672e-02
2.317979931831359863e-03
1.382672786712646484e-02
1.439476013183593750e-02
4.028249531984329224e-05
2.106916904449462891e-02
5.373656749725341797e-03
1.521766185760498047e-02
7.260233163833618164e-03
2.926513552665710449e-03
2.746510505676269531e-02
2.840291708707809448e-04
1.271456480026245117e-03
2.076524496078491211e-02
6.433010101318359375e-03
1.374667882919311523e-02
5.212634801864624023e-03
5.226880311965942383e-03
6.121918559074401855e-04
1.999926567077636719e-02
1.446820795536041260e-03
1.678943634033203125e-03
1.203787326812744141e-02
2.225354313850402832e-03
3.158718347549438477e-03
1.022741198539733887e-03
2.218997478485107422e-02
3.284502029418945312e-02
2.276122570037841797e-03
3.159785270690917969e-02
3.753498196601867676e-03
1.046365499496459961e-02
1.369990408420562744e-03
6.321191787719726562e-03
5.436316132545471191e-04
1.969426870346069336e-03
2.935796976089477539e-03
7.079124450683593750e-03
1.157045364379882812e-03
5.301535129547119141e-03
6.333217024803161621e-04
2.474561333656311035e-03
5.320645868778228760e-05
4.723608493804931641e-03
1.699793338775634766e-02
1.669538021087646484e-02
5.102664232254028320e-03
1.436829566955566406e-02
4.355907440185546875e-03
3.377094864845275879e-03
1.908272504806518555e-03
2.090185880661010742e-03
9.582877159118652344e-03
1.381820440292358398e-02
1.295143365859985352e-02
9.929269552230834961e-03
7.450729608535766602e-03
2.348214387893676758e-03
2.230450510978698730e-03
1.837766170501708984e-02
8.771419525146484375e-04
2.497678995132446289e-02
1.172251999378204346e-03
8.483938872814178467e-04
1.061493158340454102e-02
1.200938224792480469e-02
1.358613371849060059e-03
8.625686168670654297e-03
1.034799963235855103e-03
6.436854600906372070e-04
1.558631658554077148e-03
1.070713996887207031e-02
3.290116786956787109e-03
1.595407724380493164e-03
1.032328605651855469e-02
2.036380767822265625e-02
1.705837249755859375e-02
1.613751053810119629e-03
6.224036216735839844e-03
7.657408714294433594e-04
2.732217311859130859e-03
1.555824279785156250e-02
1.054027676582336426e-02
2.095490694046020508e-02
1.175463199615478516e-02
1.531875133514404297e-02
3.891110420227050781e-03
3.429621458053588867e-03
3.365844488143920898e-03
3.049559891223907471e-04
3.363899886608123779e-04
8.577644824981689453e-03
1.144999265670776367e-02
2.836614847183227539e-03
3.250807523727416992e-03
1.711010932922363281e-03
4.813782870769500732e-04
9.237885475158691406e-03
6.584338843822479248e-04
2.597093582153320312e-02
9.856745600700378418e-04
1.481369137763977051e-03
1.633763313293457031e-03
2.395808696746826172e-04
5.008243024349212646e-04
3.780461847782135010e-04
1.827314496040344238e-03
1.118272542953491211e-02
1.110649108886718750e-02
1.144349575042724609e-03
2.317172288894653320e-02
1.500493288040161133e-02
1.223862171173095703e-02
1.895701885223388672e-02
1.889690756797790527e-04
1.557755470275878906e-02
2.820193767547607422e-04
1.942020654678344727e-02
7.380962371826171875e-03
1.460820436477661133e-03
2.191513776779174805e-03
7.693469524383544922e-03
1.793956756591796875e-02
4.275441169738769531e-03
7.543146610260009766e-03
5.102902650833129883e-03
2.375215291976928711e-03
1.010555028915405273e-02
3.916919231414794922e-03
2.871006727218627930e-03
8.485615253448486328e-03
5.918353796005249023e-03
2.055661752820014954e-04
1.603469252586364746e-03
3.285080194473266602e-03
1.008749008178710938e-03
6.967782974243164062e-03
1.181381940841674805e-02
2.614364027976989746e-03
1.205992698669433594e-02
2.744928002357482910e-03
2.439415454864501953e-02
5.513429641723632812e-03
1.296937465667724609e-03
4.616761207580566406e-02
5.046427249908447266e-03
2.596423029899597168e-03
4.102028906345367432e-04
2.686738967895507812e-03
2.435967326164245605e-03
4.875892773270606995e-05
2.435612678527832031e-02
8.025169372558593750e-03
9.543567895889282227e-03
3.163397312164306641e-03
4.891574382781982422e-03
6.392002105712890625e-03
5.141258239746093750e-03
1.534372568130493164e-03
1.451063156127929688e-02
8.258044719696044922e-03
3.135621547698974609e-03
2.962842583656311035e-03
1.436489820480346680e-02
2.326011657714843750e-03
5.078077316284179688e-03
6.448149681091308594e-03
1.406669616699218750e-03
2.680644392967224121e-03
2.114820480346679688e-02
5.374327301979064941e-04
3.748416900634765625e-03
4.390507936477661133e-03
1.544341444969177246e-03
3.723263740539550781e-03
1.573097705841064453e-02
6.642341613769531250e-03
2.834960818290710449e-03
4.900246858596801758e-03
4.309006035327911377e-04
3.220647573471069336e-03
6.691396236419677734e-03
3.250524401664733887e-03
1.637935638427734375e-03
6.958395242691040039e-04
6.904423236846923828e-03
1.411497592926025391e-03
1.349824666976928711e-02
8.734643459320068359e-03
3.439068794250488281e-03
2.520173788070678711e-03
5.187749862670898438e-03
1.741223037242889404e-03
5.421787500381469727e-04
1.730874180793762207e-03
8.058547973632812500e-03
1.508221030235290527e-03
4.975646734237670898e-04
1.759076118469238281e-02
1.811549067497253418e-03
1.267656683921813965e-03
2.537816762924194336e-03
1.390062272548675537e-03
2.743065357208251953e-02
4.643172025680541992e-03
1.755821704864501953e-02
2.212494611740112305e-03
1.150590181350708008e-02
2.167448401451110840e-04
1.100011169910430908e-03
1.717615127563476562e-02
1.098245382308959961e-03
2.096402645111083984e-02
6.443560123443603516e-04
2.612039446830749512e-03
1.792550086975097656e-02
2.887874841690063477e-03
3.587037324905395508e-03
5.796581506729125977e-03
5.618594586849212646e-04
1.537807285785675049e-03
2.101317048072814941e-03
3.084719181060791016e-03
2.738945186138153076e-04
5.096420645713806152e-04
7.535591721534729004e-04
6.664991378784179688e-04
4.953235387802124023e-03
6.313771009445190430e-03
3.858357667922973633e-04
2.070758491754531860e-04
1.412346959114074707e-03
6.432309746742248535e-04
1.383650302886962891e-02
4.169903695583343506e-04
1.489575952291488647e-04
9.393692016601562500e-04
1.663923263549804688e-03
1.482246443629264832e-04
1.143538951873779297e-02
1.423489302396774292e-04
1.733422279357910156e-03
8.417218923568725586e-04
4.725269973278045654e-04
2.018123865127563477e-03
1.363545656204223633e-03
1.857429742813110352e-03
2.795293927192687988e-03
1.103721559047698975e-03
2.447958104312419891e-05
1.775231212377548218e-04
9.923204779624938965e-04
1.059053465723991394e-04
6.796717643737792969e-04
4.971995949745178223e-04
1.175627112388610840e-03
3.411963582038879395e-03
2.936214208602905273e-03
2.517383545637130737e-04
1.093838363885879517e-04
1.412015408277511597e-04
7.623247802257537842e-04
4.496127367019653320e-03
4.549697041511535645e-04
1.827045343816280365e-05
8.391112089157104492e-03
8.088573813438415527e-04
6.501898169517517090e-04
6.051301956176757812e-03
1.326546072959899902e-03
7.915049791336059570e-04
2.540796995162963867e-03
4.225708544254302979e-04
3.379471600055694580e-04
2.948880195617675781e-03
6.618499755859375000e-04
3.542285412549972534e-05
4.753693938255310059e-04
1.007430255413055420e-03
3.072693943977355957e-04
5.813598632812500000e-03
1.065470278263092041e-04
3.460347652435302734e-04
3.566101193428039551e-03
3.879331052303314209e-04
5.813390016555786133e-04
3.108009696006774902e-03
2.224445343017578125e-04
7.511377334594726562e-04
1.522713899612426758e-02
1.149244606494903564e-03
8.798427879810333252e-04
4.480779170989990234e-04
5.480200052261352539e-04
2.930629253387451172e-02
3.389008343219757080e-04
2.880319952964782715e-03
2.626293897628784180e-02
4.619881510734558105e-04
3.922358155250549316e-04
2.374082803726196289e-03
1.089256256818771362e-03
3.546580672264099121e-03
8.011758327484130859e-04
1.039284467697143555e-02
5.757361650466918945e-03
2.628087997436523438e-03
2.009809017181396484e-03
8.627492934465408325e-05
5.491636693477630615e-04
2.155199646949768066e-03
3.087520599365234375e-03
2.498906105756759644e-04
7.087737321853637695e-04
9.174823760986328125e-03
1.903241872787475586e-02
9.899996221065521240e-04
1.980841159820556641e-02
5.445629358291625977e-03
5.101412534713745117e-04
1.118808984756469727e-03
1.740250736474990845e-04
1.748532056808471680e-03
4.904150962829589844e-03
6.361268460750579834e-04
2.351403236389160156e-03
4.776567220687866211e-04
2.605706453323364258e-03
5.195327103137969971e-04
4.151389002799987793e-04
8.487608283758163452e-05
4.585571587085723877e-04
1.625940203666687012e-04
8.371591567993164062e-03
4.827789962291717529e-05
1.199308037757873535e-02
3.170873969793319702e-04
9.116649627685546875e-03
3.675162792205810547e-03
3.725171089172363281e-03
1.360610127449035645e-03
1.364618539810180664e-03
7.216259837150573730e-04
3.417193889617919922e-03
1.388443633913993835e-04
7.874816656112670898e-04
7.835449650883674622e-05
9.916722774505615234e-04
1.122232060879468918e-05
2.102628350257873535e-04
4.236012697219848633e-03
2.157203853130340576e-04
1.497365534305572510e-03
1.689746975898742676e-03
3.270246088504791260e-04
1.109816133975982666e-03
7.740315049886703491e-05
1.973938196897506714e-04
4.406630992889404297e-03
1.543695107102394104e-04
1.280426979064941406e-03
5.849748849868774414e-04
3.207772970199584961e-03
5.098525434732437134e-05
1.972354948520660400e-04
3.461182117462158203e-03
7.666870951652526855e-04
2.653717994689941406e-03
1.250222325325012207e-03
5.747616291046142578e-03
2.043675631284713745e-04
3.989517688751220703e-03
1.790121197700500488e-03
2.068877220153808594e-04
2.419650554656982422e-03
1.022584736347198486e-03
6.801858544349670410e-04
1.297138631343841553e-03
2.731140702962875366e-04
8.174180984497070312e-04
5.265921354293823242e-04
6.559602916240692139e-04
1.148013398051261902e-04
1.266729831695556641e-02
1.847815513610839844e-02
4.459470510482788086e-04
5.757719278335571289e-03
3.408119082450866699e-04
1.132220029830932617e-03
3.526993095874786377e-04
1.079268753528594971e-03
3.762841224670410156e-04
8.365698158740997314e-05
5.490332841873168945e-04
2.841986715793609619e-04
1.676440238952636719e-03
5.012899637222290039e-04
3.116987645626068115e-04
2.013847231864929199e-03
1.087611913681030273e-02
6.842017173767089844e-04
1.935176551342010498e-04
2.188608050346374512e-04
8.139461278915405273e-04
1.334613189101219177e-04
1.107295975089073181e-04
1.402020454406738281e-03
1.256894320249557495e-04
5.500614643096923828e-04
1.015149056911468506e-03
1.549392938613891602e-03
5.630642175674438477e-03
1.226909458637237549e-03
1.279693841934204102e-02
1.679003238677978516e-03
3.517299890518188477e-03
1.536160707473754883e-04
2.324110269546508789e-02
6.318055093288421631e-04
5.210191011428833008e-04
2.015143632888793945e-03
5.082711577415466309e-04
1.399219036102294922e-04
1.187264919281005859e-03
0.000000000000000000e+00
0.000000000000000000e+00
0.000000000000000000e+00
0.000000000000000000e+00
0.000000000000000000e+00
0.000000000000000000e+00
0.000000000000000000e+00
0.000000000000000000e+00
0.000000000000000000e+00
0.000000000000000000e+00
0.000000000000000000e+00
0.000000000000000000e+00
0.000000000000000000e+00
0.000000000000000000e+00
0.000000000000000000e+00
0.000000000000000000e+00
0.000000000000000000e+00
0.000000000000000000e+00
0.000000000000000000e+00
0.000000000000000000e+00
0.000000000000000000e+00
0.000000000000000000e+00
0.000000000000000000e+00
0.000000000000000000e+00
0.000000000000000000e+00
0.000000000000000000e+00
0.000000000000000000e+00
0.000000000000000000e+00
0.000000000000000000e+00
0.000000000000000000e+00
0.000000000000000000e+00
0.000000000000000000e+00
0.000000000000000000e+00
0.000000000000000000e+00
0.000000000000000000e+00
0.000000000000000000e+00
0.000000000000000000e+00
0.000000000000000000e+00
0.000000000000000000e+00
0.000000000000000000e+00
