1.345640420913696289e-02
9.368956089019775391e-03
9.539008140563964844e-03
2.706265449523925781e-02
1.303875446319580078e-02
2.418744564056396484e-02
1.454806327819824219e-02
1.113462448120117188e-02
2.372980117797851562e-02
1.358413696289062500e-02
9.430408477783203125e-03
2.391147613525390625e-02
1.724505424499511719e-02
2.051860094070434570e-02
1.624494791030883789e-02
2.285146713256835938e-02
1.962232589721679688e-02
1.311266422271728516e-02
1.038324832916259766e-02
1.986455917358398438e-02
1.336652040481567383e-02
1.897644996643066406e-02
2.564346790313720703e-02
2.760767936706542969e-02
7.929086685180664062e-03
1.997768878936767578e-02
1.036036014556884766e-02
1.086264848709106445e-02
2.060270309448242188e-02
1.308524608612060547e-02
2.377992868423461914e-02
2.601695060729980469e-02
1.457452774047851562e-02
9.664773941040039062e-03
3.536868095397949219e-02
2.661335468292236328e-02
7.438838481903076172e-03
1.284468173980712891e-02
3.634285926818847656e-02
3.352224826812744141e-02
1.638388633728027344e-02
5.870163440704345703e-03
3.988042473793029785e-03
2.670955657958984375e-02
1.811969280242919922e-02
2.522790431976318359e-02
3.046333789825439453e-02
2.291238307952880859e-02
2.347600460052490234e-02
3.586125373840332031e-02
1.757133007049560547e-02
7.926404476165771484e-03
2.579832077026367188e-02
2.620863914489746094e-02
1.533275842666625977e-02
7.541179656982421875e-03
1.415145397186279297e-02
1.790779829025268555e-02
2.255386114120483398e-02
1.059758663177490234e-02
3.136324882507324219e-02
1.749271154403686523e-02
1.741588115692138672e-02
3.775048255920410156e-02
1.060485839843750000e-02
1.694256067276000977e-02
1.166558265686035156e-02
1.867640018463134766e-02
1.516491174697875977e-02
1.134800910949707031e-02
2.099037170410156250e-02
2.398109436035156250e-02
1.233834028244018555e-02
1.508325338363647461e-02
2.773225307464599609e-02
2.295064926147460938e-02
8.617401123046875000e-03
1.976430416107177734e-02
1.902496814727783203e-02
2.331125736236572266e-02
1.303243637084960938e-02
1.376980543136596680e-02
1.708173751831054688e-02
1.803839206695556641e-02
1.873266696929931641e-02
2.099597454071044922e-02
1.563239097595214844e-02
2.362751960754394531e-02
7.232069969177246094e-03
1.040822267532348633e-02
7.093936204910278320e-03
1.890850067138671875e-02
2.894771099090576172e-02
7.418990135192871094e-03
1.651930809020996094e-02
1.551771163940429688e-02
6.004512310028076172e-03
2.271068096160888672e-02
1.812529563903808594e-02
1.547491550445556641e-02
6.945312023162841797e-03
2.067160606384277344e-02
2.044558525085449219e-02
2.264863252639770508e-02
1.556110382080078125e-02
2.940320968627929688e-02
3.064632415771484375e-02
1.013779640197753906e-02
2.364659309387207031e-02
2.813541889190673828e-02
3.164458274841308594e-02
2.572894096374511719e-02
2.488911151885986328e-02
8.173763751983642578e-03
2.705872058868408203e-02
1.496082544326782227e-02
2.808099985122680664e-02
1.140040159225463867e-02
1.302295923233032227e-02
2.131366729736328125e-02
2.231717109680175781e-02
2.007496356964111328e-02
1.174527406692504883e-02
2.533948421478271484e-02
1.650166511535644531e-02
8.272588253021240234e-03
3.012263774871826172e-02
3.362983465194702148e-03
7.960557937622070312e-03
1.925241947174072266e-02
9.014666080474853516e-03
1.573669910430908203e-02
2.648973464965820312e-02
2.559080719947814941e-03
1.976752281188964844e-02
1.934939622879028320e-02
2.197802066802978516e-02
1.465523242950439453e-02
1.981377601623535156e-02
7.810980081558227539e-03
1.938813924789428711e-02
3.516674041748046875e-02
1.442456245422363281e-02
1.781988143920898438e-02
1.351845264434814453e-02
1.420730352401733398e-02
2.091830968856811523e-02
2.192306518554687500e-02
1.754909753799438477e-02
1.899600028991699219e-02
9.901046752929687500e-03
1.319661736488342285e-03
8.352160453796386719e-03
7.497668266296386719e-03
2.151995897293090820e-02
2.489882707595825195e-02
2.324819564819335938e-02
4.938602447509765625e-03
2.104425430297851562e-02
1.979863643646240234e-02
7.394134998321533203e-03
2.785730361938476562e-02
2.560609579086303711e-02
1.244139671325683594e-02
2.595686912536621094e-02
2.584409713745117188e-02
1.819634437561035156e-02
1.085454225540161133e-02
1.210284233093261719e-02
1.098859310150146484e-02
1.173222064971923828e-02
8.413434028625488281e-03
2.137291431427001953e-02
1.797223091125488281e-02
1.184606552124023438e-02
3.530085086822509766e-02
2.325189113616943359e-02
2.232336997985839844e-02
2.391731739044189453e-02
1.904189586639404297e-02
1.142644882202148438e-02
6.613105535507202148e-03
9.120106697082519531e-03
1.015156507492065430e-02
9.122014045715332031e-03
3.039538860321044922e-02
2.641785144805908203e-02
1.171386241912841797e-02
3.106284141540527344e-02
3.323602676391601562e-02
1.703596115112304688e-02
1.474672555923461914e-02
2.572751045227050781e-02
1.852148771286010742e-02
2.512454986572265625e-02
2.015495300292968750e-02
1.334345340728759766e-02
2.596127986907958984e-02
7.941722869873046875e-03
4.566431045532226562e-03
5.957573652267456055e-03
7.787466049194335938e-03
1.644349098205566406e-02
2.683126926422119141e-02
4.792690277099609375e-02
1.482963562011718750e-02
1.291894912719726562e-02
2.184301614761352539e-02
2.553761005401611328e-02
3.092336654663085938e-02
2.004081010818481445e-02
4.708504676818847656e-02
2.612245082855224609e-02
9.413957595825195312e-03
2.188313007354736328e-02
2.366983890533447266e-02
2.193880081176757812e-02
1.502573490142822266e-02
3.086018562316894531e-02
1.653313636779785156e-02
3.128731250762939453e-02
2.161169052124023438e-02
1.615172624588012695e-02
5.744606256484985352e-03
1.900863647460937500e-02
1.759314537048339844e-02
1.309525966644287109e-02
1.297241449356079102e-02
9.912967681884765625e-03
1.851332187652587891e-02
2.226781845092773438e-02
1.530933380126953125e-02
2.273124456405639648e-02
5.908071994781494141e-03
1.892977952957153320e-02
2.317273616790771484e-02
1.329761743545532227e-02
2.674919366836547852e-02
2.789175510406494141e-02
1.179122924804687500e-02
1.840281486511230469e-02
2.434420585632324219e-02
2.666640281677246094e-02
4.027396440505981445e-03
1.993489265441894531e-02
2.445089817047119141e-02
1.605594158172607422e-02
1.267421245574951172e-02
2.303427457809448242e-02
1.118874549865722656e-02
1.502060890197753906e-02
6.360054016113281250e-03
1.732933521270751953e-02
2.011525630950927734e-02
2.752912044525146484e-02
1.848053932189941406e-02
0.000000000000000000e+00
0.000000000000000000e+00
0.000000000000000000e+00
0.000000000000000000e+00
0.000000000000000000e+00
0.000000000000000000e+00
0.000000000000000000e+00
0.000000000000000000e+00
0.000000000000000000e+00
0.000000000000000000e+00
0.000000000000000000e+00
0.000000000000000000e+00
0.000000000000000000e+00
0.000000000000000000e+00
0.000000000000000000e+00
0.000000000000000000e+00
0.000000000000000000e+00
0.000000000000000000e+00
0.000000000000000000e+00
0.000000000000000000e+00
