9.489953517913818359e-04
1.023039221763610840e-03
3.815069794654846191e-04
5.211055278778076172e-03
7.455945014953613281e-03
1.151613891124725342e-03
1.226246356964111328e-03
2.171948552131652832e-03
1.202456653118133545e-03
2.829983830451965332e-03
7.295072078704833984e-03
8.484646677970886230e-04
3.550536930561065674e-04
7.985502481460571289e-03
4.289336502552032471e-04
3.050267696380615234e-05
5.455762147903442383e-04
9.145513176918029785e-04
3.338232636451721191e-04
9.620711207389831543e-04
1.279629766941070557e-03
2.283340692520141602e-02
6.689637899398803711e-03
8.396357297897338867e-04
6.490081548690795898e-03
1.023024320602416992e-03
8.340477943420410156e-04
4.601925611495971680e-03
8.212804794311523438e-03
1.084074378013610840e-03
2.584695816040039062e-03
4.038363695144653320e-04
2.633914351463317871e-03
5.834959447383880615e-04
5.322217941284179688e-03
1.137405633926391602e-04
5.805581808090209961e-03
1.708757877349853516e-02
7.237270474433898926e-04
2.304524183273315430e-03
1.899802684783935547e-02
3.656983375549316406e-03
1.743622124195098877e-04
1.138865947723388672e-03
8.460208773612976074e-04
9.468868374824523926e-04
9.993091225624084473e-04
1.801038160920143127e-05
8.574947714805603027e-04
1.953884959220886230e-03
5.211215466260910034e-05
9.716421365737915039e-03
1.194095611572265625e-02
3.641135990619659424e-04
1.307815313339233398e-03
1.180225610733032227e-02
3.663986921310424805e-03
7.721275091171264648e-03
1.621377468109130859e-02
3.696054220199584961e-03
2.439573407173156738e-03
8.171677589416503906e-03
8.478760719299316406e-04
1.875698566436767578e-03
1.805797219276428223e-04
1.067891716957092285e-04
1.014903187751770020e-03
1.380085945129394531e-02
3.313586115837097168e-03
6.103888154029846191e-04
1.643851399421691895e-03
1.096688210964202881e-03
3.017723560333251953e-03
2.708472311496734619e-05
6.334148347377777100e-04
6.025344133377075195e-03
2.438258379697799683e-04
2.099871635437011719e-02
3.616176545619964600e-04
3.126606345176696777e-03
7.250532507896423340e-04
2.195850014686584473e-03
8.829832077026367188e-04
3.020524978637695312e-03
1.074242591857910156e-02
2.884835004806518555e-03
7.334277033805847168e-04
7.762834429740905762e-04
1.147940754890441895e-03
2.783238887786865234e-04
1.421225070953369141e-02
8.301436901092529297e-05
1.164093613624572754e-03
4.271537065505981445e-03
3.037869930267333984e-03
2.687871456146240234e-03
3.702223300933837891e-03
3.564536571502685547e-03
1.577556133270263672e-03
4.140138626098632812e-04
8.644536137580871582e-05
4.237517714500427246e-04
4.020452499389648438e-03
4.119575023651123047e-03
5.888462066650390625e-03
8.060708642005920410e-04
2.673670649528503418e-03
3.272354602813720703e-03
3.428570926189422607e-04
9.449720382690429688e-03
9.952262043952941895e-04
1.935184001922607422e-02
2.018678933382034302e-04
1.190233230590820312e-02
1.161360740661621094e-02
1.662528514862060547e-02
1.548100262880325317e-04
4.048705101013183594e-03
4.529386758804321289e-03
1.049986481666564941e-02
3.452543169260025024e-04
2.298116683959960938e-03
9.009897708892822266e-03
7.635831832885742188e-03
3.902465105056762695e-03
8.959531784057617188e-03
9.113103151321411133e-04
4.887059330940246582e-04
7.216036319732666016e-04
8.251965045928955078e-04
5.527399480342864990e-05
2.066582441329956055e-03
1.016467809677124023e-02
1.928418874740600586e-03
3.737241029739379883e-03
6.196387112140655518e-04
1.533490419387817383e-02
7.171273231506347656e-03
3.335922956466674805e-04
1.162111759185791016e-02
1.531386375427246094e-02
1.739174127578735352e-03
8.659601211547851562e-03
1.044765114784240723e-03
1.589983701705932617e-02
2.398878335952758789e-03
2.773761749267578125e-03
1.872301101684570312e-03
4.857331514358520508e-04
5.065426230430603027e-04
2.190712839365005493e-04
4.092842340469360352e-03
3.025121986865997314e-04
2.369463443756103516e-03
9.859818965196609497e-05
1.785367727279663086e-03
1.312322914600372314e-03
4.354193806648254395e-04
7.502108812332153320e-03
1.328951120376586914e-02
3.159902989864349365e-04
3.977231681346893311e-04
8.354149758815765381e-04
7.883757352828979492e-04
2.360343933105468750e-05
2.001833915710449219e-02
7.819849997758865356e-06
1.888275146484375000e-04
1.606956124305725098e-03
1.417046785354614258e-02
2.321392297744750977e-03
8.742570877075195312e-03
2.123475074768066406e-03
1.189604401588439941e-03
6.077408790588378906e-03
1.676268875598907471e-04
1.054890453815460205e-03
1.005120575428009033e-03
6.539970636367797852e-03
2.374842762947082520e-03
5.599344149231910706e-06
5.275726318359375000e-03
7.316470146179199219e-03
1.591742038726806641e-04
4.017949104309082031e-03
2.972632646560668945e-04
1.177936792373657227e-03
6.113648414611816406e-04
6.483048200607299805e-04
6.332337856292724609e-03
1.586675643920898438e-02
6.018489599227905273e-03
4.884749650955200195e-04
2.971738576889038086e-03
7.855612784624099731e-05
4.089117050170898438e-03
9.486198425292968750e-03
9.204968810081481934e-04
2.329170703887939453e-03
1.250598579645156860e-04
1.446291804313659668e-03
4.760921001434326172e-05
5.922317504882812500e-03
3.150239586830139160e-03
3.141015768051147461e-03
1.183831691741943359e-02
2.592027187347412109e-03
8.142650127410888672e-03
1.150435209274291992e-02
4.378974437713623047e-03
3.349006175994873047e-03
2.288203686475753784e-04
1.075696945190429688e-02
4.749923944473266602e-03
7.471352815628051758e-03
4.045933485031127930e-03
1.385754346847534180e-02
2.072583884000778198e-04
8.753463625907897949e-04
4.651471972465515137e-04
1.525878906250000000e-03
1.031532883644104004e-03
3.443762660026550293e-03
2.252198755741119385e-04
5.300305783748626709e-04
8.349716663360595703e-04
3.699734807014465332e-04
4.645466804504394531e-03
1.252070069313049316e-04
1.493662595748901367e-03
4.714488983154296875e-03
1.183710992336273193e-04
3.122419118881225586e-03
9.232223033905029297e-03
1.231715083122253418e-03
2.741849422454833984e-02
3.503710031509399414e-04
1.588547229766845703e-02
4.891395568847656250e-03
7.364992052316665649e-05
1.395994424819946289e-02
1.973319053649902344e-02
1.195341348648071289e-03
1.898352056741714478e-04
2.820347435772418976e-05
1.006633043289184570e-02
8.531883358955383301e-04
1.456350088119506836e-03
2.687394618988037109e-03
2.767831087112426758e-03
1.790416240692138672e-02
1.172557473182678223e-03
4.691004753112792969e-03
1.283064484596252441e-04
1.381623744964599609e-02
7.442906498908996582e-04
2.393320202827453613e-03
6.578445434570312500e-03
3.522783517837524414e-04
3.573717549443244934e-05
7.268711924552917480e-04
2.979919314384460449e-03
3.064200282096862793e-03
1.027062535285949707e-03
2.042484283447265625e-02
6.146263331174850464e-05
4.176974296569824219e-03
5.129314959049224854e-04
2.287641167640686035e-03
1.787894964218139648e-02
2.572298049926757812e-03
5.918480455875396729e-04
1.119279861450195312e-02
1.160167157649993896e-03
9.690642356872558594e-03
5.276352167129516602e-04
5.284011363983154297e-03
7.141157984733581543e-04
1.386058330535888672e-02
1.180940866470336914e-02
1.630689948797225952e-04
1.376897096633911133e-03
1.511979103088378906e-02
1.483097672462463379e-03
6.731271743774414062e-03
1.349538564682006836e-02
8.957087993621826172e-03
3.588795661926269531e-03
1.560226082801818848e-04
1.253828406333923340e-03
7.622763514518737793e-04
1.103413105010986328e-02
1.765135675668716431e-04
3.591030836105346680e-04
3.895357251167297363e-03
2.129822969436645508e-04
2.452507615089416504e-03
1.570260524749755859e-02
2.914965152740478516e-03
4.776492714881896973e-04
7.679641246795654297e-03
1.185679435729980469e-02
9.032711386680603027e-04
2.012565732002258301e-03
6.804913282394409180e-04
2.615705132484436035e-03
2.819597721099853516e-03
8.124560117721557617e-03
1.424163579940795898e-03
4.241615533828735352e-05
6.225466728210449219e-03
1.350101083517074585e-04
1.024246215820312500e-03
2.007097005844116211e-03
1.094996929168701172e-02
2.639070153236389160e-03
1.263462007045745850e-03
4.296630620956420898e-03
3.151625394821166992e-03
2.515062689781188965e-03
1.946997642517089844e-02
6.036967039108276367e-03
4.623889923095703125e-03
9.379714727401733398e-03
5.758464336395263672e-03
1.352615654468536377e-04
1.412764191627502441e-03
8.434772491455078125e-03
4.141181707382202148e-04
3.693133592605590820e-03
1.565627753734588623e-04
2.170383930206298828e-02
6.694495677947998047e-04
7.914602756500244141e-04
9.985029697418212891e-03
2.397391945123672485e-04
2.022594213485717773e-02
3.336351364850997925e-04
2.508342266082763672e-03
2.106189727783203125e-03
2.506136894226074219e-03
3.995746374130249023e-03
9.656846523284912109e-03
2.065360546112060547e-03
4.483461380004882812e-03
6.419301033020019531e-03
5.339598283171653748e-05
7.126554846763610840e-04
3.447057679295539856e-05
2.678856253623962402e-04
1.282989978790283203e-02
1.288211345672607422e-02
1.351058483123779297e-02
4.151791334152221680e-03
1.038968563079833984e-03
9.445846080780029297e-03
1.045453548431396484e-02
4.158794879913330078e-03
3.046914935111999512e-04
1.849867403507232666e-04
5.105167627334594727e-03
4.077330231666564941e-05
4.023641347885131836e-03
1.066493988037109375e-02
5.807220935821533203e-03
1.718741655349731445e-02
6.830930709838867188e-03
2.895206212997436523e-03
4.721842706203460693e-04
2.911552786827087402e-03
2.564266324043273926e-03
6.950736045837402344e-03
6.225705146789550781e-03
3.253370523452758789e-03
1.323044300079345703e-03
9.447336196899414062e-03
1.282483339309692383e-02
1.562517136335372925e-04
1.401841640472412109e-02
2.353489398956298828e-03
9.467005729675292969e-04
7.263384759426116943e-05
4.411451518535614014e-04
9.197294712066650391e-04
3.323838114738464355e-03
4.732012748718261719e-03
1.250289380550384521e-03
3.431327641010284424e-04
8.391976356506347656e-03
8.267045021057128906e-03
1.788032054901123047e-02
5.889862775802612305e-03
1.247203350067138672e-02
1.196458935737609863e-03
1.082584261894226074e-03
1.439407467842102051e-03
8.183158934116363525e-05
4.206061363220214844e-03
2.889728546142578125e-02
2.316385507583618164e-03
4.581063985824584961e-03
1.187093555927276611e-03
9.301960468292236328e-03
9.713619947433471680e-04
1.354283094406127930e-02
4.512965679168701172e-03
1.018780469894409180e-02
5.428969860076904297e-03
1.666188240051269531e-03
8.376181125640869141e-03
1.201796531677246094e-02
9.747520089149475098e-04
1.311111450195312500e-02
6.570398807525634766e-03
1.308888196945190430e-03
3.569960594177246094e-03
3.058671951293945312e-03
7.971078157424926758e-03
4.254989326000213623e-04
1.009084284305572510e-03
7.820781320333480835e-05
7.585346698760986328e-03
7.833421230316162109e-03
2.031102776527404785e-03
4.422664642333984375e-03
1.187354326248168945e-02
1.276642084121704102e-03
1.483619213104248047e-02
6.484329700469970703e-03
6.228655576705932617e-03
9.549736976623535156e-03
3.979533910751342773e-03
1.343086361885070801e-03
4.357725381851196289e-03
1.916271448135375977e-02
3.911077976226806641e-03
1.163047552108764648e-02
1.034349203109741211e-03
1.143276691436767578e-02
4.060745239257812500e-03
4.113763570785522461e-04
7.177218794822692871e-04
2.553448081016540527e-03
4.735030233860015869e-04
4.882693290710449219e-03
7.872462272644042969e-03
1.313269138336181641e-03
1.525647938251495361e-03
7.551550865173339844e-03
1.600831747055053711e-03
2.116531133651733398e-03
1.366429030895233154e-03
1.229494810104370117e-03
3.883689641952514648e-04
7.380843162536621094e-04
3.673741593956947327e-05
3.328144550323486328e-03
1.466023921966552734e-02
2.211475372314453125e-02
8.387267589569091797e-03
4.625171422958374023e-04
2.469718456268310547e-04
2.569645643234252930e-03
2.110853791236877441e-03
1.565283536911010742e-02
1.049870252609252930e-02
1.018810272216796875e-02
3.517091274261474609e-03
5.994364619255065918e-05
1.488709449768066406e-02
1.813584566116333008e-02
1.660898327827453613e-03
8.591890335083007812e-03
9.153969585895538330e-05
1.739788055419921875e-02
5.236893892288208008e-03
5.665346980094909668e-04
1.536589860916137695e-02
1.997396349906921387e-03
3.726705908775329590e-04
2.336204051971435547e-04
6.253212690353393555e-03
6.807804107666015625e-03
1.463103294372558594e-02
1.726210117340087891e-03
1.086854934692382812e-02
7.670819759368896484e-03
4.181452095508575439e-04
3.561526536941528320e-03
1.361772418022155762e-03
4.969239234924316406e-03
5.368024110794067383e-03
1.085019111633300781e-02
2.525076270103454590e-03
1.260757446289062500e-02
1.028573513031005859e-02
1.135647296905517578e-02
1.639318466186523438e-02
2.163425087928771973e-03
4.585266113281250000e-03
8.929014205932617188e-03
6.351709365844726562e-03
3.814756870269775391e-03
2.123057842254638672e-03
7.273435592651367188e-03
6.935119628906250000e-03
3.261297941207885742e-03
1.097506284713745117e-02
8.531630039215087891e-03
8.993029594421386719e-03
8.610010147094726562e-03
9.826272726058959961e-04
1.423799991607666016e-02
3.714859485626220703e-03
5.431950092315673828e-03
3.198161721229553223e-05
5.733877420425415039e-03
1.763772964477539062e-02
3.226920962333679199e-03
2.773553133010864258e-04
7.025241851806640625e-03
2.070605754852294922e-03
1.225149631500244141e-02
8.599042892456054688e-03
1.505166292190551758e-03
6.872892379760742188e-03
1.053467392921447754e-02
1.050066202878952026e-04
3.401458263397216797e-03
1.843899488449096680e-03
1.027852296829223633e-02
5.351245403289794922e-03
1.067560911178588867e-02
1.009643077850341797e-02
3.205597400665283203e-03
2.341359853744506836e-03
1.044481992721557617e-03
1.369632780551910400e-03
2.823352813720703125e-03
1.473915576934814453e-02
6.485879421234130859e-04
1.456096768379211426e-03
1.050704717636108398e-02
5.759149789810180664e-03
4.771202802658081055e-04
7.081031799316406250e-04
5.875289440155029297e-03
1.147836446762084961e-04
6.155014038085937500e-03
1.818299293518066406e-03
8.754506707191467285e-04
1.240712404251098633e-02
1.059383153915405273e-03
1.275229454040527344e-02
1.006680727005004883e-02
1.156055927276611328e-02
1.409423351287841797e-02
9.552091360092163086e-04
4.608541727066040039e-03
1.246988773345947266e-02
1.108026504516601562e-02
6.384432315826416016e-03
2.020448446273803711e-03
1.236826181411743164e-02
7.092475891113281250e-03
1.840695738792419434e-03
9.774565696716308594e-03
6.503425538539886475e-05
3.112658858299255371e-03
7.799565792083740234e-03
4.890449345111846924e-04
1.398518681526184082e-03
5.117833614349365234e-03
5.157053470611572266e-03
1.233989000320434570e-02
1.581698656082153320e-02
7.284462451934814453e-03
1.252733170986175537e-03
1.694977283477783203e-03
9.254097938537597656e-03
4.205644130706787109e-03
9.857058525085449219e-03
8.047699928283691406e-03
1.265786588191986084e-03
5.321115255355834961e-03
2.404138445854187012e-03
1.101517677307128906e-02
1.095473766326904297e-02
2.492859959602355957e-03
3.358677029609680176e-03
2.453792840242385864e-04
9.532928466796875000e-03
2.284757792949676514e-04
1.180624961853027344e-02
4.908859729766845703e-03
4.497200250625610352e-03
1.261317729949951172e-02
1.351588964462280273e-02
2.083644270896911621e-03
1.638227701187133789e-02
9.569704532623291016e-03
3.707520663738250732e-04
1.274412870407104492e-02
1.416504383087158203e-03
1.942217350006103516e-04
8.916676044464111328e-03
1.024889945983886719e-02
2.669021487236022949e-03
1.757517457008361816e-04
1.108008623123168945e-02
1.097321510314941406e-03
1.066967844963073730e-03
1.809298992156982422e-03
6.961941719055175781e-03
2.619102597236633301e-04
6.685853004455566406e-04
1.451218128204345703e-02
8.183896541595458984e-03
4.366487264633178711e-03
9.938657283782958984e-03
8.486390113830566406e-03
3.022521734237670898e-03
1.629894971847534180e-02
5.649775266647338867e-04
2.246528863906860352e-03
1.292008161544799805e-02
3.709554672241210938e-03
3.003716468811035156e-03
2.721548080444335938e-03
1.687677577137947083e-04
4.630088806152343750e-03
3.784000873565673828e-03
8.197966963052749634e-05
9.693112224340438843e-05
1.828894019126892090e-03
1.086473464965820312e-03
4.299670457839965820e-03
3.301382064819335938e-03
5.112975835800170898e-03
5.321949720382690430e-04
2.311915159225463867e-03
2.477735280990600586e-03
3.829777240753173828e-03
1.771084964275360107e-03
9.323477745056152344e-03
1.133173704147338867e-02
1.673866063356399536e-04
5.322471261024475098e-04
1.670092344284057617e-03
9.242951869964599609e-03
2.571225166320800781e-02
1.505404710769653320e-03
4.165060818195343018e-04
1.434892416000366211e-03
1.074486970901489258e-02
8.877515792846679688e-03
4.257440567016601562e-03
4.540905356407165527e-04
1.123547554016113281e-03
3.235712647438049316e-04
7.480502128601074219e-03
8.665919303894042969e-03
8.726418018341064453e-03
1.418136060237884521e-03
5.915910005569458008e-04
5.904734134674072266e-04
5.861073732376098633e-04
1.396447420120239258e-03
2.111965417861938477e-02
5.344212055206298828e-03
2.433538436889648438e-03
6.568282842636108398e-03
1.124493777751922607e-03
1.483941078186035156e-02
1.042687892913818359e-02
1.182651519775390625e-02
1.206487417221069336e-02
1.664742827415466309e-03
1.060700416564941406e-02
5.025267601013183594e-03
4.547685384750366211e-03
1.446270942687988281e-02
3.236651420593261719e-03
4.994332790374755859e-03
2.319663763046264648e-03
9.052693843841552734e-03
1.355066895484924316e-03
7.875710725784301758e-04
5.379617214202880859e-03
1.607239246368408203e-02
7.644444704055786133e-04
1.323002576828002930e-02
1.558870077133178711e-03
4.081398248672485352e-03
7.277488708496093750e-03
8.975341916084289551e-05
1.529332995414733887e-02
3.156229853630065918e-03
1.438730955123901367e-02
1.728683710098266602e-04
1.775097846984863281e-02
8.904159069061279297e-03
8.975654840469360352e-03
1.077059656381607056e-03
1.237517595291137695e-02
2.969473600387573242e-03
9.574815630912780762e-04
1.311682164669036865e-03
4.537701606750488281e-04
4.700064659118652344e-03
1.057869195938110352e-02
1.539394259452819824e-03
1.069568097591400146e-03
7.585883140563964844e-03
6.445586681365966797e-03
2.291023731231689453e-03
5.271174013614654541e-04
1.040101051330566406e-03
7.472276687622070312e-03
6.998836994171142578e-03
5.116641521453857422e-03
2.174466848373413086e-03
1.290762424468994141e-02
1.226824522018432617e-02
1.948058605194091797e-03
8.814007043838500977e-03
5.393832921981811523e-03
3.988936543464660645e-03
2.674758434295654297e-04
1.878762245178222656e-02
5.500093102455139160e-04
2.512919902801513672e-02
2.148106694221496582e-03
2.197849750518798828e-02
4.775822162628173828e-03
1.436620950698852539e-02
6.129443645477294922e-03
3.421917557716369629e-03
2.729320526123046875e-02
5.097910761833190918e-04
7.165431976318359375e-03
2.225935459136962891e-02
4.701986908912658691e-04
2.726763486862182617e-03
9.436607360839843750e-03
8.504390716552734375e-04
8.225560188293457031e-03
1.570034027099609375e-02
3.281325101852416992e-03
1.583331823348999023e-02
4.952371120452880859e-03
8.963823318481445312e-03
1.319694519042968750e-02
1.262438297271728516e-02
2.968639135360717773e-03
3.560602664947509766e-03
1.517727971076965332e-03
1.222527027130126953e-02
1.330327987670898438e-02
2.579927444458007812e-03
3.453373908996582031e-03
9.925574064254760742e-03
8.452564477920532227e-03
5.431383848190307617e-03
3.201261162757873535e-03
7.366418838500976562e-03
1.130431890487670898e-02
4.003614187240600586e-03
2.374470233917236328e-03
1.142583787441253662e-03
3.784775733947753906e-03
1.621328294277191162e-03
4.333965480327606201e-04
4.022061824798583984e-03
3.485754132270812988e-03
3.100574016571044922e-03
6.706953048706054688e-03
2.331328392028808594e-02
2.235695719718933105e-03
9.730458259582519531e-05
5.214005708694458008e-03
6.624042987823486328e-03
9.095191955566406250e-03
7.590681314468383789e-03
5.767375230789184570e-03
1.168018579483032227e-02
1.264476776123046875e-02
1.615476608276367188e-02
5.989551544189453125e-03
7.014870643615722656e-03
1.769220829010009766e-02
4.702627658843994141e-03
1.659667491912841797e-02
8.576959371566772461e-03
1.098555326461791992e-02
5.189239978790283203e-03
1.484286785125732422e-02
1.062709093093872070e-02
8.051782846450805664e-03
1.795396208763122559e-03
7.519721984863281250e-03
9.788751602172851562e-03
6.855905055999755859e-03
5.128502845764160156e-03
7.956996560096740723e-04
5.448579788208007812e-03
1.297497749328613281e-02
1.785099506378173828e-03
2.889677882194519043e-03
1.351308822631835938e-02
6.585478782653808594e-03
6.747335195541381836e-03
9.262025356292724609e-03
5.022287368774414062e-04
9.648382663726806641e-03
8.724838495254516602e-03
1.049494743347167969e-02
5.224555730819702148e-03
2.156507968902587891e-02
2.648726105690002441e-03
1.933145523071289062e-02
3.442078828811645508e-03
1.420527696609497070e-02
1.718270778656005859e-02
7.621973752975463867e-03
1.144164800643920898e-02
2.649927139282226562e-02
1.046188175678253174e-03
1.093435287475585938e-02
1.997262239456176758e-03
4.843063652515411377e-05
7.401168346405029297e-03
1.433855295181274414e-02
2.588391304016113281e-03
1.162104308605194092e-04
8.810460567474365234e-03
1.597440242767333984e-02
1.493275165557861328e-02
4.723101854324340820e-03
1.352705061435699463e-03
2.461636066436767578e-02
1.775288581848144531e-02
8.928477764129638672e-03
1.740920543670654297e-02
4.570223391056060791e-04
9.335815906524658203e-03
2.460315823554992676e-03
1.661992073059082031e-02
1.139003038406372070e-02
1.342880725860595703e-02
2.762421965599060059e-03
8.540004491806030273e-04
1.277601718902587891e-02
2.238243818283081055e-03
1.759395003318786621e-03
1.464039087295532227e-03
1.377195119857788086e-02
5.237370729446411133e-03
1.231580972671508789e-04
9.125828742980957031e-03
2.268713712692260742e-02
4.556551575660705566e-04
1.861119270324707031e-02
4.818886518478393555e-04
1.652526855468750000e-02
5.952119827270507812e-03
2.429053187370300293e-03
2.450663596391677856e-04
5.056381225585937500e-03
1.923412084579467773e-02
2.023243904113769531e-02
3.282278776168823242e-03
3.493785858154296875e-03
1.310396194458007812e-02
4.390835762023925781e-03
1.013882458209991455e-03
1.985752582550048828e-02
1.019299030303955078e-02
4.715546965599060059e-04
1.055443286895751953e-02
4.268407821655273438e-03
1.903510093688964844e-02
2.817666530609130859e-02
4.141069948673248291e-04
3.063857555389404297e-03
1.787155866622924805e-03
1.015996932983398438e-02
6.360530853271484375e-03
5.898296833038330078e-03
1.068627834320068359e-02
2.576529979705810547e-03
2.679377794265747070e-03
8.654356002807617188e-03
5.054235458374023438e-03
5.635797977447509766e-03
1.298940181732177734e-02
3.459483385086059570e-03
2.162419259548187256e-04
2.616703510284423828e-02
2.535983920097351074e-03
1.208716630935668945e-02
1.953408122062683105e-03
7.199048995971679688e-03
8.978918194770812988e-04
1.370525360107421875e-02
1.633703708648681641e-02
5.273193120956420898e-03
6.075873970985412598e-04
2.650827169418334961e-03
1.389086246490478516e-03
1.378482580184936523e-02
7.674582302570343018e-04
1.365375518798828125e-02
1.553565263748168945e-03
1.128572225570678711e-02
9.208679199218750000e-03
9.734928607940673828e-03
1.435989141464233398e-02
3.745183348655700684e-04
6.941765546798706055e-03
1.874727010726928711e-02
1.882064342498779297e-02
7.347464561462402344e-04
1.830762624740600586e-02
1.126709580421447754e-02
9.705200791358947754e-04
1.187551021575927734e-02
3.044188022613525391e-03
8.379340171813964844e-03
1.111358404159545898e-02
4.700928926467895508e-03
5.036175251007080078e-03
1.705420017242431641e-02
1.917019486427307129e-03
5.085691809654235840e-04
2.289831638336181641e-02
1.647256314754486084e-03
3.831796348094940186e-04
1.490277051925659180e-02
3.602176904678344727e-03
1.646614074707031250e-02
1.274591684341430664e-02
6.840288639068603516e-03
2.705276012420654297e-03
6.400823593139648438e-03
4.730150103569030762e-03
1.807147637009620667e-04
2.340078353881835938e-04
9.288311004638671875e-03
1.512324810028076172e-02
9.816110134124755859e-03
2.467513084411621094e-03
2.586221694946289062e-02
6.852507591247558594e-03
9.994268417358398438e-03
3.954216837882995605e-03
2.435266971588134766e-03
6.875514984130859375e-03
1.925095915794372559e-03
8.528470993041992188e-03
7.853925228118896484e-03
2.981603145599365234e-03
1.087826490402221680e-02
7.111489772796630859e-03
9.459078311920166016e-03
1.154369115829467773e-02
4.700094461441040039e-03
5.966901779174804688e-03
1.146841049194335938e-02
1.823350787162780762e-03
3.766059875488281250e-03
1.054960489273071289e-02
1.082843542098999023e-02
1.226346939802169800e-04
1.998805999755859375e-02
1.534295082092285156e-02
1.328587532043457031e-03
1.558750867843627930e-03
8.721947669982910156e-04
7.749348878860473633e-04
2.030804753303527832e-04
7.382512092590332031e-03
6.491482257843017578e-03
1.618134975433349609e-02
4.016101360321044922e-03
6.086304783821105957e-04
3.574728965759277344e-03
8.392751216888427734e-03
5.781739950180053711e-03
3.218948841094970703e-03
1.125097274780273438e-02
1.905515789985656738e-03
3.795921802520751953e-03
1.903936266899108887e-03
2.034515142440795898e-03
1.397174596786499023e-02
4.871398210525512695e-03
8.345276117324829102e-03
3.064364194869995117e-03
1.001515984535217285e-02
5.211472511291503906e-03
1.038715243339538574e-03
3.903388977050781250e-03
4.045575857162475586e-03
3.706708550453186035e-03
2.068567276000976562e-02
8.607000112533569336e-03
3.507256507873535156e-03
8.666098117828369141e-03
1.024764776229858398e-02
8.655428886413574219e-03
1.154206693172454834e-03
1.256391406059265137e-03
5.112648010253906250e-03
4.781097173690795898e-03
1.553702354431152344e-02
2.109169960021972656e-02
3.512412309646606445e-03
5.604028701782226562e-03
2.219104766845703125e-02
4.572868347167968750e-03
3.529280424118041992e-03
1.454359292984008789e-02
1.590383052825927734e-02
5.309969186782836914e-03
4.613399505615234375e-04
1.746535301208496094e-02
1.536023616790771484e-02
7.453560829162597656e-03
7.878839969635009766e-03
1.447761058807373047e-02
1.926910877227783203e-02
8.898854255676269531e-03
2.007877826690673828e-02
2.394109964370727539e-03
1.202099025249481201e-03
1.349395513534545898e-02
8.998632431030273438e-03
1.068425178527832031e-02
1.351982355117797852e-02
2.788329124450683594e-02
8.338093757629394531e-03
3.573864698410034180e-03
1.837283372879028320e-03
6.690621376037597656e-03
1.896597445011138916e-03
1.235830783843994141e-02
1.137757301330566406e-02
1.022005081176757812e-02
2.619370818138122559e-03
2.747476100921630859e-03
2.220124006271362305e-03
1.291841268539428711e-03
8.282661437988281250e-04
5.299039185047149658e-04
2.542734146118164062e-03
5.731880664825439453e-03
1.659011840820312500e-02
1.216268539428710938e-02
5.845040082931518555e-03
1.318907737731933594e-02
4.004240036010742188e-03
1.622363924980163574e-03
9.020984172821044922e-03
1.679956912994384766e-02
1.757875084877014160e-03
1.970386505126953125e-02
2.652451395988464355e-03
3.141015768051147461e-04
1.787632703781127930e-03
1.647210121154785156e-02
1.548379659652709961e-04
7.623713463544845581e-05
6.183981895446777344e-03
1.350142061710357666e-03
7.044710218906402588e-05
1.039123162627220154e-04
7.336288690567016602e-04
1.277387142181396484e-03
7.826252840459346771e-06
7.593452930450439453e-03
7.978547364473342896e-05
6.494894623756408691e-04
1.091086864471435547e-02
1.125615835189819336e-02
8.204340934753417969e-03
2.315752208232879639e-04
2.407580614089965820e-03
3.359079360961914062e-03
3.831505775451660156e-03
8.120015263557434082e-04
8.507847785949707031e-03
3.528781235218048096e-05
2.785511314868927002e-04
9.315982460975646973e-04
1.543641090393066406e-03
2.587884664535522461e-04
5.789846181869506836e-03
1.665616035461425781e-02
6.349310278892517090e-04
1.477873325347900391e-02
5.019605159759521484e-04
1.094669103622436523e-03
1.046154648065567017e-05
1.291978359222412109e-02
1.685231924057006836e-03
3.973906859755516052e-05
2.236012369394302368e-04
9.722933173179626465e-04
1.028031110763549805e-02
7.559955120086669922e-04
2.599451690912246704e-04
6.146728992462158203e-05
1.771561801433563232e-04
1.927927136421203613e-03
2.662599086761474609e-03
4.147499799728393555e-03
7.089018821716308594e-03
2.704858779907226562e-03
1.579612493515014648e-02
3.741644322872161865e-04
7.885619997978210449e-04
7.467836141586303711e-03
2.500843256711959839e-04
2.638369798660278320e-03
1.791775226593017578e-03
1.100078225135803223e-03
5.815625190734863281e-03
9.650662541389465332e-04
1.149680465459823608e-04
8.277744054794311523e-03
3.388747572898864746e-04
5.968660116195678711e-04
4.961481317877769470e-05
1.483693718910217285e-03
5.941465497016906738e-05
2.379819750785827637e-03
1.669414341449737549e-04
2.394318580627441406e-03
5.512088537216186523e-04
3.576017916202545166e-04
6.853044033050537109e-03
4.447810351848602295e-04
3.889501094818115234e-03
4.355251789093017578e-03
1.489713788032531738e-03
1.018002629280090332e-03
9.346902370452880859e-03
2.553060650825500488e-03
1.179039478302001953e-02
1.394245773553848267e-04
3.189109265804290771e-04
6.567612290382385254e-04
2.631247043609619141e-04
1.235604286193847656e-03
1.667886972427368164e-03
1.754188537597656250e-02
2.155220508575439453e-02
8.983984589576721191e-04
3.012977540493011475e-04
1.549459993839263916e-04
2.173092216253280640e-04
7.897377014160156250e-03
3.161102533340454102e-03
3.219425678253173828e-03
1.086962223052978516e-02
1.198935508728027344e-02
3.933832049369812012e-03
1.572340261191129684e-05
5.034655332565307617e-03
7.000286132097244263e-05
1.372396945953369141e-02
1.807606220245361328e-02
2.551734447479248047e-03
2.170912921428680420e-04
5.416497588157653809e-04
1.615399122238159180e-02
5.028456449508666992e-03
4.000291228294372559e-04
3.793239593505859375e-03
2.624392509460449219e-04
1.483954489231109619e-03
1.776427030563354492e-02
3.020912408828735352e-04
8.735656738281250000e-04
4.588276147842407227e-03
1.956582069396972656e-03
1.906442642211914062e-02
1.848056912422180176e-03
2.042174339294433594e-03
4.917867481708526611e-04
3.354072570800781250e-03
9.762123227119445801e-05
3.382205963134765625e-03
2.810418605804443359e-03
1.236684620380401611e-04
8.876383304595947266e-03
3.845483064651489258e-03
6.564520299434661865e-05
2.349868416786193848e-03
1.325428485870361328e-03
6.986558437347412109e-04
1.494097709655761719e-02
1.429468393325805664e-03
1.782171428203582764e-03
3.423914313316345215e-04
2.147257328033447266e-04
1.050424575805664062e-02
1.220358535647392273e-05
1.411408185958862305e-03
9.976625442504882812e-04
1.877099275588989258e-03
1.541703939437866211e-03
8.610561490058898926e-04
7.529705762863159180e-04
9.316280484199523926e-04
3.838419914245605469e-03
8.374378085136413574e-04
3.626763820648193359e-03
1.243323087692260742e-03
1.188683509826660156e-02
6.894916296005249023e-04
7.915973663330078125e-03
1.158654689788818359e-02
2.375617623329162598e-03
1.349642872810363770e-03
9.453415870666503906e-03
1.212298870086669922e-03
7.093906402587890625e-03
1.250952482223510742e-02
1.279607415199279785e-03
1.081628724932670593e-04
1.613758504390716553e-04
6.763905286788940430e-03
2.565681934356689453e-03
5.785003304481506348e-05
1.094773411750793457e-03
1.686904579401016235e-04
6.040483713150024414e-04
1.293607056140899658e-04
6.054759025573730469e-03
6.454959511756896973e-04
3.800779581069946289e-03
2.256989479064941406e-03
3.309398889541625977e-03
1.653283834457397461e-05
1.784354448318481445e-02
4.022121429443359375e-04
6.998181343078613281e-03
1.874136924743652344e-02
1.570917665958404541e-04
7.630139589309692383e-04
4.348941147327423096e-04
4.722643643617630005e-05
2.906829118728637695e-03
6.316423416137695312e-03
3.248885273933410645e-03
1.536870002746582031e-02
8.689705282449722290e-05
2.496898174285888672e-03
5.630627274513244629e-04
1.665669679641723633e-02
2.926439046859741211e-03
4.909098148345947266e-03
1.427519321441650391e-02
2.099364995956420898e-03
2.559319138526916504e-03
2.534747123718261719e-03
9.535968303680419922e-03
5.818866193294525146e-04
5.369931459426879883e-03
2.448022365570068359e-03
5.666576325893402100e-04
1.640480756759643555e-02
9.693503379821777344e-04
2.309277653694152832e-03
9.589716792106628418e-04
3.610730171203613281e-03
1.501336693763732910e-03
1.668775081634521484e-02
7.762253284454345703e-03
9.175464510917663574e-04
1.088514924049377441e-03
9.299635887145996094e-03
5.311742424964904785e-04
8.604824542999267578e-04
3.023296594619750977e-04
8.292682468891143799e-05
4.410237073898315430e-03
5.073472857475280762e-04
1.042056083679199219e-02
5.089968442916870117e-03
2.075523138046264648e-03
7.442608475685119629e-04
4.390552639961242676e-04
1.208347082138061523e-02
1.882091164588928223e-03
3.385797142982482910e-03
9.390898048877716064e-05
8.319094777107238770e-04
2.368316054344177246e-04
5.094826221466064453e-03
4.444718360900878906e-03
1.846820116043090820e-03
2.334550023078918457e-03
2.309787273406982422e-02
1.831531524658203125e-02
4.159584641456604004e-04
4.651304334402084351e-05
1.653470098972320557e-04
1.827955245971679688e-03
1.177012920379638672e-03
1.184746623039245605e-03
4.527159035205841064e-04
9.710192680358886719e-04
1.218467950820922852e-03
1.131266355514526367e-03
6.754994392395019531e-04
3.450363874435424805e-04
1.297816634178161621e-03
4.730522632598876953e-04
1.490533351898193359e-02
1.562759280204772949e-03
3.628786653280258179e-04
1.087868213653564453e-02
3.109574317932128906e-03
8.190236985683441162e-05
1.851126551628112793e-03
7.238149642944335938e-03
2.000665664672851562e-02
7.546335458755493164e-03
1.567546278238296509e-04
6.653219461441040039e-04
8.194088935852050781e-03
5.140788853168487549e-04
9.958446025848388672e-03
2.653971314430236816e-04
3.993064165115356445e-04
1.427512615919113159e-04
4.042079672217369080e-05
5.542397499084472656e-03
8.272659033536911011e-05
1.020669937133789062e-02
4.918605089187622070e-03
1.405328512191772461e-04
4.810094833374023438e-04
1.964066177606582642e-04
1.803383231163024902e-03
2.340599894523620605e-03
4.161715507507324219e-03
4.906803369522094727e-03
5.733370780944824219e-03
2.813845872879028320e-03
4.125833511352539062e-03
1.069056987762451172e-02
1.030099391937255859e-02
2.576351165771484375e-03
1.181995868682861328e-02
1.283258199691772461e-02
5.452707409858703613e-04
5.322769284248352051e-04
2.575546503067016602e-03
4.011303186416625977e-03
6.251990795135498047e-03
2.832382917404174805e-03
1.590996980667114258e-04
1.924142241477966309e-03
2.265021204948425293e-03
4.027813673019409180e-03
2.270579338073730469e-03
3.061532974243164062e-03
5.667004734277725220e-05
1.149433851242065430e-02
1.032449305057525635e-03
9.090080857276916504e-05
6.862103939056396484e-03
3.798827528953552246e-04
8.646398782730102539e-04
4.441142082214355469e-04
1.335255801677703857e-04
1.016706228256225586e-02
9.620264172554016113e-04
2.454340457916259766e-03
6.717860698699951172e-03
4.509747028350830078e-03
3.762453794479370117e-03
1.891046762466430664e-03
7.645040750503540039e-04
9.026825428009033203e-04
6.896164268255233765e-05
3.045294433832168579e-04
1.898974180221557617e-03
3.332287073135375977e-03
4.814900457859039307e-04
2.063456922769546509e-04
1.240363344550132751e-04
7.373392581939697266e-04
1.845300197601318359e-03
3.448501229286193848e-04
9.318068623542785645e-05
6.215497851371765137e-04
7.816940546035766602e-03
1.236021518707275391e-02
3.144480288028717041e-04
2.909690141677856445e-03
7.876098155975341797e-03
7.106512784957885742e-03
3.815829753875732422e-03
0.000000000000000000e+00
0.000000000000000000e+00
0.000000000000000000e+00
0.000000000000000000e+00
0.000000000000000000e+00
0.000000000000000000e+00
0.000000000000000000e+00
0.000000000000000000e+00
0.000000000000000000e+00
0.000000000000000000e+00
0.000000000000000000e+00
0.000000000000000000e+00
0.000000000000000000e+00
0.000000000000000000e+00
0.000000000000000000e+00
0.000000000000000000e+00
0.000000000000000000e+00
0.000000000000000000e+00
0.000000000000000000e+00
0.000000000000000000e+00
0.000000000000000000e+00
0.000000000000000000e+00
0.000000000000000000e+00
0.000000000000000000e+00
0.000000000000000000e+00
0.000000000000000000e+00
0.000000000000000000e+00
0.000000000000000000e+00
0.000000000000000000e+00
0.000000000000000000e+00
0.000000000000000000e+00
0.000000000000000000e+00
0.000000000000000000e+00
0.000000000000000000e+00
0.000000000000000000e+00
0.000000000000000000e+00
0.000000000000000000e+00
0.000000000000000000e+00
0.000000000000000000e+00
0.000000000000000000e+00
