7.800236344337463379e-04
9.774327278137207031e-03
1.372352242469787598e-03
4.146480932831764221e-05
9.035542607307434082e-04
1.390278339385986328e-04
1.567089557647705078e-02
8.498072624206542969e-03
4.316195845603942871e-04
8.855462074279785156e-03
4.877783358097076416e-04
9.689182043075561523e-04
1.070588827133178711e-03
2.111028879880905151e-04
7.349967956542968750e-03
1.908913254737854004e-04
2.042645215988159180e-02
1.293164677917957306e-05
1.067690551280975342e-03
8.486449718475341797e-03
2.092823386192321777e-03
1.595383882522583008e-02
1.093626022338867188e-03
5.092442035675048828e-03
1.370960474014282227e-02
7.415473461151123047e-03
2.587395906448364258e-02
5.016624927520751953e-03
1.844525337219238281e-03
9.359657764434814453e-03
8.393287658691406250e-03
1.474410295486450195e-03
3.252357244491577148e-03
7.218569517135620117e-04
4.802085459232330322e-04
5.859434604644775391e-03
6.530508399009704590e-04
2.458319067955017090e-03
3.048673272132873535e-03
1.297974586486816406e-02
1.082271337509155273e-04
7.273629307746887207e-04
1.271200180053710938e-02
2.725399099290370941e-05
1.006895303726196289e-02
1.666545867919921875e-03
3.346009179949760437e-05
6.329081952571868896e-05
2.642259001731872559e-03
1.465773582458496094e-02
1.240128278732299805e-02
1.680582761764526367e-03
1.804298162460327148e-02
1.591807603836059570e-02
4.314139485359191895e-03
6.309226155281066895e-04
2.070915699005126953e-02
4.136748611927032471e-04
7.596462965011596680e-04
1.238232851028442383e-02
1.859441399574279785e-04
1.587778329849243164e-02
1.617509406059980392e-05
2.345331013202667236e-04
7.907748222351074219e-03
5.573868751525878906e-03
1.520402729511260986e-04
7.344037294387817383e-04
5.169838666915893555e-03
8.215993642807006836e-03
1.608114689588546753e-04
1.271031796932220459e-04
3.995791077613830566e-03
1.620803959667682648e-05
7.178783416748046875e-04
8.693784475326538086e-04
2.814270555973052979e-04
1.775324344635009766e-04
4.303082823753356934e-05
1.635193824768066406e-02
6.620120257139205933e-05
1.085340976715087891e-03
3.455244004726409912e-04
7.348135113716125488e-04
7.635951042175292969e-04
2.563595771789550781e-03
7.807463407516479492e-03
1.974189281463623047e-02
1.488739252090454102e-02
1.549562439322471619e-04
4.363566637039184570e-03
6.721317768096923828e-03
3.096267580986022949e-03
7.622912526130676270e-04
1.377987861633300781e-02
8.264463394880294800e-05
3.308579325675964355e-04
7.160902023315429688e-03
2.303607761859893799e-04
1.359969377517700195e-03
1.638066023588180542e-04
1.043635606765747070e-02
1.584626734256744385e-04
8.179485797882080078e-03
2.870373427867889404e-04
1.728981733322143555e-02
1.845899969339370728e-04
3.524273633956909180e-03
2.625375986099243164e-03
1.405906677246093750e-02
5.422234535217285156e-04
1.609075069427490234e-02
1.785787753760814667e-05
4.278272390365600586e-04
2.310536801815032959e-04
1.562851667404174805e-02
3.498673439025878906e-03
3.701895475387573242e-04
1.044821739196777344e-02
1.041555404663085938e-02
1.079076901078224182e-05
1.210397481918334961e-02
5.326373502612113953e-05
2.923421561717987061e-04
6.567537784576416016e-04
1.449400186538696289e-02
1.473462581634521484e-02
1.366269588470458984e-02
1.255482435226440430e-02
1.268625259399414062e-02
3.764748573303222656e-03
1.538395881652832031e-02
5.819089710712432861e-05
4.171490669250488281e-03
7.544085383415222168e-04
3.374821972101926804e-06
1.245075464248657227e-02
7.344316691160202026e-05
1.130729913711547852e-02
1.082003116607666016e-03
9.542331099510192871e-05
5.739778280258178711e-04
2.092078328132629395e-03
1.847676932811737061e-03
2.429485321044921875e-03
1.092612743377685547e-02
1.283782720565795898e-02
3.559999167919158936e-04
6.871402263641357422e-03
6.557814776897430420e-05
9.004235267639160156e-03
5.027875304222106934e-04
1.505184173583984375e-02
4.481822252273559570e-03
4.857480525970458984e-04
1.895010471343994141e-03
1.698592677712440491e-05
1.326990127563476562e-02
3.020435571670532227e-03
1.018959283828735352e-02
2.752363681793212891e-03
9.875655174255371094e-03
4.964053630828857422e-03
2.194583415985107422e-03
1.101851463317871094e-03
4.119217395782470703e-03
4.930585622787475586e-03
1.292890310287475586e-02
5.630940198898315430e-03
1.799292862415313721e-03
1.303255558013916016e-02
1.395866274833679199e-03
1.167058944702148438e-04
1.433044672012329102e-04
1.492965221405029297e-02
4.306465387344360352e-03
6.690323352813720703e-03
9.259134531021118164e-04
2.225786447525024414e-03
1.240617036819458008e-02
5.583167076110839844e-04
5.066692829132080078e-04
1.798242330551147461e-03
7.213745266199111938e-05
6.676375865936279297e-03
1.421397924423217773e-02
4.221014678478240967e-04
1.359000802040100098e-03
7.797218859195709229e-05
2.860277891159057617e-04
1.008033752441406250e-02
4.559010267257690430e-05
8.938103914260864258e-03
1.273465156555175781e-02
7.138788700103759766e-03
7.882654666900634766e-03
1.795309782028198242e-02
8.712828159332275391e-03
1.181077957153320312e-02
1.654070615768432617e-02
9.078949689865112305e-03
3.947079181671142578e-03
3.475701808929443359e-02
1.122273504734039307e-03
2.256006002426147461e-03
8.321367204189300537e-05
1.134765148162841797e-02
2.278491854667663574e-03
1.901090145111083984e-02
5.261376500129699707e-04
2.452321350574493408e-04
4.512583836913108826e-05
2.124756574630737305e-02
2.218727022409439087e-04
4.077628254890441895e-04
1.684063673019409180e-02
2.162694931030273438e-03
2.908110618591308594e-03
1.088157296180725098e-03
1.648509502410888672e-02
1.145458221435546875e-02
1.646023988723754883e-02
5.636543035507202148e-03
1.136359572410583496e-02
3.367334604263305664e-03
4.244130104780197144e-05
1.786947250366210938e-04
4.103798419237136841e-04
9.899735450744628906e-04
1.709625124931335449e-03
4.958301782608032227e-03
2.135476097464561462e-05
1.386217772960662842e-04
5.004197359085083008e-03
9.738564491271972656e-03
1.785345375537872314e-05
6.030350923538208008e-04
1.083105802536010742e-03
8.249431848526000977e-04
1.661516726016998291e-04
2.884566783905029297e-04
8.054673671722412109e-03
1.209163665771484375e-02
7.935613393783569336e-04
4.817128181457519531e-03
2.837181091308593750e-02
1.558428630232810974e-05
7.236480712890625000e-03
5.935698747634887695e-03
1.343888044357299805e-02
1.889318227767944336e-02
1.231241226196289062e-02
1.727730035781860352e-03
3.276914358139038086e-04
1.293748617172241211e-03
2.455152571201324463e-05
9.057596325874328613e-04
6.359517574310302734e-04
1.357132196426391602e-02
3.083002567291259766e-02
3.121420741081237793e-03
1.039132475852966309e-02
4.640361294150352478e-05
1.709699630737304688e-03
5.183339118957519531e-03
1.808881759643554688e-02
4.165381193161010742e-03
2.294170856475830078e-02
3.425806760787963867e-03
1.928067207336425781e-02
1.546037197113037109e-02
1.968234777450561523e-02
7.569849491119384766e-03
1.369512081146240234e-02
7.258296012878417969e-03
9.142458438873291016e-03
5.767643451690673828e-04
1.857918500900268555e-02
1.429766416549682617e-04
2.652127295732498169e-04
1.662820577621459961e-03
3.352900967001914978e-05
1.184833049774169922e-02
1.721875742077827454e-04
8.831918239593505859e-05
7.124543190002441406e-03
4.518359899520874023e-03
9.806156158447265625e-03
7.898628711700439453e-03
1.422679424285888672e-02
3.977000713348388672e-03
6.748735904693603516e-03
2.080440521240234375e-02
1.482386142015457153e-04
2.749860286712646484e-03
2.982199192047119141e-03
1.554284244775772095e-04
3.908053040504455566e-04
9.555369615554809570e-04
4.368931055068969727e-03
8.142471313476562500e-03
8.884578943252563477e-03
2.846240997314453125e-03
3.493010997772216797e-03
7.743239402770996094e-03
9.903609752655029297e-03
5.530044436454772949e-04
3.217868506908416748e-04
3.403536975383758545e-04
4.371665418148040771e-04
2.956055104732513428e-04
1.111179590225219727e-02
2.529382705688476562e-03
1.077458262443542480e-03
8.828118443489074707e-04
1.934909820556640625e-02
2.623558044433593750e-03
5.059599876403808594e-03
5.475059151649475098e-04
1.069045066833496094e-02
1.200389862060546875e-02
3.755360841751098633e-03
8.768290281295776367e-03
1.088604331016540527e-03
4.041716456413269043e-04
9.812355041503906250e-03
4.868537187576293945e-03
2.227723598480224609e-03
2.072185277938842773e-03
1.265460252761840820e-02
6.052404642105102539e-04
2.101957798004150391e-03
4.248678684234619141e-03
2.587363123893737793e-03
1.342236995697021484e-03
2.579712867736816406e-02
1.002770662307739258e-02
4.147678613662719727e-03
5.319178104400634766e-03
1.698657870292663574e-03
1.558005809783935547e-03
1.012974977493286133e-02
4.082061350345611572e-04
2.017557621002197266e-03
1.712739467620849609e-03
1.474581658840179443e-04
2.150124311447143555e-02
3.492772579193115234e-03
6.991416215896606445e-03
1.862221956253051758e-02
1.235020160675048828e-02
2.579659223556518555e-03
2.179834991693496704e-04
3.216981887817382812e-03
8.276924490928649902e-04
6.417214870452880859e-03
1.284825801849365234e-02
7.827162742614746094e-03
2.094700932502746582e-03
1.880258321762084961e-03
1.215654611587524414e-02
3.308296203613281250e-03
1.437216997146606445e-02
4.751548171043395996e-03
8.296251296997070312e-03
6.963431835174560547e-03
1.403484493494033813e-04
2.301812171936035156e-03
4.606068134307861328e-03
2.228409051895141602e-03
2.826109528541564941e-03
1.635068655014038086e-02
1.421588659286499023e-02
1.772254705429077148e-02
1.729652285575866699e-04
3.553569316864013672e-03
2.438819408416748047e-02
1.444987952709197998e-03
1.607900857925415039e-02
1.893676817417144775e-04
2.925917506217956543e-04
9.974122047424316406e-03
6.410658359527587891e-03
7.863938808441162109e-03
7.296860218048095703e-03
7.020086050033569336e-03
1.684948801994323730e-04
6.709456443786621094e-03
1.292601227760314941e-03
1.399755477905273438e-03
4.206411540508270264e-04
9.421586990356445312e-03
1.660004258155822754e-03
2.058100700378417969e-02
1.346930861473083496e-03
6.286293268203735352e-03
1.866447925567626953e-02
3.536827862262725830e-04
1.433002948760986328e-02
7.491558790206909180e-05
7.115397602319717407e-05
1.871913671493530273e-03
2.266585826873779297e-03
1.172411441802978516e-02
1.287645101547241211e-02
9.769082069396972656e-03
3.914624452590942383e-03
1.488411426544189453e-02
5.770653486251831055e-03
1.149308681488037109e-02
1.559674739837646484e-02
1.758778095245361328e-02
1.467335224151611328e-02
1.131373643875122070e-02
1.957267522811889648e-03
2.898275852203369141e-03
1.387447118759155273e-04
4.969909787178039551e-04
1.581478118896484375e-02
1.098081469535827637e-03
4.794239997863769531e-03
9.178593754768371582e-04
5.839169025421142578e-04
2.444103360176086426e-03
2.309288829565048218e-04
2.618715167045593262e-03
2.871267497539520264e-04
2.329206466674804688e-02
4.047676920890808105e-04
1.942014694213867188e-02
7.711574435234069824e-04
7.612556219100952148e-04
7.737055420875549316e-04
3.218561410903930664e-03
5.401708185672760010e-04
2.549517154693603516e-02
1.660987734794616699e-03
4.857450723648071289e-03
1.467734575271606445e-03
1.273676753044128418e-04
1.723921298980712891e-02
1.185953617095947266e-02
4.088319838047027588e-04
4.101812839508056641e-03
3.798276185989379883e-03
3.822028636932373047e-03
1.423668861389160156e-02
1.515835523605346680e-03
5.595803260803222656e-03
2.796477079391479492e-02
7.147490978240966797e-04
5.911231040954589844e-03
1.398092508316040039e-02
8.005872368812561035e-04
6.248772144317626953e-03
1.195132732391357422e-03
1.415300369262695312e-02
4.064500331878662109e-03
9.421557188034057617e-03
3.423228859901428223e-03
1.719757914543151855e-03
1.124329864978790283e-04
3.249775618314743042e-04
7.298648357391357422e-03
8.834391832351684570e-03
4.543513059616088867e-04
1.863539218902587891e-02
6.993561983108520508e-04
2.028346061706542969e-03
5.320971831679344177e-05
3.263950347900390625e-03
1.165127754211425781e-02
1.184828579425811768e-03
6.153643131256103516e-03
4.084676504135131836e-03
2.434253692626953125e-03
6.855800747871398926e-04
6.312280893325805664e-04
1.731161028146743774e-04
1.856997609138488770e-03
6.554961204528808594e-03
3.440424799919128418e-03
4.719406366348266602e-03
1.354074478149414062e-02
3.396838903427124023e-03
6.184935569763183594e-03
3.030598163604736328e-03
3.895193338394165039e-03
1.500862836837768555e-02
3.188997507095336914e-03
1.150980591773986816e-03
1.433694362640380859e-02
8.433032780885696411e-05
2.311952412128448486e-04
1.221287250518798828e-02
1.171045005321502686e-03
1.762676239013671875e-02
2.561837434768676758e-03
2.569183707237243652e-04
1.914608478546142578e-02
5.229890346527099609e-03
1.023873686790466309e-02
6.828904151916503906e-03
6.900727748870849609e-04
3.808885812759399414e-04
1.098966598510742188e-02
9.780764579772949219e-03
6.436228752136230469e-03
1.529008150100708008e-02
7.884263992309570312e-03
1.444184780120849609e-02
1.688245683908462524e-04
9.592294692993164062e-03
4.987139254808425903e-05
4.491984844207763672e-03
1.199913024902343750e-02
1.303218305110931396e-04
4.823029041290283203e-03
5.603060126304626465e-04
3.507643938064575195e-03
8.132401853799819946e-05
9.157121181488037109e-03
1.930981874465942383e-03
1.104724407196044922e-02
2.573609352111816406e-03
5.930572748184204102e-03
1.412823796272277832e-03
1.394456624984741211e-02
1.785412430763244629e-03
1.567798852920532227e-02
2.287238836288452148e-03
1.066684722900390625e-03
6.865829229354858398e-03
9.070992469787597656e-03
1.137614250183105469e-03
9.680509567260742188e-03
1.659816503524780273e-02
1.379571855068206787e-03
7.208079099655151367e-03
2.384150028228759766e-02
2.669334411621093750e-03
2.124309539794921875e-03
1.243889331817626953e-03
8.306056261062622070e-04
2.512037754058837891e-03
4.674673080444335938e-03
7.157683372497558594e-03
1.155549287796020508e-02
4.286244511604309082e-03
5.466550588607788086e-03
1.681125164031982422e-02
1.120436191558837891e-02
2.444589138031005859e-02
7.693886756896972656e-03
6.246209144592285156e-03
2.990394830703735352e-03
4.326939582824707031e-03
1.465961337089538574e-03
6.652653217315673828e-03
2.762138843536376953e-03
9.250715374946594238e-04
7.163345813751220703e-03
1.462382078170776367e-02
1.220554113388061523e-02
6.819441914558410645e-04
1.365876197814941406e-02
8.129119873046875000e-03
6.336659193038940430e-03
2.077019214630126953e-02
2.981603145599365234e-03
8.338466286659240723e-04
2.406030893325805664e-03
1.036959886550903320e-02
3.162510693073272705e-04
1.928880810737609863e-04
4.708558320999145508e-03
1.480937004089355469e-03
8.522123098373413086e-04
2.461940050125122070e-03
5.348950624465942383e-03
1.510597765445709229e-03
2.427399158477783203e-04
1.453533768653869629e-04
1.995944976806640625e-02
8.063483983278274536e-05
6.202161312103271484e-03
1.933336257934570312e-02
2.141445875167846680e-03
4.983901977539062500e-03
1.125383377075195312e-02
5.479276180267333984e-03
1.869350671768188477e-03
2.161324024200439453e-03
2.088963985443115234e-03
1.168064773082733154e-03
1.143217086791992188e-03
3.778547048568725586e-03
1.943148672580718994e-04
1.609675586223602295e-03
3.027588129043579102e-03
2.655446529388427734e-03
6.190299987792968750e-03
7.491465657949447632e-05
2.443477511405944824e-03
1.057676970958709717e-03
3.536734730005264282e-04
3.789328038692474365e-04
3.081321716308593750e-03
4.709631204605102539e-03
3.555536270141601562e-03
7.628984749317169189e-04
3.017991781234741211e-03
1.371818780899047852e-02
6.063580513000488281e-03
3.979563713073730469e-03
1.460921764373779297e-02
1.233321428298950195e-02
2.694725990295410156e-04
9.164690971374511719e-03
2.830922603607177734e-03
8.955076336860656738e-04
8.119881153106689453e-03
1.571774482727050781e-04
1.212221384048461914e-02
9.815961122512817383e-03
1.587599515914916992e-02
1.660597324371337891e-02
1.991599798202514648e-03
4.201143980026245117e-03
1.170426607131958008e-02
2.323567867279052734e-03
1.739427447319030762e-03
2.505958080291748047e-03
2.740824222564697266e-02
4.990130662918090820e-03
8.232891559600830078e-03
1.875287294387817383e-02
1.087349653244018555e-02
3.001838922500610352e-03
2.253520488739013672e-02
5.112253129482269287e-04
1.662254333496093750e-02
5.156368017196655273e-03
1.976322382688522339e-04
8.518993854522705078e-04
1.812186092138290405e-04
5.368515849113464355e-04
2.761762589216232300e-04
8.872330188751220703e-03
7.238328456878662109e-03
2.190276980400085449e-03
1.246377360075712204e-05
7.334463298320770264e-04
2.137482166290283203e-03
2.853088080883026123e-04
1.711487770080566406e-02
1.493707299232482910e-03
1.438289880752563477e-03
1.728057861328125000e-02
1.474179327487945557e-03
5.588054656982421875e-03
8.354559540748596191e-04
3.147453069686889648e-03
4.036240279674530029e-04
1.222118735313415527e-03
2.024328708648681641e-02
4.809319972991943359e-03
4.512757062911987305e-03
1.911699771881103516e-03
1.017665863037109375e-02
5.864650011062622070e-04
3.309492021799087524e-04
4.589110612869262695e-03
1.251474022865295410e-03
3.461003303527832031e-03
8.541047573089599609e-04
1.053646206855773926e-03
5.872607231140136719e-03
1.162397861480712891e-02
1.333378255367279053e-03
7.365971803665161133e-03
8.404314517974853516e-03
1.393592357635498047e-02
1.832139492034912109e-02
9.379088878631591797e-04
1.060232520103454590e-03
1.052117347717285156e-02
2.396547794342041016e-02
5.536854267120361328e-03
1.339089870452880859e-02
5.447834730148315430e-03
9.872794151306152344e-03
1.855880022048950195e-03
5.087703466415405273e-03
5.610525608062744141e-03
6.709575653076171875e-03
1.193904876708984375e-02
3.835469484329223633e-03
1.614347100257873535e-03
9.571984410285949707e-04
9.036064147949218750e-04
1.561388373374938965e-03
3.569424152374267578e-03
1.019436120986938477e-02
5.806982517242431641e-03
4.095882177352905273e-03
4.020184278488159180e-03
1.893281936645507812e-02
1.264870166778564453e-02
8.302927017211914062e-04
6.778612732887268066e-04
1.277044415473937988e-03
3.404006361961364746e-03
2.026773989200592041e-03
7.862150669097900391e-03
2.001255750656127930e-02
5.198061466217041016e-03
5.864799022674560547e-03
5.318708717823028564e-04
3.136813640594482422e-03
9.068474173545837402e-04
5.945444107055664062e-03
6.633400917053222656e-03
4.335194826126098633e-03
7.227137684822082520e-04
2.228692173957824707e-03
8.419275283813476562e-03
1.156961917877197266e-02
1.115389168262481689e-03
2.787604928016662598e-03
2.670538425445556641e-02
7.634848356246948242e-03
1.490354537963867188e-03
8.418560028076171875e-04
6.819665431976318359e-03
1.476723700761795044e-04
3.324151039123535156e-03
3.715336322784423828e-03
1.192893832921981812e-04
7.894039154052734375e-03
9.438514709472656250e-03
2.609953284263610840e-03
1.057893037796020508e-03
1.410488039255142212e-04
4.384338855743408203e-03
1.002785563468933105e-02
1.799446344375610352e-02
2.743348479270935059e-03
8.912608027458190918e-04
9.874701499938964844e-03
3.227815032005310059e-04
4.397779703140258789e-04
7.736757397651672363e-04
3.867894411087036133e-03
5.890220403671264648e-03
1.987338066101074219e-03
2.042185515165328979e-04
6.238445639610290527e-04
2.489343285560607910e-03
3.494560718536376953e-03
1.216381788253784180e-03
2.170550823211669922e-02
2.800989896059036255e-04
2.305293083190917969e-02
7.591336965560913086e-03
2.311810851097106934e-03
2.161216735839843750e-02
1.763892173767089844e-02
2.951934933662414551e-03
7.443577051162719727e-04
3.565996885299682617e-04
1.676511764526367188e-02
3.998339176177978516e-03
1.231640577316284180e-03
2.574458718299865723e-03
1.375287771224975586e-03
1.953709125518798828e-02
1.360207796096801758e-03
2.962261438369750977e-03
5.706369876861572266e-03
2.586960792541503906e-03
2.744436264038085938e-03
1.549825072288513184e-03
1.415002346038818359e-02
2.550572156906127930e-03
1.436102390289306641e-02
1.130503416061401367e-02
4.395872354507446289e-03
6.546601653099060059e-04
2.098351716995239258e-03
2.120530605316162109e-02
1.342540979385375977e-02
2.910539507865905762e-03
5.821734666824340820e-04
7.724136114120483398e-03
4.836171865463256836e-04
1.477487385272979736e-03
2.494081854820251465e-04
4.179581999778747559e-03
1.353555917739868164e-02
9.063512086868286133e-03
2.125084400177001953e-03
8.323788642883300781e-04
1.693415641784667969e-02
1.602447032928466797e-02
1.506417989730834961e-02
3.364562988281250000e-03
5.577355623245239258e-04
5.328133702278137207e-04
1.164413988590240479e-03
4.384815692901611328e-03
7.752984762191772461e-03
2.338085323572158813e-04
6.635099649429321289e-03
3.162860870361328125e-03
1.204997301101684570e-02
8.933395147323608398e-04
1.546919345855712891e-02
1.262021064758300781e-02
9.389787912368774414e-03
1.765209436416625977e-02
1.480627059936523438e-02
6.040278822183609009e-05
2.881899476051330566e-03
2.514553070068359375e-02
8.773952722549438477e-04
7.935464382171630859e-03
1.197022199630737305e-02
2.329492568969726562e-02
2.862602472305297852e-03
2.591475844383239746e-03
6.900280714035034180e-04
2.777731418609619141e-02
1.866951584815979004e-03
3.301903605461120605e-03
1.683734357357025146e-03
1.607936620712280273e-02
1.385754346847534180e-02
1.035258173942565918e-03
1.241874694824218750e-02
6.272435188293457031e-03
1.316487789154052734e-02
1.699429750442504883e-02
1.355707645416259766e-03
9.802818298339843750e-03
1.285475492477416992e-02
3.497023135423660278e-05
2.555012702941894531e-03
1.227796077728271484e-02
5.903661251068115234e-03
8.097290992736816406e-05
2.577248960733413696e-04
8.906185626983642578e-03
1.952242851257324219e-02
2.302002906799316406e-02
4.412885755300521851e-04
2.010196447372436523e-03
1.633632183074951172e-02
4.648789763450622559e-04
2.052932977676391602e-04
1.486152410507202148e-03
1.780652999877929688e-02
3.102347254753112793e-03
1.148670911788940430e-02
3.162950277328491211e-03
4.769504070281982422e-03
1.115314662456512451e-04
2.027010917663574219e-02
1.033723354339599609e-02
5.886137485504150391e-03
2.546548843383789062e-03
9.944856166839599609e-03
2.394616603851318359e-03
4.142615944147109985e-05
2.201724052429199219e-02
1.103043556213378906e-03
1.115601509809494019e-03
4.473298788070678711e-03
3.882646560668945312e-03
1.266032457351684570e-03
6.854176521301269531e-03
1.022696495056152344e-02
7.884353399276733398e-04
1.616829633712768555e-02
3.194361925125122070e-04
1.605525612831115723e-03
2.071386575698852539e-02
1.661092042922973633e-03
8.161142468452453613e-04
6.697207689285278320e-03
5.449391901493072510e-04
6.405293941497802734e-03
8.994579315185546875e-03
2.197742462158203125e-02
9.323537349700927734e-03
2.209842205047607422e-03
1.326966285705566406e-02
1.277017593383789062e-02
2.730563282966613770e-03
1.520887017250061035e-03
1.455873250961303711e-02
1.207470893859863281e-02
1.435029506683349609e-02
2.932161092758178711e-03
3.120198845863342285e-03
4.894621670246124268e-04
1.668512821197509766e-03
2.458584308624267578e-02
6.294310092926025391e-03
6.881296634674072266e-03
9.129419922828674316e-04
4.686713218688964844e-03
3.908812999725341797e-03
1.390017569065093994e-04
7.117167115211486816e-04
1.343727111816406250e-02
7.828831672668457031e-03
3.676891326904296875e-03
1.512485742568969727e-02
1.333609223365783691e-03
2.091974020004272461e-03
4.624962806701660156e-03
1.249991357326507568e-03
4.550874233245849609e-03
5.010068416595458984e-03
1.913034915924072266e-02
8.021220564842224121e-04
7.465153932571411133e-03
3.380626440048217773e-04
3.164440393447875977e-03
1.844888925552368164e-02
4.974603652954101562e-04
1.673507690429687500e-02
3.160685300827026367e-03
9.109199047088623047e-03
8.807063102722167969e-03
4.481345415115356445e-03
1.332265138626098633e-02
4.271924495697021484e-03
1.474253833293914795e-03
6.693368777632713318e-05
3.366433084011077881e-04
5.444526672363281250e-03
4.009217023849487305e-03
1.820266246795654297e-02
9.655833244323730469e-03
1.963838934898376465e-03
7.538497447967529297e-04
4.291787743568420410e-03
6.031841039657592773e-03
5.316853523254394531e-03
1.078659296035766602e-02
5.720183253288269043e-05
1.850843429565429688e-03
3.641992807388305664e-03
6.509125232696533203e-04
1.878947019577026367e-02
1.502346992492675781e-02
2.170205116271972656e-03
2.950197085738182068e-05
3.204241394996643066e-03
3.472715616226196289e-03
9.899809956550598145e-04
2.804007381200790405e-04
6.239056587219238281e-03
1.341432332992553711e-03
9.918361902236938477e-04
7.650554180145263672e-04
9.784519672393798828e-03
1.019537448883056641e-03
1.094543933868408203e-02
4.150867462158203125e-03
1.853311061859130859e-02
6.873130798339843750e-03
9.910315275192260742e-04
8.615553379058837891e-03
1.528032124042510986e-03
1.418524980545043945e-02
7.558226585388183594e-03
8.227109909057617188e-03
7.923245429992675781e-04
9.252037853002548218e-05
1.082563400268554688e-02
4.242500290274620056e-05
7.456421852111816406e-03
4.964210093021392822e-04
2.369284629821777344e-03
1.191310584545135498e-03
6.016403436660766602e-03
6.501227617263793945e-04
6.313249468803405762e-04
1.623535156250000000e-02
6.684958934783935547e-03
1.736193895339965820e-03
3.088206052780151367e-03
1.131647825241088867e-02
6.631672382354736328e-03
6.602764129638671875e-03
1.313298940658569336e-03
2.753809094429016113e-03
5.694121122360229492e-03
4.929453134536743164e-04
7.159382104873657227e-03
1.295346021652221680e-02
2.417534589767456055e-03
3.456324338912963867e-03
2.746522426605224609e-03
8.016899228096008301e-04
1.223659515380859375e-02
5.717545747756958008e-03
1.176692545413970947e-03
1.010909676551818848e-03
2.302169799804687500e-03
4.368051886558532715e-04
3.312021493911743164e-03
3.137588500976562500e-03
2.677708864212036133e-03
2.946294844150543213e-04
9.510293602943420410e-05
2.943456172943115234e-03
1.080781221389770508e-04
1.362025737762451172e-03
1.072108745574951172e-03
1.045413315296173096e-03
8.591115474700927734e-03
4.229471087455749512e-04
4.220575094223022461e-03
1.208350062370300293e-03
1.640200614929199219e-03
1.116283237934112549e-04
4.234425723552703857e-04
2.991825342178344727e-03
1.320755109190940857e-05
4.550576210021972656e-03
5.166232585906982422e-03
1.176390796899795532e-04
1.430958509445190430e-03
5.989521741867065430e-04
2.074092626571655273e-04
2.200961112976074219e-03
3.383666276931762695e-03
1.467728614807128906e-02
9.814500808715820312e-03
1.395478844642639160e-03
4.223823547363281250e-03
2.377182245254516602e-04
7.433712482452392578e-03
6.660632789134979248e-05
4.451461136341094971e-04
2.398602664470672607e-04
1.350677013397216797e-02
1.357099972665309906e-05
1.917406916618347168e-03
3.089368343353271484e-03
2.178370952606201172e-03
5.313083529472351074e-04
5.560219287872314453e-03
1.180624961853027344e-02
9.185194969177246094e-03
2.924740314483642578e-03
1.063503324985504150e-03
1.549154520034790039e-03
2.359688282012939453e-03
1.735374331474304199e-03
7.141113281250000000e-03
1.955777406692504883e-03
1.442581415176391602e-03
3.528082743287086487e-05
1.275375485420227051e-03
1.636117696762084961e-03
9.056329727172851562e-03
1.113981008529663086e-03
2.622023224830627441e-03
6.617158651351928711e-04
9.808242321014404297e-04
1.815927028656005859e-02
1.952145248651504517e-05
1.202538609504699707e-03
6.359815597534179688e-04
7.987096905708312988e-04
2.355426549911499023e-04
1.821386814117431641e-02
2.424821257591247559e-03
2.196162939071655273e-03
2.176389098167419434e-04
2.546086907386779785e-03
2.455785870552062988e-03
2.160236239433288574e-03
1.650851964950561523e-02
3.998614847660064697e-04
5.162298679351806641e-03
3.241419792175292969e-03
6.005674600601196289e-03
2.337284386157989502e-04
1.034647226333618164e-02
3.105431795120239258e-03
1.114517450332641602e-02
9.026005864143371582e-04
7.033199071884155273e-04
6.163939833641052246e-04
5.340576171875000000e-05
2.584941685199737549e-04
6.457388401031494141e-03
1.819294691085815430e-02
8.753873407840728760e-05
5.494877696037292480e-04
3.708153963088989258e-04
9.101748466491699219e-03
6.912410259246826172e-03
2.672269940376281738e-03
1.932736486196517944e-04
6.036795675754547119e-04
9.928226470947265625e-03
2.729326486587524414e-03
9.236410260200500488e-04
1.176333427429199219e-02
4.734307527542114258e-03
2.373933792114257812e-03
2.210244536399841309e-03
7.648468017578125000e-04
2.436190843582153320e-03
2.648293972015380859e-03
4.608601331710815430e-03
1.222994178533554077e-04
1.643449068069458008e-02
1.662582159042358398e-03
2.554014325141906738e-03
1.332074403762817383e-03
2.255976200103759766e-03
2.443417906761169434e-04
3.111690282821655273e-03
2.107784152030944824e-03
6.089866161346435547e-03
2.050939947366714478e-04
2.030387520790100098e-03
1.602731645107269287e-04
7.297992706298828125e-04
6.346404552459716797e-04
1.462638378143310547e-03
6.953328847885131836e-03
2.483263611793518066e-03
3.455668687820434570e-03
1.035284996032714844e-02
1.326099038124084473e-03
4.680939018726348877e-04
1.108914613723754883e-03
2.614542841911315918e-03
2.446457743644714355e-03
2.977490425109863281e-03
1.693461090326309204e-04
9.736180305480957031e-03
5.970895290374755859e-04
6.637722253799438477e-04
1.304574310779571533e-03
8.930191397666931152e-04
1.494675874710083008e-03
8.324980735778808594e-03
2.331793308258056641e-03
3.634914755821228027e-04
1.218962669372558594e-02
4.443109035491943359e-03
1.027167309075593948e-05
9.039044380187988281e-04
9.045004844665527344e-04
1.383781433105468750e-02
1.463517546653747559e-03
9.035915136337280273e-04
2.957165241241455078e-03
4.355579614639282227e-03
2.846419811248779297e-03
2.726614475250244141e-04
2.200365066528320312e-03
2.044558525085449219e-03
7.847964763641357422e-03
1.571011543273925781e-02
2.328264713287353516e-02
1.655495725572109222e-05
3.244318068027496338e-04
2.921283245086669922e-03
2.037560939788818359e-02
4.313945770263671875e-03
2.513796091079711914e-03
1.097142696380615234e-02
6.902441382408142090e-04
2.402812242507934570e-05
1.219853758811950684e-03
3.846526145935058594e-03
6.463825702667236328e-04
3.354609012603759766e-03
6.360188126564025879e-04
2.355910837650299072e-04
3.872603178024291992e-03
1.005798578262329102e-03
1.054728031158447266e-02
1.730427145957946777e-03
2.046859264373779297e-02
1.833923161029815674e-04
5.843102931976318359e-03
1.068979501724243164e-03
1.396492123603820801e-03
8.486136794090270996e-04
2.791034057736396790e-05
7.815301418304443359e-03
2.631127834320068359e-03
3.576278686523437500e-04
2.172446250915527344e-02
5.159527063369750977e-03
3.192543983459472656e-03
9.711802005767822266e-03
1.140490174293518066e-03
4.869461059570312500e-03
6.613850593566894531e-03
2.221941947937011719e-03
2.539321780204772949e-03
7.205978035926818848e-04
4.688560962677001953e-03
1.024109125137329102e-02
8.002668619155883789e-04
9.234547615051269531e-04
1.110327243804931641e-02
1.136586070060729980e-03
3.946378827095031738e-03
2.687051892280578613e-03
6.311908364295959473e-04
6.650611758232116699e-04
7.352590560913085938e-03
6.242543458938598633e-04
9.103119373321533203e-03
9.072944521903991699e-04
7.829189300537109375e-03
4.394084215164184570e-03
4.988275468349456787e-04
2.296995371580123901e-04
3.662072122097015381e-04
1.070874929428100586e-02
1.998804509639739990e-04
2.369619905948638916e-04
8.130669593811035156e-04
1.917034387588500977e-05
1.377947628498077393e-03
6.067961454391479492e-03
5.817264318466186523e-04
3.514587879180908203e-04
6.927013397216796875e-03
6.534427404403686523e-03
1.037448644638061523e-02
1.220896840095520020e-03
4.597485065460205078e-03
6.968304514884948730e-04
2.856031060218811035e-04
8.932221680879592896e-05
5.082320421934127808e-05
1.022696495056152344e-02
1.985013484954833984e-03
7.104605436325073242e-03
1.136511564254760742e-03
4.622936248779296875e-04
1.767113804817199707e-03
9.057641029357910156e-03
7.441937923431396484e-04
1.996979117393493652e-03
1.436039805412292480e-03
1.162841916084289551e-03
2.136863768100738525e-04
1.621216535568237305e-03
1.952007412910461426e-03
5.686879158020019531e-04
1.271530985832214355e-03
1.408845186233520508e-02
1.114401966333389282e-04
4.718005657196044922e-03
4.540979862213134766e-04
1.154713332653045654e-03
1.174107193946838379e-03
2.516627311706542969e-03
3.486499190330505371e-04
9.485706686973571777e-04
2.712681889533996582e-04
8.949078619480133057e-05
9.165033698081970215e-04
3.170520067214965820e-04
6.579041481018066406e-03
3.948956727981567383e-04
9.979128837585449219e-03
1.454263925552368164e-03
1.882649958133697510e-04
9.596347808837890625e-03
1.879334449768066406e-03
2.226456999778747559e-04
2.960979938507080078e-03
1.247562468051910400e-04
1.548588275909423828e-03
1.184272766113281250e-02
5.894273519515991211e-03
1.306995749473571777e-03
2.767890691757202148e-04
7.305145263671875000e-04
9.081587195396423340e-04
5.479335784912109375e-03
2.176031470298767090e-03
3.029137849807739258e-03
1.452946662902832031e-02
1.532614231109619141e-03
6.190448999404907227e-03
1.664329320192337036e-04
4.356354475021362305e-04
4.017025232315063477e-03
3.726020455360412598e-03
4.379078745841979980e-05
6.496399641036987305e-03
3.499627113342285156e-03
1.216314733028411865e-03
1.095968484878540039e-02
7.314383983612060547e-03
1.931339502334594727e-03
3.489740192890167236e-04
1.873418688774108887e-03
1.001499593257904053e-03
5.506016314029693604e-04
1.587986946105957031e-03
1.732155680656433105e-03
1.186174154281616211e-02
3.076419234275817871e-04
1.475435495376586914e-02
1.782029867172241211e-02
7.097572088241577148e-04
8.244663476943969727e-04
1.228600740432739258e-03
2.693431451916694641e-05
2.378001809120178223e-04
1.474416255950927734e-02
1.401826739311218262e-04
7.236212491989135742e-03
1.335218548774719238e-03
8.930042386054992676e-04
5.724560469388961792e-05
1.089775562286376953e-02
2.126812934875488281e-03
2.014756202697753906e-03
4.334062337875366211e-03
5.247592926025390625e-04
2.543199807405471802e-04
4.173129796981811523e-03
5.477815866470336914e-03
9.609013795852661133e-04
7.263794541358947754e-04
1.226872205734252930e-02
3.663897514343261719e-04
1.580730080604553223e-03
1.678574085235595703e-02
3.941863775253295898e-03
2.166833728551864624e-04
3.928989171981811523e-03
1.088634133338928223e-03
3.319859504699707031e-03
6.704553961753845215e-04
1.454782485961914062e-02
2.024903893470764160e-03
1.225128769874572754e-03
9.503304958343505859e-03
3.545451909303665161e-05
6.701499223709106445e-04
7.710456848144531250e-04
2.307415008544921875e-03
5.263268947601318359e-03
7.624089717864990234e-03
1.396143436431884766e-02
2.124607563018798828e-04
1.655268669128417969e-02
1.048779487609863281e-02
8.209496736526489258e-04
6.471127271652221680e-03
1.292554661631584167e-04
6.358996033668518066e-04
1.086103916168212891e-02
2.417176961898803711e-03
9.835004806518554688e-03
6.051138043403625488e-04
9.111583232879638672e-03
6.352365016937255859e-04
1.007206737995147705e-03
9.758532047271728516e-03
1.509457826614379883e-02
1.028132438659667969e-02
3.619641065597534180e-03
9.151846170425415039e-04
9.291172027587890625e-03
5.617663264274597168e-04
2.109587192535400391e-03
6.184279918670654297e-04
1.164704561233520508e-03
8.709430694580078125e-03
1.696228981018066406e-03
9.448267519474029541e-05
3.672018647193908691e-04
2.382546663284301758e-03
1.315370202064514160e-03
3.733724355697631836e-03
1.847058534622192383e-03
4.993289709091186523e-03
4.524260759353637695e-03
3.090500831604003906e-03
1.586124300956726074e-03
1.332581043243408203e-03
5.225211381912231445e-03
6.854653358459472656e-03
2.174079418182373047e-03
5.521550774574279785e-04
0.000000000000000000e+00
0.000000000000000000e+00
0.000000000000000000e+00
0.000000000000000000e+00
0.000000000000000000e+00
0.000000000000000000e+00
0.000000000000000000e+00
0.000000000000000000e+00
0.000000000000000000e+00
0.000000000000000000e+00
0.000000000000000000e+00
0.000000000000000000e+00
0.000000000000000000e+00
0.000000000000000000e+00
0.000000000000000000e+00
0.000000000000000000e+00
0.000000000000000000e+00
0.000000000000000000e+00
0.000000000000000000e+00
0.000000000000000000e+00
0.000000000000000000e+00
0.000000000000000000e+00
0.000000000000000000e+00
0.000000000000000000e+00
0.000000000000000000e+00
0.000000000000000000e+00
0.000000000000000000e+00
0.000000000000000000e+00
0.000000000000000000e+00
0.000000000000000000e+00
0.000000000000000000e+00
0.000000000000000000e+00
0.000000000000000000e+00
0.000000000000000000e+00
0.000000000000000000e+00
0.000000000000000000e+00
0.000000000000000000e+00
0.000000000000000000e+00
0.000000000000000000e+00
0.000000000000000000e+00
