3.081001341342926025e-04
2.109050750732421875e-02
1.598626375198364258e-02
8.923292160034179688e-03
1.459515094757080078e-02
1.020634174346923828e-02
1.486778259277343750e-03
1.068148761987686157e-03
3.570467233657836914e-03
1.888230443000793457e-03
1.277369260787963867e-02
6.639547646045684814e-04
3.952383995056152344e-03
1.059913635253906250e-02
3.688549622893333435e-05
1.274752616882324219e-02
1.171857118606567383e-02
5.413442850112915039e-03
7.887780666351318359e-03
2.704963088035583496e-03
2.768978476524353027e-03
1.412224769592285156e-02
1.565611362457275391e-02
7.601976394653320312e-03
5.061984062194824219e-03
5.771070718765258789e-04
1.465868949890136719e-02
2.738311886787414551e-03
6.569862365722656250e-03
1.697170734405517578e-02
6.458302959799766541e-05
2.413420006632804871e-04
1.558130979537963867e-02
7.972214370965957642e-05
4.994690418243408203e-03
2.629995346069335938e-03
1.224103569984436035e-02
1.828902959823608398e-02
6.391793489456176758e-03
8.578225970268249512e-04
2.559351921081542969e-02
2.432227134704589844e-02
3.600224852561950684e-03
1.507341861724853516e-03
1.509681344032287598e-03
3.777027130126953125e-03
1.931828260421752930e-02
2.210617065429687500e-03
4.263281822204589844e-03
3.801226615905761719e-02
5.354523658752441406e-03
6.881803274154663086e-04
1.896941661834716797e-02
1.879525184631347656e-02
6.105229258537292480e-04
2.125144004821777344e-03
1.673954725265502930e-02
8.367933332920074463e-04
3.564268350601196289e-03
6.985843181610107422e-03
1.163524389266967773e-02
1.034021377563476562e-02
4.159763455390930176e-03
6.235167384147644043e-03
1.920533180236816406e-02
1.367777585983276367e-03
3.974121063947677612e-04
1.129180192947387695e-02
2.749979496002197266e-03
2.336877584457397461e-02
2.290189266204833984e-03
9.260177612304687500e-04
1.686871051788330078e-03
1.051664352416992188e-03
9.142905473709106445e-04
3.746431320905685425e-05
3.805756568908691406e-04
3.378435969352722168e-03
1.784965395927429199e-03
2.613556385040283203e-02
6.610810756683349609e-03
1.024794578552246094e-02
3.792464733123779297e-03
2.207428216934204102e-03
1.956057548522949219e-02
1.790833473205566406e-02
2.561211585998535156e-03
1.272246241569519043e-03
3.971278667449951172e-03
2.051949501037597656e-03
2.221494913101196289e-03
1.194816827774047852e-02
2.313047647476196289e-03
2.307385206222534180e-03
6.670728325843811035e-04
3.409564495086669922e-03
7.949352264404296875e-03
1.881551742553710938e-02
1.027846336364746094e-02
1.237231492996215820e-02
5.730450153350830078e-03
3.238283097743988037e-04
1.381404697895050049e-03
3.941267728805541992e-03
1.159703731536865234e-02
5.067177116870880127e-04
1.558154821395874023e-02
7.575064897537231445e-03
9.188532829284667969e-03
5.675246939063072205e-05
1.115866005420684814e-03
2.454650402069091797e-02
1.086119562387466431e-03
1.208394765853881836e-02
1.381263136863708496e-04
7.072761654853820801e-04
3.824055194854736328e-03
2.112227678298950195e-02
1.180937886238098145e-02
2.968241460621356964e-05
2.851754426956176758e-03
6.542325019836425781e-03
1.436375081539154053e-03
1.544791460037231445e-02
2.816483378410339355e-03
4.648398607969284058e-04
3.915905952453613281e-03
2.239972352981567383e-02
6.497740745544433594e-03
2.334630489349365234e-02
2.098697423934936523e-02
1.252189278602600098e-03
1.267328858375549316e-03
5.748569965362548828e-04
1.014009118080139160e-03
1.126277446746826172e-02
8.631199598312377930e-03
7.393747568130493164e-03
2.202659845352172852e-02
2.260893583297729492e-03
1.332610845565795898e-04
1.705753803253173828e-02
2.073341608047485352e-02
4.870176315307617188e-03
9.785890579223632812e-03
6.270468235015869141e-03
1.194006204605102539e-02
7.732868194580078125e-03
9.938105940818786621e-04
8.425354957580566406e-03
3.330218791961669922e-02
1.922851800918579102e-02
8.632019162178039551e-04
1.860749721527099609e-02
1.644778251647949219e-02
9.057283401489257812e-03
5.709320306777954102e-03
2.568289637565612793e-03
9.701922535896301270e-04
5.075722932815551758e-03
8.118823170661926270e-04
4.663497209548950195e-03
1.065991818904876709e-03
1.471042633056640625e-02
1.465600728988647461e-02
1.107960939407348633e-02
2.062582969665527344e-02
2.287164330482482910e-03
2.216976881027221680e-02
2.169859409332275391e-02
4.329793155193328857e-04
3.157937526702880859e-02
1.010693609714508057e-03
1.559537649154663086e-02
1.168948411941528320e-02
1.608997583389282227e-03
1.694819331169128418e-02
2.053603529930114746e-04
1.067167520523071289e-02
4.616566002368927002e-04
3.130167722702026367e-03
6.233528256416320801e-04
2.530181407928466797e-02
1.155418157577514648e-02
9.475350379943847656e-03
4.572182893753051758e-03
2.096533775329589844e-03
1.587048172950744629e-03
1.898336410522460938e-02
1.968219876289367676e-03
1.408576965332031250e-02
4.829421639442443848e-03
3.164000809192657471e-04
2.862882614135742188e-02
2.292513847351074219e-03
1.351282000541687012e-03
3.612414002418518066e-03
2.061510086059570312e-02
1.065763831138610840e-02
1.606427133083343506e-03
1.253151893615722656e-02
9.578526020050048828e-03
1.574298366904258728e-04
1.678451895713806152e-03
1.929175853729248047e-02
1.901030540466308594e-03
1.095545291900634766e-02
5.260556936264038086e-04
2.454680204391479492e-02
1.970171928405761719e-02
6.589770317077636719e-03
8.570432662963867188e-03
2.348631620407104492e-03
1.317858695983886719e-02
3.186032176017761230e-03
2.675503492355346680e-03
1.514327526092529297e-02
7.615953683853149414e-03
7.994681596755981445e-03
1.470381021499633789e-02
1.645177602767944336e-03
2.353414893150329590e-04
3.044658899307250977e-02
7.463693618774414062e-03
1.986093819141387939e-03
2.080130577087402344e-02
1.112359762191772461e-02
2.752497792243957520e-03
3.250584006309509277e-03
3.338754177093505859e-04
2.284580469131469727e-02
2.466246485710144043e-03
3.248602151870727539e-03
8.961260318756103516e-04
9.285628795623779297e-03
9.075909852981567383e-03
3.761649131774902344e-03
1.150995492935180664e-02
1.700460910797119141e-03
7.080793380737304688e-03
1.942592859268188477e-02
1.173532009124755859e-02
1.079641282558441162e-03
1.515614986419677734e-02
1.278293132781982422e-02
4.836916923522949219e-03
5.750417709350585938e-03
9.023100137710571289e-03
1.106694340705871582e-03
1.760882139205932617e-02
2.403271198272705078e-02
6.452232599258422852e-03
3.796353936195373535e-03
3.133982419967651367e-03
1.006168127059936523e-02
2.198648452758789062e-02
5.261197686195373535e-03
2.634972333908081055e-03
1.662868261337280273e-02
1.206755638122558594e-03
5.965232849121093750e-04
2.154630422592163086e-02
3.835827112197875977e-03
8.148223161697387695e-03
1.536285877227783203e-02
1.124984025955200195e-02
1.754498481750488281e-02
2.013653516769409180e-02
2.753078937530517578e-03
2.742296457290649414e-02
8.841753005981445312e-03
1.495879888534545898e-02
1.504473388195037842e-03
1.179528236389160156e-02
1.781392097473144531e-02
9.683191776275634766e-03
1.804962754249572754e-03
2.773460000753402710e-04
1.252853870391845703e-02
2.885493449866771698e-05
2.172124385833740234e-02
1.551604270935058594e-02
5.661487579345703125e-03
1.347512006759643555e-04
3.879606723785400391e-03
1.577645540237426758e-03
1.025140285491943359e-03
2.360623329877853394e-05
2.522796392440795898e-03
5.065530538558959961e-03
5.066171288490295410e-04
2.083283662796020508e-02
4.182979464530944824e-03
1.801833510398864746e-03
2.335894107818603516e-02
3.181010484695434570e-03
1.460409164428710938e-02
3.563851118087768555e-03
3.774240612983703613e-03
1.385152339935302734e-02
3.486260771751403809e-03
5.515486001968383789e-03
4.115030169486999512e-04
1.024872064590454102e-02
2.746596932411193848e-03
1.130545139312744141e-02
2.946391701698303223e-03
4.754871129989624023e-03
5.677223205566406250e-03
2.146887779235839844e-02
1.887798309326171875e-03
1.240664720535278320e-02
1.720651984214782715e-03
1.074290275573730469e-02
1.169040799140930176e-03
1.977598667144775391e-02
2.258047461509704590e-03
5.912706255912780762e-04
2.253614366054534912e-04
8.174031972885131836e-03
3.236144781112670898e-03
2.200730144977569580e-03
7.359266281127929688e-03
1.529961824417114258e-03
4.025682806968688965e-03
1.548689603805541992e-02
1.779627799987792969e-02
5.856037139892578125e-03
6.039530038833618164e-03
2.651847898960113525e-04
1.201808452606201172e-03
2.345100045204162598e-03
5.214616656303405762e-03
8.651375770568847656e-03
1.712536811828613281e-02
1.490068435668945312e-02
1.336437463760375977e-02
9.332746267318725586e-03
8.514374494552612305e-04
1.137323677539825439e-03
4.506558179855346680e-04
3.951638936996459961e-04
1.989126205444335938e-02
2.201253175735473633e-02
7.551729679107666016e-03
7.240623235702514648e-03
2.728581428527832031e-03
9.751468896865844727e-04
1.181906461715698242e-02
7.452130317687988281e-03
1.849067211151123047e-02
5.167424678802490234e-03
2.873396873474121094e-02
1.373118162155151367e-02
2.183449268341064453e-02
6.363421678543090820e-03
1.431977748870849609e-02
4.456900060176849365e-04
2.709913253784179688e-02
6.929755210876464844e-03
2.733573317527770996e-03
1.829963922500610352e-02
2.402607351541519165e-04
1.840278506278991699e-03
7.226727902889251709e-04
5.012024194002151489e-04
1.112252473831176758e-03
1.191236078739166260e-04
6.706386804580688477e-03
1.745367050170898438e-02
1.147724688053131104e-03
6.055891513824462891e-03
4.085385799407958984e-02
4.338775761425495148e-05
4.795268177986145020e-04
1.620640978217124939e-04
1.535657793283462524e-04
2.841299772262573242e-02
1.731824874877929688e-02
1.419079303741455078e-02
2.598389983177185059e-04
2.384424209594726562e-03
2.400296926498413086e-02
2.012264728546142578e-02
2.316457033157348633e-02
7.743500173091888428e-04
1.061564683914184570e-02
2.224290370941162109e-02
2.043116092681884766e-02
1.139447093009948730e-03
1.139137893915176392e-04
5.280613899230957031e-03
1.090776920318603516e-02
1.558220386505126953e-02
1.720762252807617188e-02
5.567610263824462891e-03
1.595842838287353516e-02
1.984024047851562500e-02
3.173723816871643066e-04
1.737272739410400391e-02
2.228581905364990234e-02
2.097234129905700684e-03
7.641941308975219727e-03
4.869669675827026367e-03
1.444482803344726562e-02
1.049101352691650391e-03
1.002468168735504150e-03
1.624375581741333008e-02
3.885149955749511719e-03
1.837074756622314453e-02
1.868739724159240723e-03
3.305356949567794800e-04
1.419223845005035400e-04
2.049326896667480469e-02
6.867572665214538574e-05
7.780790328979492188e-04
1.288928091526031494e-03
2.130115032196044922e-02
1.165606081485748291e-03
2.464735507965087891e-02
2.875745296478271484e-02
3.356747329235076904e-04
2.861845493316650391e-02
1.388514041900634766e-02
1.025104522705078125e-02
3.722548484802246094e-03
2.308022230863571167e-04
2.556419372558593750e-02
6.907768547534942627e-04
7.564648985862731934e-04
3.297406435012817383e-02
9.666502475738525391e-03
1.097884774208068848e-02
6.146252155303955078e-03
1.570314168930053711e-02
1.632803678512573242e-02
1.072786748409271240e-03
1.498514413833618164e-02
1.158505678176879883e-02
3.328956663608551025e-04
2.548545598983764648e-04
1.829332113265991211e-02
5.090892314910888672e-03
2.032183110713958740e-04
8.636862039566040039e-04
1.864784955978393555e-02
9.061187505722045898e-03
3.552436828613281250e-03
1.196444034576416016e-02
2.385622262954711914e-02
1.341795921325683594e-02
2.250826358795166016e-02
2.828627824783325195e-02
1.871451735496520996e-03
2.654588222503662109e-02
2.695128321647644043e-03
1.678436994552612305e-03
1.464113593101501465e-04
2.545237541198730469e-03
8.427649736404418945e-04
2.272918820381164551e-03
1.125299930572509766e-02
2.465331554412841797e-02
1.638680696487426758e-04
1.347877085208892822e-03
3.210864961147308350e-04
2.608373761177062988e-04
2.233314514160156250e-02
1.765608787536621094e-02
1.825466752052307129e-04
2.239495515823364258e-02
4.275411367416381836e-03
2.377808094024658203e-02
2.514854073524475098e-03
1.075915992259979248e-03
1.991873979568481445e-02
1.219220459461212158e-03
1.481121778488159180e-02
2.098107337951660156e-02
2.121441066265106201e-04
4.825085401535034180e-03
1.659840345382690430e-03
4.908349364995956421e-05
2.000033855438232422e-02
9.309440851211547852e-03
8.588671684265136719e-03
1.964235305786132812e-02
2.532744407653808594e-02
1.269385218620300293e-03
1.754045486450195312e-02
2.150964736938476562e-02
1.953792572021484375e-02
1.301205158233642578e-02
7.784217596054077148e-04
1.237384974956512451e-03
2.541208267211914062e-02
1.461505889892578125e-04
2.933479845523834229e-04
1.570987701416015625e-02
2.783834934234619141e-03
5.395971238613128662e-04
2.083569765090942383e-03
2.271187305450439453e-02
2.202838659286499023e-02
1.509654521942138672e-02
4.474028944969177246e-03
1.509857177734375000e-02
1.639313995838165283e-04
6.017446517944335938e-03
1.604413986206054688e-02
3.423780202865600586e-03
2.701915800571441650e-04
7.905485108494758606e-05
3.278374671936035156e-02
1.230132579803466797e-02
1.237142086029052734e-02
2.731573581695556641e-02
2.824676036834716797e-02
2.236676216125488281e-02
3.203265368938446045e-04
2.481329441070556641e-02
3.396111726760864258e-02
5.944669246673583984e-03
1.933664083480834961e-03
8.676677942276000977e-03
5.723118782043457031e-03
2.364015579223632812e-02
2.767860889434814453e-02
1.639795303344726562e-02
3.247761726379394531e-02
6.049752235412597656e-03
1.833546161651611328e-02
2.440917491912841797e-02
1.464575529098510742e-03
2.506101131439208984e-02
4.150360822677612305e-03
5.218982696533203125e-03
8.228778839111328125e-03
8.435338735580444336e-03
4.687011241912841797e-04
1.578800380229949951e-03
1.710337400436401367e-02
1.402890682220458984e-02
2.430886030197143555e-03
2.156895399093627930e-02
2.200588583946228027e-03
2.043843269348144531e-02
5.111992359161376953e-03
9.581208229064941406e-03
2.208828926086425781e-02
1.099981367588043213e-03
7.247086614370346069e-05
6.379932165145874023e-04
3.517448902130126953e-03
9.458839893341064453e-03
3.731310367584228516e-03
1.118555665016174316e-04
1.792240142822265625e-02
5.654152482748031616e-05
4.761785268783569336e-03
2.486014366149902344e-02
2.066791057586669922e-04
2.467587590217590332e-03
1.497876644134521484e-02
1.276135444641113281e-03
1.899063587188720703e-02
2.128195762634277344e-02
5.938149988651275635e-04
3.698794171214103699e-05
4.776678979396820068e-04
2.041232585906982422e-02
1.324570178985595703e-02
9.036064147949218750e-03
5.286410450935363770e-04
2.702444791793823242e-02
2.319180965423583984e-02
2.975440025329589844e-02
2.469646930694580078e-02
4.176229238510131836e-03
4.765796661376953125e-02
6.613790988922119141e-03
2.867770195007324219e-02
4.392378032207489014e-04
2.215498685836791992e-02
1.418620347976684570e-02
1.900590956211090088e-03
1.769733428955078125e-02
1.798820495605468750e-02
1.169118285179138184e-02
1.574987173080444336e-02
1.627095043659210205e-03
4.224665462970733643e-05
1.301497220993041992e-03
1.592431217432022095e-04
5.699455738067626953e-03
1.139301061630249023e-02
3.532302379608154297e-02
2.527590841054916382e-04
1.670455932617187500e-02
2.611374855041503906e-02
5.132585763931274414e-03
3.861606121063232422e-03
1.194879412651062012e-03
3.782838582992553711e-03
1.346451044082641602e-02
5.512498319149017334e-04
2.053821086883544922e-02
1.046638935804367065e-03
2.309864759445190430e-02
2.940034866333007812e-02
1.309639215469360352e-02
5.737036466598510742e-03
2.754211425781250000e-02
3.365921974182128906e-02
2.874898910522460938e-02
1.140433549880981445e-02
1.727360486984252930e-02
2.694055438041687012e-04
1.548337936401367188e-02
1.840972900390625000e-02
6.954997777938842773e-03
9.439885616302490234e-05
5.275487899780273438e-03
2.534371614456176758e-02
2.343371510505676270e-03
4.118943214416503906e-02
1.037073135375976562e-02
3.968089818954467773e-03
1.358896493911743164e-02
1.798108220100402832e-03
9.223818778991699219e-03
2.392791211605072021e-04
1.392936706542968750e-02
2.018356323242187500e-02
4.113912582397460938e-03
4.682391881942749023e-03
2.263158559799194336e-02
2.736300230026245117e-04
1.668184995651245117e-03
1.112866401672363281e-02
2.552457153797149658e-04
1.989752054214477539e-03
7.159948348999023438e-03
3.065109252929687500e-03
1.170665025711059570e-02
5.692755803465843201e-05
2.299648523330688477e-02
3.479230403900146484e-02
7.292151451110839844e-03
4.702545702457427979e-04
1.607644557952880859e-02
4.622824490070343018e-04
8.181095123291015625e-03
1.332420110702514648e-02
6.846189498901367188e-04
1.474285125732421875e-02
6.870269775390625000e-03
4.528053104877471924e-04
3.165602684020996094e-03
2.342569828033447266e-02
1.414194703102111816e-03
2.839088439941406250e-03
1.059365272521972656e-02
1.331809908151626587e-04
7.945206016302108765e-05
1.084849238395690918e-03
5.622178316116333008e-03
1.206755638122558594e-03
2.333253622055053711e-03
3.960561752319335938e-02
1.177632808685302734e-02
2.867269515991210938e-02
2.098023891448974609e-02
3.007280826568603516e-02
1.877136528491973877e-04
3.643363714218139648e-03
6.002575159072875977e-03
1.309206709265708923e-05
2.848279476165771484e-02
4.324167966842651367e-04
2.059948444366455078e-02
2.646672725677490234e-02
2.110257744789123535e-03
2.078449726104736328e-02
1.649999618530273438e-02
1.437437534332275391e-02
3.345549106597900391e-03
4.467070102691650391e-03
3.286099433898925781e-02
1.299589872360229492e-03
8.693158626556396484e-03
9.218811988830566406e-03
1.551032066345214844e-03
3.565475344657897949e-04
1.589083671569824219e-02
3.299117088317871094e-04
1.816225051879882812e-02
2.928555011749267578e-03
3.289384767413139343e-05
3.477111458778381348e-04
2.625012397766113281e-02
2.801370620727539062e-02
2.622276544570922852e-03
2.816438674926757812e-02
8.772432804107666016e-03
1.922017335891723633e-02
3.628313541412353516e-02
2.917587757110595703e-03
7.662653923034667969e-03
1.463419198989868164e-02
1.879874616861343384e-05
8.428514003753662109e-03
1.676172018051147461e-03
3.577232360839843750e-03
7.051564753055572510e-04
1.022875308990478516e-02
2.334421873092651367e-02
1.366877555847167969e-02
2.400085330009460449e-03
7.034152746200561523e-03
1.197296380996704102e-02
1.481097936630249023e-02
1.076209545135498047e-02
4.064366221427917480e-04
2.611234784126281738e-03
1.175992190837860107e-03
1.647844910621643066e-04
5.752779543399810791e-05
2.552643418312072754e-03
1.970618963241577148e-03
2.999324351549148560e-05
6.723329424858093262e-04
1.498237252235412598e-04
8.973330259323120117e-04
8.669406175613403320e-03
4.248149693012237549e-03
9.374469518661499023e-04
3.549270331859588623e-04
4.158988595008850098e-04
2.294406294822692871e-04
2.545490860939025879e-03
2.350285649299621582e-04
2.286183834075927734e-02
1.818746328353881836e-03
1.807743683457374573e-04
1.803385093808174133e-04
7.815629243850708008e-03
9.464286267757415771e-05
3.296732902526855469e-04
1.813793182373046875e-02
2.263769507408142090e-03
8.767545223236083984e-03
3.809553384780883789e-02
1.498961448669433594e-02
9.531974792480468750e-04
1.702129840850830078e-03
7.396697998046875000e-03
3.014087677001953125e-03
8.337013423442840576e-05
1.691067218780517578e-02
6.597936153411865234e-04
7.718145847320556641e-03
3.768280148506164551e-03
1.256513595581054688e-02
5.178824067115783691e-04
8.958764374256134033e-05
6.790906190872192383e-04
8.172392845153808594e-04
5.768656730651855469e-03
7.051587104797363281e-03
1.604497432708740234e-03
5.643606185913085938e-03
2.597796916961669922e-02
2.446621656417846680e-02
2.979505807161331177e-04
5.873560905456542969e-03
1.490190625190734863e-03
3.794655203819274902e-04
4.525892436504364014e-04
2.681300044059753418e-03
8.117407560348510742e-04
3.763046115636825562e-04
4.258379340171813965e-04
2.888636663556098938e-05
1.866364479064941406e-02
3.549909591674804688e-02
6.952613592147827148e-03
2.299678325653076172e-02
4.945635795593261719e-03
2.204133197665214539e-04
1.442390680313110352e-02
1.281709410250186920e-05
1.200377941131591797e-03
1.964980363845825195e-02
1.211293041706085205e-03
2.986103296279907227e-03
7.765889167785644531e-03
2.267524600028991699e-03
4.729747772216796875e-03
3.552019596099853516e-03
6.403997540473937988e-04
1.613557338714599609e-03
3.793686628341674805e-03
2.972595393657684326e-05
1.001842319965362549e-03
2.329632639884948730e-03
1.013875007629394531e-03
4.974529147148132324e-04
7.333755493164062500e-03
9.784698486328125000e-04
2.157092094421386719e-04
9.871155023574829102e-03
5.445837974548339844e-03
8.334144949913024902e-04
1.494064927101135254e-03
1.216992735862731934e-02
9.607430547475814819e-05
1.297235488891601562e-02
7.515490055084228516e-03
5.582109093666076660e-03
8.585453033447265625e-04
2.232074737548828125e-02
1.403845846652984619e-03
4.440024495124816895e-04
6.068870425224304199e-04
1.500155776739120483e-04
2.109557390213012695e-02
4.748642444610595703e-03
1.380205154418945312e-03
6.992556154727935791e-05
3.050267696380615234e-04
8.376576006412506104e-04
2.410054206848144531e-03
2.203226089477539062e-03
1.625582575798034668e-03
2.084329724311828613e-03
2.331193536520004272e-04
1.616233587265014648e-02
1.444131135940551758e-03
3.144890069961547852e-04
1.110486686229705811e-03
2.559777349233627319e-04
1.025354862213134766e-02
4.244014620780944824e-03
2.007544040679931641e-03
6.140887737274169922e-03
3.277793526649475098e-03
1.622363924980163574e-04
2.217763662338256836e-02
1.371562480926513672e-03
5.623400211334228516e-04
2.315998077392578125e-02
8.275136351585388184e-04
1.875162124633789062e-04
1.084017753601074219e-02
6.987780332565307617e-03
1.029008626937866211e-02
1.396667212247848511e-04
1.952058076858520508e-02
7.013529539108276367e-04
2.606165409088134766e-02
1.926049590110778809e-04
1.742601394653320312e-03
1.157797873020172119e-03
1.836287975311279297e-02
8.680164813995361328e-03
1.396171748638153076e-03
1.103425025939941406e-02
5.765557289123535156e-04
7.911890745162963867e-03
7.063567638397216797e-03
1.159107685089111328e-02
6.518632173538208008e-03
2.644956111907958984e-05
7.021725177764892578e-03
2.269011735916137695e-02
1.666808128356933594e-02
1.472212374210357666e-03
2.129459381103515625e-02
3.806389868259429932e-04
2.757087349891662598e-03
5.071312189102172852e-04
1.101642847061157227e-03
1.665371656417846680e-02
6.209034472703933716e-05
1.121750473976135254e-02
1.741074025630950928e-03
2.422668039798736572e-04
2.752654254436492920e-04
2.770996093750000000e-02
4.783421754837036133e-04
2.924967557191848755e-04
1.620447635650634766e-02
2.876198291778564453e-02
2.212896943092346191e-03
1.750767230987548828e-03
9.343251585960388184e-04
2.224111557006835938e-02
3.313831984996795654e-04
2.451114356517791748e-03
2.704381942749023438e-02
2.779930830001831055e-03
1.097297668457031250e-02
1.782488822937011719e-02
6.378665566444396973e-04
1.635178923606872559e-03
1.152172684669494629e-03
1.657232642173767090e-04
9.913519024848937988e-04
6.619542837142944336e-03
1.029342412948608398e-03
1.086935400962829590e-02
3.390833735466003418e-04
1.752413809299468994e-04
3.074839711189270020e-03
5.667835474014282227e-03
1.020673662424087524e-04
3.151512145996093750e-02
4.186660051345825195e-03
3.697514533996582031e-03
7.582157850265502930e-03
5.632638931274414062e-04
4.593096673488616943e-05
1.065032556653022766e-04
7.500573992729187012e-04
1.765829324722290039e-02
1.525044441223144531e-02
8.478164672851562500e-04
1.128036528825759888e-04
5.541974678635597229e-05
5.312114953994750977e-04
1.871502399444580078e-02
3.086570650339126587e-04
2.812758088111877441e-03
9.370326995849609375e-03
1.893794536590576172e-02
2.511851489543914795e-04
1.057320833206176758e-02
2.922999858856201172e-02
1.739107072353363037e-03
3.343187272548675537e-04
5.994290113449096680e-04
1.613952219486236572e-03
6.329268217086791992e-04
1.716005802154541016e-02
9.086802601814270020e-04
1.620724797248840332e-03
1.636324450373649597e-04
1.607885956764221191e-02
2.954341471195220947e-04
1.932036876678466797e-02
1.881495118141174316e-04
3.365650773048400879e-03
1.677218824625015259e-04
3.091804683208465576e-04
2.167765051126480103e-04
2.095043659210205078e-03
1.747429370880126953e-03
3.731995820999145508e-04
1.484930515289306641e-02
5.924612283706665039e-03
1.804798841476440430e-02
1.659125089645385742e-03
9.942501783370971680e-04
3.547519445419311523e-03
4.734098911285400391e-04
5.596280097961425781e-04
5.387216806411743164e-03
1.193463802337646484e-02
3.970996476709842682e-05
6.367057561874389648e-03
1.572296023368835449e-04
3.375649452209472656e-03
3.168481588363647461e-02
4.992902278900146484e-03
9.507149457931518555e-03
4.413425922393798828e-03
2.854719758033752441e-03
8.382022380828857422e-03
9.025186300277709961e-04
4.140615463256835938e-03
2.549356222152709961e-02
5.231751129031181335e-05
1.588279008865356445e-02
4.928233101963996887e-05
3.841333091259002686e-04
5.476266145706176758e-03
5.379058420658111572e-04
6.777793169021606445e-05
7.682263851165771484e-03
9.511530399322509766e-03
1.330876350402832031e-02
8.719936013221740723e-04
1.186960935592651367e-02
3.785360604524612427e-04
1.981884241104125977e-03
1.476630568504333496e-04
1.035898923873901367e-03
1.626461744308471680e-03
1.038648188114166260e-04
1.943066716194152832e-03
3.987411037087440491e-05
3.097343444824218750e-02
2.352558076381683350e-04
2.103984355926513672e-03
2.667173743247985840e-03
2.569030039012432098e-05
3.937259316444396973e-03
2.155099064111709595e-04
1.912355422973632812e-03
7.642880082130432129e-04
6.644964218139648438e-03
5.928650498390197754e-04
1.867190003395080566e-03
1.038305461406707764e-03
6.808757781982421875e-03
1.330338418483734131e-03
8.091419935226440430e-03
1.236361265182495117e-02
2.407348155975341797e-02
7.126256823539733887e-04
7.867276668548583984e-03
8.723288774490356445e-04
2.108197659254074097e-04
6.114780902862548828e-03
3.186184912919998169e-04
8.803084492683410645e-04
1.563954353332519531e-02
6.205029785633087158e-05
2.291798591613769531e-04
4.167780280113220215e-04
1.390822231769561768e-03
3.969237208366394043e-03
1.312768459320068359e-02
1.538783311843872070e-03
2.945140004158020020e-03
2.048984169960021973e-03
3.127753734588623047e-04
7.015541195869445801e-04
1.009419560432434082e-03
2.976432442665100098e-04
2.475452423095703125e-02
1.396760344505310059e-04
1.522767543792724609e-02
2.326893806457519531e-02
1.574754714965820312e-02
7.800310850143432617e-04
1.178446412086486816e-02
6.312280893325805664e-04
3.770470619201660156e-03
1.694309711456298828e-02
2.806950360536575317e-04
5.183368921279907227e-04
6.085913628339767456e-05
2.146568149328231812e-04
1.461766660213470459e-03
8.187405765056610107e-04
2.760219573974609375e-02
2.832859754562377930e-04
9.019039571285247803e-04
1.773464679718017578e-02
2.706468105316162109e-03
2.088022232055664062e-02
7.470771670341491699e-04
1.136958599090576172e-03
5.434192717075347900e-04
2.187728881835937500e-03
8.410274982452392578e-03
6.003454327583312988e-04
3.000982105731964111e-04
2.921962738037109375e-02
3.804452717304229736e-05
6.661236286163330078e-03
3.872931003570556641e-03
1.284211874008178711e-02
1.405841112136840820e-02
6.927728652954101562e-03
2.147164195775985718e-04
2.264931797981262207e-03
1.070145517587661743e-04
6.265603005886077881e-04
8.965544402599334717e-04
1.195564866065979004e-03
6.796687841415405273e-03
1.306906342506408691e-03
5.217231810092926025e-04
3.858894109725952148e-03
9.708143770694732666e-04
1.441650092601776123e-03
3.132447600364685059e-03
5.343198776245117188e-03
3.835695981979370117e-02
1.940786838531494141e-03
2.261288464069366455e-04
8.751302957534790039e-03
1.206457614898681641e-03
4.517519846558570862e-05
7.845424115657806396e-04
7.179677486419677734e-04
3.062770701944828033e-05
4.052259027957916260e-04
1.510158181190490723e-04
3.893494606018066406e-03
5.393415689468383789e-03
1.482032239437103271e-04
1.855039596557617188e-02
5.478300154209136963e-04
1.278373599052429199e-02
2.450034022331237793e-03
1.144859194755554199e-02
6.301790475845336914e-03
5.910079926252365112e-05
1.183412969112396240e-04
1.695811748504638672e-02
8.915573358535766602e-03
4.185974597930908203e-03
3.186494112014770508e-03
3.360491245985031128e-05
1.618349552154541016e-02
5.321964621543884277e-03
2.268242835998535156e-02
1.459196209907531738e-03
2.076271921396255493e-04
3.013229370117187500e-02
1.624390482902526855e-03
5.381852388381958008e-03
6.193965673446655273e-03
3.946386277675628662e-04
1.305520534515380859e-03
2.091568708419799805e-02
1.202739775180816650e-03
2.029627561569213867e-03
1.871025562286376953e-02
4.205286502838134766e-03
2.852967008948326111e-05
2.120718359947204590e-03
4.443200305104255676e-05
1.201927661895751953e-03
1.289062201976776123e-03
1.928538084030151367e-03
9.764283895492553711e-04
2.263039350509643555e-03
3.095455467700958252e-04
6.195455789566040039e-03
7.745027542114257812e-03
4.477024078369140625e-03
6.437627598643302917e-05
2.842824906110763550e-04
1.884829998016357422e-02
3.381390124559402466e-04
3.482047468423843384e-04
1.266211271286010742e-03
9.048171341419219971e-05
1.295823603868484497e-03
5.053207278251647949e-04
1.729115843772888184e-03
2.140421420335769653e-04
1.318762078881263733e-04
1.868307590484619141e-03
3.015194088220596313e-04
2.909786999225616455e-04
1.634888350963592529e-03
1.213538646697998047e-02
1.013725996017456055e-03
2.320602536201477051e-03
8.061528205871582031e-04
3.116466104984283447e-04
3.247316926717758179e-04
1.153385639190673828e-02
1.668278127908706665e-04
4.497736692428588867e-03
8.111707866191864014e-04
1.388907432556152344e-03
6.933212280273437500e-04
4.261553287506103516e-03
3.078617155551910400e-04
2.467587590217590332e-03
2.942919731140136719e-03
1.765102148056030273e-02
9.657442569732666016e-05
9.500354528427124023e-03
7.142499089241027832e-05
9.948879480361938477e-03
1.383394002914428711e-03
1.241810619831085205e-03
1.175804063677787781e-04
1.023001968860626221e-03
1.390157267451286316e-04
5.586072802543640137e-04
9.101092815399169922e-03
1.585036516189575195e-03
2.889446914196014404e-04
3.517672419548034668e-03
4.424571990966796875e-03
1.255559921264648438e-02
8.320957422256469727e-04
5.322813987731933594e-03
1.097090542316436768e-03
7.992610335350036621e-04
2.474673092365264893e-04
5.212649703025817871e-04
4.170626401901245117e-03
1.683626323938369751e-04
1.227870583534240723e-03
1.190202310681343079e-04
2.032145857810974121e-03
4.530102014541625977e-03
9.757503867149353027e-04
8.908212184906005859e-04
6.160885095596313477e-04
1.028424501419067383e-02
3.924220800399780273e-04
1.067109405994415283e-04
1.359939575195312500e-02
3.138359170407056808e-05
2.260938286781311035e-03
2.275913953781127930e-03
9.848296642303466797e-03
3.668233752250671387e-03
2.276167273521423340e-03
9.371519088745117188e-03
1.443225145339965820e-02
7.220171391963958740e-04
2.240631729364395142e-04
9.165368974208831787e-04
3.101617097854614258e-03
5.275547504425048828e-03
7.764995098114013672e-04
4.956647753715515137e-04
1.093022525310516357e-03
5.436599254608154297e-03
7.899329066276550293e-04
3.602243959903717041e-04
1.897234469652175903e-04
4.824576899409294128e-05
3.429770469665527344e-03
6.970688700675964355e-04
1.316042616963386536e-04
1.827310770750045776e-04
7.321462035179138184e-04
1.707762479782104492e-03
2.504736185073852539e-03
4.159808158874511719e-04
8.249074220657348633e-03
8.642375469207763672e-03
3.547757863998413086e-03
7.736921310424804688e-03
3.796909004449844360e-04
1.017190515995025635e-04
3.711134195327758789e-04
1.251846551895141602e-03
6.943717598915100098e-04
1.004926860332489014e-03
1.767009496688842773e-03
1.833647489547729492e-03
2.002269029617309570e-02
1.116329431533813477e-02
4.036463797092437744e-04
1.187884807586669922e-02
5.924552679061889648e-03
1.366762444376945496e-05
3.859438002109527588e-04
1.197719573974609375e-02
9.985454380512237549e-05
1.154404878616333008e-02
1.613616943359375000e-03
1.469826698303222656e-02
1.162111759185791016e-02
4.159301519393920898e-03
4.088766872882843018e-04
2.243980765342712402e-03
2.130752801895141602e-02
1.662503927946090698e-04
8.141323924064636230e-04
1.345813274383544922e-03
2.362400293350219727e-03
5.726777017116546631e-04
7.174815982580184937e-05
5.810186266899108887e-04
1.704217866063117981e-04
3.664270043373107910e-04
2.956353127956390381e-04
2.427864819765090942e-04
1.381128095090389252e-05
5.414942279458045959e-06
3.949040547013282776e-05
5.865544080734252930e-04
5.359947681427001953e-03
3.507621586322784424e-04
1.594498753547668457e-03
8.941069245338439941e-05
1.515293121337890625e-02
4.111707210540771484e-03
1.432979106903076172e-02
4.004031419754028320e-03
3.127455711364746094e-04
3.504514694213867188e-03
1.370701938867568970e-04
1.080274581909179688e-03
7.106515113264322281e-06
2.263169735670089722e-04
1.826599240303039551e-03
1.701617240905761719e-02
1.022659242153167725e-03
2.670986577868461609e-05
5.931928753852844238e-04
1.848888397216796875e-02
6.939619779586791992e-04
5.623221397399902344e-03
5.116254091262817383e-03
1.679614186286926270e-03
1.681953668594360352e-03
1.206189393997192383e-03
8.314754813909530640e-05
2.529591321945190430e-03
1.813286542892456055e-02
1.285776495933532715e-03
3.231652081012725830e-04
7.799044251441955566e-04
8.271515369415283203e-03
3.491848707199096680e-03
1.602256298065185547e-02
3.788471221923828125e-04
8.747354149818420410e-04
1.278445124626159668e-04
3.249756991863250732e-05
4.359751939773559570e-03
3.023415803909301758e-03
6.424367427825927734e-03
2.993851900100708008e-03
1.899786293506622314e-04
1.316852867603302002e-03
6.091687828302383423e-05
1.081785559654235840e-02
2.832204103469848633e-03
2.679541707038879395e-03
8.895620703697204590e-04
1.636224985122680664e-02
1.457935571670532227e-02
1.915395259857177734e-02
2.599488943815231323e-04
7.910281419754028320e-05
2.439171075820922852e-03
3.299918025732040405e-04
1.251563429832458496e-03
9.460747241973876953e-04
3.843978047370910645e-03
1.052685081958770752e-03
1.744125038385391235e-04
7.340908050537109375e-04
1.943968236446380615e-04
6.388202309608459473e-04
1.583641767501831055e-02
5.950070917606353760e-04
1.238852739334106445e-03
3.845334053039550781e-03
5.105026066303253174e-04
2.426803112030029297e-04
3.783330321311950684e-04
1.836828887462615967e-04
9.204208850860595703e-03
1.217514276504516602e-03
6.147064268589019775e-04
1.795917749404907227e-03
1.933202147483825684e-04
1.934960484504699707e-03
3.335803747177124023e-03
5.074590444564819336e-04
1.586043834686279297e-02
3.111958503723144531e-03
2.673780545592308044e-05
1.852028071880340576e-04
1.382306218147277832e-04
1.130178570747375488e-03
1.359570026397705078e-02
3.810524940490722656e-02
1.110509037971496582e-04
1.122497022151947021e-03
1.716129481792449951e-03
2.446938306093215942e-04
2.130251377820968628e-04
8.504185825586318970e-05
4.202332347631454468e-04
6.800517439842224121e-04
1.206529140472412109e-02
2.039775252342224121e-03
3.849595785140991211e-03
8.650384843349456787e-04
8.711889386177062988e-04
5.741789937019348145e-04
1.132346689701080322e-03
4.553422331809997559e-04
7.864624261856079102e-03
2.987682819366455078e-04
5.894526839256286621e-05
4.204720258712768555e-03
2.147185802459716797e-02
4.669964313507080078e-03
1.665651798248291016e-03
1.723468303680419922e-02
9.465217590332031250e-05
8.542299270629882812e-03
5.198016762733459473e-03
3.379173576831817627e-04
1.440923660993576050e-04
1.339957118034362793e-03
5.073308944702148438e-03
1.330692321062088013e-04
0.000000000000000000e+00
0.000000000000000000e+00
0.000000000000000000e+00
0.000000000000000000e+00
0.000000000000000000e+00
0.000000000000000000e+00
0.000000000000000000e+00
0.000000000000000000e+00
0.000000000000000000e+00
0.000000000000000000e+00
0.000000000000000000e+00
0.000000000000000000e+00
0.000000000000000000e+00
0.000000000000000000e+00
0.000000000000000000e+00
0.000000000000000000e+00
0.000000000000000000e+00
0.000000000000000000e+00
0.000000000000000000e+00
0.000000000000000000e+00
0.000000000000000000e+00
0.000000000000000000e+00
0.000000000000000000e+00
0.000000000000000000e+00
0.000000000000000000e+00
0.000000000000000000e+00
0.000000000000000000e+00
0.000000000000000000e+00
0.000000000000000000e+00
0.000000000000000000e+00
0.000000000000000000e+00
0.000000000000000000e+00
0.000000000000000000e+00
0.000000000000000000e+00
0.000000000000000000e+00
0.000000000000000000e+00
0.000000000000000000e+00
0.000000000000000000e+00
0.000000000000000000e+00
0.000000000000000000e+00
