1.956021785736083984e-02
1.793712377548217773e-03
8.226692676544189453e-03
2.023339271545410156e-03
1.355230808258056641e-02
1.042343676090240479e-03
2.094283699989318848e-04
7.521063089370727539e-04
1.329462975263595581e-04
6.794452667236328125e-03
9.249150753021240234e-05
1.817330718040466309e-03
1.323550939559936523e-03
1.798802986741065979e-05
4.395842552185058594e-03
6.161220371723175049e-04
1.463137567043304443e-03
6.369724869728088379e-04
6.399273872375488281e-03
3.115087747573852539e-03
1.308572292327880859e-02
1.769232749938964844e-02
8.805572986602783203e-03
7.798150181770324707e-04
7.869526743888854980e-04
7.396042346954345703e-03
1.970678567886352539e-02
9.725481271743774414e-03
1.197364181280136108e-04
4.325836896896362305e-03
3.282874822616577148e-04
1.646459102630615234e-02
1.295369863510131836e-02
2.001631259918212891e-02
5.077406764030456543e-03
8.505769073963165283e-05
8.793845772743225098e-04
6.865441799163818359e-03
1.476495526731014252e-05
3.183167427778244019e-05
5.657792091369628906e-03
6.394833326339721680e-04
1.279599964618682861e-04
2.919420599937438965e-03
1.279777288436889648e-02
7.761418819427490234e-03
7.444828748703002930e-03
5.405303090810775757e-05
1.267868280410766602e-02
3.282204270362854004e-03
9.211525321006774902e-04
1.635998487472534180e-03
1.604586839675903320e-03
4.064768552780151367e-03
8.138269186019897461e-04
9.442567825317382812e-04
5.216181278228759766e-03
8.895620703697204590e-05
4.075914621353149414e-04
1.234859228134155273e-03
7.935583591461181641e-03
6.144138751551508904e-06
5.173414945602416992e-03
1.516751945018768311e-04
1.173424720764160156e-02
1.035550236701965332e-02
1.420372724533081055e-02
1.538240909576416016e-02
4.637334495782852173e-05
1.148658990859985352e-02
7.499940693378448486e-06
2.594456076622009277e-03
1.958467066287994385e-03
7.383108139038085938e-03
4.146426916122436523e-03
2.578631043434143066e-03
9.506344795227050781e-03
1.170104369521141052e-04
2.324488013982772827e-05
2.247050404548645020e-03
4.535056650638580322e-04
3.772675991058349609e-03
7.274925708770751953e-03
3.440156579017639160e-03
3.598853945732116699e-04
2.287579700350761414e-04
1.555341482162475586e-02
2.955281734466552734e-02
6.101787090301513672e-03
1.692128181457519531e-02
7.290486246347427368e-05
1.448529958724975586e-02
8.441716432571411133e-03
1.134011149406433105e-02
1.190054416656494141e-02
3.792084753513336182e-04
2.418877556920051575e-05
2.140706777572631836e-02
8.637160062789916992e-04
1.199673861265182495e-04
2.651751041412353516e-03
2.499707043170928955e-04
1.411698758602142334e-04
3.542959690093994141e-03
8.684098720550537109e-03
9.783077985048294067e-05
2.159357070922851562e-03
1.859396696090698242e-03
1.023188233375549316e-03
2.431964874267578125e-02
3.101289272308349609e-03
3.741085529327392578e-04
9.195581078529357910e-04
3.610402345657348633e-03
1.521721482276916504e-03
1.130290329456329346e-04
4.906579852104187012e-04
3.338279202580451965e-05
6.166938692331314087e-05
9.903907775878906250e-04
1.685118675231933594e-02
2.529025077819824219e-04
8.855313062667846680e-04
5.158188287168741226e-06
3.734499216079711914e-03
1.033302396535873413e-05
4.799850285053253174e-04
8.384138345718383789e-05
1.254916191101074219e-02
4.202157258987426758e-03
1.615101099014282227e-02
9.783089160919189453e-03
3.196820616722106934e-04
1.234173774719238281e-03
3.073430061340332031e-02
9.059607982635498047e-03
3.297835588455200195e-03
1.616221666336059570e-02
4.838965833187103271e-05
1.773834228515625000e-03
4.319474101066589355e-04
1.519860234111547470e-06
3.626383841037750244e-04
5.070492625236511230e-05
2.135425806045532227e-03
1.256269216537475586e-02
2.240329980850219727e-03
1.482993364334106445e-02
1.667812466621398926e-03
9.714737534523010254e-04
7.083147764205932617e-03
1.193352043628692627e-03
1.512672752141952515e-04
1.659971475601196289e-02
8.410274982452392578e-03
2.269208431243896484e-03
7.361233234405517578e-03
4.710286855697631836e-03
1.866590976715087891e-02
8.950769901275634766e-03
1.388983801007270813e-04
2.342984080314636230e-04
4.656845703721046448e-06
1.788240671157836914e-02
5.771182477474212646e-04
3.394499421119689941e-03
1.310855150222778320e-03
1.913958787918090820e-02
4.591979086399078369e-04
5.247652530670166016e-03
3.014340996742248535e-03
9.066015481948852539e-04
1.459429040551185608e-04
2.727843821048736572e-04
1.977610588073730469e-02
1.258033514022827148e-02
5.927458405494689941e-04
1.190406084060668945e-02
1.562058925628662109e-02
1.899170875549316406e-02
5.435347557067871094e-04
2.853751182556152344e-03
2.525579184293746948e-04
2.276878803968429565e-04
3.374367952346801758e-04
4.654169082641601562e-03
1.585596799850463867e-02
3.135085105895996094e-03
4.441902041435241699e-03
4.759915173053741455e-04
1.334547996520996094e-03
9.457767009735107422e-05
8.285790681838989258e-04
1.988458633422851562e-02
4.947870969772338867e-03
4.272013902664184570e-04
1.478686928749084473e-03
9.027272462844848633e-04
1.619488000869750977e-03
1.449573040008544922e-02
1.927381753921508789e-02
4.440248012542724609e-03
1.824945211410522461e-04
1.025997102260589600e-03
6.737653166055679321e-05
1.226209104061126709e-03
2.034962177276611328e-03
1.241141557693481445e-02
3.002613782882690430e-03
5.094230175018310547e-03
2.478249371051788330e-05
2.591572701930999756e-04
2.019498497247695923e-04
6.018042564392089844e-03
1.342758536338806152e-03
1.824498176574707031e-03
7.424294948577880859e-03
2.642285823822021484e-02
6.660725921392440796e-05
4.438832402229309082e-04
7.403828203678131104e-05
1.637154817581176758e-02
2.215290069580078125e-02
2.437216043472290039e-02
1.360476016998291016e-04
1.528002321720123291e-03
4.234984517097473145e-04
1.513880491256713867e-02
2.332031726837158203e-03
2.152329683303833008e-02
4.053376615047454834e-04
1.871511340141296387e-03
7.020622491836547852e-03
1.529771089553833008e-02
1.978315412998199463e-04
7.722079753875732422e-04
6.424427032470703125e-03
1.448589563369750977e-02
2.171471714973449707e-05
8.909463882446289062e-03
6.740242242813110352e-04
1.709508895874023438e-02
2.011835575103759766e-02
8.433341979980468750e-03
1.560915261507034302e-04
1.467429101467132568e-04
1.552123576402664185e-04
5.821585655212402344e-04
2.378784120082855225e-04
9.941980242729187012e-04
1.209294795989990234e-02
1.161843538284301758e-02
1.931750774383544922e-02
1.054525375366210938e-03
4.852414131164550781e-03
3.762310370802879333e-06
2.206861972808837891e-03
6.910264492034912109e-03
4.473477602005004883e-03
1.927642151713371277e-04
9.609639644622802734e-03
1.177303493022918701e-04
3.619492053985595703e-03
1.156605780124664307e-03
4.936367273330688477e-03
2.224141359329223633e-02
1.523733139038085938e-02
7.128924131393432617e-03
1.421666145324707031e-02
5.922690033912658691e-04
1.292657852172851562e-02
1.733619719743728638e-04
1.822143793106079102e-03
2.461606264114379883e-02
6.788045167922973633e-03
8.349567651748657227e-04
1.532867550849914551e-03
3.803312778472900391e-03
1.396471261978149414e-02
5.003035068511962891e-03
5.435049533843994141e-04
2.020169049501419067e-04
1.973056793212890625e-02
9.188661351799964905e-06
1.788674853742122650e-05
5.092797800898551941e-05
1.856774091720581055e-03
2.046805620193481445e-02
1.405066251754760742e-02
1.661282777786254883e-02
7.524155080318450928e-04
1.911151409149169922e-02
6.755530834197998047e-03
2.304110676050186157e-04
2.883493900299072266e-03
3.021389245986938477e-03
1.051174476742744446e-04
7.440149784088134766e-04
1.386499404907226562e-02
9.488999843597412109e-03
1.391080021858215332e-02
6.799012422561645508e-03
1.392728090286254883e-02
4.799291491508483887e-04
1.335106790065765381e-04
1.689754426479339600e-04
2.709075808525085449e-03
7.513538002967834473e-05
9.278416633605957031e-03
1.013219356536865234e-03
1.728266477584838867e-03
1.621955633163452148e-02
4.330128431320190430e-03
2.486085891723632812e-02
5.958303809165954590e-04
1.725596189498901367e-02
1.833838224411010742e-02
1.401901245117187500e-04
9.911283850669860840e-04
4.048123955726623535e-04
6.702899932861328125e-03
6.776928901672363281e-03
5.427122116088867188e-03
3.597512841224670410e-04
1.171492040157318115e-03
1.528745889663696289e-02
6.986141204833984375e-03
1.243138313293457031e-02
1.080763339996337891e-02
7.346123456954956055e-04
1.127123832702636719e-03
4.225760698318481445e-03
1.920062303543090820e-02
1.781340688467025757e-04
5.218803882598876953e-03
9.492933750152587891e-04
1.365564763545989990e-03
7.187008857727050781e-03
1.979279518127441406e-02
1.393578946590423584e-03
6.084479391574859619e-04
4.370540380477905273e-03
3.524363040924072266e-03
2.979010343551635742e-03
2.341754734516143799e-04
1.823715865612030029e-03
1.023340225219726562e-02
2.113386988639831543e-03
1.042544841766357422e-02
2.483837306499481201e-04
1.994222402572631836e-03
1.114815473556518555e-02
1.715626567602157593e-04
1.488039270043373108e-04
2.548009157180786133e-03
8.741557598114013672e-03
2.617277204990386963e-04
1.082524657249450684e-03
1.415193080902099609e-02
5.743473768234252930e-03
6.579011678695678711e-04
3.472954034805297852e-03
2.269580960273742676e-03
2.264261245727539062e-02
1.653194427490234375e-03
1.271796226501464844e-02
4.008226096630096436e-04
1.486068964004516602e-02
3.983452916145324707e-03
2.575203776359558105e-03
9.287986904382705688e-05
2.983540296554565430e-03
9.077563881874084473e-04
3.681719303131103516e-03
1.742988824844360352e-03
1.606047153472900391e-02
3.816336393356323242e-04
1.198464632034301758e-02
8.200198411941528320e-03
1.918002963066101074e-03
1.017451286315917969e-02
4.203896969556808472e-05
1.148926094174385071e-05
3.557592630386352539e-03
9.537413716316223145e-04
5.277171730995178223e-04
1.141893863677978516e-02
2.598226070404052734e-03
1.344335079193115234e-02
6.317943334579467773e-03
1.488894224166870117e-02
4.964351654052734375e-03
7.259458303451538086e-03
1.580458879470825195e-02
1.536417007446289062e-02
1.693660020828247070e-02
1.376318931579589844e-02
1.241028308868408203e-02
1.221504062414169312e-04
1.813285052776336670e-04
1.394428312778472900e-03
2.119064331054687500e-03
3.974705934524536133e-03
4.009641706943511963e-04
4.729419946670532227e-03
3.309808671474456787e-04
5.119115114212036133e-03
2.430126070976257324e-03
7.689177989959716797e-03
7.999777793884277344e-03
3.564245998859405518e-04
1.402223110198974609e-02
2.845227718353271484e-04
4.180110991001129150e-04
1.361072063446044922e-04
1.570755243301391602e-02
1.715403795242309570e-02
5.248095840215682983e-05
8.833348751068115234e-03
1.173406839370727539e-02
1.083612442016601562e-04
1.011440157890319824e-02
2.862960100173950195e-03
1.584571599960327148e-02
2.661988139152526855e-03
1.247179508209228516e-02
7.160007953643798828e-04
1.896858215332031250e-02
1.002597808837890625e-02
1.753395795822143555e-02
1.441520452499389648e-02
5.886182188987731934e-04
1.223087310791015625e-04
1.485999673604965210e-04
3.336533904075622559e-03
8.010715246200561523e-03
3.066867589950561523e-03
1.695930957794189453e-03
3.265263512730598450e-05
4.678405821323394775e-04
1.579368114471435547e-02
1.811422407627105713e-04
3.277823328971862793e-03
5.364418029785156250e-04
2.358269691467285156e-02
2.407297492027282715e-03
1.181155443191528320e-02
2.084195613861083984e-03
1.687230542302131653e-05
3.557428717613220215e-04
1.519799232482910156e-03
1.474857330322265625e-02
2.960488200187683105e-04
6.414979696273803711e-03
1.146160066127777100e-03
1.502737402915954590e-03
6.793402135372161865e-04
3.291964530944824219e-03
1.052029430866241455e-03
2.690911293029785156e-03
4.288107156753540039e-03
1.332163810729980469e-03
5.972921848297119141e-03
1.056134700775146484e-02
1.795625686645507812e-02
7.370952516794204712e-05
7.213465869426727295e-05
3.390997648239135742e-03
2.319827675819396973e-03
2.094078063964843750e-02
9.117089211940765381e-05
5.561977624893188477e-03
5.345791578292846680e-04
1.810359954833984375e-02
8.393600583076477051e-04
2.951785922050476074e-03
3.960728645324707031e-04
2.539660781621932983e-04
8.983686566352844238e-04
4.260279238224029541e-04
5.867123603820800781e-03
1.362752914428710938e-02
1.258349418640136719e-02
3.847852349281311035e-04
1.690709590911865234e-02
2.625491470098495483e-05
1.305043697357177734e-02
6.717443466186523438e-05
1.738294959068298340e-04
4.933953285217285156e-03
1.235646009445190430e-02
1.047886908054351807e-04
7.313847541809082031e-03
4.235267639160156250e-03
3.781393170356750488e-04
7.447879761457443237e-05
9.959727525711059570e-03
8.082985877990722656e-03
4.089921712875366211e-04
2.212971448898315430e-03
1.315157860517501831e-04
8.520260453224182129e-04
1.665741205215454102e-03
2.121608704328536987e-04
1.489549875259399414e-02
1.037728786468505859e-02
4.389017820358276367e-03
6.383419036865234375e-03
1.784041523933410645e-04
5.224570631980895996e-04
5.687959492206573486e-05
9.426534175872802734e-03
4.328697919845581055e-03
2.139523625373840332e-03
4.037562757730484009e-04
6.260186433792114258e-03
6.752967834472656250e-03
2.381038665771484375e-02
2.771317958831787109e-03
1.904594898223876953e-02
1.523363590240478516e-02
9.544134140014648438e-03
1.931345462799072266e-02
1.338082551956176758e-02
3.985464572906494141e-04
9.865462779998779297e-03
6.819814443588256836e-04
3.793928772211074829e-05
5.364567041397094727e-03
8.844584226608276367e-04
1.819884777069091797e-02
1.212933659553527832e-02
1.724696159362792969e-02
3.846315667033195496e-05
4.506893455982208252e-04
2.033293247222900391e-03
1.707190275192260742e-02
2.059209346771240234e-02
4.384182393550872803e-04
2.391487360000610352e-03
1.082980632781982422e-02
1.217536628246307373e-03
5.726873874664306641e-03
1.357108354568481445e-03
3.219917416572570801e-04
3.835856914520263672e-04
2.163425087928771973e-03
4.634773358702659607e-05
5.252629518508911133e-03
3.118021413683891296e-05
1.547729969024658203e-02
2.608411014080047607e-04
4.092991352081298828e-03
3.583967685699462891e-03
3.368742763996124268e-04
7.326947525143623352e-05
2.681426703929901123e-04
4.061475396156311035e-03
2.708896994590759277e-03
2.138501405715942383e-02
1.378965377807617188e-02
2.752207219600677490e-04
5.745142698287963867e-04
7.487416267395019531e-03
1.881226897239685059e-03
1.118279993534088135e-03
1.715928316116333008e-03
2.116709947586059570e-03
7.589757442474365234e-04
5.297921597957611084e-04
4.091160371899604797e-05
4.551140591502189636e-06
4.221558570861816406e-03
4.247426986694335938e-03
1.237884163856506348e-03
5.023807287216186523e-03
5.115792155265808105e-04
3.960952162742614746e-04
4.539564251899719238e-04
1.940667629241943359e-03
7.771372795104980469e-03
1.435637474060058594e-02
1.454120874404907227e-02
1.943364739418029785e-03
3.146588802337646484e-03
2.634257078170776367e-03
1.887172460556030273e-03
5.984585732221603394e-05
2.812087535858154297e-03
2.424754202365875244e-04
7.981896400451660156e-03
1.942586898803710938e-02
4.142196848988533020e-05
8.418341167271137238e-06
5.902409553527832031e-03
2.842187881469726562e-03
1.861415803432464600e-04
2.940595149993896484e-03
6.099715828895568848e-04
3.387033939361572266e-03
1.671791076660156250e-03
3.965511918067932129e-03
5.139783024787902832e-04
3.469660878181457520e-04
1.352471113204956055e-02
9.683817625045776367e-04
2.447998523712158203e-02
3.720335662364959717e-04
6.395056843757629395e-04
5.192495882511138916e-04
5.255565047264099121e-04
1.084528863430023193e-03
4.462063312530517578e-03
1.067548990249633789e-03
1.576232910156250000e-02
3.520935773849487305e-03
1.981526613235473633e-03
3.219407796859741211e-02
8.190721273422241211e-04
6.454512476921081543e-04
1.084446907043457031e-02
1.395982503890991211e-02
5.215853452682495117e-03
1.714751124382019043e-04
1.639753580093383789e-02
2.906769514083862305e-04
1.621469855308532715e-03
2.787262201309204102e-03
2.385541796684265137e-03
8.915513753890991211e-04
5.842506885528564453e-03
1.689419150352478027e-03
1.289469003677368164e-02
7.697343826293945312e-04
7.139425724744796753e-05
1.228016614913940430e-02
3.998160362243652344e-03
1.128888130187988281e-02
3.205239772796630859e-03
1.325380802154541016e-02
3.279224038124084473e-04
5.356371402740478516e-04
1.973621547222137451e-04
4.281878471374511719e-03
1.939199864864349365e-05
2.851441502571105957e-03
8.188068866729736328e-03
3.896839916706085205e-04
9.568966925144195557e-05
1.386165618896484375e-02
3.306344151496887207e-04
1.084166765213012695e-02
9.928345680236816406e-04
4.401691257953643799e-04
5.534589290618896484e-04
7.344484329223632812e-03
1.033619046211242676e-03
2.173542976379394531e-03
2.135768532752990723e-03
4.486516118049621582e-04
1.867786049842834473e-04
1.332819461822509766e-03
2.048872411251068115e-03
1.023840904235839844e-02
3.779768943786621094e-03
1.065641641616821289e-03
9.742453694343566895e-04
7.102079689502716064e-04
5.659550428390502930e-03
1.309281587600708008e-02
1.685351133346557617e-02
5.977481603622436523e-03
1.462817192077636719e-03
3.116071224212646484e-03
3.481745719909667969e-03
5.172267556190490723e-04
2.756312489509582520e-03
4.989147186279296875e-03
5.278885364532470703e-04
8.899252861738204956e-05
1.016363501548767090e-03
3.059413284063339233e-04
6.120949983596801758e-04
4.007332026958465576e-04
2.344161272048950195e-03
9.409219026565551758e-03
2.288520336151123047e-03
5.070626735687255859e-03
2.214148640632629395e-03
3.816969692707061768e-04
3.979280591011047363e-04
2.305492758750915527e-03
4.856497049331665039e-03
9.957849979400634766e-04
7.781147956848144531e-03
2.833306789398193359e-04
8.229136466979980469e-03
3.136359155178070068e-04
3.039538860321044922e-04
6.914436817169189453e-04
1.037493348121643066e-03
2.894192934036254883e-03
1.914650201797485352e-03
1.488727331161499023e-02
2.961400896310806274e-04
1.245343685150146484e-02
7.329881191253662109e-04
4.356279969215393066e-04
4.626053851097822189e-06
3.559812903404235840e-04
1.337781548500061035e-03
1.111008226871490479e-03
8.230149745941162109e-03
4.515461623668670654e-04
2.737283706665039062e-03
2.019619941711425781e-02
3.874022513628005981e-05
2.394795417785644531e-03
2.422809600830078125e-03
2.220362424850463867e-03
4.548318684101104736e-04
4.952438175678253174e-04
1.098239421844482422e-02
5.773931741714477539e-03
3.699287772178649902e-04
1.671127974987030029e-04
6.148040294647216797e-03
5.107015371322631836e-03
5.280017852783203125e-03
2.785965800285339355e-03
2.753049135208129883e-03
2.290770411491394043e-03
2.122041769325733185e-05
2.734139561653137207e-03
6.919503211975097656e-04
2.132821828126907349e-04
4.964202642440795898e-03
1.363985240459442139e-03
1.367084681987762451e-03
9.501039981842041016e-03
8.563473820686340332e-04
8.933842182159423828e-04
1.196539402008056641e-02
1.265652477741241455e-03
5.553811788558959961e-03
3.231838345527648926e-04
1.458503305912017822e-03
2.461150288581848145e-03
2.601683139801025391e-03
2.613261342048645020e-03
2.673745155334472656e-03
2.250063419342041016e-02
2.785660326480865479e-04
1.358717679977416992e-03
4.663318395614624023e-04
2.220477908849716187e-04
1.549690961837768555e-02
1.023516058921813965e-03
4.763811826705932617e-03
4.450902342796325684e-04
1.574091613292694092e-03
5.650222301483154297e-03
1.263115555047988892e-04
3.746405243873596191e-03
9.539067745208740234e-03
1.353725790977478027e-03
1.078817248344421387e-02
1.557588577270507812e-02
8.840635418891906738e-04
1.392030715942382812e-02
1.281172037124633789e-03
1.109367609024047852e-02
1.111766323447227478e-04
2.039819955825805664e-02
1.778110861778259277e-03
1.295280456542968750e-02
2.892427146434783936e-04
1.140898466110229492e-02
1.043617725372314453e-03
5.591720342636108398e-03
2.857550978660583496e-03
4.519559442996978760e-04
7.401127368211746216e-05
8.379817008972167969e-04
5.429014563560485840e-04
7.887482643127441406e-04
1.329040527343750000e-02
6.714984774589538574e-04
1.251965761184692383e-03
9.426996111869812012e-04
4.209391772747039795e-04
1.782506704330444336e-03
3.996491432189941406e-04
8.343011140823364258e-04
7.816776633262634277e-04
2.404823899269104004e-04
1.244306564331054688e-02
1.566842198371887207e-03
2.937719225883483887e-03
2.083599567413330078e-03
1.582068204879760742e-02
1.751318573951721191e-03
3.457620739936828613e-03
5.672127008438110352e-05
5.193024873733520508e-03
1.045748591423034668e-03
1.279011368751525879e-03
6.657540798187255859e-03
2.394318580627441406e-04
5.897313356399536133e-03
7.653892040252685547e-03
1.267790794372558594e-03
5.996584892272949219e-03
6.314933300018310547e-03
4.717648029327392578e-03
2.752453088760375977e-03
2.304874360561370850e-04
1.200400292873382568e-03
7.541179656982421875e-04
2.071343362331390381e-03
1.486107707023620605e-03
1.907721161842346191e-03
3.168463706970214844e-03
2.783358097076416016e-03
6.577372550964355469e-03
1.208763569593429565e-04
1.330834627151489258e-02
6.564170122146606445e-03
3.099739551544189453e-04
3.987014293670654297e-03
3.228217363357543945e-03
5.912929773330688477e-04
2.760738134384155273e-03
9.665414690971374512e-04
8.498430252075195312e-03
2.157241106033325195e-03
1.886971294879913330e-04
1.039975881576538086e-02
1.227468252182006836e-03
2.967864274978637695e-04
1.031494140625000000e-02
6.092667579650878906e-03
1.131497323513031006e-03
1.581102609634399414e-03
1.787111163139343262e-03
1.191437244415283203e-02
5.823224782943725586e-04
3.538262099027633667e-04
3.340721130371093750e-03
1.503989100456237793e-03
1.164329051971435547e-02
1.257486641407012939e-03
7.824674248695373535e-04
6.339281797409057617e-03
2.119727432727813721e-04
4.047691822052001953e-03
1.341938972473144531e-02
2.768151462078094482e-04
1.218515634536743164e-02
1.656877994537353516e-02
4.419498145580291748e-05
2.667859196662902832e-03
1.874268054962158203e-04
1.092620193958282471e-03
7.141232490539550781e-04
6.833374500274658203e-04
1.131184399127960205e-04
1.292407512664794922e-02
1.491740345954895020e-03
8.956193923950195312e-04
2.014592289924621582e-03
2.912029623985290527e-03
6.544917821884155273e-03
1.335120201110839844e-02
1.280575990676879883e-03
1.000159978866577148e-02
5.364976823329925537e-04
3.403782844543457031e-03
1.728320121765136719e-02
1.808768510818481445e-02
2.992860972881317139e-04
5.952954292297363281e-03
1.135110855102539062e-02
4.064679145812988281e-03
1.234441995620727539e-03
1.146927475929260254e-03
1.640315167605876923e-05
8.981883525848388672e-03
4.222150892019271851e-05
6.936341524124145508e-03
7.439255714416503906e-03
5.462691187858581543e-04
6.146490573883056641e-03
1.751393079757690430e-03
8.171319961547851562e-03
4.508299753069877625e-05
8.883699774742126465e-04
4.546016454696655273e-03
1.264110207557678223e-03
1.225903630256652832e-03
9.759366512298583984e-04
1.775491982698440552e-04
3.767892718315124512e-03
2.491116523742675781e-03
3.279477357864379883e-03
1.666452735662460327e-04
8.691772818565368652e-04
1.045423746109008789e-02
1.217275857925415039e-03
4.583410918712615967e-04
4.756212234497070312e-03
1.992344856262207031e-03
1.332536339759826660e-03
7.904112339019775391e-03
5.198866128921508789e-04
5.683228373527526855e-04
2.826079726219177246e-04
1.305572688579559326e-03
9.015575051307678223e-04
1.333606243133544922e-02
6.158500909805297852e-04
1.875948905944824219e-02
1.525074243545532227e-03
5.091652274131774902e-04
5.662366747856140137e-04
2.755485475063323975e-04
3.128856420516967773e-03
1.609828323125839233e-04
1.141123473644256592e-03
5.258589982986450195e-03
2.510070800781250000e-03
9.465515613555908203e-04
8.270740509033203125e-03
4.859685897827148438e-03
6.473883986473083496e-04
2.042233943939208984e-03
4.528045654296875000e-03
1.471951603889465332e-03
3.098994493484497070e-04
5.144000053405761719e-03
5.120895802974700928e-04
1.520261168479919434e-03
3.183670341968536377e-04
1.480355858802795410e-03
1.532214879989624023e-02
1.319155097007751465e-03
4.402324557304382324e-04
2.061687409877777100e-04
3.430232405662536621e-03
1.664310693740844727e-03
4.138469696044921875e-03
1.249872148036956787e-04
1.676440238952636719e-03
4.429936408996582031e-03
6.464775651693344116e-05
4.045844078063964844e-03
8.143782615661621094e-03
1.367464661598205566e-03
4.178769886493682861e-04
3.448799252510070801e-04
1.177608966827392578e-03
8.606106042861938477e-03
8.751749992370605469e-03
2.337262034416198730e-03
1.208133995532989502e-03
4.569590091705322266e-03
4.706501960754394531e-03
9.769201278686523438e-04
4.896551370620727539e-03
5.994677543640136719e-03
1.519173383712768555e-03
2.716973423957824707e-03
2.094864845275878906e-03
1.757610589265823364e-04
1.321554183959960938e-03
5.873069167137145996e-04
2.822488546371459961e-03
1.320846378803253174e-03
1.828856766223907471e-04
2.969905734062194824e-03
3.769323229789733887e-04
1.833334565162658691e-03
7.790848612785339355e-04
4.251658916473388672e-03
1.129239797592163086e-02
7.287878543138504028e-05
3.521069884300231934e-03
6.728112697601318359e-03
2.897098660469055176e-03
8.397817611694335938e-03
6.137304008007049561e-04
5.073249340057373047e-04
7.203817367553710938e-03
1.526415348052978516e-03
6.020545959472656250e-03
5.831003189086914062e-03
5.856394767761230469e-03
1.442718505859375000e-02
4.120264202356338501e-05
8.321553468704223633e-05
2.467763423919677734e-02
2.678036689758300781e-04
1.431167125701904297e-03
8.185833692550659180e-03
1.997843384742736816e-03
1.548128202557563782e-04
6.389170885086059570e-04
1.388490200042724609e-04
3.929316997528076172e-03
5.058525130152702332e-05
1.332610845565795898e-04
4.636645317077636719e-03
3.877095878124237061e-04
2.729017287492752075e-04
2.237170934677124023e-03
7.654447108507156372e-05
8.705779910087585449e-04
1.734942197799682617e-03
3.048807382583618164e-03
4.607379436492919922e-03
3.276795148849487305e-03
2.202205359935760498e-04
5.747899413108825684e-04
2.718158066272735596e-05
3.677755594253540039e-04
9.038150310516357422e-03
2.826191484928131104e-04
1.423016190528869629e-03
2.283081412315368652e-04
4.969015717506408691e-04
3.653317689895629883e-04
2.333804965019226074e-03
7.404386997222900391e-03
1.608449220657348633e-02
1.632744073867797852e-02
1.677758991718292236e-04
1.222044229507446289e-03
1.160100102424621582e-03
1.252796500921249390e-04
1.608263701200485229e-04
1.745373010635375977e-03
6.823018193244934082e-04
1.603581011295318604e-03
6.476491689682006836e-03
2.629324793815612793e-03
6.699144840240478516e-03
7.947757840156555176e-04
5.173921585083007812e-03
6.500259041786193848e-04
1.244135200977325439e-03
1.003897190093994141e-02
4.201710224151611328e-03
1.696988940238952637e-03
5.967393517494201660e-04
8.457601070404052734e-04
3.682971000671386719e-03
1.431018114089965820e-02
2.110403776168823242e-02
2.854377031326293945e-03
2.373307943344116211e-04
1.676030457019805908e-03
1.546561717987060547e-02
2.529695630073547363e-04
4.635125398635864258e-03
7.270872592926025391e-04
1.719772815704345703e-03
9.338334202766418457e-04
2.110069990158081055e-02
5.852282047271728516e-03
1.592665910720825195e-02
5.518645048141479492e-04
2.003121376037597656e-02
2.404837869107723236e-05
4.692882299423217773e-03
9.808763861656188965e-04
1.747772097587585449e-03
2.825188636779785156e-02
3.113687038421630859e-03
1.243665814399719238e-03
1.453787088394165039e-03
4.291087388992309570e-03
5.501985549926757812e-03
1.967608928680419922e-03
4.964247345924377441e-04
1.819189637899398804e-04
7.328726351261138916e-04
4.269853234291076660e-03
3.628492355346679688e-03
1.648414134979248047e-02
2.779424190521240234e-03
1.893416047096252441e-04
4.785954952239990234e-04
5.068145692348480225e-04
2.487793564796447754e-03
4.779845476150512695e-04
7.758140563964843750e-03
1.730477809906005859e-02
3.920122981071472168e-04
1.008301973342895508e-03
7.527396082878112793e-04
4.274658858776092529e-04
4.686303436756134033e-04
2.801775932312011719e-03
8.211553096771240234e-03
9.854733943939208984e-04
3.900885581970214844e-03
3.872036933898925781e-03
1.003196835517883301e-02
2.375934273004531860e-04
3.894343972206115723e-04
2.455506473779678345e-04
1.933187246322631836e-03
2.096012234687805176e-03
4.049465060234069824e-04
3.829628229141235352e-03
2.933651208877563477e-03
3.712251782417297363e-04
4.483133554458618164e-03
6.533086299896240234e-03
1.503385603427886963e-03
4.591375589370727539e-03
3.739669919013977051e-04
2.487242221832275391e-03
1.188382506370544434e-03
1.119703054428100586e-03
2.456977963447570801e-03
2.466604113578796387e-03
2.905689179897308350e-04
6.984621286392211914e-04
3.499150276184082031e-03
8.259415626525878906e-04
1.437794417142868042e-04
2.576947212219238281e-03
2.161655575037002563e-04
6.160438060760498047e-03
1.674517989158630371e-03
1.559093594551086426e-03
3.302879631519317627e-04
2.144038677215576172e-03
1.194052398204803467e-03
5.134083330631256104e-04
1.985752582550048828e-02
6.764307618141174316e-04
5.577728152275085449e-04
3.340497612953186035e-03
5.800575017929077148e-04
6.220817565917968750e-03
1.122844219207763672e-02
9.170770645141601562e-03
3.423213958740234375e-03
5.010552704334259033e-04
3.298938274383544922e-03
1.328331232070922852e-02
1.529743894934654236e-05
7.189661264419555664e-04
2.170950174331665039e-03
1.605236530303955078e-02
1.850966364145278931e-04
1.596376299858093262e-03
1.529437303543090820e-02
7.531754672527313232e-04
8.413791656494140625e-03
7.066503167152404785e-04
6.454169750213623047e-03
1.037023961544036865e-03
1.899376511573791504e-03
4.093080759048461914e-03
1.909509301185607910e-04
3.021769225597381592e-05
7.213532924652099609e-03
2.111904323101043701e-03
1.491713523864746094e-02
1.010090112686157227e-03
1.261806488037109375e-02
1.432292163372039795e-03
2.370461821556091309e-03
5.004508420825004578e-05
9.427785873413085938e-03
5.180120468139648438e-03
7.361769676208496094e-04
2.310633659362792969e-03
3.422796726226806641e-03
2.250194549560546875e-03
2.663791179656982422e-03
4.864633083343505859e-03
1.311331987380981445e-03
1.259058713912963867e-02
1.115226745605468750e-02
4.770159721374511719e-04
5.546584725379943848e-04
1.657463610172271729e-03
1.270562410354614258e-03
4.711523652076721191e-04
2.503812313079833984e-03
2.595555782318115234e-02
3.933608531951904297e-03
3.141880035400390625e-03
3.892928361892700195e-03
1.266645267605781555e-04
1.651912927627563477e-03
4.991590976715087891e-03
5.720257759094238281e-04
1.111423969268798828e-02
6.100982427597045898e-04
4.036337137222290039e-03
9.662583470344543457e-04
7.437080144882202148e-03
1.136368513107299805e-02
2.152085304260253906e-03
2.979356795549392700e-04
9.884715080261230469e-03
1.092916727066040039e-02
4.288598895072937012e-03
1.024128869175910950e-05
1.503473520278930664e-02
6.856203079223632812e-03
1.554107666015625000e-02
8.845627307891845703e-03
2.652779221534729004e-03
4.108995199203491211e-04
2.260446548461914062e-03
2.450120449066162109e-02
3.870800137519836426e-04
7.763877511024475098e-04
2.218306064605712891e-03
3.713741898536682129e-04
1.529432833194732666e-03
6.012395024299621582e-04
9.159028530120849609e-03
2.299264073371887207e-03
3.280907869338989258e-03
2.930119633674621582e-03
5.673058331012725830e-04
8.849620819091796875e-03
4.149794578552246094e-03
2.450644969940185547e-04
1.698523759841918945e-03
6.988048553466796875e-03
2.179946750402450562e-04
4.190385341644287109e-03
1.559808850288391113e-03
1.434728503227233887e-03
1.055121421813964844e-02
7.358580827713012695e-03
1.050436496734619141e-02
4.663839936256408691e-04
4.919588565826416016e-03
4.785992205142974854e-04
1.181751489639282227e-03
2.909824252128601074e-04
3.931879997253417969e-03
4.600137472152709961e-04
1.263134181499481201e-04
9.549111127853393555e-04
1.481860876083374023e-03
5.386620759963989258e-03
8.597150444984436035e-04
1.309782266616821289e-02
2.418026328086853027e-03
2.004683017730712891e-03
1.109388470649719238e-02
7.509648799896240234e-03
8.972883224487304688e-04
1.764106750488281250e-02
1.137161254882812500e-02
2.007150650024414062e-02
2.870813012123107910e-03
6.337374448776245117e-03
3.448277711868286133e-04
4.567563533782958984e-03
2.103388309478759766e-03
6.619319319725036621e-04
3.926217555999755859e-03
2.236396074295043945e-03
1.267081499099731445e-02
3.583207726478576660e-04
1.406610012054443359e-02
2.787765115499496460e-04
4.315003752708435059e-05
1.166510581970214844e-02
7.881084457039833069e-05
2.478331327438354492e-03
5.288310348987579346e-04
5.124151706695556641e-03
8.151307702064514160e-05
6.214305758476257324e-04
7.893204689025878906e-03
7.491111755371093750e-04
1.064993441104888916e-03
1.326960325241088867e-02
1.398837566375732422e-02
2.853840589523315430e-03
3.277882933616638184e-03
1.871854066848754883e-03
9.933114051818847656e-04
3.574460744857788086e-03
2.384632825851440430e-03
1.667323522269725800e-05
5.798116326332092285e-04
2.719387412071228027e-03
6.259083747863769531e-03
7.744058966636657715e-04
7.036268711090087891e-03
6.024613976478576660e-04
1.054674386978149414e-03
4.173144698143005371e-04
8.100569248199462891e-03
4.637688398361206055e-04
1.290760934352874756e-03
5.158543586730957031e-03
5.833469331264495850e-04
1.253539323806762695e-02
8.500635623931884766e-03
3.323554992675781250e-03
1.086920499801635742e-02
5.364120006561279297e-04
1.904338598251342773e-03
6.020516157150268555e-03
3.273338079452514648e-03
7.266104221343994141e-03
2.602100372314453125e-02
1.895681023597717285e-03
6.026148796081542969e-03
4.153907299041748047e-03
1.358129084110260010e-04
2.984613180160522461e-03
1.200228929519653320e-02
1.041293144226074219e-03
1.773908734321594238e-04
6.263971328735351562e-03
3.480464220046997070e-03
9.055435657501220703e-04
1.357996463775634766e-02
1.037466526031494141e-02
2.642691135406494141e-03
1.466286182403564453e-02
7.421001791954040527e-04
1.524478197097778320e-03
6.564185023307800293e-04
1.393370330333709717e-04
5.309246480464935303e-04
6.615221500396728516e-03
3.646835684776306152e-04
1.083038747310638428e-03
5.346313118934631348e-04
6.973028182983398438e-03
5.909055471420288086e-04
2.974510192871093750e-03
1.147580146789550781e-02
2.038031816482543945e-03
1.124197244644165039e-02
8.316151797771453857e-05
4.567056894302368164e-04
1.418948173522949219e-03
8.507490158081054688e-03
4.304230213165283203e-03
1.784473657608032227e-03
4.639178514480590820e-04
2.730846405029296875e-03
2.679554745554924011e-05
2.447873353958129883e-03
8.642971515655517578e-04
1.459685154259204865e-05
4.205107688903808594e-04
2.825763076543807983e-04
1.264065504074096680e-03
1.128375530242919922e-03
2.140712738037109375e-02
9.658396244049072266e-03
9.605288505554199219e-04
1.567214727401733398e-03
7.976293563842773438e-03
6.087757647037506104e-04
2.768598496913909912e-04
5.074106156826019287e-04
1.768255233764648438e-02
2.266913652420043945e-03
4.597485065460205078e-03
1.031784340739250183e-04
1.004552841186523438e-02
1.931548118591308594e-03
7.751509547233581543e-04
4.126206040382385254e-04
1.700349152088165283e-03
1.340490579605102539e-02
2.343691885471343994e-04
1.105517148971557617e-04
1.591223478317260742e-02
2.018496394157409668e-03
5.040109157562255859e-03
1.937359571456909180e-03
4.679784178733825684e-04
8.392572402954101562e-03
8.544445037841796875e-03
7.730960845947265625e-03
6.216540932655334473e-04
1.074001193046569824e-03
2.321854233741760254e-03
2.650320529937744141e-03
1.152127981185913086e-03
6.869360804557800293e-04
2.594769001007080078e-03
9.517788887023925781e-03
4.446715116500854492e-03
2.032607793807983398e-03
9.328484535217285156e-03
1.447784900665283203e-02
8.940756320953369141e-03
0.000000000000000000e+00
0.000000000000000000e+00
0.000000000000000000e+00
0.000000000000000000e+00
0.000000000000000000e+00
0.000000000000000000e+00
0.000000000000000000e+00
0.000000000000000000e+00
0.000000000000000000e+00
0.000000000000000000e+00
0.000000000000000000e+00
0.000000000000000000e+00
0.000000000000000000e+00
0.000000000000000000e+00
0.000000000000000000e+00
0.000000000000000000e+00
0.000000000000000000e+00
0.000000000000000000e+00
0.000000000000000000e+00
0.000000000000000000e+00
0.000000000000000000e+00
0.000000000000000000e+00
0.000000000000000000e+00
0.000000000000000000e+00
0.000000000000000000e+00
0.000000000000000000e+00
0.000000000000000000e+00
0.000000000000000000e+00
0.000000000000000000e+00
0.000000000000000000e+00
0.000000000000000000e+00
0.000000000000000000e+00
0.000000000000000000e+00
0.000000000000000000e+00
0.000000000000000000e+00
0.000000000000000000e+00
0.000000000000000000e+00
0.000000000000000000e+00
0.000000000000000000e+00
0.000000000000000000e+00
