4.296898841857910156e-03
8.801698684692382812e-03
1.015025377273559570e-02
1.771378517150878906e-02
1.454496383666992188e-02
2.340888977050781250e-02
1.584398746490478516e-02
1.278740167617797852e-02
3.030467033386230469e-02
7.884383201599121094e-03
5.314499139785766602e-03
1.441669464111328125e-02
1.499724388122558594e-02
1.893448829650878906e-02
2.043592929840087891e-02
1.926732063293457031e-02
1.219528913497924805e-02
1.163256168365478516e-02
4.332721233367919922e-03
1.691448688507080078e-02
1.804685592651367188e-02
1.444566249847412109e-02
2.135694026947021484e-02
2.815318107604980469e-02
1.242524385452270508e-02
1.874279975891113281e-02
1.277011632919311523e-02
7.661640644073486328e-03
8.976936340332031250e-03
1.257169246673583984e-02
2.312618494033813477e-02
1.899373531341552734e-02
1.398253440856933594e-02
8.206009864807128906e-03
1.814275979995727539e-02
2.792525291442871094e-02
2.166464924812316895e-03
6.900608539581298828e-03
8.803784847259521484e-03
2.075290679931640625e-02
1.741850376129150391e-02
8.423328399658203125e-03
6.114631891250610352e-03
1.683181524276733398e-02
1.118880510330200195e-02
1.817560195922851562e-02
2.012586593627929688e-02
2.061259746551513672e-02
3.025364875793457031e-02
3.135752677917480469e-02
1.927089691162109375e-02
1.166349649429321289e-02
2.116143703460693359e-02
3.381466865539550781e-02
1.454514265060424805e-02
5.523324012756347656e-03
1.521426439285278320e-02
2.489042282104492188e-02
2.063167095184326172e-02
1.800477504730224609e-02
2.990579605102539062e-02
2.256894111633300781e-02
9.296774864196777344e-03
2.171880006790161133e-02
1.431250572204589844e-02
1.952052116394042969e-02
1.501274108886718750e-02
1.898026466369628906e-02
1.451015472412109375e-02
1.472699642181396484e-02
2.111768722534179688e-02
1.405698060989379883e-02
1.378697156906127930e-02
1.461935043334960938e-02
1.186555624008178711e-02
1.202678680419921875e-02
1.961159706115722656e-02
2.421700954437255859e-02
6.092011928558349609e-03
1.863431930541992188e-02
7.351756095886230469e-03
1.670873165130615234e-02
1.643353700637817383e-02
1.667147874832153320e-02
1.747310161590576172e-02
1.736932992935180664e-02
1.567816734313964844e-02
2.673900127410888672e-02
1.082462072372436523e-02
1.383036375045776367e-02
1.067501306533813477e-02
1.830852031707763672e-02
3.266763687133789062e-02
8.049130439758300781e-03
1.177859306335449219e-02
6.947755813598632812e-03
8.789241313934326172e-03
1.800572872161865234e-02
1.810252666473388672e-02
1.979082822799682617e-02
4.093647003173828125e-03
2.031469345092773438e-02
1.823234558105468750e-02
2.668571472167968750e-02
1.346051692962646484e-02
2.290153503417968750e-02
2.318060398101806641e-02
1.871567964553833008e-02
1.861423254013061523e-02
2.355599403381347656e-02
2.174681425094604492e-02
2.426695823669433594e-02
2.685427665710449219e-02
1.658487319946289062e-02
1.701837778091430664e-02
2.242058515548706055e-02
3.152966499328613281e-03
1.796853542327880859e-02
6.650656461715698242e-03
1.809334754943847656e-02
2.297866344451904297e-02
1.456868648529052734e-02
8.343040943145751953e-03
2.763390541076660156e-02
1.496368646621704102e-02
9.265840053558349609e-03
2.250504493713378906e-02
8.261382579803466797e-03
1.143741607666015625e-02
2.305603027343750000e-02
9.098887443542480469e-03
1.544106006622314453e-02
2.992522716522216797e-02
7.700949907302856445e-03
2.282285690307617188e-02
1.932615041732788086e-02
2.499735355377197266e-02
1.073443889617919922e-02
1.604199409484863281e-02
1.105821132659912109e-02
9.670794010162353516e-03
2.826631069183349609e-02
1.869690418243408203e-02
1.667785644531250000e-02
1.392745971679687500e-02
1.749926805496215820e-02
2.488565444946289062e-02
2.305364608764648438e-02
2.397119998931884766e-02
2.243661880493164062e-02
1.885366439819335938e-02
1.317918300628662109e-03
1.458013057708740234e-02
1.084482669830322266e-02
1.195150613784790039e-02
2.127182483673095703e-02
2.072930335998535156e-02
5.842685699462890625e-03
2.043575048446655273e-03
1.716536283493041992e-02
1.271218061447143555e-02
1.600468158721923828e-02
2.899324893951416016e-02
1.540136337280273438e-02
2.339196205139160156e-02
2.611243724822998047e-02
1.814174652099609375e-02
1.265460252761840820e-02
1.186561584472656250e-02
1.135158538818359375e-02
1.325637102127075195e-02
8.228123188018798828e-03
2.661108970642089844e-02
1.612615585327148438e-02
1.351809501647949219e-02
2.632755041122436523e-02
2.268099784851074219e-02
2.348923683166503906e-02
7.909268140792846680e-03
1.808500289916992188e-02
1.103824377059936523e-02
1.441133022308349609e-02
1.042270660400390625e-02
1.211094856262207031e-02
1.015770435333251953e-02
2.595174312591552734e-02
2.500724792480468750e-02
1.353669166564941406e-02
2.950692176818847656e-02
3.423786163330078125e-02
1.960420608520507812e-02
2.242350578308105469e-02
1.739132404327392578e-02
1.732134819030761719e-02
2.071976661682128906e-02
1.427382230758666992e-02
6.165623664855957031e-03
2.158820629119873047e-02
3.169625997543334961e-03
5.574166774749755859e-03
1.189577579498291016e-02
7.157623767852783203e-03
1.222360134124755859e-02
2.758145332336425781e-02
2.994847297668457031e-02
1.561653614044189453e-02
1.277637481689453125e-02
1.998054981231689453e-02
1.812398433685302734e-02
2.862870693206787109e-02
1.963359117507934570e-02
2.382630109786987305e-02
1.473724842071533203e-02
3.078669309616088867e-03
1.870101690292358398e-02
1.954841613769531250e-02
1.480048894882202148e-02
1.520860195159912109e-02
2.034294605255126953e-02
2.480947971343994141e-02
2.277863025665283203e-02
1.427978277206420898e-02
1.200771331787109375e-02
7.082343101501464844e-03
1.620072126388549805e-02
1.525688171386718750e-02
1.583468914031982422e-02
1.671922206878662109e-02
1.253700256347656250e-02
1.560640335083007812e-02
2.034699916839599609e-02
1.046580076217651367e-02
8.890628814697265625e-03
4.693090915679931641e-03
1.313722133636474609e-02
1.588559150695800781e-02
1.342636346817016602e-02
2.219569683074951172e-02
1.811975240707397461e-02
8.529961109161376953e-03
1.187795400619506836e-02
1.501846313476562500e-02
1.668578386306762695e-02
3.686785697937011719e-03
2.085828781127929688e-02
2.272021770477294922e-02
9.098768234252929688e-03
1.291775703430175781e-02
1.013994216918945312e-02
7.961273193359375000e-03
6.953358650207519531e-03
7.575631141662597656e-03
1.370191574096679688e-02
1.338285207748413086e-02
2.420067787170410156e-02
1.256877183914184570e-02
0.000000000000000000e+00
0.000000000000000000e+00
0.000000000000000000e+00
0.000000000000000000e+00
0.000000000000000000e+00
0.000000000000000000e+00
0.000000000000000000e+00
0.000000000000000000e+00
0.000000000000000000e+00
0.000000000000000000e+00
0.000000000000000000e+00
0.000000000000000000e+00
0.000000000000000000e+00
0.000000000000000000e+00
0.000000000000000000e+00
0.000000000000000000e+00
0.000000000000000000e+00
0.000000000000000000e+00
0.000000000000000000e+00
0.000000000000000000e+00
