1.122212409973144531e-02
1.477152109146118164e-02
1.387858390808105469e-02
1.327365636825561523e-02
1.468682289123535156e-02
1.756906509399414062e-02
1.937758922576904297e-02
1.348233222961425781e-02
2.514314651489257812e-02
1.206666231155395508e-02
9.428679943084716797e-03
1.607155799865722656e-02
1.538968086242675781e-02
1.319807767868041992e-02
1.685106754302978516e-02
1.251441240310668945e-02
1.716136932373046875e-02
1.795387268066406250e-02
7.494330406188964844e-03
1.925992965698242188e-02
1.709723472595214844e-02
1.603817939758300781e-02
2.294814586639404297e-02
2.719211578369140625e-02
1.263797283172607422e-02
1.629221439361572266e-02
1.618689298629760742e-02
1.094722747802734375e-02
9.504437446594238281e-03
1.563549041748046875e-02
1.667463779449462891e-02
1.316952705383300781e-02
1.155614852905273438e-02
8.367061614990234375e-03
1.576632261276245117e-02
1.913541555404663086e-02
5.212247371673583984e-03
2.869814634323120117e-03
2.768087387084960938e-02
1.351523399353027344e-02
1.433897018432617188e-02
9.454369544982910156e-03
1.007068157196044922e-02
1.541376113891601562e-02
1.587218046188354492e-02
2.416348457336425781e-02
2.029299736022949219e-02
1.925659179687500000e-02
2.689778804779052734e-02
3.551244735717773438e-02
1.777005195617675781e-02
6.459355354309082031e-03
2.038508653640747070e-02
3.050792217254638672e-02
1.670008897781372070e-02
7.427692413330078125e-03
1.787489652633666992e-02
1.393914222717285156e-02
2.167916297912597656e-02
1.304793357849121094e-02
2.167963981628417969e-02
1.724815368652343750e-02
5.134314298629760742e-03
4.170238971710205078e-03
1.361352205276489258e-02
7.810950279235839844e-03
1.810729503631591797e-02
1.542073488235473633e-02
1.298916339874267578e-02
1.595193147659301758e-02
2.246356010437011719e-02
1.802593469619750977e-02
1.603388786315917969e-02
2.199316024780273438e-02
1.187169551849365234e-02
1.703125238418579102e-02
7.469773292541503906e-03
1.395416259765625000e-02
8.829444646835327148e-03
1.830375194549560547e-02
1.883304119110107422e-02
1.650810241699218750e-02
2.042114734649658203e-02
2.381336688995361328e-02
1.630914211273193359e-02
1.090443134307861328e-02
1.338183879852294922e-02
2.462840080261230469e-02
1.516664028167724609e-02
1.069086790084838867e-02
1.277029514312744141e-02
1.609635353088378906e-02
2.988052368164062500e-02
1.537106931209564209e-03
2.245569229125976562e-02
5.687177181243896484e-03
4.028975963592529297e-03
2.347397804260253906e-02
1.253557205200195312e-02
8.190274238586425781e-03
6.677150726318359375e-03
2.536273002624511719e-02
1.772522926330566406e-02
2.455222606658935547e-02
1.330262422561645508e-02
2.587056159973144531e-02
2.054095268249511719e-02
1.423871517181396484e-02
2.550435066223144531e-02
1.581829786300659180e-02
2.593791484832763672e-02
2.396607398986816406e-02
2.570974826812744141e-02
2.037143707275390625e-02
2.253210544586181641e-02
1.179507374763488770e-02
1.452240347862243652e-02
1.494264602661132812e-02
1.765823364257812500e-02
1.648747920989990234e-02
1.164096593856811523e-02
1.589357852935791016e-02
1.334428787231445312e-02
2.831661701202392578e-02
1.816177368164062500e-02
1.654726266860961914e-02
2.229619026184082031e-02
4.043936729431152344e-03
1.046359539031982422e-02
1.858150959014892578e-02
1.318305730819702148e-02
1.855206489562988281e-02
2.594602108001708984e-02
1.233482360839843750e-02
1.929473876953125000e-02
2.618801593780517578e-02
2.059507369995117188e-02
1.453965902328491211e-02
1.609826087951660156e-02
7.232785224914550781e-03
2.341878414154052734e-02
2.285182476043701172e-02
1.526975631713867188e-02
1.450681686401367188e-02
1.663041114807128906e-02
1.917862892150878906e-02
2.077746391296386719e-02
1.272183656692504883e-02
2.143955230712890625e-02
2.309274673461914062e-02
1.845759153366088867e-02
4.220128059387207031e-03
1.129215955734252930e-02
9.906291961669921875e-03
2.838766574859619141e-02
3.543525934219360352e-03
1.879382133483886719e-02
7.272124290466308594e-03
2.662152051925659180e-03
7.414460182189941406e-03
9.842872619628906250e-03
2.008712291717529297e-02
2.689433097839355469e-02
1.585656404495239258e-02
2.174174785614013672e-02
1.174825429916381836e-02
1.584833860397338867e-02
1.749384403228759766e-02
7.456600666046142578e-03
1.157367229461669922e-02
1.763129234313964844e-02
1.653635501861572266e-02
2.432906627655029297e-02
1.548790931701660156e-02
1.427698135375976562e-02
3.200709819793701172e-02
1.558279991149902344e-02
2.592504024505615234e-02
2.025991678237915039e-02
2.319324016571044922e-02
1.644277572631835938e-02
2.242457866668701172e-02
8.746623992919921875e-03
1.108640432357788086e-02
6.874114274978637695e-03
1.724088191986083984e-02
2.381968498229980469e-02
1.533818244934082031e-02
1.525604724884033203e-02
2.977323532104492188e-02
1.840651035308837891e-02
1.192104816436767578e-02
2.431493997573852539e-02
2.371954917907714844e-02
2.879095077514648438e-02
1.925063133239746094e-02
9.882748126983642578e-03
3.116679191589355469e-02
5.769133567810058594e-03
6.878435611724853516e-03
1.283991336822509766e-02
1.492935419082641602e-02
1.654231548309326172e-02
1.125347614288330078e-02
3.963172435760498047e-02
2.310645580291748047e-02
1.753664016723632812e-02
2.634644508361816406e-02
2.515268325805664062e-02
2.316802740097045898e-02
1.785069704055786133e-02
5.482405424118041992e-03
1.494222879409790039e-02
5.348950624465942383e-03
1.997947692871093750e-02
2.325296401977539062e-02
1.408433914184570312e-02
1.599800586700439453e-02
2.458477020263671875e-02
2.131009101867675781e-02
2.344357967376708984e-02
1.746344566345214844e-02
1.857453584671020508e-02
1.044523715972900391e-02
2.706551551818847656e-02
2.299535274505615234e-02
1.289343833923339844e-02
1.601994037628173828e-02
1.203811168670654297e-02
2.560579776763916016e-02
2.755069732666015625e-02
1.047158241271972656e-02
1.590174436569213867e-02
1.005995273590087891e-02
1.792097091674804688e-02
2.690768241882324219e-02
2.606356143951416016e-02
2.287733554840087891e-02
1.507192850112915039e-02
1.542162895202636719e-02
2.092480659484863281e-02
1.830148696899414062e-02
3.159463405609130859e-02
5.334854125976562500e-03
2.244460582733154297e-02
1.444017887115478516e-02
1.568168401718139648e-02
1.993155479431152344e-02
3.058838844299316406e-02
1.297247409820556641e-02
1.868969202041625977e-02
1.548677682876586914e-02
1.652896404266357422e-02
1.751130819320678711e-02
6.063938140869140625e-03
2.306389808654785156e-02
0.000000000000000000e+00
0.000000000000000000e+00
0.000000000000000000e+00
0.000000000000000000e+00
0.000000000000000000e+00
0.000000000000000000e+00
0.000000000000000000e+00
0.000000000000000000e+00
0.000000000000000000e+00
0.000000000000000000e+00
0.000000000000000000e+00
0.000000000000000000e+00
0.000000000000000000e+00
0.000000000000000000e+00
0.000000000000000000e+00
0.000000000000000000e+00
0.000000000000000000e+00
0.000000000000000000e+00
0.000000000000000000e+00
0.000000000000000000e+00
