1.436966657638549805e-02
1.902735233306884766e-02
1.956319808959960938e-02
2.804255485534667969e-02
1.951527595520019531e-02
2.843570709228515625e-02
1.755243539810180664e-02
1.429790258407592773e-02
2.690088748931884766e-02
1.460230350494384766e-02
1.292347908020019531e-02
2.112364768981933594e-02
2.288198471069335938e-02
1.372706890106201172e-02
1.672410964965820312e-02
2.109265327453613281e-02
2.588605880737304688e-02
2.792024612426757812e-02
1.499789953231811523e-02
3.057873249053955078e-02
1.451832056045532227e-02
1.828563213348388672e-02
2.634131908416748047e-02
4.141485691070556641e-02
1.075643301010131836e-02
2.444481849670410156e-02
1.830345392227172852e-02
1.670789718627929688e-02
1.808869838714599609e-02
1.982676982879638672e-02
3.221392631530761719e-02
2.809607982635498047e-02
1.385557651519775391e-02
1.034498214721679688e-02
1.843792200088500977e-02
2.610933780670166016e-02
1.011222600936889648e-02
8.013516664505004883e-03
2.284437417984008789e-02
3.001356124877929688e-02
1.459550857543945312e-02
8.358538150787353516e-03
4.987716674804687500e-03
2.420198917388916016e-02
1.910215616226196289e-02
2.574324607849121094e-02
2.796804904937744141e-02
2.482748031616210938e-02
2.441024780273437500e-02
3.905212879180908203e-02
1.507723331451416016e-02
7.456541061401367188e-03
2.531766891479492188e-02
3.569889068603515625e-02
1.646083593368530273e-02
8.782505989074707031e-03
2.801787853240966797e-02
1.420438289642333984e-02
2.012467384338378906e-02
1.582860946655273438e-02
3.303837776184082031e-02
1.418387889862060547e-02
9.290516376495361328e-03
2.195632457733154297e-02
1.496082544326782227e-02
9.740114212036132812e-03
2.044606208801269531e-02
2.249658107757568359e-02
1.626086235046386719e-02
1.650726795196533203e-02
2.639460563659667969e-02
3.190135955810546875e-02
2.170991897583007812e-02
1.965761184692382812e-02
1.055926084518432617e-02
2.258276939392089844e-02
2.346026897430419922e-02
2.617716789245605469e-02
3.005552291870117188e-02
2.709758281707763672e-02
2.318525314331054688e-02
1.514065265655517578e-02
1.994323730468750000e-02
2.250337600708007812e-02
2.188599109649658203e-02
1.439273357391357422e-02
1.333832740783691406e-02
2.948713302612304688e-02
1.315832138061523438e-02
1.081454753875732422e-02
9.620666503906250000e-03
1.776754856109619141e-02
3.167557716369628906e-02
7.822543382644653320e-03
2.675211429595947266e-02
7.164955139160156250e-03
5.873262882232666016e-03
2.467954158782958984e-02
2.020716667175292969e-02
6.571322679519653320e-03
9.870052337646484375e-03
2.286219596862792969e-02
1.538324356079101562e-02
3.111445903778076172e-02
1.373124122619628906e-02
3.238630294799804688e-02
2.709376811981201172e-02
2.996698021888732910e-03
2.757656574249267578e-02
2.326798439025878906e-02
3.275537490844726562e-02
2.942895889282226562e-02
2.763509750366210938e-02
1.742446422576904297e-02
1.546418666839599609e-02
1.678341627120971680e-02
3.606063127517700195e-02
1.130938529968261719e-02
1.266068220138549805e-02
2.328872680664062500e-02
1.866352558135986328e-02
1.461088657379150391e-02
1.594364643096923828e-02
2.864849567413330078e-02
2.195346355438232422e-02
1.084542274475097656e-02
2.578830718994140625e-02
1.192075014114379883e-02
8.251845836639404297e-03
2.167463302612304688e-02
1.149511337280273438e-02
2.096736431121826172e-02
2.132642269134521484e-02
9.485602378845214844e-03
3.300487995147705078e-02
2.929401397705078125e-02
2.308654785156250000e-02
2.070671319961547852e-02
2.890992164611816406e-02
5.095392465591430664e-03
2.401107549667358398e-02
3.739142417907714844e-02
2.004909515380859375e-02
2.092325687408447266e-02
1.452076435089111328e-02
1.580798625946044922e-02
2.295601367950439453e-02
2.538394927978515625e-02
2.356731891632080078e-02
1.714932918548583984e-02
2.088689804077148438e-02
4.161059856414794922e-03
9.982705116271972656e-03
1.450705528259277344e-02
2.654105424880981445e-02
2.178704738616943359e-02
2.503216266632080078e-02
5.245208740234375000e-03
1.521301269531250000e-02
1.157790422439575195e-02
1.486450433731079102e-02
1.383680105209350586e-02
2.786338329315185547e-02
1.478940248489379883e-02
2.333295345306396484e-02
3.028678894042968750e-02
2.604103088378906250e-02
1.331514120101928711e-02
1.299810409545898438e-02
1.679098606109619141e-02
1.656663417816162109e-02
2.358675003051757812e-02
3.065943717956542969e-02
1.535105705261230469e-02
1.178717613220214844e-02
4.034340381622314453e-02
2.183842658996582031e-02
2.301907539367675781e-02
2.392411231994628906e-02
1.865398883819580078e-02
1.066350936889648438e-02
1.717472076416015625e-02
1.109099388122558594e-02
8.807003498077392578e-03
1.435345411300659180e-02
2.157652378082275391e-02
3.648328781127929688e-02
1.726436614990234375e-02
2.564501762390136719e-02
3.397500514984130859e-02
1.878201961517333984e-02
2.182877063751220703e-02
2.160251140594482422e-02
2.499413490295410156e-02
2.555060386657714844e-02
2.255272865295410156e-02
2.100014686584472656e-02
2.627575397491455078e-02
8.646845817565917969e-03
1.120072603225708008e-02
1.977908611297607422e-02
1.419049501419067383e-02
1.646935939788818359e-02
2.837908267974853516e-02
4.525172710418701172e-02
1.805865764617919922e-02
1.038718223571777344e-02
3.460597991943359375e-02
2.527892589569091797e-02
3.909480571746826172e-02
2.014946937561035156e-02
2.275675535202026367e-02
2.167773246765136719e-02
1.326960325241088867e-02
1.673883199691772461e-02
1.646018028259277344e-02
1.825815439224243164e-02
2.153128385543823242e-02
3.033971786499023438e-02
2.430665493011474609e-02
2.797126770019531250e-02
1.840734481811523438e-02
2.156794071197509766e-02
1.125133037567138672e-02
2.415692806243896484e-02
1.746129989624023438e-02
1.844942569732666016e-02
1.745641231536865234e-02
1.687538623809814453e-02
1.310110092163085938e-02
2.332055568695068359e-02
1.913464069366455078e-02
2.646613121032714844e-02
7.698059082031250000e-03
1.917517185211181641e-02
3.022348880767822266e-02
3.020632266998291016e-02
2.899205684661865234e-02
2.297341823577880859e-02
1.461887359619140625e-02
2.161836624145507812e-02
2.312362194061279297e-02
2.657020092010498047e-02
6.986498832702636719e-03
2.247965335845947266e-02
2.554535865783691406e-02
1.921892166137695312e-02
1.769262552261352539e-02
3.051185607910156250e-02
1.068973541259765625e-02
1.928234100341796875e-02
1.057821512222290039e-02
1.844120025634765625e-02
2.087754011154174805e-02
2.787768840789794922e-02
1.989901065826416016e-02
0.000000000000000000e+00
0.000000000000000000e+00
0.000000000000000000e+00
0.000000000000000000e+00
0.000000000000000000e+00
0.000000000000000000e+00
0.000000000000000000e+00
0.000000000000000000e+00
0.000000000000000000e+00
0.000000000000000000e+00
0.000000000000000000e+00
0.000000000000000000e+00
0.000000000000000000e+00
0.000000000000000000e+00
0.000000000000000000e+00
0.000000000000000000e+00
0.000000000000000000e+00
0.000000000000000000e+00
0.000000000000000000e+00
0.000000000000000000e+00
