8.170068264007568359e-03
6.076484918594360352e-03
7.681667804718017578e-03
2.485466003417968750e-02
1.486289501190185547e-02
2.802085876464843750e-02
1.734894514083862305e-02
1.980519294738769531e-02
2.886426448822021484e-02
1.737916469573974609e-02
5.123585462570190430e-03
2.271771430969238281e-02
1.734924316406250000e-02
2.282810211181640625e-02
2.063107490539550781e-02
2.193999290466308594e-02
2.658104896545410156e-02
2.378845214843750000e-02
1.908534765243530273e-02
1.729220151901245117e-02
1.773792505264282227e-02
2.032220363616943359e-02
1.922214031219482422e-02
2.171796560287475586e-02
1.120388507843017578e-02
2.522945404052734375e-02
1.374989748001098633e-02
1.257997751235961914e-02
2.672410011291503906e-02
1.530569791793823242e-02
3.337180614471435547e-02
3.219687938690185547e-02
1.911890506744384766e-02
7.042378187179565430e-03
2.980792522430419922e-02
3.034353256225585938e-02
8.140057325363159180e-03
1.173245906829833984e-02
3.291082382202148438e-02
3.540575504302978516e-02
1.641643047332763672e-02
9.809076786041259766e-03
5.446851253509521484e-03
2.925789356231689453e-02
1.123338937759399414e-02
1.860189437866210938e-02
2.602469921112060547e-02
2.291703224182128906e-02
2.505594491958618164e-02
4.309904575347900391e-02
1.523089408874511719e-02
1.761108636856079102e-02
2.587318420410156250e-02
4.107213020324707031e-02
1.305294036865234375e-02
7.688760757446289062e-03
1.420003175735473633e-02
3.661954402923583984e-02
2.620184421539306641e-02
1.766133308410644531e-02
2.123588323593139648e-02
1.377642154693603516e-02
1.396054029464721680e-02
3.593659400939941406e-02
8.015155792236328125e-03
1.837325096130371094e-02
7.211685180664062500e-03
2.443075180053710938e-02
2.136540412902832031e-02
9.595155715942382812e-03
2.105355262756347656e-02
2.287679910659790039e-02
1.307129859924316406e-02
1.605170965194702148e-02
2.285456657409667969e-02
1.514577865600585938e-02
1.147747039794921875e-02
2.496623992919921875e-02
8.922696113586425781e-03
2.434825897216796875e-02
1.356285810470581055e-02
1.855254173278808594e-02
1.739490032196044922e-02
1.766455173492431641e-02
1.461631059646606445e-02
2.088087797164916992e-02
2.119386196136474609e-02
2.089691162109375000e-02
6.950974464416503906e-03
1.758295297622680664e-02
1.025247573852539062e-02
1.074886322021484375e-02
2.454507350921630859e-02
1.103067398071289062e-02
9.474873542785644531e-03
5.940258502960205078e-03
4.089474678039550781e-03
1.907849311828613281e-02
1.826119422912597656e-02
1.708710193634033203e-02
3.660857677459716797e-03
2.463281154632568359e-02
2.236855030059814453e-02
2.739906311035156250e-02
1.231062412261962891e-02
2.393507957458496094e-02
3.359842300415039062e-02
1.628261804580688477e-02
2.159392833709716797e-02
2.553594112396240234e-02
1.139020919799804688e-02
2.462291717529296875e-02
2.342939376831054688e-02
1.112669706344604492e-02
2.491497993469238281e-02
2.923297882080078125e-02
7.219791412353515625e-03
1.490402221679687500e-02
1.246404647827148438e-02
1.864635944366455078e-02
2.463209629058837891e-02
1.290237903594970703e-02
1.744782924652099609e-02
2.663671970367431641e-02
1.227885484695434570e-02
1.098769903182983398e-02
2.861952781677246094e-02
2.687299251556396484e-02
1.187098026275634766e-02
2.404695749282836914e-02
1.242494583129882812e-02
1.541519165039062500e-02
3.061795234680175781e-02
3.190696239471435547e-03
2.754282951354980469e-02
3.306627273559570312e-02
1.458221673965454102e-02
9.936600923538208008e-03
1.446986198425292969e-02
7.622510194778442383e-03
3.027999401092529297e-02
3.953754901885986328e-02
1.371866464614868164e-02
2.032804489135742188e-02
1.779437065124511719e-02
1.736307144165039062e-02
2.592772245407104492e-02
2.418887615203857422e-02
1.459252834320068359e-02
2.419018745422363281e-02
9.425878524780273438e-03
3.617733716964721680e-03
1.472634077072143555e-02
1.395046710968017578e-02
1.151046156883239746e-02
4.466569423675537109e-02
2.579224109649658203e-02
4.985868930816650391e-03
1.878887414932250977e-02
2.110862731933593750e-02
9.709715843200683594e-03
2.903389930725097656e-02
1.156815886497497559e-02
2.155625820159912109e-02
2.016377449035644531e-02
2.409565448760986328e-02
1.981031894683837891e-02
1.081991195678710938e-02
1.292622089385986328e-02
1.296138763427734375e-02
1.863861083984375000e-02
2.560412883758544922e-02
2.504658699035644531e-02
1.977610588073730469e-02
1.566183567047119141e-02
1.763772964477539062e-02
2.412784099578857422e-02
2.616143226623535156e-02
1.252013444900512695e-02
2.489316463470458984e-02
1.496291160583496094e-02
1.107293367385864258e-02
1.199388504028320312e-02
1.503634452819824219e-02
1.581263542175292969e-02
2.889668941497802734e-02
2.701747417449951172e-02
1.485866308212280273e-02
3.064286708831787109e-02
4.240870475769042969e-02
2.379870414733886719e-02
1.496773958206176758e-02
1.516342163085937500e-02
1.708972454071044922e-02
2.636861801147460938e-02
1.362180709838867188e-02
9.996414184570312500e-03
2.762854099273681641e-02
4.682511091232299805e-03
1.170861721038818359e-02
1.359206438064575195e-02
1.084077358245849609e-02
1.250940561294555664e-02
2.489972114562988281e-02
3.123128414154052734e-02
1.675987243652343750e-02
1.247382164001464844e-02
3.077304363250732422e-02
2.016472816467285156e-02
2.873635292053222656e-02
2.539205551147460938e-02
3.214150667190551758e-02
1.609987020492553711e-02
1.142168045043945312e-02
1.213485002517700195e-02
2.352619171142578125e-02
1.526403427124023438e-02
1.321023702621459961e-02
2.582788467407226562e-02
2.546203136444091797e-02
2.067196369171142578e-02
2.102458477020263672e-02
1.183366775512695312e-02
1.133328676223754883e-02
2.257215976715087891e-02
2.202093601226806641e-02
1.537954807281494141e-02
1.389330625534057617e-02
1.066488027572631836e-02
1.912057399749755859e-02
1.859629154205322266e-02
7.900714874267578125e-03
2.384662628173828125e-02
8.687376976013183594e-03
1.479589939117431641e-02
2.574014663696289062e-02
1.854252815246582031e-02
2.775806188583374023e-02
2.799832820892333984e-02
1.020860671997070312e-02
1.548242568969726562e-02
2.503561973571777344e-02
2.510797977447509766e-02
4.770725965499877930e-03
2.382826805114746094e-02
2.006924152374267578e-02
1.341515779495239258e-02
8.289217948913574219e-03
8.421361446380615234e-03
1.190006732940673828e-02
1.548677682876586914e-02
5.147457122802734375e-03
1.408195495605468750e-02
1.636451482772827148e-02
3.178954124450683594e-02
2.446651458740234375e-02
0.000000000000000000e+00
0.000000000000000000e+00
0.000000000000000000e+00
0.000000000000000000e+00
0.000000000000000000e+00
0.000000000000000000e+00
0.000000000000000000e+00
0.000000000000000000e+00
0.000000000000000000e+00
0.000000000000000000e+00
0.000000000000000000e+00
0.000000000000000000e+00
0.000000000000000000e+00
0.000000000000000000e+00
0.000000000000000000e+00
0.000000000000000000e+00
0.000000000000000000e+00
0.000000000000000000e+00
0.000000000000000000e+00
0.000000000000000000e+00
