1.398426294326782227e-02
1.133710145950317383e-03
9.432248771190643311e-05
6.891563534736633301e-04
8.840188384056091309e-04
2.119299024343490601e-04
2.953000366687774658e-04
3.083258867263793945e-03
8.799657225608825684e-04
2.049535512924194336e-03
3.771454095840454102e-03
1.017991453409194946e-04
8.939206600189208984e-04
9.241998195648193359e-04
5.892571061849594116e-05
1.468104124069213867e-02
5.285814404487609863e-04
2.184581756591796875e-02
1.328879594802856445e-02
2.906620502471923828e-04
4.410803318023681641e-03
2.421617507934570312e-03
4.632309079170227051e-03
1.877859234809875488e-03
9.052231907844543457e-04
1.158535480499267578e-02
3.180682659149169922e-03
6.519444286823272705e-04
1.139556989073753357e-04
2.958536148071289062e-03
1.211673021316528320e-02
1.043900847434997559e-03
1.483386754989624023e-02
3.670807927846908569e-04
2.412497997283935547e-03
5.482345819473266602e-03
1.003026962280273438e-03
2.146214246749877930e-04
7.022842764854431152e-04
1.657438278198242188e-02
4.928708076477050781e-03
3.079712390899658203e-02
5.723610520362854004e-04
1.602822542190551758e-02
5.047798156738281250e-03
3.594160079956054688e-03
2.171874046325683594e-02
1.517266035079956055e-03
1.382529735565185547e-04
3.974251449108123779e-04
5.086660385131835938e-04
5.765035748481750488e-04
3.519281744956970215e-04
6.534531712532043457e-04
3.520220518112182617e-03
1.093037426471710205e-04
4.052281379699707031e-03
4.756912589073181152e-03
2.362990379333496094e-02
3.822743892669677734e-03
3.674887120723724365e-04
1.855581998825073242e-03
2.991515398025512695e-02
3.160998225212097168e-03
8.431170135736465454e-05
1.732453703880310059e-03
6.040632724761962891e-03
8.911043405532836914e-04
8.133530616760253906e-03
8.118450641632080078e-03
1.891568303108215332e-03
1.232191920280456543e-03
4.138946533203125000e-03
1.012545078992843628e-03
5.419477820396423340e-04
4.467934370040893555e-03
3.730624914169311523e-03
7.148738950490951538e-05
6.938725709915161133e-04
2.092689275741577148e-03
5.216039717197418213e-04
3.138207830488681793e-05
5.202889442443847656e-03
1.799941062927246094e-03
6.637312471866607666e-04
7.391631603240966797e-03
1.124167442321777344e-02
1.963859796524047852e-02
1.690581440925598145e-03
6.639063358306884766e-04
1.334503293037414551e-03
6.731152534484863281e-04
2.096843719482421875e-02
3.552466630935668945e-03
2.809241414070129395e-04
9.636878967285156250e-04
1.475308090448379517e-04
1.487761735916137695e-02
1.230694353580474854e-03
6.273053586483001709e-04
4.302598536014556885e-04
3.260672092437744141e-03
5.371719598770141602e-04
8.536934852600097656e-03
7.209300994873046875e-03
2.791285514831542969e-04
6.907731294631958008e-04
8.138176053762435913e-05
1.939926296472549438e-04
7.217973470687866211e-04
1.571166515350341797e-02
2.796545624732971191e-03
2.417653799057006836e-03
1.696199178695678711e-03
3.369867801666259766e-03
2.769995480775833130e-04
1.906156539916992188e-03
6.158947944641113281e-03
2.125184983015060425e-04
3.575235605239868164e-04
1.017332077026367188e-03
1.558691263198852539e-03
7.404327392578125000e-03
2.000667154788970947e-03
4.599601030349731445e-03
1.903772354125976562e-04
4.567205905914306641e-04
1.203581690788269043e-03
6.658770143985748291e-05
1.109600067138671875e-02
5.695819854736328125e-03
2.229779958724975586e-02
1.271832734346389771e-04
9.141027927398681641e-03
1.168802380561828613e-03
1.379922032356262207e-04
2.653047442436218262e-03
1.534396409988403320e-02
2.151757478713989258e-03
2.111083269119262695e-02
1.648068428039550781e-02
2.025943994522094727e-02
5.977228283882141113e-05
2.585381269454956055e-03
1.761004328727722168e-03
2.975955605506896973e-03
1.830625534057617188e-02
1.749694347381591797e-03
2.975583076477050781e-03
1.185238361358642578e-02
2.520624548196792603e-05
8.992254734039306641e-03
3.915563225746154785e-03
1.028865575790405273e-02
9.801611304283142090e-05
4.985034465789794922e-04
8.568018674850463867e-04
1.879483461380004883e-04
2.239269018173217773e-02
1.422211527824401855e-03
2.252310514450073242e-04
4.499182105064392090e-04
1.390624046325683594e-02
4.284828901290893555e-03
3.766193985939025879e-04
3.571473062038421631e-04
1.317191123962402344e-02
2.140611410140991211e-03
7.819622755050659180e-03
9.546875953674316406e-04
2.337351441383361816e-03
5.421817302703857422e-03
2.601414918899536133e-03
1.524060964584350586e-03
5.257695913314819336e-03
2.274346351623535156e-02
1.383848488330841064e-03
2.396434545516967773e-03
4.759758710861206055e-03
1.255303621292114258e-02
7.000192999839782715e-04
2.982169389724731445e-03
4.240244626998901367e-03
3.703653812408447266e-03
1.263892650604248047e-02
9.993091225624084473e-05
1.451522111892700195e-02
7.033310830593109131e-04
1.346454024314880371e-03
9.299576282501220703e-03
3.602989017963409424e-04
1.722842454910278320e-03
4.089564085006713867e-03
3.217346966266632080e-04
1.364076137542724609e-02
4.276925325393676758e-02
3.574311733245849609e-03
6.191998720169067383e-03
2.139620482921600342e-04
1.569017767906188965e-04
3.241412341594696045e-04
1.023977994918823242e-03
1.552343368530273438e-02
2.482533454895019531e-03
3.206394612789154053e-04
2.708612009882926941e-05
3.753229975700378418e-04
3.718100488185882568e-04
3.738582134246826172e-03
2.977740764617919922e-02
4.589140415191650391e-03
1.424163579940795898e-03
7.217198610305786133e-03
3.583580255508422852e-04
3.677070140838623047e-03
1.732712984085083008e-02
6.105974316596984863e-04
1.143634319305419922e-02
1.174896955490112305e-02
3.789998590946197510e-04
1.861542463302612305e-03
6.368160247802734375e-04
2.421513199806213379e-04
2.406895160675048828e-03
1.700818538665771484e-03
2.381801605224609375e-03
6.989911198616027832e-04
1.019519567489624023e-02
3.209859132766723633e-03
3.000982105731964111e-04
1.999475061893463135e-04
2.265310287475585938e-02
3.546893596649169922e-03
3.846645355224609375e-03
1.179170608520507812e-02
3.157295286655426025e-04
7.022880017757415771e-04
3.544405102729797363e-03
2.193227410316467285e-04
2.775788307189941406e-03
8.032098412513732910e-04
4.532158374786376953e-03
1.175038516521453857e-03
7.556304335594177246e-04
3.658145666122436523e-03
2.202808856964111328e-02
7.881820201873779297e-04
1.955162733793258667e-04
1.349635422229766846e-04
4.024654626846313477e-03
2.754092216491699219e-03
7.885433733463287354e-04
5.257755517959594727e-03
3.097712993621826172e-03
1.028642058372497559e-02
1.058131456375122070e-03
9.962320327758789062e-03
1.997463405132293701e-04
2.502836287021636963e-04
6.922781467437744141e-04
1.010978594422340393e-04
5.022482946515083313e-05
9.973943233489990234e-03
1.321923732757568359e-02
7.205456495285034180e-04
1.847791671752929688e-02
5.880370736122131348e-04
1.165610551834106445e-02
1.328599452972412109e-02
5.235612392425537109e-03
1.861434429883956909e-04
1.895412802696228027e-03
6.522566080093383789e-03
7.220715284347534180e-03
6.507188081741333008e-04
2.721827477216720581e-04
2.932488918304443359e-03
6.369454786181449890e-05
1.926235854625701904e-04
9.355321526527404785e-04
4.403181374073028564e-04
2.580718137323856354e-05
2.083793282508850098e-03
1.162059605121612549e-03
4.789195954799652100e-04
8.949279785156250000e-03
3.115877509117126465e-03
2.403169870376586914e-03
2.507492899894714355e-03
1.981854438781738281e-03
5.520850419998168945e-03
6.413519382476806641e-03
3.077572584152221680e-02
9.046375751495361328e-03
9.560942649841308594e-03
1.231461763381958008e-03
2.899765968322753906e-03
5.097955465316772461e-03
9.046792984008789062e-03
5.163788795471191406e-03
6.529390811920166016e-04
2.952907234430313110e-04
5.800351500511169434e-04
7.754415273666381836e-04
5.644261837005615234e-03
7.698267698287963867e-03
2.140104770660400391e-04
1.663631200790405273e-02
1.131460070610046387e-03
2.510443329811096191e-03
1.600310206413269043e-03
2.218745648860931396e-04
8.637607097625732422e-03
9.839907288551330566e-04
2.059377729892730713e-03
1.309089362621307373e-03
2.473704516887664795e-04
5.549490451812744141e-04
2.412006258964538574e-03
1.394174993038177490e-03
1.014336943626403809e-02
5.671866238117218018e-04
1.284722238779067993e-04
1.302623748779296875e-02
1.620084047317504883e-03
8.651733398437500000e-03
3.859114646911621094e-02
2.288937568664550781e-03
5.866773426532745361e-04
4.531413316726684570e-03
2.816557884216308594e-02
1.808919012546539307e-03
1.023776829242706299e-03
8.554339408874511719e-03
1.412397250533103943e-04
6.990917026996612549e-04
2.183377742767333984e-03
4.547491669654846191e-03
2.184867858886718750e-02
3.921948373317718506e-04
3.070637583732604980e-03
1.547509431838989258e-02
1.910513639450073242e-02
1.412704586982727051e-03
3.100171685218811035e-03
7.220990955829620361e-04
3.035381436347961426e-03
2.228784561157226562e-02
7.173359394073486328e-03
1.883551478385925293e-03
2.318657934665679932e-04
7.721409201622009277e-05
5.438476800918579102e-03
2.827733755111694336e-03
2.117246389389038086e-03
4.936039447784423828e-03
1.209089159965515137e-02
2.965889871120452881e-04
1.153364777565002441e-03
2.885144203901290894e-04
1.030571758747100830e-03
1.172542572021484375e-02
5.057621747255325317e-04
4.728436470031738281e-04
1.809224486351013184e-03
3.204017877578735352e-03
5.981214344501495361e-04
1.140728592872619629e-03
8.753538131713867188e-03
1.427613198757171631e-03
6.632357835769653320e-04
3.307282924652099609e-03
1.848824322223663330e-03
9.200215339660644531e-03
6.010495126247406006e-04
4.971623420715332031e-04
3.187909722328186035e-03
5.826726555824279785e-05
7.534384727478027344e-03
1.426331698894500732e-03
4.911422729492187500e-04
2.983734011650085449e-04
2.032935619354248047e-03
7.491037249565124512e-04
3.635548055171966553e-04
5.069509148597717285e-03
6.174370646476745605e-04
3.090095520019531250e-02
8.441656827926635742e-03
3.396183252334594727e-03
8.477568626403808594e-03
4.815012216567993164e-04
4.613667726516723633e-03
1.922512054443359375e-02
1.448035240173339844e-03
4.496544599533081055e-03
5.385167896747589111e-04
2.485848963260650635e-04
1.174664497375488281e-02
3.300631046295166016e-02
9.181797504425048828e-04
6.996328011155128479e-05
5.325406789779663086e-03
2.485490404069423676e-05
2.125352621078491211e-03
9.808301925659179688e-03
1.585036516189575195e-04
1.110125333070755005e-03
8.957013487815856934e-04
1.300498843193054199e-03
1.020580530166625977e-03
4.012808203697204590e-04
5.223646759986877441e-03
1.353370025753974915e-04
2.022361755371093750e-02
7.524192333221435547e-03
4.499614238739013672e-03
2.311581373214721680e-02
1.454097032546997070e-02
6.216108798980712891e-03
1.723080873489379883e-02
1.133915781974792480e-02
1.495671272277832031e-02
8.205056190490722656e-03
2.293413877487182617e-02
1.898720860481262207e-03
1.336765289306640625e-02
4.218891263008117676e-03
1.787960529327392578e-02
1.612957566976547241e-04
2.714358270168304443e-04
3.430265933275222778e-04
2.982422709465026855e-03
6.238035857677459717e-04
4.044905304908752441e-03
1.121389865875244141e-02
4.146784543991088867e-03
1.905155181884765625e-02
7.754877209663391113e-03
3.970563411712646484e-04
2.402317523956298828e-02
9.627491235733032227e-04
2.125784754753112793e-03
2.354457974433898926e-03
2.399897575378417969e-02
2.270519733428955078e-03
1.511484384536743164e-02
1.397228240966796875e-02
1.560181379318237305e-02
7.018633186817169189e-05
6.228089332580566406e-03
2.577435970306396484e-02
2.385675907135009766e-03
1.092815399169921875e-02
3.023386001586914062e-03
9.075999259948730469e-03
2.007055282592773438e-02
2.382135391235351562e-02
4.353262484073638916e-04
8.737862110137939453e-03
1.602016389369964600e-03
6.320178508758544922e-03
2.491396665573120117e-02
3.010773658752441406e-02
2.775602042675018311e-04
2.977438271045684814e-04
1.945489645004272461e-02
2.940022945404052734e-02
2.830803394317626953e-03
6.439983844757080078e-03
2.017742395401000977e-02
8.374780416488647461e-03
4.622554779052734375e-02
1.833671331405639648e-02
1.635664701461791992e-02
2.513813972473144531e-02
7.305920124053955078e-03
1.735919713973999023e-02
1.774027943611145020e-03
1.614406704902648926e-03
1.855149865150451660e-03
1.062688231468200684e-02
2.415224909782409668e-03
6.994098424911499023e-03
1.331806182861328125e-02
4.768848419189453125e-03
1.200437545776367188e-02
6.557315587997436523e-03
1.887023448944091797e-03
6.848685443401336670e-04
1.342512667179107666e-03
1.720827817916870117e-02
1.350402832031250000e-03
8.664652705192565918e-04
1.038873195648193359e-02
1.376904547214508057e-03
2.412274479866027832e-04
8.526384830474853516e-03
9.090989828109741211e-03
4.404429346323013306e-04
4.311770200729370117e-03
4.449822008609771729e-04
1.767653226852416992e-02
5.667120218276977539e-03
9.091973304748535156e-03
1.309335231781005859e-03
1.364040374755859375e-02
3.299251198768615723e-03
4.225239157676696777e-03
2.426433563232421875e-02
1.883256435394287109e-02
2.929382026195526123e-04
1.235172152519226074e-03
1.771211624145507812e-03
9.195864200592041016e-03
4.301033914089202881e-04
1.966780424118041992e-02
7.693748921155929565e-05
4.388272762298583984e-03
1.009714603424072266e-02
7.209867238998413086e-03
1.551204919815063477e-02
1.328450441360473633e-02
1.538687944412231445e-02
4.280637949705123901e-05
6.156474351882934570e-03
2.585983276367187500e-02
1.385170221328735352e-02
2.246427536010742188e-02
2.647731453180313110e-04
2.299979329109191895e-03
2.259200811386108398e-02
1.714825630187988281e-03
2.871298789978027344e-02
1.194324344396591187e-03
1.215375959873199463e-03
7.564932107925415039e-03
5.468651652336120605e-04
2.176463603973388672e-02
7.079422473907470703e-03
1.711651682853698730e-03
1.541817188262939453e-02
1.547759771347045898e-02
1.384347677230834961e-02
6.708800792694091797e-03
2.629354596138000488e-03
1.821058988571166992e-02
9.568408131599426270e-04
5.630590021610260010e-04
9.175203740596771240e-04
2.173453569412231445e-03
2.145862579345703125e-02
1.719927787780761719e-02
2.077412605285644531e-02
2.537786960601806641e-02
1.074719429016113281e-02
1.561023294925689697e-03
1.652759313583374023e-02
5.928277969360351562e-04
8.275061845779418945e-04
7.438480854034423828e-03
2.385273575782775879e-03
1.293605566024780273e-02
1.586794853210449219e-02
1.612615585327148438e-02
1.937401294708251953e-02
1.160755753517150879e-03
2.534723281860351562e-02
2.288788557052612305e-03
2.079546451568603516e-02
3.093779087066650391e-03
1.008516550064086914e-02
4.576921463012695312e-03
6.256103515625000000e-03
1.294963061809539795e-03
3.756552934646606445e-03
3.464150428771972656e-02
3.157383203506469727e-02
2.900481224060058594e-02
2.016809582710266113e-02
2.515304088592529297e-02
1.968806982040405273e-02
1.752340793609619141e-02
1.085114479064941406e-02
1.456391811370849609e-02
7.446063682436943054e-05
1.145127415657043457e-02
2.866768836975097656e-02
3.533493727445602417e-04
1.269358396530151367e-02
6.574332714080810547e-03
6.731040775775909424e-04
4.946403205394744873e-04
3.075934946537017822e-04
9.528338909149169922e-03
5.253672599792480469e-02
1.630812883377075195e-02
1.514308154582977295e-03
1.053580641746520996e-02
2.915167808532714844e-02
2.645069360733032227e-02
1.779237389564514160e-02
2.371454238891601562e-02
2.376567572355270386e-04
2.946162223815917969e-02
9.075403213500976562e-04
1.697635650634765625e-02
3.198552131652832031e-02
1.221758127212524414e-02
9.088099002838134766e-03
9.688287973403930664e-03
4.989560693502426147e-05
3.017580509185791016e-02
1.643620431423187256e-03
1.870989799499511719e-04
2.622675895690917969e-02
3.437089920043945312e-02
1.757103204727172852e-02
7.644802331924438477e-03
1.814937591552734375e-02
1.853197813034057617e-02
2.602738142013549805e-02
3.036797046661376953e-02
4.960186779499053955e-04
1.841497421264648438e-02
6.629437208175659180e-03
1.537775993347167969e-02
3.696843981742858887e-03
1.602268218994140625e-02
1.807820796966552734e-02
1.617720723152160645e-02
5.112719535827636719e-02
1.229494810104370117e-02
7.918104529380798340e-04
8.272752165794372559e-04
4.240348935127258301e-04
6.424307823181152344e-03
5.847439169883728027e-04
2.236992120742797852e-02
9.036958217620849609e-03
3.630936145782470703e-02
2.293229103088378906e-03
3.589019179344177246e-03
4.013985395431518555e-03
8.382022380828857422e-03
1.113399863243103027e-03
2.002799510955810547e-02
3.605484962463378906e-03
1.075848937034606934e-03
4.425257444381713867e-03
2.087205648422241211e-03
2.226844429969787598e-03
1.693969964981079102e-02
1.819379627704620361e-03
1.537138223648071289e-02
3.653436899185180664e-03
1.075737178325653076e-03
1.113468408584594727e-02
4.326142370700836182e-04
2.222317457199096680e-02
9.803026914596557617e-04
1.381891965866088867e-02
1.176518201828002930e-02
1.863086223602294922e-02
3.187960386276245117e-02
3.770038485527038574e-03
1.768523454666137695e-02
1.352739334106445312e-02
5.267500877380371094e-03
1.616925001144409180e-03
2.181065082550048828e-02
2.423596382141113281e-02
2.428519725799560547e-02
3.946876525878906250e-02
2.605992555618286133e-02
7.244907319545745850e-04
5.844160914421081543e-04
8.362159132957458496e-04
3.287243843078613281e-02
3.672298043966293335e-04
3.522276878356933594e-03
1.293808221817016602e-03
1.237042248249053955e-03
5.295313894748687744e-04
1.768803596496582031e-02
1.070916652679443359e-02
1.565146446228027344e-02
1.991249620914459229e-03
1.329742372035980225e-03
4.828006029129028320e-03
3.825354576110839844e-02
1.650989055633544922e-02
6.768375635147094727e-03
2.509895712137222290e-04
5.737006664276123047e-03
9.586960077285766602e-04
7.470220327377319336e-03
4.759281873703002930e-03
2.428317070007324219e-02
1.322507858276367188e-03
3.453654050827026367e-02
2.391397953033447266e-02
3.864824771881103516e-03
2.167624235153198242e-02
1.683896780014038086e-02
4.908278584480285645e-03
2.862550318241119385e-04
1.191595196723937988e-02
4.450287669897079468e-04
2.288613468408584595e-04
2.077972888946533203e-02
8.345283567905426025e-04
8.796095848083496094e-03
1.063980162143707275e-03
2.211588621139526367e-02
3.287315368652343750e-02
2.160146832466125488e-03
6.691128015518188477e-03
4.173949360847473145e-03
5.176395177841186523e-03
6.838172674179077148e-03
1.055961847305297852e-02
1.706242561340332031e-02
9.134501218795776367e-03
6.447881460189819336e-04
2.099841833114624023e-03
1.080676913261413574e-03
1.142710447311401367e-03
1.231002807617187500e-02
3.442609310150146484e-02
2.731853723526000977e-02
2.692854404449462891e-02
8.366584777832031250e-03
2.080404758453369141e-02
1.884853839874267578e-02
8.577257394790649414e-03
4.352331161499023438e-03
4.133939743041992188e-03
1.834321022033691406e-02
3.573703765869140625e-02
1.041996479034423828e-02
2.552792429924011230e-04
2.125669270753860474e-04
8.287131786346435547e-03
1.296669244766235352e-02
1.944053173065185547e-02
1.698017120361328125e-02
8.784353733062744141e-03
9.397417306900024414e-04
2.611488103866577148e-03
3.528863191604614258e-03
2.903079986572265625e-02
3.309714794158935547e-02
1.377809047698974609e-02
1.578420400619506836e-02
1.607745885848999023e-03
6.937235593795776367e-03
9.765386581420898438e-03
3.421887755393981934e-03
1.756072044372558594e-02
6.204009056091308594e-03
6.812065839767456055e-03
5.185931921005249023e-03
2.299100160598754883e-03
5.460292100906372070e-03
1.558601856231689453e-03
4.870563745498657227e-03
2.787351608276367188e-03
5.962476134300231934e-04
5.104565620422363281e-02
3.237575292587280273e-03
3.137713670730590820e-02
7.379889488220214844e-03
2.670073509216308594e-02
2.162444591522216797e-02
4.700925201177597046e-04
1.369025558233261108e-04
2.464717626571655273e-02
2.383530139923095703e-02
1.519575715065002441e-03
6.283074617385864258e-03
4.210844635963439941e-04
2.956222742795944214e-04
1.561604440212249756e-04
1.585531234741210938e-02
1.373672485351562500e-02
2.776789665222167969e-02
1.308158040046691895e-03
1.747077330946922302e-04
8.417367935180664062e-04
2.304792404174804688e-02
2.768427133560180664e-03
2.006971836090087891e-02
1.616436243057250977e-02
1.851879060268402100e-03
1.774448156356811523e-02
2.859041094779968262e-03
9.229362010955810547e-03
2.581954002380371094e-03
2.493357658386230469e-02
3.148007392883300781e-02
5.182214081287384033e-04
1.981055736541748047e-02
2.828240394592285156e-03
1.315951347351074219e-02
4.940688610076904297e-03
1.671135425567626953e-03
9.318515658378601074e-04
2.302730083465576172e-02
6.007969379425048828e-03
1.483067870140075684e-03
3.700733184814453125e-03
7.214069366455078125e-03
7.880121469497680664e-03
5.255174636840820312e-02
9.331256151199340820e-04
1.175355911254882812e-02
8.946418762207031250e-03
6.418138742446899414e-03
1.605427265167236328e-02
1.607114076614379883e-02
4.669427871704101562e-03
2.425909042358398438e-03
6.860680878162384033e-04
1.106512546539306641e-02
4.833675920963287354e-04
2.399757504463195801e-04
4.687726497650146484e-03
2.281332015991210938e-02
2.553135156631469727e-03
3.568828105926513672e-02
3.499126434326171875e-02
7.155805826187133789e-03
3.273531794548034668e-03
2.298104763031005859e-02
8.698433637619018555e-03
1.781648397445678711e-02
5.967795848846435547e-03
7.533937692642211914e-03
3.371298313140869141e-03
3.213852643966674805e-03
2.775204181671142578e-02
1.151120662689208984e-02
3.062450885772705078e-02
5.369707942008972168e-04
1.872289180755615234e-02
3.118860721588134766e-02
6.456077098846435547e-03
2.343300729990005493e-04
4.130881279706954956e-04
2.096621319651603699e-04
4.996567964553833008e-03
4.511266946792602539e-03
3.873780369758605957e-03
8.014917373657226562e-03
8.803546428680419922e-03
1.722611486911773682e-04
1.132078468799591064e-03
6.768628954887390137e-04
2.322778105735778809e-03
7.092386484146118164e-03
7.566390559077262878e-05
7.825911045074462891e-03
5.606338381767272949e-04
1.112043857574462891e-03
2.062302827835083008e-02
2.227818965911865234e-02
8.809804916381835938e-03
3.657527267932891846e-04
6.026893854141235352e-03
5.554929375648498535e-04
8.059918880462646484e-03
2.625994384288787842e-04
2.619475126266479492e-04
2.266928553581237793e-03
1.859635114669799805e-02
1.946389675140380859e-03
2.822726964950561523e-04
2.905541658401489258e-02
8.364766836166381836e-03
1.121783256530761719e-02
3.075778484344482422e-03
9.267106652259826660e-04
3.415644168853759766e-03
9.657070040702819824e-05
7.344745099544525146e-04
4.777312278747558594e-04
9.615533053874969482e-05
4.170700907707214355e-03
1.084703207015991211e-02
3.513634204864501953e-03
1.325023174285888672e-02
1.042187213897705078e-03
2.178061008453369141e-02
2.493500709533691406e-03
2.429461479187011719e-02
2.840198576450347900e-04
7.410161197185516357e-04
1.748573780059814453e-02
1.649087667465209961e-02
8.766129612922668457e-04
1.920461654663085938e-03
1.111513376235961914e-02
3.650173544883728027e-03
1.320943236351013184e-03
1.928132772445678711e-02
4.523351788520812988e-03
1.146391034126281738e-03
3.203034400939941406e-03
2.832897007465362549e-04
1.699671149253845215e-03
1.230001449584960938e-03
2.039372920989990234e-03
1.518809795379638672e-02
3.540385514497756958e-04
4.201643168926239014e-04
6.501004099845886230e-04
2.084463834762573242e-02
1.280838623642921448e-04
1.251733303070068359e-02
8.930265903472900391e-03
1.258701086044311523e-03
5.791366100311279297e-03
1.550990343093872070e-02
8.980453014373779297e-03
1.368004083633422852e-02
8.959248661994934082e-04
6.313562393188476562e-03
6.188005208969116211e-03
2.364033460617065430e-02
1.733973622322082520e-03
1.098370552062988281e-02
2.993606030941009521e-04
1.503813266754150391e-02
3.815680742263793945e-03
7.164739072322845459e-04
4.684835672378540039e-03
1.696400344371795654e-03
3.072947263717651367e-03
1.892447471618652344e-03
3.155004233121871948e-04
1.636445522308349609e-03
2.788111567497253418e-03
2.091491222381591797e-02
6.821274757385253906e-03
3.501147031784057617e-03
2.427595853805541992e-02
2.145320177078247070e-02
6.538536399602890015e-05
5.318254232406616211e-03
1.820719242095947266e-02
7.261931896209716797e-04
1.616865396499633789e-03
1.134419441223144531e-02
5.249947309494018555e-03
1.335614919662475586e-02
2.532738447189331055e-02
4.478394985198974609e-04
1.365709304809570312e-02
1.033380627632141113e-03
5.371659994125366211e-03
1.446465030312538147e-04
9.859632700681686401e-05
1.979351043701171875e-03
2.174335718154907227e-02
2.270594239234924316e-03
8.581504225730895996e-04
4.535526037216186523e-03
1.280611753463745117e-02
2.340435981750488281e-02
5.565553903579711914e-03
2.900457382202148438e-02
3.567263484001159668e-04
1.102417707443237305e-02
2.965712547302246094e-02
2.447867393493652344e-02
1.370561122894287109e-02
1.386979222297668457e-02
3.390796482563018799e-04
8.030161261558532715e-04
8.780509233474731445e-04
5.064532160758972168e-04
7.056355476379394531e-03
2.883625030517578125e-02
5.016267299652099609e-03
1.215374469757080078e-02
1.340523362159729004e-03
2.067256718873977661e-05
9.557753801345825195e-04
9.576529264450073242e-04
3.839814662933349609e-02
4.354827105998992920e-04
9.312421083450317383e-03
1.622794661670923233e-05
1.598584651947021484e-02
1.055449247360229492e-03
3.699034452438354492e-03
2.325642853975296021e-04
4.157930612564086914e-03
1.993954181671142578e-02
3.047920763492584229e-04
6.114631891250610352e-03
2.924108505249023438e-02
2.586305141448974609e-02
1.556435227394104004e-02
2.313959598541259766e-02
2.175509929656982422e-03
2.391678094863891602e-02
1.277476549148559570e-03
2.009177207946777344e-02
2.605408430099487305e-03
1.980051398277282715e-03
1.265890896320343018e-04
8.568316698074340820e-04
2.361255884170532227e-02
2.619749307632446289e-02
5.387902259826660156e-03
4.723295569419860840e-05
4.049837589263916016e-03
1.199996471405029297e-02
1.391105353832244873e-03
1.585185527801513672e-04
3.759730607271194458e-04
8.186906576156616211e-03
4.432529211044311523e-03
3.910958766937255859e-04
2.495706081390380859e-02
3.189414739608764648e-03
4.239872097969055176e-03
1.727914810180664062e-02
9.318906813859939575e-05
6.495080888271331787e-04
6.862938404083251953e-03
9.389013051986694336e-03
1.219868659973144531e-03
2.181291580200195312e-03
1.214053481817245483e-04
6.187170743942260742e-03
8.162975311279296875e-03
2.157920598983764648e-02
3.757625818252563477e-03
1.639157533645629883e-02
4.394799470901489258e-03
2.532243728637695312e-02
2.038162946701049805e-02
7.383711636066436768e-05
3.855563700199127197e-04
3.167980909347534180e-02
5.947165191173553467e-04
1.075953245162963867e-03
2.930009365081787109e-02
7.150024175643920898e-04
2.236835658550262451e-03
2.293907105922698975e-03
7.153861224651336670e-04
1.469925045967102051e-04
5.800239741802215576e-04
1.320713758468627930e-02
5.566477775573730469e-04
1.429998874664306641e-02
1.623928546905517578e-03
2.198868989944458008e-02
5.899816751480102539e-04
2.973333001136779785e-03
1.709654927253723145e-03
3.579445183277130127e-04
2.532792091369628906e-02
5.803769454360008240e-05
7.419258356094360352e-03
7.367879152297973633e-04
4.791021347045898438e-04
1.278018951416015625e-02
4.410110414028167725e-04
1.373910903930664062e-02
1.953251659870147705e-03
5.004331469535827637e-04
1.890248060226440430e-02
1.297920942306518555e-02
4.494525492191314697e-04
5.472525954246520996e-04
4.146005958318710327e-04
7.714480161666870117e-03
2.939254045486450195e-03
9.195171296596527100e-04
1.856423914432525635e-03
4.953563213348388672e-03
5.474910140037536621e-04
5.597844719886779785e-03
1.514226198196411133e-03
6.716400384902954102e-04
4.992336034774780273e-03
1.293361186981201172e-03
3.175288438796997070e-03
1.507258415222167969e-02
2.975136041641235352e-03
3.474640846252441406e-02
6.285220384597778320e-03
9.982660412788391113e-05
1.833307743072509766e-02
1.363500952720642090e-03
2.468132972717285156e-02
1.995342969894409180e-02
2.021390199661254883e-02
1.606822013854980469e-02
6.203819066286087036e-05
2.670943737030029297e-03
2.591478824615478516e-02
5.816482007503509521e-04
2.220308780670166016e-02
2.140074968338012695e-03
1.044720411300659180e-03
1.792788505554199219e-02
7.464587688446044922e-03
1.407936215400695801e-04
6.855756044387817383e-03
8.277408778667449951e-04
2.093422412872314453e-02
9.003639221191406250e-03
1.952230930328369141e-02
1.120334491133689880e-04
4.330888390541076660e-03
6.132870912551879883e-04
1.029631495475769043e-02
5.075901746749877930e-03
1.728332042694091797e-02
2.687919139862060547e-02
1.595783978700637817e-04
3.320240974426269531e-02
7.609128952026367188e-03
1.380026340484619141e-03
2.937185764312744141e-02
2.551730722188949585e-04
9.344425052404403687e-05
1.034945249557495117e-02
1.895889639854431152e-03
1.064911484718322754e-03
2.697885036468505859e-03
2.257257699966430664e-03
1.492351293563842773e-05
4.873983561992645264e-05
4.995567724108695984e-05
4.859089851379394531e-03
1.986193656921386719e-02
1.112622022628784180e-02
7.533654570579528809e-04
8.781135082244873047e-03
5.041778087615966797e-03
4.819594323635101318e-04
8.183747529983520508e-03
1.002922654151916504e-04
3.734827041625976562e-04
1.338738203048706055e-02
1.075051724910736084e-03
1.993037760257720947e-03
2.364646643400192261e-04
7.649287581443786621e-04
2.845525741577148438e-03
2.887304872274398804e-04
6.707817316055297852e-03
1.196280121803283691e-03
5.684811621904373169e-04
1.251794397830963135e-03
1.055888831615447998e-03
1.674592494964599609e-02
2.782009541988372803e-03
8.180737495422363281e-04
3.347303718328475952e-04
3.324061632156372070e-03
7.671743631362915039e-03
1.196819543838500977e-02
1.975059509277343750e-03
8.131563663482666016e-04
2.706460654735565186e-04
1.609418541193008423e-04
2.744160592555999756e-04
6.165690720081329346e-04
1.232167705893516541e-04
3.543049097061157227e-04
2.100951969623565674e-04
3.077849745750427246e-03
3.051793575286865234e-02
5.260147154331207275e-04
2.668425440788269043e-03
2.427190542221069336e-03
2.139061689376831055e-04
1.732110977172851562e-03
7.335729897022247314e-04
6.956398487091064453e-03
2.768254280090332031e-02
1.790016889572143555e-03
2.854224294424057007e-04
2.067774534225463867e-03
6.020441651344299316e-05
1.633271574974060059e-03
8.751273155212402344e-03
1.902252435684204102e-03
5.875468254089355469e-03
5.586072802543640137e-04
3.893688321113586426e-03
1.771557331085205078e-02
1.678660511970520020e-03
1.000516116619110107e-03
2.853646874427795410e-03
1.712618395686149597e-04
1.366026699542999268e-03
5.485147237777709961e-03
9.616687893867492676e-04
1.229059696197509766e-02
3.054499626159667969e-03
8.211880922317504883e-04
5.246847867965698242e-04
4.599750041961669922e-03
1.257017254829406738e-03
1.152632758021354675e-04
1.136533915996551514e-03
8.204355835914611816e-04
1.302254199981689453e-02
7.074698805809020996e-04
9.231567382812500000e-03
7.896916940808296204e-05
5.391575396060943604e-04
1.020818948745727539e-03
1.857943832874298096e-03
4.563331604003906250e-03
3.945510834455490112e-04
5.305796861648559570e-03
1.325737684965133667e-04
2.403497695922851562e-03
2.118945121765136719e-04
5.012154579162597656e-04
4.842728376388549805e-04
4.846937954425811768e-04
9.547360241413116455e-05
8.435361087322235107e-05
3.105811774730682373e-04
4.516899585723876953e-03
2.115154266357421875e-02
1.447107642889022827e-04
6.810091435909271240e-04
8.757486939430236816e-04
7.626473903656005859e-03
8.277595043182373047e-03
2.355471253395080566e-03
6.138384342193603516e-04
1.493960618972778320e-03
1.820832490921020508e-02
1.158982515335083008e-02
6.705187261104583740e-04
8.542537689208984375e-03
1.233136653900146484e-02
1.410618424415588379e-04
2.353906631469726562e-03
5.865693092346191406e-04
6.590830162167549133e-05
6.220936775207519531e-03
1.932972669601440430e-02
9.194165468215942383e-04
3.082662820816040039e-03
2.097800374031066895e-03
1.742076128721237183e-04
8.396685123443603516e-03
4.437193274497985840e-04
4.780560731887817383e-03
2.366099506616592407e-04
1.315599679946899414e-02
1.207780838012695312e-02
1.290902495384216309e-03
1.062202453613281250e-02
2.450216561555862427e-04
7.853955030441284180e-04
4.365921020507812500e-03
8.782595396041870117e-04
2.784520387649536133e-03
1.385256648063659668e-03
6.771460175514221191e-04
1.173675060272216797e-03
1.200455427169799805e-02
5.146861076354980469e-05
3.160089254379272461e-03
4.905508831143379211e-06
1.786857843399047852e-03
9.929984807968139648e-04
1.524291932582855225e-03
4.416346549987792969e-03
2.138525247573852539e-03
8.043795824050903320e-04
1.416820287704467773e-02
1.865148544311523438e-03
1.203685998916625977e-03
2.329684793949127197e-04
5.770623683929443359e-03
3.626465797424316406e-03
7.183738052845001221e-04
2.206917852163314819e-04
3.555081784725189209e-04
1.407250761985778809e-03
3.236671909689903259e-05
4.358202219009399414e-03
1.118578016757965088e-03
1.251650974154472351e-04
1.231208443641662598e-03
5.965650081634521484e-03
5.557715892791748047e-03
6.004989147186279297e-03
7.388442754745483398e-04
3.035157918930053711e-03
2.573996782302856445e-03
1.020422205328941345e-04
1.205122470855712891e-02
2.287372946739196777e-03
6.042361259460449219e-03
3.561154007911682129e-04
1.250095665454864502e-04
1.860465854406356812e-04
6.647966802120208740e-05
1.459050178527832031e-02
1.798450946807861328e-02
3.087595105171203613e-03
1.686125993728637695e-03
7.017195224761962891e-03
1.880323886871337891e-02
4.526227712631225586e-04
3.222078084945678711e-03
9.416580200195312500e-03
3.974884748458862305e-03
6.961405277252197266e-03
3.098070621490478516e-03
5.664825439453125000e-03
3.099981695413589478e-04
1.314169168472290039e-02
1.149475574493408203e-03
1.311528682708740234e-02
3.157854080200195312e-04
1.253355294466018677e-04
1.881581544876098633e-02
2.051275223493576050e-04
2.489909529685974121e-04
1.662075519561767578e-02
3.528034687042236328e-02
1.596100628376007080e-03
1.718446612358093262e-03
6.166696548461914062e-04
1.794710755348205566e-03
1.342833042144775391e-03
6.088942289352416992e-03
7.545426487922668457e-04
2.224564552307128906e-03
1.901662349700927734e-02
2.415969967842102051e-03
1.548245549201965332e-03
2.965360879898071289e-03
1.686401665210723877e-04
1.154220104217529297e-02
1.566821336746215820e-02
2.774829044938087463e-05
1.481831073760986328e-03
1.511800289154052734e-02
2.871826291084289551e-04
1.768738031387329102e-03
4.920549690723419189e-04
1.084208488464355469e-03
1.114016771316528320e-02
9.068220853805541992e-03
1.686736941337585449e-03
6.495505571365356445e-03
3.284066915512084961e-03
9.187459945678710938e-04
6.370991468429565430e-03
8.109360933303833008e-04
3.318345546722412109e-02
4.887767136096954346e-05
9.441822767257690430e-04
6.517842411994934082e-04
3.907270729541778564e-04
7.358551025390625000e-03
2.600848674774169922e-04
1.332210376858711243e-04
4.559278488159179688e-03
2.407487481832504272e-04
4.817964509129524231e-05
1.050427556037902832e-03
7.941275835037231445e-03
5.386263132095336914e-03
2.650953829288482666e-04
4.890859127044677734e-03
1.700725406408309937e-04
2.548241615295410156e-02
4.228770732879638672e-03
7.405459880828857422e-03
2.378359436988830566e-03
7.290169596672058105e-04
2.555891871452331543e-03
4.094652831554412842e-04
2.905324101448059082e-03
2.957507967948913574e-05
2.945616841316223145e-03
1.059286296367645264e-04
4.457831382751464844e-04
4.065372049808502197e-04
8.631609380245208740e-04
8.843168616294860840e-04
4.472211003303527832e-04
1.971218734979629517e-04
9.831637144088745117e-04
1.205289736390113831e-04
6.774663925170898438e-04
1.229465007781982422e-03
1.065939664840698242e-02
0.000000000000000000e+00
0.000000000000000000e+00
0.000000000000000000e+00
0.000000000000000000e+00
0.000000000000000000e+00
0.000000000000000000e+00
0.000000000000000000e+00
0.000000000000000000e+00
0.000000000000000000e+00
0.000000000000000000e+00
0.000000000000000000e+00
0.000000000000000000e+00
0.000000000000000000e+00
0.000000000000000000e+00
0.000000000000000000e+00
0.000000000000000000e+00
0.000000000000000000e+00
0.000000000000000000e+00
0.000000000000000000e+00
0.000000000000000000e+00
0.000000000000000000e+00
0.000000000000000000e+00
0.000000000000000000e+00
0.000000000000000000e+00
0.000000000000000000e+00
0.000000000000000000e+00
0.000000000000000000e+00
0.000000000000000000e+00
0.000000000000000000e+00
0.000000000000000000e+00
0.000000000000000000e+00
0.000000000000000000e+00
0.000000000000000000e+00
0.000000000000000000e+00
0.000000000000000000e+00
0.000000000000000000e+00
0.000000000000000000e+00
0.000000000000000000e+00
0.000000000000000000e+00
0.000000000000000000e+00
