2.029740810394287109e-02
2.888634800910949707e-03
3.160700201988220215e-03
2.198908478021621704e-04
5.253911018371582031e-03
1.466470956802368164e-02
1.672962680459022522e-04
2.177298069000244141e-02
2.374351024627685547e-02
2.072763442993164062e-02
1.811987161636352539e-02
1.352742314338684082e-03
1.773424446582794189e-04
1.431733369827270508e-03
4.051506519317626953e-03
4.866439849138259888e-05
4.908889532089233398e-03
6.982088088989257812e-04
4.220932722091674805e-03
1.492463052272796631e-04
7.429301738739013672e-03
7.699355483055114746e-04
1.346009969711303711e-02
9.779632091522216797e-03
1.816284656524658203e-02
1.357287168502807617e-02
2.075552940368652344e-02
4.915371537208557129e-04
2.461004257202148438e-02
2.999417483806610107e-04
1.078116893768310547e-02
4.404550418257713318e-05
5.048096179962158203e-03
2.458430826663970947e-04
2.701744437217712402e-03
6.558280438184738159e-05
1.252621412277221680e-02
1.303726434707641602e-02
2.947604656219482422e-02
1.064151525497436523e-02
2.414509654045104980e-03
3.380537033081054688e-03
6.377011537551879883e-03
4.458379745483398438e-02
3.477543592453002930e-03
9.562611579895019531e-03
2.306759357452392578e-02
1.861657947301864624e-04
2.213846892118453979e-04
1.334190368652343750e-02
1.757961511611938477e-02
5.358099937438964844e-03
1.279574632644653320e-02
1.969355344772338867e-02
1.815825700759887695e-02
1.004505902528762817e-04
3.667652606964111328e-03
4.451155662536621094e-03
2.079147100448608398e-02
7.673949003219604492e-04
1.412168145179748535e-03
1.250565052032470703e-03
2.185031771659851074e-04
6.636045873165130615e-05
1.590251922607421875e-03
2.134156227111816406e-02
3.458335995674133301e-03
5.339235067367553711e-03
1.390241086483001709e-03
8.356243371963500977e-03
3.603890538215637207e-03
5.218535661697387695e-04
1.031687855720520020e-02
1.551234722137451172e-02
6.973296403884887695e-04
8.045613765716552734e-03
4.102814197540283203e-02
2.885723114013671875e-02
1.776665449142456055e-02
8.780181407928466797e-03
1.253575086593627930e-03
3.114566206932067871e-04
8.753031492233276367e-03
1.962637901306152344e-02
3.228150308132171631e-04
1.169419288635253906e-02
2.044087648391723633e-02
7.390677928924560547e-03
2.819910645484924316e-03
5.777180194854736328e-03
8.761107921600341797e-03
1.225158572196960449e-03
5.513504147529602051e-04
4.609048366546630859e-03
9.231790900230407715e-04
7.507130503654479980e-04
7.112026214599609375e-04
2.192053943872451782e-05
6.619170308113098145e-04
1.400411128997802734e-04
2.616107463836669922e-02
3.121125698089599609e-02
1.471161842346191406e-03
4.407823085784912109e-03
5.828082561492919922e-03
2.249336242675781250e-02
1.181262731552124023e-02
2.487373352050781250e-02
1.371657848358154297e-02
3.294825553894042969e-03
1.190491020679473877e-04
3.109306097030639648e-03
5.798667669296264648e-03
2.598345279693603516e-03
2.697229385375976562e-03
1.545824110507965088e-03
7.241033017635345459e-04
2.151273190975189209e-03
2.302539348602294922e-02
3.857880830764770508e-03
1.784974336624145508e-02
1.272000372409820557e-03
1.175612211227416992e-03
5.819350481033325195e-03
9.574294090270996094e-03
1.975134015083312988e-03
3.259479999542236328e-04
1.008957624435424805e-02
5.163699388504028320e-03
8.597254753112792969e-03
2.184367179870605469e-02
1.314975321292877197e-03
7.178544998168945312e-03
1.297467947006225586e-02
1.362450420856475830e-03
7.381737232208251953e-04
1.110911369323730469e-02
1.148492097854614258e-02
2.225667238235473633e-03
8.031785488128662109e-03
2.094519138336181641e-02
3.227498382329940796e-06
2.018576860427856445e-02
5.998462438583374023e-04
2.061903476715087891e-03
7.694885134696960449e-04
1.337772607803344727e-02
2.222758531570434570e-02
4.254877567291259766e-03
1.292735338211059570e-02
9.299293160438537598e-04
2.317503094673156738e-04
1.086044311523437500e-02
2.776622772216796875e-02
2.944636344909667969e-02
7.514566183090209961e-03
2.870991826057434082e-03
3.809854388236999512e-05
1.263990998268127441e-03
2.014625072479248047e-02
1.172989606857299805e-03
1.886188983917236328e-02
1.427972316741943359e-02
9.627431631088256836e-03
5.797147750854492188e-03
4.092395305633544922e-03
1.060977578163146973e-03
8.749626576900482178e-04
2.284068614244461060e-05
4.449546337127685547e-03
4.611581563949584961e-03
1.798856258392333984e-02
1.280730962753295898e-02
7.388740777969360352e-05
1.533401012420654297e-02
2.662278711795806885e-05
3.131222724914550781e-02
6.984621286392211914e-04
3.042304515838623047e-02
2.573436498641967773e-02
2.605235576629638672e-02
1.244109869003295898e-02
1.014515757560729980e-03
2.318650484085083008e-03
3.210222721099853516e-02
2.821493148803710938e-02
1.314949989318847656e-02
1.836287975311279297e-02
1.593792438507080078e-02
3.422290086746215820e-03
1.933649182319641113e-04
9.350180625915527344e-04
2.476125955581665039e-03
1.632368564605712891e-02
3.950029611587524414e-03
6.915926933288574219e-04
7.037192583084106445e-03
4.444364458322525024e-04
1.412212848663330078e-03
4.758611321449279785e-04
1.648068428039550781e-02
4.688501358032226562e-03
1.001411676406860352e-02
1.008138060569763184e-03
1.299940049648284912e-03
3.793835639953613281e-03
8.246481418609619141e-03
7.179602980613708496e-04
7.202965207397937775e-06
1.019045710563659668e-03
1.313382387161254883e-02
5.705416202545166016e-03
2.113443613052368164e-02
2.694174647331237793e-03
7.482070941478013992e-06
6.732996553182601929e-05
9.462893009185791016e-03
2.824187278747558594e-03
2.734684944152832031e-02
4.782736301422119141e-03
6.744980812072753906e-03
9.876012802124023438e-03
2.244990319013595581e-04
2.029430866241455078e-02
3.342139720916748047e-02
2.189010381698608398e-02
5.702003836631774902e-04
2.551719546318054199e-03
2.957105636596679688e-03
1.500105857849121094e-02
1.488905400037765503e-04
1.286412589251995087e-05
2.269470691680908203e-02
1.230296492576599121e-02
1.995247602462768555e-02
3.827037289738655090e-05
5.980879068374633789e-04
1.381859183311462402e-03
1.251554489135742188e-02
1.575690507888793945e-02
1.111710071563720703e-02
3.657042980194091797e-04
1.021862030029296875e-03
7.023245096206665039e-03
7.110238075256347656e-03
1.108485460281372070e-02
3.842353820800781250e-03
2.235877513885498047e-02
1.164937019348144531e-02
8.253931999206542969e-03
6.050541996955871582e-04
5.513196811079978943e-05
2.511873841285705566e-03
2.357441186904907227e-02
2.088546752929687500e-02
1.936107873916625977e-02
2.050939947366714478e-04
3.343582153320312500e-03
1.259677112102508545e-03
1.380659639835357666e-03
3.330171108245849609e-02
1.806139945983886719e-03
4.787027835845947266e-03
9.014308452606201172e-03
4.779577255249023438e-03
2.797693014144897461e-04
2.173292636871337891e-02
2.176320552825927734e-02
8.267581462860107422e-03
1.981711387634277344e-02
7.828697562217712402e-04
1.474812626838684082e-03
1.291416585445404053e-03
3.311797976493835449e-03
3.445267677307128906e-03
2.744841575622558594e-02
3.782093524932861328e-03
1.929628849029541016e-02
2.494746446609497070e-02
8.057355880737304688e-03
2.618777751922607422e-02
8.468598127365112305e-03
3.421843051910400391e-03
3.550518304109573364e-04
1.490086317062377930e-03
1.908552646636962891e-02
2.315253019332885742e-03
3.708571195602416992e-03
2.708539366722106934e-03
9.274572134017944336e-03
1.433879137039184570e-02
4.535715561360120773e-06
1.589930616319179535e-05
2.984547615051269531e-02
4.921630024909973145e-04
1.721486449241638184e-03
2.368479967117309570e-02
1.687508821487426758e-02
5.816161632537841797e-03
2.424931526184082031e-02
2.894222736358642578e-03
2.840626984834671021e-04
1.276212930679321289e-02
8.058641105890274048e-05
2.827942371368408203e-03
1.349639892578125000e-02
3.647208213806152344e-04
2.199667505919933319e-05
1.346908509731292725e-03
2.295300364494323730e-04
2.290427684783935547e-02
3.126844763755798340e-03
5.852073431015014648e-03
2.635383605957031250e-02
7.421851158142089844e-03
1.252274960279464722e-04
5.770772695541381836e-03
3.147800453007221222e-05
1.013350486755371094e-02
4.213261604309082031e-02
7.638692855834960938e-03
8.141785860061645508e-03
2.015447616577148438e-02
1.303416490554809570e-02
7.971227169036865234e-03
2.070415019989013672e-02
1.570638269186019897e-04
2.011954784393310547e-04
4.242658615112304688e-04
1.230704784393310547e-02
1.006911043077707291e-05
1.925319433212280273e-03
6.019175052642822266e-03
2.784347534179687500e-02
2.707764506340026855e-04
2.044606208801269531e-02
2.075529098510742188e-02
8.670270442962646484e-03
3.179628401994705200e-04
1.288259029388427734e-02
1.017384231090545654e-03
5.326373502612113953e-05
2.493214607238769531e-02
4.151314496994018555e-04
2.112972736358642578e-02
2.694022655487060547e-02
5.556076765060424805e-03
1.003682613372802734e-02
2.829802036285400391e-02
1.910471916198730469e-02
6.452053785324096680e-03
5.583912134170532227e-03
2.018857002258300781e-02
2.082091569900512695e-02
5.677998065948486328e-03
9.070873260498046875e-03
3.060698509216308594e-03
1.846110820770263672e-02
5.517434328794479370e-05
6.471663713455200195e-03
2.608112990856170654e-03
1.662202179431915283e-03
7.970035076141357422e-04
4.493445158004760742e-03
1.400196552276611328e-02
2.085328102111816406e-02
7.440708577632904053e-05
1.207143068313598633e-03
5.477488040924072266e-03
2.778649330139160156e-02
3.095999360084533691e-03
1.503003295511007309e-05
9.836629033088684082e-04
2.364777028560638428e-04
1.460665464401245117e-02
1.779925078153610229e-04
1.554816961288452148e-03
4.734797403216362000e-05
2.425521612167358398e-02
1.179531216621398926e-03
1.337617635726928711e-03
1.881527900695800781e-02
1.971191167831420898e-02
1.537996530532836914e-02
1.188507676124572754e-02
1.261657476425170898e-02
1.562424004077911377e-04
2.957773208618164062e-02
4.655821248888969421e-05
5.274444818496704102e-03
2.883657813072204590e-03
1.361048221588134766e-02
3.345566987991333008e-02
3.547877073287963867e-03
2.176254987716674805e-02
9.622983634471893311e-05
8.608773350715637207e-05
1.293569803237915039e-02
1.428383588790893555e-02
4.113279283046722412e-04
1.526534557342529297e-03
2.160477638244628906e-02
1.083964109420776367e-02
1.847475767135620117e-02
2.752500586211681366e-05
6.614951416850090027e-06
1.395648717880249023e-02
2.265691757202148438e-02
1.552486419677734375e-02
4.603005945682525635e-04
1.822173595428466797e-02
2.001190185546875000e-02
4.004347324371337891e-02
2.181339263916015625e-02
3.839924931526184082e-03
2.761900424957275391e-02
1.301431655883789062e-02
1.932686567306518555e-02
9.974800050258636475e-04
1.654303073883056641e-02
1.397486776113510132e-04
2.151399850845336914e-02
5.628079175949096680e-03
3.455471992492675781e-02
1.030272245407104492e-02
1.438587903976440430e-03
5.848348140716552734e-03
7.563740015029907227e-03
1.805317401885986328e-02
1.734775304794311523e-02
1.309067010879516602e-02
3.001578152179718018e-04
1.846390962600708008e-02
9.093582630157470703e-03
1.709604263305664062e-02
1.281076669692993164e-02
8.941255509853363037e-05
2.189297229051589966e-04
1.013331115245819092e-03
2.531111240386962891e-04
6.276071071624755859e-04
1.751136779785156250e-02
1.288799103349447250e-05
2.371650189161300659e-04
1.302945613861083984e-02
2.623355388641357422e-02
1.735693216323852539e-02
1.638478040695190430e-02
2.521091699600219727e-02
8.702278137207031250e-05
7.232069969177246094e-03
1.104161143302917480e-02
1.642274856567382812e-02
4.981487989425659180e-03
2.797555923461914062e-02
2.274923026561737061e-04
3.342226147651672363e-03
2.598215360194444656e-06
3.354042768478393555e-03
2.682989835739135742e-02
7.147252559661865234e-03
1.233065128326416016e-02
1.472141593694686890e-04
2.099163830280303955e-03
3.936365246772766113e-03
1.165181398391723633e-03
7.673352956771850586e-03
5.798429250717163086e-03
2.090978622436523438e-02
3.123283386230468750e-05
3.135251998901367188e-02
1.681470870971679688e-02
9.749710559844970703e-03
9.569495916366577148e-03
1.070890575647354126e-04
2.383744716644287109e-02
4.794865846633911133e-03
2.037847042083740234e-02
3.685802221298217773e-05
2.518948167562484741e-05
3.436459228396415710e-04
6.169766187667846680e-03
1.041507720947265625e-02
4.905402660369873047e-03
1.147026196122169495e-04
1.433551311492919922e-02
2.271950244903564453e-03
8.716583251953125000e-04
3.208279609680175781e-03
6.755471229553222656e-03
3.589749336242675781e-03
1.008307933807373047e-02
1.596885919570922852e-02
3.748863935470581055e-03
1.181983947753906250e-02
1.945883035659790039e-02
2.209436893463134766e-02
3.239465877413749695e-05
7.168250158429145813e-05
8.085012435913085938e-03
1.788097620010375977e-02
2.928090095520019531e-02
8.127868175506591797e-03
1.712775230407714844e-02
4.167616367340087891e-03
6.092339754104614258e-04
6.385594606399536133e-04
1.841172575950622559e-03
1.150304079055786133e-02
5.320936441421508789e-03
1.237556338310241699e-03
1.905608177185058594e-02
7.325783371925354004e-05
1.690161228179931641e-02
8.399367332458496094e-03
1.200914382934570312e-02
1.233977079391479492e-02
1.769953966140747070e-02
1.839339733123779297e-02
2.040266990661621094e-02
3.957226872444152832e-04
1.151449978351593018e-03
1.910626888275146484e-02
1.683771610260009766e-02
1.857837196439504623e-05
2.151292562484741211e-02
4.808664321899414062e-03
1.695728860795497894e-05
2.180002629756927490e-04
4.002591595053672791e-05
2.171009778976440430e-02
8.970320224761962891e-03
2.698725461959838867e-02
1.681260764598846436e-04
1.313817501068115234e-02
3.629013895988464355e-03
7.082894444465637207e-04
1.877203583717346191e-03
1.617083325982093811e-04
8.551836013793945312e-03
5.449593067169189453e-03
4.820385947823524475e-05
1.851260662078857422e-03
2.825403213500976562e-02
2.280557155609130859e-02
1.479399204254150391e-02
9.065985679626464844e-03
8.889973163604736328e-03
1.591908931732177734e-02
1.333147287368774414e-03
5.112826824188232422e-03
3.744566440582275391e-02
2.096879482269287109e-02
1.688636839389801025e-04
3.940999507904052734e-03
6.774216890335083008e-04
1.871156692504882812e-02
1.571118831634521484e-02
2.660626173019409180e-02
1.598823070526123047e-02
3.775022923946380615e-04
2.340618520975112915e-04
1.836562156677246094e-02
1.593393087387084961e-02
1.499539613723754883e-02
1.016443967819213867e-02
7.285416126251220703e-03
1.738280057907104492e-02
9.886741638183593750e-03
1.542466878890991211e-02
2.696854062378406525e-05
2.978539466857910156e-02
8.203983306884765625e-03
1.635468006134033203e-02
2.209919691085815430e-02
6.199687719345092773e-03
8.686989545822143555e-03
5.223244428634643555e-03
1.962584257125854492e-02
1.525181531906127930e-02
1.042214035987854004e-02
1.093506813049316406e-03
2.857938408851623535e-03
3.319710493087768555e-03
1.610375940799713135e-03
5.002180114388465881e-05
2.404022216796875000e-02
2.291053533554077148e-03
1.554107666015625000e-02
2.194446325302124023e-02
2.364325523376464844e-02
1.628756523132324219e-03
1.337178051471710205e-03
3.145903348922729492e-03
2.615787088871002197e-04
9.425878524780273438e-04
3.355932235717773438e-02
2.485001459717750549e-05
1.698642969131469727e-02
6.041023880243301392e-06
9.912967681884765625e-03
1.115590333938598633e-02
8.283078670501708984e-03
2.343300729990005493e-04
8.169561624526977539e-04
6.511155515909194946e-05
7.143220864236354828e-05
9.999543428421020508e-03
2.807155251502990723e-04
3.652438521385192871e-03
1.058298349380493164e-02
3.106647729873657227e-02
8.930489420890808105e-04
1.036918163299560547e-02
1.575005054473876953e-02
1.501739025115966797e-02
2.829980850219726562e-02
1.266766339540481567e-04
8.078426122665405273e-03
3.292977809906005859e-03
1.074707508087158203e-02
6.958305835723876953e-03
1.058134436607360840e-02
1.191020011901855469e-02
4.861593246459960938e-03
1.201480627059936523e-03
6.047397851943969727e-03
6.560087203979492188e-03
1.256680488586425781e-02
9.464681148529052734e-03
8.862227201461791992e-03
1.003682613372802734e-03
9.378522634506225586e-03
7.432606071233749390e-05
3.910921514034271240e-04
3.024451434612274170e-04
3.849953413009643555e-03
9.520277380943298340e-04
1.570242643356323242e-02
4.448778927326202393e-04
1.892298460006713867e-03
1.699015498161315918e-03
6.059259176254272461e-03
1.760250329971313477e-02
1.919113099575042725e-03
9.300351142883300781e-03
1.667076349258422852e-02
4.033148288726806641e-04
4.570931196212768555e-06
7.014364004135131836e-03
3.970816731452941895e-03
1.842696219682693481e-04
1.447296142578125000e-02
1.103150844573974609e-02
1.439392566680908203e-02
1.364782452583312988e-03
1.429423689842224121e-03
4.867255687713623047e-03
6.591051816940307617e-03
1.114469766616821289e-02
3.453716635704040527e-03
1.207791268825531006e-03
4.309833049774169922e-03
1.750528812408447266e-02
1.986250281333923340e-03
7.850706577301025391e-03
2.522066235542297363e-03
3.746271133422851562e-03
2.934541553258895874e-04
2.653002738952636719e-02
4.549056291580200195e-03
2.613300085067749023e-02
2.276015281677246094e-02
6.444960832595825195e-03
4.608370363712310791e-04
1.244051381945610046e-04
1.088815927505493164e-02
7.654100656509399414e-03
1.601137220859527588e-03
6.169110536575317383e-03
3.239661455154418945e-03
1.611504703760147095e-04
3.397613763809204102e-03
4.961550235748291016e-03
3.892645239830017090e-03
2.506673336029052734e-03
1.213043928146362305e-03
5.259037017822265625e-03
1.281216740608215332e-03
5.921721458435058594e-04
3.464818000793457031e-04
1.734375953674316406e-02
2.536717802286148071e-04
4.724010825157165527e-03
3.011429309844970703e-02
4.561901092529296875e-03
8.265823125839233398e-04
3.256425261497497559e-03
3.043144941329956055e-03
1.567691564559936523e-02
2.064776420593261719e-02
1.232230663299560547e-02
2.249568700790405273e-02
1.088619232177734375e-02
2.759531140327453613e-03
1.380041241645812988e-03
7.959663867950439453e-03
2.612796379253268242e-06
2.359703183174133301e-03
2.894282341003417969e-02
1.401013135910034180e-02
4.882276058197021484e-03
2.179384231567382812e-03
1.543223857879638672e-02
1.202762126922607422e-03
2.104878425598144531e-02
8.882675319910049438e-05
1.453101634979248047e-03
1.593835651874542236e-03
1.801013946533203125e-02
7.445275783538818359e-03
1.178309321403503418e-04
1.184153556823730469e-02
2.235531806945800781e-03
6.062150001525878906e-03
1.208317279815673828e-02
8.858144283294677734e-03
4.110798239707946777e-03
2.974756062030792236e-04
8.145391941070556641e-03
1.049771904945373535e-03
7.554255425930023193e-04
1.737093925476074219e-02
6.350539624691009521e-04
3.797829151153564453e-03
6.859861314296722412e-04
9.869784116744995117e-03
1.485876739025115967e-03
2.351772785186767578e-02
9.028017520904541016e-03
1.279667019844055176e-02
5.273818969726562500e-03
5.802243947982788086e-03
7.211938500404357910e-04
1.423227787017822266e-02
8.122712373733520508e-03
3.267395496368408203e-02
1.277309656143188477e-02
3.171116113662719727e-04
6.361126899719238281e-03
3.109918907284736633e-06
6.387621164321899414e-03
2.607876062393188477e-02
1.772522926330566406e-02
2.641797065734863281e-03
2.007186412811279297e-03
3.157585859298706055e-03
1.354002952575683594e-02
5.758374929428100586e-03
2.858236432075500488e-03
3.243371844291687012e-03
1.611426472663879395e-03
1.293861865997314453e-02
5.238175392150878906e-03
1.340413093566894531e-02
8.421927690505981445e-03
4.702284932136535645e-04
9.195208549499511719e-04
9.742587804794311523e-03
1.062508672475814819e-04
1.048183441162109375e-02
2.579584717750549316e-03
4.436168819665908813e-05
4.941672086715698242e-03
2.991110086441040039e-03
2.825960516929626465e-03
7.216185331344604492e-04
1.217299699783325195e-02
7.269918918609619141e-03
5.363076925277709961e-04
1.315344125032424927e-04
9.552575647830963135e-05
2.893075346946716309e-03
4.703104496002197266e-03
2.440109848976135254e-03
1.370042562484741211e-03
1.513518393039703369e-03
1.193016767501831055e-03
1.228863000869750977e-02
1.509088277816772461e-02
1.992708444595336914e-02
6.839573383331298828e-03
4.824608564376831055e-03
4.391133785247802734e-03
7.608950138092041016e-03
1.955434679985046387e-03
1.415747404098510742e-02
3.249682486057281494e-04
1.104128360748291016e-02
1.128367148339748383e-05
9.810626506805419922e-03
9.577721357345581055e-04
1.254994422197341919e-03
1.579439640045166016e-02
5.926698446273803711e-03
2.897586673498153687e-04
7.759518921375274658e-04
2.223014831542968750e-02
6.767570972442626953e-03
6.530471146106719971e-04
5.332827568054199219e-03
1.715564727783203125e-02
1.425504684448242188e-03
9.244978427886962891e-03
1.924663782119750977e-02
4.368983209133148193e-04
8.959054946899414062e-03
2.655547857284545898e-02
1.645058393478393555e-02
2.955317497253417969e-02
6.070286035537719727e-04
1.084882020950317383e-02
6.599873304367065430e-03
1.110458374023437500e-02
4.085898399353027344e-03
4.549175500869750977e-03
1.574528217315673828e-02
4.887789487838745117e-03
8.993685245513916016e-03
1.676017418503761292e-04
1.767206192016601562e-02
7.686197757720947266e-03
1.285880804061889648e-02
1.985996961593627930e-03
7.537081837654113770e-04
3.545824438333511353e-04
8.952438831329345703e-03
2.111747860908508301e-03
1.910813152790069580e-03
2.179825305938720703e-02
5.413405597209930420e-04
5.485504865646362305e-03
2.057790756225585938e-03
1.092875003814697266e-02
1.629066467285156250e-02
1.482442021369934082e-03
3.302502632141113281e-02
2.538698911666870117e-02
9.366393089294433594e-03
1.495376229286193848e-03
9.672522544860839844e-03
7.432878017425537109e-03
1.285648345947265625e-02
4.135370254516601562e-03
3.883242607116699219e-03
1.658522523939609528e-05
1.946747303009033203e-03
1.515638828277587891e-02
6.674490869045257568e-04
2.349421381950378418e-03
8.705034852027893066e-04
5.709826946258544922e-03
1.507443189620971680e-02
4.973962903022766113e-03
1.258932054042816162e-03
3.683418035507202148e-03
4.556477069854736328e-03
2.052891254425048828e-02
1.350026577711105347e-04
6.504714488983154297e-03
1.238361001014709473e-03
1.776233315467834473e-03
3.830933570861816406e-02
1.337009668350219727e-02
4.203081130981445312e-03
1.445370912551879883e-02
1.463908702135086060e-04
3.287911415100097656e-03
1.379621028900146484e-02
8.715987205505371094e-03
7.002860307693481445e-03
1.087921857833862305e-02
1.339511945843696594e-04
1.009285449981689453e-03
5.536437034606933594e-03
1.763701438903808594e-02
1.033025979995727539e-02
1.311817765235900879e-02
1.660862565040588379e-02
1.152229309082031250e-02
3.886055201292037964e-04
4.666708409786224365e-04
7.003992795944213867e-04
1.378217712044715881e-04
7.383942604064941406e-03
5.757331848144531250e-03
2.125817537307739258e-02
1.090157032012939453e-02
1.459559425711631775e-04
1.320427656173706055e-02
5.290806293487548828e-04
3.039136528968811035e-03
7.704913616180419922e-03
1.404115557670593262e-02
1.652091741561889648e-02
2.437785267829895020e-03
1.077568531036376953e-02
6.334125995635986328e-03
5.126655101776123047e-03
1.073282957077026367e-02
1.207131147384643555e-02
3.318741917610168457e-03
1.229450106620788574e-03
4.464566707611083984e-03
1.169186830520629883e-02
4.020795226097106934e-03
3.702953457832336426e-03
3.722399473190307617e-03
6.052047014236450195e-03
2.634655684232711792e-04
1.012787222862243652e-03
4.523321986198425293e-04
1.182273030281066895e-03
3.622889518737792969e-03
1.245655119419097900e-03
5.775928497314453125e-03
9.040385484695434570e-04
1.014001667499542236e-03
1.721549034118652344e-02
4.617013037204742432e-04
1.324176788330078125e-03
1.830235123634338379e-04
1.721546053886413574e-03
2.944027073681354523e-05
1.427218317985534668e-03
2.917408943176269531e-03
3.883223980665206909e-04
7.383152842521667480e-04
3.680847585201263428e-04
1.113861799240112305e-02
9.887926280498504639e-04
1.402534544467926025e-04
3.086984157562255859e-03
1.835804432630538940e-04
2.119630575180053711e-03
3.296025097370147705e-04
2.684444189071655273e-03
4.196725785732269287e-04
1.668676733970642090e-03
1.163873821496963501e-04
6.739377975463867188e-03
1.291012763977050781e-02
1.654684543609619141e-03
6.347805261611938477e-03
7.019639015197753906e-03
8.600726723670959473e-04
1.088760793209075928e-03
3.616213798522949219e-04
1.700943708419799805e-02
1.955896615982055664e-03
2.450406551361083984e-03
2.099288394674658775e-06
1.981991529464721680e-02
3.408074378967285156e-03
9.382739663124084473e-04
2.451110631227493286e-04
2.632573246955871582e-03
1.502889394760131836e-02
1.887059211730957031e-02
9.180426597595214844e-03
4.134587943553924561e-04
5.133356899023056030e-05
2.703461796045303345e-04
1.303184032440185547e-02
1.480683684349060059e-03
2.175390720367431641e-02
4.637129604816436768e-04
6.439059972763061523e-03
1.504957675933837891e-03
5.809292197227478027e-04
5.137324333190917969e-04
6.080418825149536133e-03
7.555335760116577148e-04
7.467642426490783691e-04
3.788799047470092773e-03
1.305073499679565430e-03
2.604514360427856445e-03
3.302717208862304688e-02
1.515686511993408203e-03
2.015328407287597656e-02
4.125863313674926758e-03
3.918439149856567383e-03
1.979544758796691895e-03
1.471638679504394531e-02
3.729015588760375977e-05
1.669079065322875977e-04
1.239124685525894165e-04
3.970973193645477295e-04
3.709457814693450928e-04
3.621983341872692108e-05
7.441118359565734863e-04
6.438745185732841492e-05
4.227161407470703125e-04
4.502236843109130859e-03
9.703822433948516846e-05
1.592898368835449219e-02
5.288869142532348633e-03
3.811895847320556641e-03
3.679335117340087891e-03
6.322175264358520508e-03
4.379041492938995361e-04
3.411650657653808594e-03
2.883840352296829224e-04
2.899944782257080078e-03
3.261297941207885742e-03
1.365840435028076172e-04
1.049941778182983398e-02
5.143076181411743164e-03
1.337274909019470215e-03
2.811372280120849609e-03
7.114373147487640381e-05
1.147097349166870117e-02
5.978271365165710449e-04
2.823531627655029297e-03
2.318378537893295288e-04
9.267851710319519043e-04
6.691217422485351562e-04
7.610991597175598145e-04
1.398548483848571777e-03
1.117706298828125000e-03
1.546509563922882080e-03
3.287184238433837891e-02
4.457496106624603271e-04
1.473307609558105469e-03
2.730950713157653809e-03
2.452865242958068848e-03
2.822428941726684570e-04
2.185121178627014160e-03
1.711720228195190430e-02
1.980617642402648926e-03
1.927226781845092773e-03
3.560692071914672852e-03
7.946491241455078125e-04
1.422777771949768066e-03
4.052042961120605469e-03
5.996152758598327637e-04
2.259880304336547852e-03
3.346987068653106689e-04
5.518458783626556396e-04
2.191379666328430176e-03
1.887267827987670898e-02
6.777793169021606445e-03
1.875132322311401367e-03
2.361655235290527344e-03
3.445565700531005859e-03
2.360403537750244141e-03
1.605510711669921875e-03
1.254431903362274170e-03
4.668593406677246094e-03
8.474215865135192871e-04
1.355975866317749023e-03
3.986642695963382721e-05
4.117086529731750488e-03
3.992930054664611816e-03
2.878561615943908691e-03
1.344013214111328125e-02
2.813249826431274414e-03
3.308904170989990234e-02
3.732703626155853271e-04
6.832420825958251953e-03
1.343756914138793945e-03
1.732081174850463867e-03
1.329734921455383301e-03
1.130923628807067871e-03
3.636971116065979004e-03
4.032440483570098877e-04
1.067900657653808594e-02
2.153724431991577148e-02
7.766261696815490723e-04
1.654475927352905273e-03
6.466247141361236572e-04
8.791387081146240234e-04
1.743379980325698853e-04
5.970522761344909668e-05
4.921048879623413086e-03
6.580889225006103516e-03
4.190266132354736328e-03
3.142431378364562988e-04
3.640502691268920898e-03
2.302289009094238281e-03
8.841156959533691406e-04
8.164346218109130859e-03
1.995369791984558105e-03
4.132697358727455139e-05
1.672047376632690430e-02
1.269322633743286133e-02
1.090979576110839844e-02
1.733779907226562500e-02
1.805415377020835876e-05
1.180756092071533203e-02
7.832422852516174316e-04
1.698440313339233398e-02
9.998083114624023438e-04
2.823770046234130859e-03
2.049124240875244141e-02
3.390803933143615723e-03
3.065131604671478271e-04
2.105176448822021484e-03
1.613229513168334961e-03
9.172931313514709473e-04
4.681438207626342773e-03
3.590300679206848145e-03
8.994042873382568359e-04
5.475729703903198242e-04
5.646236240863800049e-04
1.044357195496559143e-04
3.926567733287811279e-04
3.791391849517822266e-03
2.408817410469055176e-03
1.160405576229095459e-03
9.934157133102416992e-04
1.808077096939086914e-03
1.986640691757202148e-02
4.424810409545898438e-03
1.080624759197235107e-03
9.516388177871704102e-03
6.505697965621948242e-03
1.420050859451293945e-03
1.064634323120117188e-02
9.963214397430419922e-04
2.812206745147705078e-02
4.870057106018066406e-03
1.829946041107177734e-02
3.394447267055511475e-04
6.623595952987670898e-03
3.784196451306343079e-05
8.367821574211120605e-04
5.588322877883911133e-03
3.641135990619659424e-04
1.730427145957946777e-03
1.151435077190399170e-03
6.880313158035278320e-04
3.066018223762512207e-03
1.462638378143310547e-03
4.746273159980773926e-03
7.267594337463378906e-04
1.213455200195312500e-02
9.542796760797500610e-06
2.687603235244750977e-02
6.098151206970214844e-04
4.092991352081298828e-03
3.815096616744995117e-02
1.150393486022949219e-02
3.664828836917877197e-04
4.091262817382812500e-03
1.082550734281539917e-04
8.233189582824707031e-03
5.314201116561889648e-04
1.560258865356445312e-02
8.237175643444061279e-04
2.613291144371032715e-04
9.557381272315979004e-04
3.609694540500640869e-04
9.618401527404785156e-04
3.794357180595397949e-03
2.519875764846801758e-03
3.018647432327270508e-03
1.273274421691894531e-02
8.311361074447631836e-03
1.825958490371704102e-03
3.791362047195434570e-03
8.032098412513732910e-04
6.801262497901916504e-04
8.625566959381103516e-03
6.320811808109283447e-04
1.938715577125549316e-03
4.984408617019653320e-03
1.001256704330444336e-02
1.437142491340637207e-03
1.592338085174560547e-03
3.522247076034545898e-03
2.649873495101928711e-02
3.337599337100982666e-04
2.767100930213928223e-03
9.706169366836547852e-04
5.365386605262756348e-04
2.756118774414062500e-03
2.443015575408935547e-03
4.865109920501708984e-03
4.216700792312622070e-03
1.075729727745056152e-03
4.759937524795532227e-03
4.348009824752807617e-03
4.686325788497924805e-03
3.695458173751831055e-03
1.829013228416442871e-03
4.260182380676269531e-03
2.263784408569335938e-04
1.681834459304809570e-03
7.285438477993011475e-04
2.202823758125305176e-03
2.247703075408935547e-02
7.786378264427185059e-04
3.013908863067626953e-04
1.152080297470092773e-02
4.237264394760131836e-03
1.934338361024856567e-04
4.403173923492431641e-03
4.081726074218750000e-04
7.526814937591552734e-03
5.849063396453857422e-03
3.233209252357482910e-03
4.531592130661010742e-04
1.714006066322326660e-03
5.423888564109802246e-03
1.435950398445129395e-03
4.339993000030517578e-03
5.805492401123046875e-04
3.844231367111206055e-03
1.646214723587036133e-02
2.115502953529357910e-03
1.142095774412155151e-03
2.965688705444335938e-03
3.873974084854125977e-03
9.448915719985961914e-03
1.805090904235839844e-02
6.542593240737915039e-03
1.662552356719970703e-03
1.280194520950317383e-02
1.007890701293945312e-02
3.051683306694030762e-03
3.805458545684814453e-02
2.128727734088897705e-03
1.247644424438476562e-03
2.105534076690673828e-05
6.191045045852661133e-03
5.464166402816772461e-03
1.270480453968048096e-03
2.276180312037467957e-04
1.601368188858032227e-03
1.789800822734832764e-03
2.833753824234008789e-03
2.591628581285476685e-04
7.857754826545715332e-04
1.167342066764831543e-03
5.073584616184234619e-04
2.124768495559692383e-02
3.523230552673339844e-04
3.563284873962402344e-03
1.067084074020385742e-02
1.870408654212951660e-03
3.241181373596191406e-02
2.107128500938415527e-03
3.173649311065673828e-04
8.783303201198577881e-05
3.053694963455200195e-03
1.419007778167724609e-02
1.640391349792480469e-02
2.665832638740539551e-03
3.075554966926574707e-03
1.955598592758178711e-03
6.609298288822174072e-04
7.905215024948120117e-03
5.017876625061035156e-03
1.255590468645095825e-04
5.399957299232482910e-04
2.958700060844421387e-04
2.050131559371948242e-03
2.281725406646728516e-03
1.990616321563720703e-03
6.147194653749465942e-05
1.750075817108154297e-02
2.965307794511318207e-05
1.388514041900634766e-02
7.210910320281982422e-03
1.255181431770324707e-02
4.608243703842163086e-03
5.126655101776123047e-03
8.046161383390426636e-05
2.500992268323898315e-04
2.374611794948577881e-04
1.051855087280273438e-02
1.112061738967895508e-02
9.877711534500122070e-03
2.073943614959716797e-03
1.031759381294250488e-02
1.151040196418762207e-03
1.289173960685729980e-02
3.285154700279235840e-03
1.336759328842163086e-02
2.146381139755249023e-02
8.182138204574584961e-03
1.664549112319946289e-03
1.171118021011352539e-02
2.007091045379638672e-02
1.496243476867675781e-02
4.451081156730651855e-03
9.224832057952880859e-03
9.482800960540771484e-03
1.710844039916992188e-02
8.817687630653381348e-04
1.769796013832092285e-03
2.349182963371276855e-03
6.104201078414916992e-03
2.707099914550781250e-02
6.901830434799194336e-03
1.577317714691162109e-03
3.691911697387695312e-03
1.434338092803955078e-02
1.845276355743408203e-02
3.687888383865356445e-04
3.681853413581848145e-04
1.277588307857513428e-03
5.926966667175292969e-03
8.711755275726318359e-03
3.941416740417480469e-03
2.620792388916015625e-02
1.074418425559997559e-03
3.965169191360473633e-03
2.491503953933715820e-03
1.346141099929809570e-03
1.915812492370605469e-03
4.914522171020507812e-03
1.953542232513427734e-03
1.155538484454154968e-04
7.739365100860595703e-04
9.887143969535827637e-04
1.506745815277099609e-02
1.245625317096710205e-03
6.249666213989257812e-03
1.198299229145050049e-03
1.068040728569030762e-03
4.438936710357666016e-03
2.129212953150272369e-05
3.447122871875762939e-04
8.926820009946823120e-05
1.656234264373779297e-03
1.318350434303283691e-02
2.389103174209594727e-03
1.639920473098754883e-02
1.830503344535827637e-03
7.157102227210998535e-04
8.578263223171234131e-04
9.077265858650207520e-04
3.214031457901000977e-04
3.553703427314758301e-04
9.327605366706848145e-04
1.310650259256362915e-04
8.450686931610107422e-03
3.060745075345039368e-05
3.999285399913787842e-04
3.180161118507385254e-03
1.907229423522949219e-02
1.414585113525390625e-02
2.013042569160461426e-03
8.303076028823852539e-03
1.186326146125793457e-03
5.492866039276123047e-03
6.684884428977966309e-04
8.535981178283691406e-03
1.165017485618591309e-03
1.713320612907409668e-03
4.945904016494750977e-03
5.098134279251098633e-04
4.275083541870117188e-03
9.516775608062744141e-03
1.338303089141845703e-03
3.755949437618255615e-04
2.372682094573974609e-03
2.072248607873916626e-04
7.248520851135253906e-03
1.480072736740112305e-03
3.034621477127075195e-04
9.730532765388488770e-04
5.154544487595558167e-05
7.110573351383209229e-04
6.824791431427001953e-03
3.897279500961303711e-03
2.860233187675476074e-03
4.436671733856201172e-04
7.562875747680664062e-03
7.425434887409210205e-05
6.548836827278137207e-04
1.571431756019592285e-03
1.167386770248413086e-03
5.324073135852813721e-04
8.590608835220336914e-03
4.623234272003173828e-04
3.049433231353759766e-03
1.841664314270019531e-03
2.794653177261352539e-03
1.103818416595458984e-03
1.597195863723754883e-03
4.757463932037353516e-03
4.510618746280670166e-04
3.321602940559387207e-03
2.038061618804931641e-03
1.027876138687133789e-02
9.696185588836669922e-03
3.495901823043823242e-03
9.937360882759094238e-04
1.834273338317871094e-03
2.685204148292541504e-03
2.342816442251205444e-04
1.502171158790588379e-03
3.153681755065917969e-03
3.052100539207458496e-03
4.431698471307754517e-05
0.000000000000000000e+00
0.000000000000000000e+00
0.000000000000000000e+00
0.000000000000000000e+00
0.000000000000000000e+00
0.000000000000000000e+00
0.000000000000000000e+00
0.000000000000000000e+00
0.000000000000000000e+00
0.000000000000000000e+00
0.000000000000000000e+00
0.000000000000000000e+00
0.000000000000000000e+00
0.000000000000000000e+00
0.000000000000000000e+00
0.000000000000000000e+00
0.000000000000000000e+00
0.000000000000000000e+00
0.000000000000000000e+00
0.000000000000000000e+00
0.000000000000000000e+00
0.000000000000000000e+00
0.000000000000000000e+00
0.000000000000000000e+00
0.000000000000000000e+00
0.000000000000000000e+00
0.000000000000000000e+00
0.000000000000000000e+00
0.000000000000000000e+00
0.000000000000000000e+00
0.000000000000000000e+00
0.000000000000000000e+00
0.000000000000000000e+00
0.000000000000000000e+00
0.000000000000000000e+00
0.000000000000000000e+00
0.000000000000000000e+00
0.000000000000000000e+00
0.000000000000000000e+00
0.000000000000000000e+00
