1.456832885742187500e-02
2.877041697502136230e-03
8.754253387451171875e-03
6.151348352432250977e-04
5.489557981491088867e-03
2.934068441390991211e-03
1.599180698394775391e-02
6.529837846755981445e-03
2.043843269348144531e-02
1.344466209411621094e-02
5.440339446067810059e-04
2.879559993743896484e-03
3.979146480560302734e-03
5.790814757347106934e-04
2.544969320297241211e-03
1.423239707946777344e-03
5.411170423030853271e-05
1.064425706863403320e-02
1.860427856445312500e-02
1.459211111068725586e-03
8.578896522521972656e-03
2.187535166740417480e-03
5.070924758911132812e-03
1.868218183517456055e-03
7.951632142066955566e-04
2.405655384063720703e-02
2.911365032196044922e-02
1.954180002212524414e-02
1.720046997070312500e-02
5.687624216079711914e-04
2.502482384443283081e-04
1.469540596008300781e-02
3.746479749679565430e-03
1.127940416336059570e-02
3.793183714151382446e-05
5.680136382579803467e-04
6.336793303489685059e-03
6.955981254577636719e-03
5.172714591026306152e-04
1.616954803466796875e-03
1.496672630310058594e-03
3.041428327560424805e-02
2.072727680206298828e-02
1.598042249679565430e-02
5.195170640945434570e-03
5.184471607208251953e-03
2.540242671966552734e-02
2.445220947265625000e-03
3.198236227035522461e-03
3.847634792327880859e-02
4.421085119247436523e-03
1.352451741695404053e-03
2.570945024490356445e-02
1.541471481323242188e-02
1.290810108184814453e-02
7.776618003845214844e-03
1.723326742649078369e-03
6.869025528430938721e-04
1.571238040924072266e-03
5.177527666091918945e-03
1.772356033325195312e-02
2.615675330162048340e-03
2.647027373313903809e-03
7.021874189376831055e-04
4.593402147293090820e-03
1.555526256561279297e-02
1.475983858108520508e-02
1.974993944168090820e-02
5.860477685928344727e-04
1.309745013713836670e-03
9.770989418029785156e-03
1.532959938049316406e-02
4.738330841064453125e-03
1.123553514480590820e-02
6.291061639785766602e-03
1.258268952369689941e-03
4.527449607849121094e-03
1.744717359542846680e-03
9.603053331375122070e-05
4.831224679946899414e-03
8.928120136260986328e-03
2.249753475189208984e-02
3.665298223495483398e-03
1.134589314460754395e-03
5.467355251312255859e-03
8.517652750015258789e-04
1.356637477874755859e-02
1.548194885253906250e-02
7.147621363401412964e-05
9.327307343482971191e-04
2.738654613494873047e-03
1.359885931015014648e-02
6.929785013198852539e-03
7.546782493591308594e-03
1.285716891288757324e-03
2.327203750610351562e-03
5.629390478134155273e-03
7.435321807861328125e-03
2.264076471328735352e-02
1.801317930221557617e-02
8.859395980834960938e-03
8.403122425079345703e-03
5.630493164062500000e-03
4.554390907287597656e-03
2.354569733142852783e-04
1.822717487812042236e-03
2.542328834533691406e-02
1.101747155189514160e-03
1.219761371612548828e-02
8.172154426574707031e-03
3.840327262878417969e-03
2.578034996986389160e-03
6.586201488971710205e-04
2.412453293800354004e-03
1.412726938724517822e-03
2.007588744163513184e-03
1.193702220916748047e-03
9.071707725524902344e-03
1.069903373718261719e-03
1.216858625411987305e-03
1.168566942214965820e-02
1.501470804214477539e-03
1.004040241241455078e-02
1.441319473087787628e-04
2.815306186676025391e-03
2.022111415863037109e-02
1.518309116363525391e-03
2.932232618331909180e-02
9.361058473587036133e-04
2.555027604103088379e-03
1.474308967590332031e-02
6.416469812393188477e-03
1.790547370910644531e-02
1.912027597427368164e-03
2.024859189987182617e-03
6.826370954513549805e-03
2.305084466934204102e-02
3.268420696258544922e-04
1.980289816856384277e-03
2.251112461090087891e-02
8.442223072052001953e-03
1.029789447784423828e-02
1.067078113555908203e-02
1.794755458831787109e-03
7.463432848453521729e-05
4.230797290802001953e-03
6.063789129257202148e-03
1.127921044826507568e-03
6.330549716949462891e-03
9.093046188354492188e-03
5.616784095764160156e-03
7.837638258934020996e-04
1.382082700729370117e-03
1.428973674774169922e-02
2.117291092872619629e-03
2.347671985626220703e-02
7.866799831390380859e-03
1.877522468566894531e-02
2.817571163177490234e-03
9.747385978698730469e-03
4.839569330215454102e-03
3.856793045997619629e-04
1.180684566497802734e-02
1.023553311824798584e-03
1.359212398529052734e-02
1.812362670898437500e-02
6.952658295631408691e-04
3.692567348480224609e-03
1.435208320617675781e-02
2.962082624435424805e-03
4.298379644751548767e-05
1.913642883300781250e-02
2.057105302810668945e-04
4.180634021759033203e-02
8.364468812942504883e-04
1.206374168395996094e-02
1.013571023941040039e-02
1.758679747581481934e-03
3.844313323497772217e-04
1.558256149291992188e-02
1.655232906341552734e-02
2.505376935005187988e-03
2.148784697055816650e-03
3.445577621459960938e-02
1.298969984054565430e-02
2.898555248975753784e-05
3.698718547821044922e-02
1.608967781066894531e-03
8.938312530517578125e-03
2.618342638015747070e-03
6.322473287582397461e-03
2.589356154203414917e-04
2.837002277374267578e-02
9.412407875061035156e-03
2.394080162048339844e-03
3.517434000968933105e-03
1.728683710098266602e-03
3.019738197326660156e-02
9.076356887817382812e-03
2.918171882629394531e-02
1.576137542724609375e-02
1.766073703765869141e-02
4.477524757385253906e-02
1.464563608169555664e-02
3.453940153121948242e-02
2.732202410697937012e-03
7.612407207489013672e-04
1.404958963394165039e-02
1.546353101730346680e-03
1.693201065063476562e-02
2.493292093276977539e-03
3.391355276107788086e-03
7.991015911102294922e-03
5.538970232009887695e-03
7.758170366287231445e-03
1.167821884155273438e-02
5.500435829162597656e-03
4.917502403259277344e-03
4.362136125564575195e-03
1.781478524208068848e-03
6.968528032302856445e-03
8.783489465713500977e-03
5.579084157943725586e-03
2.145722508430480957e-03
1.001164317131042480e-03
7.721185684204101562e-03
4.705339670181274414e-04
4.287168383598327637e-03
7.721334695816040039e-03
3.675054758787155151e-04
1.301053166389465332e-02
4.236471652984619141e-02
2.495896816253662109e-02
1.491889357566833496e-03
2.001035213470458984e-02
1.487515866756439209e-03
8.838683366775512695e-03
1.495715975761413574e-02
1.271092891693115234e-02
2.719506621360778809e-03
1.489724963903427124e-04
3.610163927078247070e-03
1.556217670440673828e-02
1.861508935689926147e-04
2.986192703247070312e-03
1.734483242034912109e-02
2.056872844696044922e-02
5.581289529800415039e-03
1.043075323104858398e-02
2.445533871650695801e-03
5.464822053909301758e-03
1.498050987720489502e-03
3.449869155883789062e-02
1.225626468658447266e-02
2.159452438354492188e-02
2.349019050598144531e-04
5.383014678955078125e-03
1.150429248809814453e-03
8.172869682312011719e-03
4.533946514129638672e-03
1.096397638320922852e-02
2.166435122489929199e-03
1.386255025863647461e-03
3.900870680809020996e-03
1.087564229965209961e-02
1.655668020248413086e-04
1.092590391635894775e-03
4.873991012573242188e-03
2.819105982780456543e-03
9.261146187782287598e-04
1.963001489639282227e-02
1.744973659515380859e-02
1.521128416061401367e-02
3.467679023742675781e-03
3.040477633476257324e-03
5.049735307693481445e-03
4.474818706512451172e-03
1.889452338218688965e-03
9.333789348602294922e-03
1.685470342636108398e-03
2.576112747192382812e-03
4.406481981277465820e-03
1.826703548431396484e-02
6.141290068626403809e-04
2.211177349090576172e-02
6.531804800033569336e-03
9.692311286926269531e-03
4.962421953678131104e-04
1.620268821716308594e-02
6.326213479042053223e-04
2.422451972961425781e-02
6.996840238571166992e-04
5.512200295925140381e-04
1.579010486602783203e-02
1.094436645507812500e-02
1.337063312530517578e-02
3.655701875686645508e-04
8.136510848999023438e-03
1.789957284927368164e-02
1.058436930179595947e-03
5.727186799049377441e-04
9.975805878639221191e-04
5.587607622146606445e-03
8.304595947265625000e-03
1.185941696166992188e-02
6.448253989219665527e-04
1.419618725776672363e-03
6.749808788299560547e-03
5.740582942962646484e-03
6.504245102405548096e-04
1.928371191024780273e-02
2.392023801803588867e-03
1.706671714782714844e-02
2.146422863006591797e-03
8.056938648223876953e-03
2.310022711753845215e-03
1.851394772529602051e-03
1.607239246368408203e-03
5.077093839645385742e-03
1.544862985610961914e-03
2.844333648681640625e-03
3.569006919860839844e-03
1.937150955200195312e-03
6.918221712112426758e-03
9.089335799217224121e-04
8.916974067687988281e-03
2.032890915870666504e-03
7.574498653411865234e-03
3.293287754058837891e-02
8.825600147247314453e-03
3.373056650161743164e-03
2.713978290557861328e-03
4.776507616043090820e-03
2.309300005435943604e-03
4.208803176879882812e-03
9.013324975967407227e-03
9.140193462371826172e-03
1.500353217124938965e-03
2.516716718673706055e-03
1.087039709091186523e-02
1.875793933868408203e-02
1.624619960784912109e-02
4.048123955726623535e-04
4.007220268249511719e-03
8.457247167825698853e-05
3.691077232360839844e-03
2.403199672698974609e-02
1.058802008628845215e-02
1.033529639244079590e-02
1.101848483085632324e-02
5.501508712768554688e-03
1.034039258956909180e-02
5.579143762588500977e-04
7.114112377166748047e-04
1.503336429595947266e-02
1.715607941150665283e-03
9.556770324707031250e-03
1.277983188629150391e-03
3.873094916343688965e-03
1.304380595684051514e-03
1.770645380020141602e-03
3.829270601272583008e-03
2.461671829223632812e-03
5.407884716987609863e-03
8.615076541900634766e-03
8.930981159210205078e-03
2.638846635818481445e-03
1.424610614776611328e-02
1.989945769309997559e-03
2.719414234161376953e-02
9.287223219871520996e-04
2.329751849174499512e-03
2.144229412078857422e-02
1.228535175323486328e-02
2.332955598831176758e-02
9.662121534347534180e-03
2.532582730054855347e-04
1.608037948608398438e-02
9.084418416023254395e-04
3.366082906723022461e-03
3.686115145683288574e-03
5.663447082042694092e-04
2.895355224609375000e-03
3.166645765304565430e-04
8.363090455532073975e-05
3.711685538291931152e-03
1.276820898056030273e-03
4.878982901573181152e-03
1.959389448165893555e-02
7.048398256301879883e-04
1.530826091766357422e-03
1.112163066864013672e-02
2.540785074234008789e-02
7.401965558528900146e-05
5.350261926651000977e-04
3.682330250740051270e-03
2.541944384574890137e-03
6.170123815536499023e-03
6.186991930007934570e-03
1.857352256774902344e-02
9.410642087459564209e-05
1.402296125888824463e-03
1.734912395477294922e-02
1.031792163848876953e-02
3.398619592189788818e-04
1.037076115608215332e-03
1.389414072036743164e-03
3.719615936279296875e-02
1.163318753242492676e-03
1.327700912952423096e-03
2.205657958984375000e-02
1.712329685688018799e-04
2.268403768539428711e-02
1.968726515769958496e-03
1.067382097244262695e-02
1.916825771331787109e-03
1.325078308582305908e-03
2.334304153919219971e-04
5.327105522155761719e-03
2.185523509979248047e-03
5.151554942131042480e-04
3.918707370758056641e-02
5.944035947322845459e-04
1.964066177606582642e-04
1.071348786354064941e-02
1.726716756820678711e-03
4.746764898300170898e-03
8.826732635498046875e-03
1.398754119873046875e-02
1.729242503643035889e-04
4.274427890777587891e-03
1.997119188308715820e-02
6.991267204284667969e-03
9.455271065235137939e-04
3.374010324478149414e-03
4.160612821578979492e-03
1.158818602561950684e-03
2.893912792205810547e-02
5.994215607643127441e-04
1.896716654300689697e-03
1.484799385070800781e-02
2.031791210174560547e-02
1.263462007045745850e-03
1.318871974945068359e-03
8.771210908889770508e-03
7.305711507797241211e-03
1.770424842834472656e-02
2.960437536239624023e-02
1.623675227165222168e-03
2.094835042953491211e-02
4.790164530277252197e-04
9.577184915542602539e-03
2.896547317504882812e-03
1.249372959136962891e-03
2.301335334777832031e-02
5.535669624805450439e-04
2.492412924766540527e-03
4.799664020538330078e-03
5.430281162261962891e-04
2.615958452224731445e-03
2.690628170967102051e-04
5.592793226242065430e-03
5.717538297176361084e-04
2.474293112754821777e-03
6.487935781478881836e-03
8.761852979660034180e-03
1.946434378623962402e-03
6.231844425201416016e-03
7.207393646240234375e-04
1.475328207015991211e-02
1.827615499496459961e-02
5.835667252540588379e-04
1.301833987236022949e-02
2.403891086578369141e-02
6.992518901824951172e-04
3.026857972145080566e-03
1.784992218017578125e-02
3.405272960662841797e-02
1.344121992588043213e-04
1.089036464691162109e-03
4.023835062980651855e-03
2.004042267799377441e-03
1.453483104705810547e-02
1.307654380798339844e-02
1.138469576835632324e-02
8.539080619812011719e-03
1.539506018161773682e-03
6.255894899368286133e-03
6.317608058452606201e-04
1.621665433049201965e-04
1.443520188331604004e-03
1.699829101562500000e-02
7.989317178726196289e-03
9.344458580017089844e-03
2.490478754043579102e-02
1.298016309738159180e-02
1.382696628570556641e-02
2.946013212203979492e-02
2.723783254623413086e-04
3.111213445663452148e-04
1.636348664760589600e-03
3.553196787834167480e-03
6.049960851669311523e-03
2.535825967788696289e-02
2.574771642684936523e-03
1.473850011825561523e-02
5.096405744552612305e-03
1.402413845062255859e-02
5.081631243228912354e-04
3.746375441551208496e-04
3.577232360839843750e-03
5.838990211486816406e-03
2.335876226425170898e-02
2.345371246337890625e-02
1.532989740371704102e-02
2.310431003570556641e-02
9.083822369575500488e-04
2.350240945816040039e-03
1.860857009887695312e-03
2.423512935638427734e-02
7.323659956455230713e-04
2.080321311950683594e-02
8.162204176187515259e-05
8.049339056015014648e-03
6.864160299301147461e-03
3.222823143005371094e-03
2.832666039466857910e-03
2.370119094848632812e-03
2.277904748916625977e-02
2.371144294738769531e-02
2.368736267089843750e-02
2.090585231781005859e-02
3.106057643890380859e-03
1.415228843688964844e-02
1.846421509981155396e-04
5.171179771423339844e-03
2.451193332672119141e-02
5.052089691162109375e-04
5.331039428710937500e-03
1.992255449295043945e-03
2.527284622192382812e-02
5.376070737838745117e-03
1.411598920822143555e-02
1.343959569931030273e-02
2.043217420578002930e-02
1.072913408279418945e-02
4.170536994934082031e-03
1.821541786193847656e-02
1.909449696540832520e-03
1.190203428268432617e-02
3.251338005065917969e-02
2.690732479095458984e-03
8.300244808197021484e-03
8.969455957412719727e-04
1.435399055480957031e-03
5.535587668418884277e-03
1.074457168579101562e-02
4.426151514053344727e-03
2.573752403259277344e-02
4.187673330307006836e-03
9.450703859329223633e-03
9.455010294914245605e-04
9.830817580223083496e-04
4.180930554866790771e-04
4.863053560256958008e-03
5.040049552917480469e-03
3.456994891166687012e-03
6.320029497146606445e-03
1.658638939261436462e-04
1.370686292648315430e-02
3.705292940139770508e-03
7.806330919265747070e-03
9.904690086841583252e-04
6.272867321968078613e-04
2.464115619659423828e-03
1.031631231307983398e-02
2.559691667556762695e-03
1.385378837585449219e-02
7.502622902393341064e-04
1.406821608543395996e-02
5.066394805908203125e-03
5.107402801513671875e-03
1.574301719665527344e-02
1.261681318283081055e-03
7.605969905853271484e-03
6.042838096618652344e-03
1.965284347534179688e-02
1.762807369232177734e-03
2.286505699157714844e-02
3.017485141754150391e-03
1.132428646087646484e-03
1.370030641555786133e-02
6.648331880569458008e-03
3.117114305496215820e-03
2.071604132652282715e-03
1.899451017379760742e-03
3.986433148384094238e-04
2.503477036952972412e-03
1.896947622299194336e-03
3.136426210403442383e-03
1.016920804977416992e-02
3.135353326797485352e-04
1.464905217289924622e-04
1.354873180389404297e-02
2.478092908859252930e-03
1.995015144348144531e-02
3.064438700675964355e-03
2.658516168594360352e-04
1.920181512832641602e-02
4.103511571884155273e-03
1.688212156295776367e-02
2.697631716728210449e-04
9.352326393127441406e-03
5.194902420043945312e-03
8.100211620330810547e-03
2.455189824104309082e-04
4.576072096824645996e-04
1.896768808364868164e-04
2.912598848342895508e-02
2.899050712585449219e-03
2.665564417839050293e-03
7.554180920124053955e-04
1.681081950664520264e-03
1.577889919281005859e-02
9.482026100158691406e-03
1.211285591125488281e-02
1.788221299648284912e-03
3.819465637207031250e-04
3.275394439697265625e-02
6.446205079555511475e-04
3.269225358963012695e-03
9.177103638648986816e-04
8.134603500366210938e-03
6.202429533004760742e-03
1.057052612304687500e-02
2.051308751106262207e-03
8.463025093078613281e-03
2.609044313430786133e-03
1.477336883544921875e-02
2.351170778274536133e-02
2.337026596069335938e-02
2.643758058547973633e-02
8.830994367599487305e-03
1.418638229370117188e-02
3.819942474365234375e-03
3.673762083053588867e-03
5.619376897811889648e-04
1.125469803810119629e-03
1.831650733947753906e-03
7.474869489669799805e-03
1.641847193241119385e-03
3.067240118980407715e-03
2.871513366699218750e-03
3.290697932243347168e-03
7.558837532997131348e-04
1.533645391464233398e-02
7.867515087127685547e-04
5.552731454372406006e-05
7.550790905952453613e-04
3.560692071914672852e-03
3.356672823429107666e-04
2.243769168853759766e-02
3.021046519279479980e-03
2.149653434753417969e-02
3.714367747306823730e-03
1.905906200408935547e-02
7.061362266540527344e-03
2.032095193862915039e-02
8.787661790847778320e-04
2.614605426788330078e-02
1.149109005928039551e-02
3.518894314765930176e-03
2.443641424179077148e-04
7.601439952850341797e-03
5.400806665420532227e-03
4.395097494125366211e-03
9.050294756889343262e-04
1.708924770355224609e-03
3.039240837097167969e-04
3.525447100400924683e-04
1.669801771640777588e-03
1.872126013040542603e-04
4.564933478832244873e-04
2.155506610870361328e-02
3.383606672286987305e-03
1.409143209457397461e-03
2.276098728179931641e-02
7.696524262428283691e-04
2.518281340599060059e-03
3.765001893043518066e-03
2.769112586975097656e-03
3.520101308822631836e-02
2.127116918563842773e-02
2.206318080425262451e-03
4.353411495685577393e-04
2.530181407928466797e-02
3.470540046691894531e-02
7.287383079528808594e-03
2.807116508483886719e-02
1.044866442680358887e-02
1.626956462860107422e-02
4.670619964599609375e-03
6.008148193359375000e-04
8.257269859313964844e-03
9.752333164215087891e-03
2.469822764396667480e-03
1.192212104797363281e-02
6.794601678848266602e-03
6.923712790012359619e-04
8.869826793670654297e-03
1.933407783508300781e-02
4.630714654922485352e-03
1.773640513420104980e-03
7.885545492172241211e-03
2.025067806243896484e-03
2.763882279396057129e-03
2.598458528518676758e-02
3.880381584167480469e-03
3.040600568056106567e-04
1.588004827499389648e-02
1.937484741210937500e-02
5.479365587234497070e-03
2.112910151481628418e-03
2.855777740478515625e-03
3.071784973144531250e-03
9.100399911403656006e-04
2.309679985046386719e-03
5.192190408706665039e-03
1.938924193382263184e-03
6.952509284019470215e-04
1.962769031524658203e-02
1.699352264404296875e-02
2.609848976135253906e-03
1.957416534423828125e-02
2.760365605354309082e-03
5.822591483592987061e-04
5.067586898803710938e-03
7.971078157424926758e-03
1.475334167480468750e-02
3.131385892629623413e-04
1.995846629142761230e-03
1.994776725769042969e-02
2.027100324630737305e-02
8.288845419883728027e-04
1.340150833129882812e-02
2.189421653747558594e-02
6.448738276958465576e-04
4.169136285781860352e-03
9.006708860397338867e-04
4.436392337083816528e-04
4.083588719367980957e-04
2.009117603302001953e-02
2.320975065231323242e-02
9.400248527526855469e-03
2.454742789268493652e-04
9.374469518661499023e-04
7.578320801258087158e-04
1.120477914810180664e-02
5.803769454360008240e-05
9.372737258672714233e-05
3.016013652086257935e-04
1.617228984832763672e-02
1.422715187072753906e-02
1.002961397171020508e-02
2.217733860015869141e-02
8.044615387916564941e-04
2.189218997955322266e-03
2.680137753486633301e-03
7.495909929275512695e-03
1.383626461029052734e-02
6.538271903991699219e-03
6.417408585548400879e-04
2.271401882171630859e-02
1.431757211685180664e-02
1.024389266967773438e-02
8.940063416957855225e-04
1.530796289443969727e-03
9.387433528900146484e-03
2.742692828178405762e-03
1.361036300659179688e-02
1.553022861480712891e-02
1.856788992881774902e-03
8.810609579086303711e-03
2.145147323608398438e-02
9.824484586715698242e-04
3.556519746780395508e-03
1.509916782379150391e-02
3.663718700408935547e-03
5.725659430027008057e-04
1.516610383987426758e-03
4.755891859531402588e-04
2.928662300109863281e-02
1.653170585632324219e-02
1.210585236549377441e-02
2.193070948123931885e-03
5.792900919914245605e-04
3.448098897933959961e-03
5.507618188858032227e-04
2.279782295227050781e-02
1.959837973117828369e-04
1.090198755264282227e-02
9.410798549652099609e-03
2.412658929824829102e-02
4.269230365753173828e-02
4.007875919342041016e-03
7.176399230957031250e-04
5.958676338195800781e-03
1.958119869232177734e-02
4.873424768447875977e-04
4.625208675861358643e-04
8.382797241210937500e-04
1.036949455738067627e-03
1.127295196056365967e-03
4.685074090957641602e-04
5.495771765708923340e-04
2.196532487869262695e-02
2.895474433898925781e-03
2.918258309364318848e-03
2.324259281158447266e-02
1.929342746734619141e-02
2.058349549770355225e-03
5.239993333816528320e-03
5.630999803543090820e-03
1.240453124046325684e-02
8.806884288787841797e-03
2.773702144622802734e-02
1.905605196952819824e-03
4.626870155334472656e-03
6.904229521751403809e-04
9.436666965484619141e-03
3.898173570632934570e-03
5.446940660476684570e-03
1.641489565372467041e-03
4.225336015224456787e-04
3.661081194877624512e-03
1.674517989158630371e-04
6.574749946594238281e-03
1.296393573284149170e-03
1.503854990005493164e-02
3.920996189117431641e-02
4.364326596260070801e-03
4.713833332061767578e-03
1.488029956817626953e-03
2.209579944610595703e-02
2.033948898315429688e-02
4.494413733482360840e-03
1.505780220031738281e-02
7.801502943038940430e-04
1.164264976978302002e-03
5.614720284938812256e-04
1.023066043853759766e-02
5.904197692871093750e-03
1.912154257297515869e-04
7.957816123962402344e-04
2.593904733657836914e-03
4.114866256713867188e-03
2.519166469573974609e-02
1.680046319961547852e-02
6.228148937225341797e-03
6.668642163276672363e-04
4.854425787925720215e-04
1.831692457199096680e-02
8.553788065910339355e-04
9.134918451309204102e-03
7.563322782516479492e-03
2.024501562118530273e-03
2.129837870597839355e-03
8.990764617919921875e-03
2.055394649505615234e-02
1.627194881439208984e-02
2.774640917778015137e-03
8.889660239219665527e-04
1.602470874786376953e-02
6.001591682434082031e-04
3.780946135520935059e-03
7.351994514465332031e-03
9.829342365264892578e-03
1.611995697021484375e-02
6.335265934467315674e-04
2.543300390243530273e-03
1.975226402282714844e-02
2.833932638168334961e-03
2.501532435417175293e-03
3.438964486122131348e-04
9.095072746276855469e-03
7.847398519515991211e-04
3.851018846035003662e-04
1.254823803901672363e-02
1.746439933776855469e-02
9.061470627784729004e-04
2.227956056594848633e-02
2.141833305358886719e-02
1.667942851781845093e-04
6.167113780975341797e-03
5.220293998718261719e-03
2.226877212524414062e-02
1.135423779487609863e-02
5.854703485965728760e-04
4.902690649032592773e-03
5.681812763214111328e-03
4.193544387817382812e-03
1.322937011718750000e-02
1.631134748458862305e-02
2.510595321655273438e-02
1.268565654754638672e-03
9.588152170181274414e-03
8.445680141448974609e-04
1.014813780784606934e-03
4.492588341236114502e-04
5.663372576236724854e-04
1.110114157199859619e-03
1.784533262252807617e-02
5.556434392929077148e-03
6.875768303871154785e-04
2.623355388641357422e-02
1.484149694442749023e-02
1.052957773208618164e-02
2.365842461585998535e-03
1.265376806259155273e-02
1.523447036743164062e-02
1.676064729690551758e-02
6.828317418694496155e-05
8.888870477676391602e-03
2.115321159362792969e-02
2.170753479003906250e-02
4.075057804584503174e-04
3.934681415557861328e-03
3.222133964300155640e-04
8.580148220062255859e-03
1.191329956054687500e-02
4.371523857116699219e-03
3.307312726974487305e-02
3.411956131458282471e-04
3.481470048427581787e-04
7.305383682250976562e-03
1.752072572708129883e-02
1.143586635589599609e-02
1.456700265407562256e-03
2.578064799308776855e-03
1.148092746734619141e-02
2.097755670547485352e-03
1.886290311813354492e-02
4.133427143096923828e-02
1.470565795898437500e-03
3.994569182395935059e-03
1.902496814727783203e-02
2.899691462516784668e-04
1.899242401123046875e-02
5.655065178871154785e-04
9.668737649917602539e-03
1.902401447296142578e-03
2.152454853057861328e-02
1.790410280227661133e-02
3.556057810783386230e-03
4.864856600761413574e-03
1.879638433456420898e-02
7.660612463951110840e-04
2.245500683784484863e-03
9.058639407157897949e-04
8.033663034439086914e-04
1.364463567733764648e-02
7.871448993682861328e-03
2.454236149787902832e-03
1.677453517913818359e-02
3.022253513336181641e-02
2.977699041366577148e-04
1.300275325775146484e-03
3.893196582794189453e-03
5.846887826919555664e-03
1.676326990127563477e-02
4.854053258895874023e-03
4.036761820316314697e-04
1.192145049571990967e-03
8.393675088882446289e-04
9.165480732917785645e-04
3.858119249343872070e-03
2.678446471691131592e-04
1.292473077774047852e-02
1.170462369918823242e-02
2.152949571609497070e-03
1.866447925567626953e-02
7.411167025566101074e-04
1.540526747703552246e-03
1.144665479660034180e-02
5.589604377746582031e-03
1.207149028778076172e-02
4.982724785804748535e-04
1.230344176292419434e-03
7.336676120758056641e-03
2.670288085937500000e-03
4.010602831840515137e-03
1.857805252075195312e-02
1.593071222305297852e-02
2.166867256164550781e-03
1.733660697937011719e-02
1.651513576507568359e-02
1.300579309463500977e-02
1.586300134658813477e-02
3.170490264892578125e-02
1.324936747550964355e-03
1.443696022033691406e-02
2.511537075042724609e-02
2.985894680023193359e-03
1.349622011184692383e-02
1.419186592102050781e-02
3.117769956588745117e-04
2.938777208328247070e-02
8.034586906433105469e-03
4.976615309715270996e-04
2.929925918579101562e-03
1.573145389556884766e-02
2.437919378280639648e-03
3.351613879203796387e-03
1.464679837226867676e-03
2.707809209823608398e-02
1.651141792535781860e-04
1.803898811340332031e-02
1.828849315643310547e-03
7.938653230667114258e-03
2.044513821601867676e-04
4.900321364402770996e-04
2.552121877670288086e-03
7.907003164291381836e-04
1.658290624618530273e-03
1.378700137138366699e-03
9.671926498413085938e-03
1.585986465215682983e-04
2.566967159509658813e-04
1.826882362365722656e-03
1.240837574005126953e-02
1.826459169387817383e-02
1.607584953308105469e-02
1.524880528450012207e-03
4.133224487304687500e-03
2.148091793060302734e-02
1.912534236907958984e-02
1.719021797180175781e-02
1.562017202377319336e-02
7.065951824188232422e-03
1.875543594360351562e-02
2.012419700622558594e-02
7.641315460205078125e-04
5.839794874191284180e-03
2.624541521072387695e-04
2.574026584625244141e-04
2.714306116104125977e-02
2.366864681243896484e-02
2.624541521072387695e-03
1.318264007568359375e-02
5.344077944755554199e-04
1.183256506919860840e-03
2.013653516769409180e-03
5.249083042144775391e-03
2.424180507659912109e-02
3.577053546905517578e-03
1.377671957015991211e-02
8.146166801452636719e-04
7.194310426712036133e-03
7.393717765808105469e-03
1.236617565155029297e-03
4.916153848171234131e-04
9.466558694839477539e-03
3.104016184806823730e-03
1.036778092384338379e-03
1.025445759296417236e-03
5.671560764312744141e-03
2.933125942945480347e-04
1.452475786209106445e-02
1.876854896545410156e-02
2.056196331977844238e-03
1.289635896682739258e-03
1.006293296813964844e-02
4.103109240531921387e-04
4.120066761970520020e-03
4.725083708763122559e-04
7.379114627838134766e-03
2.184867858886718750e-03
1.314997673034667969e-03
8.695483207702636719e-03
5.242019891738891602e-03
5.684077739715576172e-03
1.083785295486450195e-02
2.866089344024658203e-04
6.287917494773864746e-05
2.117909491062164307e-03
1.618027687072753906e-03
2.221083641052246094e-02
2.796828746795654297e-03
1.475065946578979492e-02
1.562887430191040039e-02
1.949226856231689453e-02
1.685404777526855469e-02
1.117564737796783447e-03
3.685355186462402344e-03
1.127436757087707520e-03
8.809924125671386719e-03
1.401460170745849609e-02
3.798633813858032227e-03
6.513344123959541321e-05
6.108209490776062012e-04
2.611947059631347656e-02
8.893609046936035156e-03
1.713830232620239258e-02
2.250063419342041016e-02
1.030884683132171631e-03
3.488272428512573242e-03
2.399027347564697266e-02
4.002481698989868164e-03
1.996666193008422852e-03
3.518509864807128906e-02
6.090760231018066406e-03
4.820004105567932129e-04
8.013583719730377197e-04
3.565959632396697998e-04
2.802044153213500977e-03
5.106441676616668701e-04
1.994937658309936523e-03
9.474992752075195312e-03
2.640342712402343750e-02
1.219786703586578369e-03
2.010725438594818115e-04
2.045497298240661621e-03
6.688654422760009766e-03
4.970818758010864258e-03
2.013400197029113770e-03
6.718635559082031250e-04
4.647254943847656250e-03
1.405036449432373047e-02
1.375466585159301758e-03
1.640468835830688477e-03
9.760677814483642578e-03
1.264691352844238281e-02
1.020757481455802917e-04
3.144107758998870850e-04
2.408200502395629883e-02
3.022742271423339844e-02
2.245958894491195679e-04
1.151251792907714844e-02
7.204189896583557129e-04
2.932870388031005859e-02
1.372879743576049805e-02
9.181171655654907227e-03
1.658135652542114258e-02
7.223431020975112915e-05
8.989274501800537109e-04
1.315772533416748047e-03
2.046748995780944824e-04
6.723970174789428711e-03
2.448576688766479492e-02
7.682353258132934570e-03
6.993673741817474365e-05
5.290180444717407227e-03
6.828814744949340820e-03
3.035533428192138672e-02
6.368793547153472900e-04
2.300903201103210449e-03
8.911967277526855469e-03
4.171222448348999023e-03
1.465290784835815430e-03
6.909072399139404297e-04
8.611708879470825195e-03
2.284273505210876465e-03
5.514204502105712891e-03
1.685377210378646851e-04
1.187957823276519775e-03
2.536699175834655762e-03
1.661732792854309082e-03
9.872406721115112305e-03
6.250649690628051758e-03
9.546041488647460938e-03
3.138557076454162598e-04
1.858741044998168945e-03
3.103762865066528320e-04
8.181706070899963379e-04
1.426863670349121094e-02
2.240553498268127441e-03
1.926541328430175781e-03
2.122847363352775574e-04
1.699946820735931396e-03
1.132627949118614197e-04
1.132801175117492676e-03
1.956880092620849609e-03
1.521795988082885742e-03
1.381319761276245117e-02
3.001272678375244141e-03
9.644925594329833984e-04
1.954460144042968750e-02
2.084985375404357910e-03
9.313598275184631348e-05
8.956380188465118408e-04
4.661142826080322266e-03
5.439929664134979248e-04
6.650127470493316650e-04
1.471921801567077637e-03
1.661531627178192139e-03
2.313636243343353271e-03
5.168356001377105713e-04
6.896704435348510742e-03
9.688585996627807617e-03
1.287739723920822144e-04
7.505491375923156738e-04
4.003420472145080566e-04
1.578396186232566833e-04
4.279911518096923828e-03
4.862286150455474854e-04
2.366639673709869385e-04
7.577892392873764038e-05
1.745134592056274414e-03
1.182034611701965332e-02
9.495473932474851608e-06
1.517876982688903809e-03
3.024209290742874146e-04
8.162781596183776855e-04
9.218230843544006348e-04
1.761820167303085327e-04
2.927049994468688965e-03
1.038759946823120117e-03
2.925135195255279541e-04
1.515239477157592773e-03
3.491621464490890503e-04
1.797705888748168945e-03
7.382035255432128906e-03
1.650683581829071045e-03
1.889690756797790527e-04
8.472502231597900391e-04
2.579707652330398560e-04
2.424883842468261719e-02
1.612746715545654297e-02
3.963857889175415039e-04
1.663328148424625397e-04
1.077419146895408630e-04
1.028075814247131348e-03
7.622018456459045410e-04
7.398091256618499756e-04
1.587115228176116943e-03
2.114869654178619385e-03
4.411675035953521729e-05
8.041113615036010742e-03
7.856667041778564453e-03
2.904571592807769775e-04
2.433359622955322266e-04
1.829326152801513672e-03
2.873164415359497070e-02
2.657491713762283325e-04
1.991629600524902344e-03
1.023080199956893921e-03
1.599818468093872070e-03
5.842402577400207520e-03
1.409944891929626465e-02
6.442666053771972656e-04
4.452206194400787354e-04
4.386827349662780762e-04
1.431167125701904297e-03
7.693290710449218750e-03
2.063393592834472656e-03
5.367755889892578125e-03
2.582892775535583496e-03
2.013379707932472229e-04
1.396849751472473145e-03
3.666788339614868164e-03
5.703121423721313477e-04
1.353006809949874878e-04
1.399293541908264160e-03
4.211306571960449219e-03
3.466531634330749512e-04
3.020918369293212891e-02
4.430562257766723633e-04
1.877874135971069336e-02
1.834526658058166504e-03
8.099004626274108887e-04
3.932535648345947266e-03
1.528993248939514160e-03
5.355536937713623047e-03
7.001459598541259766e-04
1.425552368164062500e-02
3.733709454536437988e-04
4.736445844173431396e-04
2.792549133300781250e-02
2.980362623929977417e-04
5.880594253540039062e-04
4.072487354278564453e-04
1.537278294563293457e-03
9.565502405166625977e-03
2.781040966510772705e-04
5.794256925582885742e-03
3.244951367378234863e-04
4.095323383808135986e-04
4.507452249526977539e-04
1.253187656402587891e-04
5.084797739982604980e-04
9.240023791790008545e-05
3.495253622531890869e-04
5.636483430862426758e-03
5.714548751711845398e-05
1.506099943071603775e-05
1.448065042495727539e-03
3.998741507530212402e-03
1.335507631301879883e-02
1.934736967086791992e-03
1.695573329925537109e-02
4.430264234542846680e-04
1.639246940612792969e-03
1.187771558761596680e-03
4.659667611122131348e-04
3.258794546127319336e-03
2.967454493045806885e-04
1.298703253269195557e-03
3.300681710243225098e-04
5.922019481658935547e-03
2.256361767649650574e-05
7.729649543762207031e-03
4.814192652702331543e-04
1.036517322063446045e-03
1.921895891427993774e-04
1.935297250747680664e-02
5.555570125579833984e-03
8.074641227722167969e-04
1.839852333068847656e-02
3.468766808509826660e-04
6.101042032241821289e-03
2.265088260173797607e-04
1.224383711814880371e-03
5.257725715637207031e-03
7.964104413986206055e-03
1.366662979125976562e-02
6.899759173393249512e-04
7.223756983876228333e-05
6.233364343643188477e-03
6.135925650596618652e-04
2.024117857217788696e-04
6.157066673040390015e-05
6.839446723461151123e-04
4.044353961944580078e-03
1.231662929058074951e-03
2.114042639732360840e-03
1.274472475051879883e-02
1.225739717483520508e-03
9.532362222671508789e-03
1.881718635559082031e-04
2.541786432266235352e-02
1.517274975776672363e-02
4.845187067985534668e-04
1.228034496307373047e-03
1.571723259985446930e-05
3.609135746955871582e-04
6.892308592796325684e-04
1.559127122163772583e-04
5.298629403114318848e-04
1.848268508911132812e-02
4.338137805461883545e-04
2.480733394622802734e-02
2.919007092714309692e-04
8.569657802581787109e-03
6.285905838012695312e-04
2.105832099914550781e-03
1.637256145477294922e-02
7.088631391525268555e-03
5.004964768886566162e-04
1.146942377090454102e-04
6.620526313781738281e-03
1.397430896759033203e-04
1.120693981647491455e-03
5.372986197471618652e-05
7.382500916719436646e-05
2.798244357109069824e-03
3.812864422798156738e-03
5.194805562496185303e-04
2.889670431613922119e-04
3.306210041046142578e-03
1.209691166877746582e-03
3.183811902999877930e-03
2.228692173957824707e-03
5.042195320129394531e-03
2.998486161231994629e-03
3.060728311538696289e-03
7.976606488227844238e-03
4.740267992019653320e-03
5.535595118999481201e-04
1.592248678207397461e-03
1.190841197967529297e-02
9.820237755775451660e-05
3.139134496450424194e-04
2.166423946619033813e-04
1.365378499031066895e-03
2.021737396717071533e-03
5.446404218673706055e-03
2.562797069549560547e-02
6.381981074810028076e-04
3.373865038156509399e-04
6.527639925479888916e-04
2.243332564830780029e-04
2.536065876483917236e-04
1.578241586685180664e-03
1.701608300209045410e-02
5.434721708297729492e-03
2.746731042861938477e-03
3.609925508499145508e-03
3.455653786659240723e-04
1.103460788726806641e-03
1.143105328083038330e-03
4.495084285736083984e-04
2.042546868324279785e-03
1.915633678436279297e-03
1.332908868789672852e-03
9.332299232482910156e-04
5.537234246730804443e-04
1.649521291255950928e-04
7.704924792051315308e-05
0.000000000000000000e+00
0.000000000000000000e+00
0.000000000000000000e+00
0.000000000000000000e+00
0.000000000000000000e+00
0.000000000000000000e+00
0.000000000000000000e+00
0.000000000000000000e+00
0.000000000000000000e+00
0.000000000000000000e+00
0.000000000000000000e+00
0.000000000000000000e+00
0.000000000000000000e+00
0.000000000000000000e+00
0.000000000000000000e+00
0.000000000000000000e+00
0.000000000000000000e+00
0.000000000000000000e+00
0.000000000000000000e+00
0.000000000000000000e+00
0.000000000000000000e+00
0.000000000000000000e+00
0.000000000000000000e+00
0.000000000000000000e+00
0.000000000000000000e+00
0.000000000000000000e+00
0.000000000000000000e+00
0.000000000000000000e+00
0.000000000000000000e+00
0.000000000000000000e+00
0.000000000000000000e+00
0.000000000000000000e+00
0.000000000000000000e+00
0.000000000000000000e+00
0.000000000000000000e+00
0.000000000000000000e+00
0.000000000000000000e+00
0.000000000000000000e+00
0.000000000000000000e+00
0.000000000000000000e+00
