1.726701855659484863e-03
6.392933428287506104e-04
4.530712962150573730e-03
2.499693073332309723e-05
3.498233854770660400e-05
2.239942550659179688e-04
6.867334246635437012e-03
1.134175062179565430e-02
5.084455013275146484e-03
2.467083930969238281e-02
8.945018053054809570e-04
2.403631806373596191e-03
1.148000359535217285e-03
5.571395158767700195e-03
8.216649293899536133e-03
3.583177924156188965e-03
8.997619152069091797e-04
1.264277100563049316e-02
1.269268989562988281e-02
8.135110139846801758e-03
6.710290908813476562e-04
2.691820263862609863e-04
1.416401937603950500e-04
1.148752868175506592e-03
1.072055101394653320e-02
2.382946014404296875e-02
2.023220062255859375e-03
1.533812284469604492e-02
1.069307327270507812e-03
5.711704492568969727e-03
7.557392120361328125e-03
4.114195704460144043e-03
2.608671784400939941e-03
8.821368217468261719e-03
8.379779756069183350e-04
2.306938171386718750e-02
1.090979576110839844e-02
6.050989031791687012e-04
2.466827630996704102e-02
6.510823965072631836e-03
1.618468761444091797e-02
4.257977008819580078e-03
6.268694996833801270e-04
8.796751499176025391e-03
2.843892574310302734e-02
4.224956035614013672e-03
9.557545185089111328e-03
4.907518625259399414e-03
2.950769662857055664e-02
4.390144348144531250e-02
1.642033457756042480e-03
5.635261535644531250e-03
5.693793296813964844e-03
3.593719005584716797e-02
5.782656371593475342e-04
1.019142568111419678e-03
2.024091780185699463e-03
1.349233090877532959e-03
1.861274242401123047e-03
7.712170481681823730e-04
1.275055110454559326e-03
7.223198190331459045e-05
2.614676952362060547e-02
1.924681663513183594e-02
3.814786672592163086e-03
2.579450607299804688e-02
3.610253334045410156e-04
8.949786424636840820e-03
2.089276909828186035e-03
1.999914646148681641e-03
5.048466846346855164e-05
6.064444780349731445e-03
2.705141901969909668e-03
7.465869188308715820e-03
1.182639598846435547e-02
7.366001605987548828e-03
8.197307586669921875e-03
1.942753791809082031e-03
2.972409129142761230e-03
3.843307495117187500e-03
2.137027680873870850e-03
3.544539213180541992e-04
3.169238567352294922e-03
6.186589598655700684e-05
6.621688604354858398e-03
9.335577487945556641e-04
5.915731191635131836e-03
4.809808731079101562e-02
1.822091639041900635e-03
4.898279905319213867e-03
1.297987997531890869e-03
1.864099502563476562e-02
1.629358530044555664e-02
5.183666944503784180e-04
4.284694790840148926e-03
1.738089323043823242e-02
2.182650566101074219e-02
8.672289550304412842e-04
1.554355025291442871e-03
7.771998643875122070e-04
1.878714561462402344e-02
3.704994916915893555e-03
1.141011714935302734e-03
2.390801906585693359e-03
2.859383821487426758e-03
2.151802182197570801e-04
7.451444864273071289e-03
2.722442150115966797e-03
4.412569105625152588e-04
1.474402844905853271e-03
6.198108196258544922e-03
1.001656055450439453e-03
8.156806230545043945e-03
5.413383245468139648e-03
4.655241966247558594e-03
1.795309782028198242e-02
8.512407541275024414e-03
1.301772892475128174e-03
1.167136430740356445e-02
1.595422625541687012e-03
9.143836796283721924e-04
1.531571149826049805e-03
1.570107415318489075e-04
7.494688034057617188e-03
6.293892860412597656e-03
2.199518680572509766e-02
2.864196896553039551e-03
2.713594585657119751e-04
1.557946205139160156e-03
4.159718751907348633e-03
2.655193209648132324e-03
5.825936794281005859e-03
1.565665006637573242e-04
1.275026798248291016e-02
1.066291332244873047e-02
1.464170217514038086e-02
1.228921115398406982e-03
8.430406451225280762e-04
3.833994269371032715e-04
5.989909172058105469e-03
6.948620080947875977e-03
2.751570940017700195e-02
1.202762126922607422e-02
1.401185989379882812e-02
1.555941998958587646e-04
5.036473274230957031e-03
3.521025180816650391e-03
2.411037683486938477e-02
8.797734975814819336e-03
1.093602180480957031e-02
2.599507570266723633e-03
1.017135381698608398e-02
1.942849159240722656e-02
2.875947393476963043e-05
9.377002716064453125e-03
7.044345140457153320e-03
1.911342144012451172e-02
3.539741039276123047e-02
4.722356796264648438e-03
1.704469323158264160e-03
2.073690295219421387e-03
6.094388663768768311e-04
1.828736066818237305e-02
1.171767711639404297e-03
9.628105908632278442e-05
3.165826201438903809e-04
2.088416367769241333e-04
2.587735652923583984e-02
2.007859945297241211e-02
8.763223886489868164e-03
2.565477043390274048e-04
4.840791225433349609e-04
1.684969663619995117e-02
1.922208070755004883e-02
4.951748996973037720e-05
4.117697477340698242e-03
3.759995102882385254e-03
2.267688512802124023e-03
1.731014251708984375e-02
5.185604095458984375e-04
2.035844326019287109e-02
1.885704696178436279e-04
1.907601952552795410e-03
1.080602407455444336e-02
1.438009738922119141e-02
2.906043082475662231e-04
6.775349378585815430e-03
4.084229469299316406e-03
3.700983524322509766e-02
3.058128058910369873e-04
7.041133940219879150e-04
3.400817513465881348e-03
2.461487054824829102e-02
8.261889219284057617e-03
5.782783031463623047e-03
1.929409801959991455e-03
1.979762315750122070e-02
1.619750261306762695e-02
7.430016994476318359e-03
5.289769172668457031e-02
1.017786562442779541e-03
1.671954989433288574e-03
2.071171998977661133e-02
5.090236663818359375e-04
1.999592781066894531e-02
1.731373369693756104e-03
2.519345283508300781e-02
1.856237649917602539e-03
2.755850553512573242e-02
1.048900187015533447e-03
1.548635959625244141e-02
1.180696487426757812e-02
1.881875097751617432e-03
1.080828905105590820e-02
2.222806215286254883e-03
2.357177436351776123e-05
3.286197781562805176e-03
3.783255815505981445e-04
2.740859985351562500e-03
1.497960090637207031e-02
2.769634127616882324e-03
1.343762874603271484e-02
5.547285079956054688e-03
2.451449632644653320e-03
6.008476018905639648e-03
2.391356229782104492e-02
1.953291893005371094e-02
6.954185664653778076e-04
3.065764904022216797e-03
1.598864793777465820e-02
8.017390966415405273e-03
3.037452697753906250e-04
1.295667886734008789e-02
1.087695360183715820e-03
3.893636167049407959e-04
2.690064907073974609e-02
6.563961505889892578e-04
5.734860897064208984e-04
8.129291236400604248e-04
1.208662986755371094e-03
4.886761307716369629e-03
9.896397590637207031e-03
1.738452911376953125e-02
8.736923336982727051e-04
9.835362434387207031e-04
3.623053431510925293e-03
2.263683080673217773e-02
6.987294182181358337e-05
1.370126008987426758e-02
1.343262195587158203e-02
7.741183042526245117e-03
2.075970172882080078e-02
1.122117042541503906e-03
1.391130685806274414e-02
1.880899071693420410e-03
6.872236728668212891e-03
2.227431535720825195e-02
2.216935157775878906e-03
1.867346465587615967e-03
2.330565452575683594e-02
2.742505073547363281e-02
2.223908901214599609e-02
2.708888053894042969e-02
1.068753004074096680e-02
1.587003469467163086e-03
1.666551828384399414e-02
2.730941772460937500e-02
2.745352685451507568e-05
1.781868934631347656e-02
2.157586812973022461e-02
1.169377937912940979e-04
6.077289581298828125e-04
3.845822066068649292e-04
1.141540706157684326e-04
3.498625755310058594e-02
2.766586840152740479e-03
9.896636009216308594e-03
5.545467138290405273e-04
1.171332597732543945e-02
1.849271357059478760e-04
1.373857259750366211e-03
6.486997008323669434e-04
1.428648829460144043e-03
3.180712461471557617e-03
2.701467275619506836e-02
1.742911338806152344e-02
1.900941133499145508e-03
3.572693094611167908e-05
1.291105151176452637e-02
1.374930143356323242e-04
4.225410521030426025e-04
2.796396613121032715e-03
3.889277577400207520e-03
3.332331776618957520e-03
1.858580112457275391e-02
1.313528046011924744e-04
1.180976629257202148e-03
3.304975107312202454e-04
2.818733453750610352e-03
3.390517085790634155e-04
2.952164411544799805e-02
2.313172817230224609e-02
1.366436481475830078e-02
2.600111067295074463e-03
3.835894167423248291e-04
1.633122563362121582e-03
3.286376595497131348e-03
1.625798642635345459e-03
8.271515369415283203e-03
2.311825752258300781e-02
2.884000539779663086e-02
1.758468151092529297e-02
2.088916301727294922e-02
6.333470344543457031e-03
8.814185857772827148e-04
1.802831888198852539e-02
2.909582853317260742e-02
8.373200893402099609e-03
3.943871706724166870e-04
1.050075516104698181e-04
3.737878799438476562e-02
3.342688083648681641e-02
2.035781741142272949e-03
3.535747528076171875e-04
2.165935933589935303e-03
9.982049465179443359e-03
7.757022976875305176e-04
3.167241811752319336e-03
6.264783442020416260e-04
1.367467641830444336e-02
4.609003663063049316e-03
2.650636434555053711e-02
2.159339189529418945e-02
4.248708486557006836e-03
5.415827035903930664e-03
2.574920654296875000e-03
2.216726541519165039e-03
2.803236246109008789e-03
1.537255942821502686e-03
7.899254560470581055e-04
1.137140393257141113e-02
4.745468497276306152e-03
1.150272786617279053e-03
6.438158452510833740e-04
1.390451192855834961e-02
2.416193485260009766e-02
1.624232530593872070e-02
2.358034253120422363e-03
1.127988100051879883e-02
2.081967890262603760e-03
1.178584992885589600e-03
4.293811321258544922e-02
5.493938922882080078e-03
1.419037580490112305e-03
1.620121300220489502e-03
2.919156104326248169e-04
2.394646406173706055e-03
3.637396730482578278e-05
3.844574093818664551e-04
1.658536493778228760e-03
1.400959491729736328e-02
1.012417674064636230e-02
4.943907260894775391e-04
1.770347356796264648e-03
7.993757724761962891e-03
1.723241806030273438e-02
2.314972877502441406e-02
1.953363418579101562e-02
1.400893926620483398e-02
9.433329105377197266e-04
5.177289247512817383e-03
3.075212240219116211e-03
6.165742874145507812e-03
1.162278652191162109e-02
4.102528095245361328e-03
6.440654397010803223e-04
7.065713405609130859e-03
2.933596260845661163e-05
9.716033935546875000e-03
2.072995901107788086e-02
7.306873798370361328e-03
3.798156976699829102e-04
8.643567562103271484e-03
3.909185528755187988e-03
1.131859421730041504e-02
8.146435022354125977e-03
1.378104090690612793e-03
3.561347723007202148e-03
6.640590727329254150e-04
1.972289755940437317e-04
3.038808703422546387e-03
1.482166349887847900e-03
3.419041633605957031e-03
1.826055347919464111e-03
1.715652644634246826e-03
6.907284259796142578e-03
2.363079786300659180e-02
6.048768758773803711e-03
1.087330281734466553e-03
1.790180802345275879e-03
9.095072746276855469e-03
1.166000962257385254e-03
4.559025168418884277e-03
9.463429450988769531e-03
6.842426955699920654e-05
5.392834544181823730e-03
5.128070712089538574e-03
3.429921343922615051e-05
6.326958537101745605e-04
3.647550940513610840e-03
4.347115755081176758e-04
2.272400259971618652e-02
1.726329326629638672e-03
3.926649689674377441e-03
4.583999514579772949e-03
5.022101104259490967e-04
1.914513111114501953e-02
1.198601722717285156e-02
2.571177482604980469e-02
5.596764385700225830e-04
2.026808261871337891e-02
3.121141344308853149e-04
1.793242990970611572e-04
2.948665618896484375e-02
6.336972117424011230e-03
8.734852075576782227e-03
1.004189252853393555e-02
1.810982823371887207e-03
2.634257078170776367e-03
1.353081315755844116e-03
2.903872728347778320e-02
7.290214300155639648e-03
2.224773168563842773e-03
9.573157876729965210e-05
1.552879810333251953e-03
1.545146107673645020e-03
2.529615163803100586e-02
7.031224668025970459e-04
1.833662390708923340e-03
8.216083049774169922e-03
4.365235567092895508e-03
1.661375164985656738e-03
1.075139641761779785e-02
2.660825848579406738e-03
1.539629697799682617e-02
1.389682292938232422e-02
1.731339097023010254e-02
1.620590686798095703e-02
8.112430572509765625e-03
3.009624779224395752e-03
8.900225162506103516e-03
1.816231012344360352e-02
2.098631858825683594e-02
5.437470972537994385e-04
2.444714307785034180e-03
6.183564662933349609e-03
3.032796084880828857e-04
6.754577159881591797e-03
1.824307441711425781e-02
6.992787122726440430e-03
1.251298189163208008e-02
2.724421024322509766e-02
2.617937326431274414e-02
2.227342128753662109e-02
1.024328172206878662e-03
1.476097106933593750e-02
1.233428716659545898e-02
9.672641754150390625e-03
3.000438213348388672e-03
2.190774679183959961e-02
1.541357487440109253e-04
2.569508552551269531e-02
1.890674233436584473e-03
2.985447645187377930e-04
5.667522549629211426e-03
5.849689245223999023e-03
2.084955573081970215e-02
2.639317512512207031e-02
3.025680780410766602e-03
1.348906755447387695e-02
4.203826189041137695e-03
1.153713464736938477e-02
2.086335420608520508e-02
8.463531732559204102e-03
8.482001721858978271e-04
9.507164359092712402e-04
2.392269670963287354e-04
3.099131584167480469e-02
1.397025585174560547e-02
9.180665016174316406e-03
8.563160896301269531e-03
2.490490674972534180e-02
4.324957728385925293e-03
5.450323224067687988e-03
2.905851602554321289e-02
6.251990795135498047e-03
2.378243207931518555e-02
3.983184695243835449e-03
2.774462103843688965e-03
9.417057037353515625e-03
1.605814695358276367e-02
1.246702671051025391e-02
8.194357156753540039e-03
2.207010984420776367e-02
6.031394004821777344e-03
1.357161998748779297e-02
3.170847892761230469e-03
5.123466253280639648e-03
3.176003694534301758e-02
2.704918384552001953e-03
4.555769264698028564e-04
2.489417791366577148e-03
2.554401755332946777e-03
2.082742750644683838e-03
3.120684623718261719e-02
8.349031209945678711e-03
3.806740045547485352e-03
8.759737014770507812e-03
9.705454111099243164e-03
1.318730413913726807e-03
8.927226066589355469e-03
4.363022744655609131e-04
2.029508352279663086e-03
2.541619539260864258e-02
6.979331374168395996e-04
3.768727183341979980e-04
1.365023851394653320e-02
1.254451274871826172e-02
7.744818925857543945e-03
1.528817415237426758e-02
1.545894145965576172e-02
2.341854572296142578e-02
3.350353240966796875e-02
9.625554084777832031e-03
2.405899763107299805e-02
4.301309585571289062e-03
1.173722743988037109e-02
4.747882485389709473e-03
1.628473401069641113e-04
2.223163843154907227e-02
1.871243119239807129e-03
3.475189208984375000e-03
2.022739499807357788e-04
1.839524507522583008e-02
3.258728981018066406e-02
4.901632666587829590e-03
1.029187440872192383e-02
6.672918796539306641e-03
1.379773020744323730e-03
7.294155657291412354e-04
9.112715721130371094e-03
3.267502784729003906e-02
3.591763973236083984e-02
1.242280006408691406e-02
2.089780569076538086e-02
1.949769258499145508e-02
3.735557198524475098e-03
3.397548198699951172e-02
1.054249703884124756e-03
7.783889770507812500e-03
2.419352531433105469e-02
1.575946807861328125e-03
4.421210289001464844e-02
1.974982023239135742e-02
1.799935102462768555e-02
1.501336693763732910e-03
6.087571382522583008e-04
8.073985576629638672e-03
4.627592861652374268e-04
1.768797636032104492e-03
2.208095788955688477e-02
2.674037218093872070e-02
6.046116352081298828e-03
1.843869686126708984e-02
2.541583776473999023e-02
1.391896605491638184e-02
9.033024311065673828e-03
2.297565340995788574e-03
6.070107221603393555e-03
1.398893073201179504e-04
1.451608538627624512e-02
1.675295829772949219e-02
7.011175155639648438e-03
1.278936862945556641e-02
1.621210575103759766e-02
1.797509193420410156e-02
2.683329582214355469e-02
2.524530887603759766e-02
9.300529956817626953e-03
2.223753929138183594e-02
3.493642807006835938e-02
2.152895927429199219e-02
2.465265989303588867e-02
1.734399795532226562e-02
1.475948095321655273e-02
5.941942334175109863e-03
3.106873482465744019e-04
6.712526082992553711e-04
2.592265605926513672e-03
1.069411635398864746e-03
1.196408271789550781e-02
1.004108786582946777e-02
2.137815952301025391e-02
3.151535987854003906e-03
4.179283976554870605e-03
2.987098693847656250e-02
9.227432310581207275e-04
2.910852432250976562e-02
1.310244202613830566e-03
2.646172046661376953e-02
3.095138072967529297e-02
2.561300992965698242e-03
9.859383106231689453e-03
8.019898086786270142e-05
9.470060467720031738e-04
8.915960788726806641e-03
3.748551011085510254e-03
7.620640099048614502e-05
3.513634204864501953e-02
3.175318241119384766e-03
1.412817835807800293e-02
1.605486869812011719e-02
5.342990159988403320e-03
1.603379845619201660e-03
5.381733179092407227e-03
3.604054450988769531e-03
6.630897521972656250e-03
3.783798217773437500e-02
6.501615047454833984e-03
1.022842526435852051e-02
4.459068179130554199e-03
2.875082194805145264e-03
9.063892066478729248e-04
5.082026124000549316e-03
8.024513721466064453e-03
6.808638572692871094e-04
2.301973104476928711e-02
1.202851533889770508e-02
5.610048770904541016e-03
2.020215988159179688e-02
1.501545310020446777e-03
2.750664949417114258e-02
2.466720342636108398e-02
1.910829544067382812e-02
1.064158976078033447e-03
1.387757062911987305e-02
3.740638494491577148e-03
1.724207401275634766e-02
2.268597483634948730e-03
5.937725305557250977e-03
4.969298839569091797e-03
1.170834898948669434e-02
2.320170402526855469e-02
5.643442273139953613e-04
4.275655746459960938e-02
9.643405675888061523e-03
1.732504367828369141e-02
2.154439687728881836e-02
1.882541179656982422e-02
1.657962799072265625e-03
1.770550012588500977e-02
1.097172498703002930e-03
1.528942584991455078e-02
6.895661354064941406e-04
2.087250351905822754e-03
8.588582277297973633e-04
1.693522930145263672e-02
1.136052608489990234e-02
1.876711845397949219e-02
2.921462059020996094e-03
1.666218042373657227e-02
1.850956678390502930e-02
1.106455922126770020e-03
8.132457733154296875e-03
3.013402223587036133e-02
4.004225134849548340e-03
1.602374017238616943e-03
1.536595821380615234e-02
3.979280591011047363e-04
3.039860725402832031e-02
2.686336636543273926e-03
2.145968377590179443e-03
2.125687897205352783e-03
1.920664310455322266e-02
2.524638175964355469e-02
3.640294075012207031e-03
1.131035387516021729e-03
3.470301628112792969e-02
8.206456899642944336e-03
2.343082427978515625e-02
3.974959254264831543e-04
2.125240862369537354e-03
2.439729869365692139e-04
3.895200788974761963e-04
1.337468624114990234e-03
3.162693977355957031e-02
3.088966012001037598e-03
2.569770812988281250e-02
2.438330650329589844e-02
4.090577363967895508e-03
2.010452747344970703e-02
3.625667095184326172e-02
2.242994308471679688e-02
2.525621652603149414e-02
2.240383625030517578e-02
2.916741371154785156e-02
2.567875385284423828e-02
1.821553707122802734e-02
1.860237121582031250e-02
4.330761730670928955e-04
1.829081773757934570e-02
1.528292894363403320e-02
7.459104061126708984e-03
6.550371646881103516e-03
2.133101224899291992e-04
3.269627690315246582e-03
1.916688680648803711e-02
2.099192142486572266e-02
4.701673984527587891e-03
1.485085487365722656e-02
3.170001506805419922e-02
2.078786492347717285e-03
2.962291240692138672e-03
3.058385848999023438e-02
1.831775903701782227e-02
7.689267396926879883e-03
1.422560214996337891e-02
5.744755268096923828e-03
2.014529705047607422e-02
6.548047065734863281e-03
2.523913979530334473e-03
5.008250474929809570e-03
7.443875074386596680e-03
1.249855756759643555e-02
2.472653985023498535e-03
1.201272010803222656e-03
2.345055341720581055e-02
1.341402530670166016e-03
7.705420255661010742e-03
3.050304949283599854e-04
7.877379655838012695e-03
3.177281469106674194e-04
1.388639211654663086e-02
2.392053604125976562e-02
1.259461045265197754e-03
3.543645143508911133e-04
1.096382737159729004e-03
4.423826932907104492e-03
1.595082879066467285e-02
2.064093947410583496e-03
1.337248086929321289e-02
1.221740245819091797e-02
7.334202527999877930e-03
5.419135093688964844e-03
1.168653368949890137e-02
4.505276679992675781e-03
4.550337791442871094e-03
3.803747892379760742e-02
1.993435621261596680e-02
1.730877161026000977e-02
9.511679410934448242e-03
1.690429449081420898e-02
9.865999221801757812e-03
2.025164663791656494e-03
9.877644479274749756e-04
1.260501146316528320e-02
2.324986457824707031e-02
8.205458521842956543e-03
9.950511157512664795e-04
2.863600850105285645e-03
7.085859775543212891e-03
8.875876665115356445e-03
1.478618383407592773e-02
6.092399358749389648e-03
2.855670452117919922e-02
2.179121971130371094e-02
2.322047948837280273e-02
1.681819558143615723e-03
1.953512430191040039e-02
3.515064716339111328e-02
4.224896430969238281e-03
2.594774961471557617e-02
8.101791143417358398e-03
3.074622154235839844e-02
2.390563488006591797e-02
5.133748054504394531e-04
3.199034929275512695e-02
3.286972641944885254e-03
3.072452545166015625e-02
2.446100115776062012e-03
3.179460763931274414e-02
1.587226986885070801e-03
3.375336527824401855e-04
6.303330883383750916e-05
3.436040878295898438e-02
1.390185207128524780e-03
5.361825227737426758e-03
1.531936228275299072e-03
1.504480838775634766e-02
2.159848809242248535e-03
1.332658529281616211e-02
1.313465833663940430e-02
2.669841051101684570e-04
4.870295524597167969e-04
1.457341015338897705e-03
2.879694104194641113e-03
6.991833448410034180e-03
1.821893453598022461e-02
3.068596124649047852e-03
2.655424177646636963e-04
4.587993025779724121e-04
1.082189381122589111e-03
2.560937404632568359e-02
1.694709062576293945e-03
7.282868027687072754e-04
5.167396739125251770e-05
1.757264137268066406e-02
6.935447454452514648e-04
1.111900806427001953e-02
1.281067728996276855e-03
5.096010863780975342e-04
1.141846179962158203e-02
1.950792968273162842e-03
2.702638506889343262e-03
1.828446984291076660e-03
5.473271012306213379e-04
9.907364845275878906e-03
1.938116550445556641e-02
1.042805612087249756e-03
6.845891475677490234e-04
1.283794641494750977e-03
1.233321428298950195e-02
1.802016049623489380e-04
4.309087991714477539e-03
4.688650369644165039e-04
2.577382326126098633e-02
4.798099398612976074e-04
1.139605045318603516e-02
2.543032169342041016e-03
3.771483898162841797e-03
2.294704318046569824e-03
2.121126651763916016e-02
2.443522214889526367e-03
3.951907157897949219e-03
3.042852878570556641e-02
6.489545106887817383e-03
5.015701055526733398e-03
9.873330593109130859e-03
4.752469062805175781e-02
2.514243125915527344e-03
6.424337625503540039e-03
6.439946591854095459e-04
1.850746572017669678e-03
9.371489286422729492e-03
2.559021115303039551e-03
4.401057958602905273e-04
4.760295152664184570e-03
1.776647567749023438e-02
2.799108624458312988e-03
1.063972711563110352e-03
3.315538167953491211e-03
2.721231430768966675e-04
1.427817344665527344e-02
1.160633563995361328e-02
1.240856945514678955e-03
2.083599567413330078e-03
1.207470893859863281e-03
2.722829580307006836e-03
9.879022836685180664e-04
1.077526807785034180e-02
8.859205991029739380e-05
4.603147506713867188e-03
3.113448619842529297e-04
3.463372588157653809e-03
4.427790641784667969e-03
3.167986869812011719e-03
9.654164314270019531e-04
2.464264631271362305e-03
2.079916000366210938e-02
1.223301887512207031e-02
9.509548544883728027e-05
6.777197122573852539e-03
1.740664243698120117e-03
9.853094816207885742e-04
2.286419272422790527e-03
7.248461246490478516e-03
3.325775265693664551e-03
2.590149641036987305e-03
1.113256812095642090e-02
6.262697279453277588e-04
1.637659966945648193e-03
2.303636074066162109e-02
1.563660800457000732e-03
6.291002035140991211e-03
2.395600080490112305e-03
3.645732998847961426e-03
5.462974309921264648e-03
8.126050233840942383e-04
1.278810203075408936e-03
1.489467918872833252e-03
2.341866493225097656e-03
2.467319369316101074e-03
4.298053681850433350e-04
2.474449574947357178e-03
1.788991689682006836e-02
6.723135709762573242e-03
1.227725297212600708e-04
9.154975414276123047e-03
2.577543258666992188e-03
8.064508438110351562e-04
3.426790237426757812e-03
4.512090235948562622e-04
1.062762737274169922e-02
6.746470928192138672e-03
4.061087965965270996e-03
1.175904273986816406e-02
3.519490361213684082e-03
7.829606533050537109e-03
2.773541212081909180e-02
1.182502508163452148e-02
1.100951433181762695e-02
1.513518393039703369e-03
4.383828490972518921e-05
2.885594964027404785e-03
7.319450378417968750e-04
1.473945379257202148e-02
5.059897899627685547e-03
2.177751064300537109e-02
5.373097956180572510e-04
1.420788466930389404e-03
1.500922441482543945e-02
1.054319739341735840e-02
1.991979777812957764e-03
5.929637700319290161e-05
6.277948617935180664e-03
2.708341926336288452e-04
2.451813220977783203e-02
1.561924815177917480e-03
3.090873360633850098e-03
3.178024291992187500e-02
6.166636943817138672e-03
1.488482952117919922e-02
7.775649428367614746e-04
1.299935579299926758e-02
1.248762011528015137e-03
1.452571153640747070e-02
2.489012479782104492e-02
1.124911010265350342e-03
2.103514969348907471e-03
1.983761787414550781e-02
3.213018178939819336e-03
3.872718662023544312e-05
1.271981000900268555e-02
6.026625633239746094e-04
5.683407187461853027e-03
9.161502122879028320e-03
1.512502785772085190e-05
2.984260208904743195e-05
1.867771148681640625e-02
6.652772426605224609e-04
1.817092299461364746e-03
1.700520515441894531e-02
1.160480082035064697e-03
1.205918379127979279e-04
1.150232553482055664e-02
3.452643752098083496e-03
3.330633044242858887e-03
6.582662463188171387e-04
1.779812574386596680e-02
4.197806119918823242e-03
4.551839828491210938e-02
2.355986833572387695e-02
6.188094615936279297e-03
1.186713576316833496e-03
8.939504623413085938e-04
1.654457300901412964e-04
8.864998817443847656e-04
2.205476164817810059e-03
3.479644656181335449e-03
6.537020206451416016e-03
1.435287296772003174e-03
5.929827690124511719e-03
1.139473915100097656e-02
6.398975849151611328e-03
3.132507205009460449e-03
1.036092638969421387e-03
3.163754940032958984e-03
1.078373193740844727e-02
3.136143088340759277e-03
2.656191587448120117e-03
5.671679973602294922e-04
2.831918001174926758e-02
1.931190490722656250e-03
1.023367047309875488e-03
9.741708636283874512e-04
5.235467106103897095e-04
9.152710437774658203e-03
5.861550569534301758e-03
2.110842615365982056e-04
1.276358962059020996e-03
3.142226487398147583e-04
3.744363784790039062e-02
2.567648887634277344e-03
5.803108215332031250e-03
1.299354434013366699e-02
6.611645221710205078e-03
1.068413257598876953e-04
6.995722651481628418e-04
9.376525878906250000e-03
1.821026206016540527e-03
2.800548076629638672e-02
1.359564065933227539e-02
1.385387778282165527e-02
6.850883364677429199e-04
5.912669003009796143e-04
1.830363273620605469e-02
1.841276884078979492e-03
8.036732673645019531e-03
1.177334785461425781e-02
6.634481251239776611e-04
1.223513484001159668e-02
1.692616939544677734e-02
1.833662390708923340e-04
5.969032645225524902e-04
3.722012042999267578e-03
1.235187053680419922e-02
2.657055854797363281e-03
4.013419151306152344e-03
5.982786417007446289e-03
6.926447153091430664e-03
2.930566668510437012e-03
2.597421407699584961e-03
7.546581327915191650e-04
2.125367522239685059e-03
1.982010900974273682e-03
8.036106824874877930e-03
1.130335032939910889e-03
4.659965634346008301e-04
2.334043383598327637e-04
1.546919345855712891e-03
6.872653961181640625e-03
1.205548644065856934e-03
9.564369916915893555e-03
8.633494377136230469e-03
8.851569145917892456e-05
2.308487892150878906e-03
1.581534743309020996e-04
1.331202685832977295e-03
1.435443758964538574e-03
3.559552133083343506e-04
2.091240882873535156e-02
1.391065120697021484e-02
3.212951123714447021e-04
4.251492023468017578e-02
5.203783512115478516e-04
5.674540996551513672e-03
9.182959794998168945e-03
5.357831716537475586e-03
1.100935041904449463e-03
1.103184185922145844e-04
1.752682030200958252e-03
1.388169825077056885e-03
2.793431282043457031e-03
2.598375082015991211e-03
6.277740001678466797e-03
4.618927836418151855e-03
1.557007431983947754e-02
3.946535289287567139e-04
1.963809132575988770e-03
2.478033304214477539e-03
2.153769135475158691e-03
1.678085327148437500e-02
6.661079823970794678e-04
5.134284496307373047e-03
1.671746373176574707e-03
2.109706401824951172e-04
9.962558746337890625e-03
2.213871479034423828e-02
3.093969821929931641e-02
3.768298774957656860e-04
1.141905784606933594e-02
3.813892602920532227e-02
4.851855337619781494e-04
4.082575440406799316e-03
2.289724349975585938e-02
4.278756678104400635e-04
1.820254325866699219e-02
5.060419440269470215e-03
1.120364665985107422e-02
4.010513424873352051e-03
2.584958076477050781e-02
1.901984214782714844e-02
2.262371778488159180e-02
2.027247101068496704e-04
8.337013423442840576e-04
1.188600435853004456e-04
3.256082534790039062e-03
6.035017967224121094e-02
6.877899169921875000e-03
5.546927452087402344e-03
1.811943948268890381e-03
2.421021461486816406e-03
3.432291746139526367e-02
6.448835134506225586e-03
2.106004953384399414e-02
4.969500005245208740e-04
1.112043857574462891e-02
7.823333144187927246e-04
1.836252212524414062e-02
9.811520576477050781e-03
4.768624901771545410e-03
9.431224316358566284e-05
6.368383765220642090e-04
3.227531909942626953e-03
9.787678718566894531e-04
1.290738582611083984e-03
3.098808228969573975e-04
2.821683883666992188e-03
3.163427114486694336e-03
4.650890827178955078e-03
9.785830974578857422e-03
2.655863761901855469e-02
5.893819034099578857e-04
6.902933120727539062e-03
5.174398422241210938e-03
4.209578037261962891e-04
8.831262588500976562e-03
2.965465188026428223e-03
2.230361104011535645e-03
9.570062160491943359e-03
2.245209179818630219e-05
2.892874181270599365e-05
6.490424275398254395e-04
7.883459329605102539e-05
1.453114673495292664e-04
6.985701620578765869e-04
7.028840482234954834e-04
1.396334171295166016e-02
5.081444978713989258e-04
6.073534488677978516e-03
5.455255508422851562e-03
1.954436302185058594e-03
1.011798158288002014e-04
3.969781100749969482e-04
1.751333475112915039e-04
6.594181060791015625e-03
3.854408860206604004e-04
3.229081630706787109e-03
7.274467498064041138e-05
2.830848097801208496e-03
4.530280828475952148e-03
1.102903485298156738e-02
5.360394716262817383e-04
2.130968496203422546e-04
4.031043499708175659e-04
2.112291753292083740e-03
5.437582731246948242e-04
2.969026565551757812e-03
4.947260022163391113e-04
1.862039789557456970e-04
1.039415597915649414e-02
1.421324908733367920e-03
4.683770239353179932e-04
7.888376712799072266e-04
2.043079584836959839e-04
1.091537997126579285e-04
9.546801447868347168e-05
2.323687076568603516e-04
1.951716840267181396e-04
8.724741637706756592e-04
2.200938761234283447e-04
2.856180071830749512e-03
7.754117250442504883e-04
2.179071307182312012e-04
1.831755042076110840e-03
1.389247179031372070e-02
2.244278788566589355e-03
6.485357880592346191e-05
2.880573272705078125e-03
5.873106420040130615e-04
6.363820284605026245e-05
4.981577396392822266e-03
1.309730112552642822e-03
2.374634146690368652e-03
3.326646983623504639e-04
1.192428171634674072e-04
1.400023698806762695e-03
2.356857061386108398e-03
1.622623205184936523e-02
4.357583820819854736e-04
3.958381712436676025e-04
1.709073781967163086e-03
3.336563706398010254e-03
1.467820256948471069e-04
7.216781377792358398e-04
1.953840255737304688e-04
1.036874949932098389e-03
3.951936960220336914e-04
2.312198281288146973e-03
1.009458303451538086e-02
9.489357471466064453e-04
5.225121974945068359e-03
7.804036140441894531e-04
8.203387260437011719e-03
2.614129334688186646e-04
2.973848581314086914e-02
8.676871657371520996e-04
8.353218436241149902e-05
7.305890321731567383e-04
6.065256893634796143e-04
7.155388593673706055e-04
2.940669655799865723e-04
3.682792186737060547e-03
2.844370901584625244e-04
5.453601479530334473e-04
3.122594207525253296e-04
2.576746046543121338e-04
4.125218838453292847e-04
1.059338450431823730e-03
1.500817015767097473e-04
2.138186246156692505e-04
3.430142998695373535e-03
2.324134111404418945e-04
2.597868442535400391e-04
9.277127683162689209e-04
1.010671257972717285e-04
1.120686531066894531e-03
1.181140542030334473e-04
1.101419329643249512e-04
2.957228571176528931e-04
7.572211325168609619e-04
6.148405373096466064e-05
6.727218627929687500e-03
4.517942667007446289e-03
8.100494742393493652e-04
2.945750951766967773e-03
2.436047792434692383e-02
4.522204399108886719e-04
1.890324056148529053e-04
2.201884984970092773e-03
2.748501300811767578e-02
1.869108527898788452e-04
2.355314791202545166e-04
2.210047096014022827e-04
4.545412957668304443e-04
8.045434951782226562e-04
9.343773126602172852e-04
1.921772956848144531e-03
1.442842185497283936e-03
8.494555950164794922e-04
2.870392799377441406e-02
1.314908266067504883e-02
3.250256180763244629e-03
2.215504646301269531e-04
2.436086535453796387e-03
6.392300128936767578e-04
2.768374979496002197e-04
1.322406530380249023e-02
1.763664186000823975e-04
1.543295383453369141e-02
9.334087371826171875e-04
4.543870687484741211e-03
1.460779458284378052e-04
1.490544527769088745e-04
1.882947981357574463e-04
8.500590920448303223e-04
5.906261503696441650e-04
1.508019864559173584e-03
1.117654144763946533e-03
4.944726824760437012e-04
3.284603357315063477e-03
9.547054767608642578e-03
4.780106246471405029e-05
2.976417541503906250e-03
6.053298711776733398e-04
1.675181090831756592e-03
4.791826009750366211e-03
6.675496697425842285e-04
2.128946781158447266e-02
2.033099532127380371e-03
1.357287168502807617e-02
1.090452075004577637e-03
3.578439354896545410e-04
2.359431236982345581e-04
3.351449966430664062e-03
4.379525780677795410e-04
2.933219075202941895e-04
4.428625106811523438e-04
2.964675426483154297e-03
1.721573062241077423e-05
9.937584400177001953e-04
6.110459566116333008e-03
3.351718187332153320e-04
2.834163606166839600e-04
8.310526609420776367e-03
5.250155925750732422e-03
1.921892166137695312e-03
1.667030155658721924e-04
6.699375808238983154e-04
8.298665285110473633e-03
8.345469832420349121e-04
3.146320581436157227e-03
1.368358731269836426e-03
4.624575376510620117e-05
1.300767064094543457e-03
1.371341943740844727e-02
1.698937267065048218e-04
2.446949481964111328e-03
7.169395685195922852e-04
6.105244159698486328e-03
1.352161169052124023e-03
2.426356077194213867e-04
3.005396574735641479e-04
1.328401267528533936e-04
4.181545227766036987e-05
1.297676935791969299e-04
1.435831189155578613e-03
1.786157488822937012e-03
7.167384028434753418e-04
4.899591207504272461e-03
5.383044481277465820e-04
1.208499073982238770e-03
2.515316009521484375e-02
6.232529878616333008e-03
2.584606409072875977e-03
7.900714874267578125e-03
4.206031560897827148e-03
9.692609310150146484e-04
6.700381636619567871e-04
1.450949907302856445e-02
1.666879653930664062e-02
6.902217864990234375e-04
3.119073808193206787e-04
1.210165023803710938e-02
9.190663695335388184e-05
1.986362040042877197e-04
6.504170596599578857e-04
1.996946334838867188e-02
1.543881371617317200e-04
4.514232277870178223e-04
1.117944717407226562e-02
1.877540349960327148e-02
1.020628958940505981e-03
1.276746392250061035e-03
7.280707359313964844e-04
5.715891718864440918e-03
1.828465610742568970e-04
2.336688339710235596e-04
1.491986215114593506e-03
4.375383257865905762e-03
8.764192461967468262e-04
2.589583396911621094e-03
4.257932305335998535e-04
1.240968704223632812e-02
9.737819433212280273e-03
2.969771623611450195e-03
6.856769323348999023e-05
2.546787261962890625e-03
2.159718424081802368e-04
8.109956979751586914e-04
7.112622261047363281e-04
8.513957262039184570e-03
1.040935516357421875e-03
4.235476255416870117e-03
3.545228391885757446e-04
2.142518758773803711e-03
1.452103257179260254e-03
5.464926362037658691e-04
6.615221500396728516e-04
6.361352279782295227e-05
2.169404178857803345e-04
7.485151290893554688e-03
3.501474857330322266e-04
1.833708956837654114e-04
6.722450256347656250e-03
7.470231503248214722e-05
6.903439760208129883e-03
9.635239839553833008e-04
4.785545170307159424e-04
4.716694355010986328e-03
2.188384532928466797e-04
1.354098320007324219e-02
2.908736467361450195e-03
1.375716924667358398e-02
3.148674964904785156e-03
1.718506217002868652e-03
8.474290370941162109e-04
3.882139921188354492e-03
5.876496434211730957e-04
2.803146839141845703e-03
1.502130180597305298e-04
1.343641430139541626e-03
1.218825578689575195e-03
9.950995445251464844e-05
4.393383860588073730e-04
1.168502494692802429e-04
2.340357750654220581e-04
5.355142056941986084e-04
1.673407852649688721e-03
5.005896091461181641e-04
1.157984137535095215e-03
1.833448186516761780e-05
2.475492656230926514e-04
9.318999946117401123e-05
1.399435102939605713e-03
1.003652811050415039e-03
6.935894489288330078e-04
9.638011455535888672e-03
0.000000000000000000e+00
0.000000000000000000e+00
0.000000000000000000e+00
0.000000000000000000e+00
0.000000000000000000e+00
0.000000000000000000e+00
0.000000000000000000e+00
0.000000000000000000e+00
0.000000000000000000e+00
0.000000000000000000e+00
0.000000000000000000e+00
0.000000000000000000e+00
0.000000000000000000e+00
0.000000000000000000e+00
0.000000000000000000e+00
0.000000000000000000e+00
0.000000000000000000e+00
0.000000000000000000e+00
0.000000000000000000e+00
0.000000000000000000e+00
0.000000000000000000e+00
0.000000000000000000e+00
0.000000000000000000e+00
0.000000000000000000e+00
0.000000000000000000e+00
0.000000000000000000e+00
0.000000000000000000e+00
0.000000000000000000e+00
0.000000000000000000e+00
0.000000000000000000e+00
0.000000000000000000e+00
0.000000000000000000e+00
0.000000000000000000e+00
0.000000000000000000e+00
0.000000000000000000e+00
0.000000000000000000e+00
0.000000000000000000e+00
0.000000000000000000e+00
0.000000000000000000e+00
0.000000000000000000e+00
