6.880968809127807617e-03
6.532549858093261719e-03
1.022535562515258789e-02
2.636373043060302734e-02
1.522517204284667969e-02
2.150833606719970703e-02
1.235842704772949219e-02
1.271969079971313477e-02
1.683497428894042969e-02
1.581627130508422852e-02
1.036316156387329102e-02
2.101993560791015625e-02
1.744264364242553711e-02
1.213806867599487305e-02
1.991772651672363281e-02
1.950669288635253906e-02
2.263796329498291016e-02
1.531279087066650391e-02
1.114749908447265625e-02
2.326822280883789062e-02
1.949173212051391602e-02
1.903831958770751953e-02
2.756702899932861328e-02
2.068513631820678711e-02
5.860507488250732422e-03
2.193951606750488281e-02
9.877800941467285156e-03
1.821911334991455078e-02
1.146179437637329102e-02
1.731514930725097656e-02
3.058886528015136719e-02
2.230763435363769531e-02
1.458364725112915039e-02
1.179474592208862305e-02
2.754926681518554688e-02
2.227592468261718750e-02
2.119946479797363281e-02
5.619317293167114258e-03
2.257883548736572266e-02
3.070926666259765625e-02
1.810640096664428711e-02
5.167961120605468750e-03
6.046384572982788086e-03
2.374029159545898438e-02
1.896297931671142578e-02
1.819455623626708984e-02
2.706980705261230469e-02
2.297854423522949219e-02
2.713525295257568359e-02
3.212642669677734375e-02
1.874309778213500977e-02
6.634056568145751953e-03
2.387773990631103516e-02
4.011654853820800781e-02
2.339839935302734375e-02
7.572889328002929688e-03
2.435255050659179688e-02
1.901066303253173828e-02
2.200812101364135742e-02
1.346278190612792969e-02
2.723360061645507812e-02
1.291513442993164062e-02
1.410591602325439453e-02
2.360701560974121094e-02
2.069747447967529297e-02
1.842182874679565430e-02
1.804268360137939453e-02
1.600116491317749023e-02
1.287353038787841797e-02
2.229797840118408203e-02
2.709376811981201172e-02
1.588910818099975586e-02
1.297575235366821289e-02
2.318429946899414062e-02
1.638305187225341797e-02
9.788751602172851562e-03
2.116233110427856445e-02
2.491283416748046875e-02
3.404110670089721680e-02
2.572405338287353516e-02
3.209495544433593750e-02
1.331722736358642578e-02
2.061688899993896484e-02
1.543474197387695312e-02
1.826167106628417969e-02
2.338635921478271484e-02
7.748574018478393555e-03
2.939760684967041016e-02
5.840212106704711914e-03
1.148784160614013672e-02
1.145964860916137695e-02
1.803803443908691406e-02
3.247427940368652344e-02
1.072263717651367188e-02
2.271151542663574219e-02
1.204454898834228516e-02
8.239209651947021484e-03
2.664470672607421875e-02
1.016187667846679688e-02
2.009838819503784180e-02
7.551908493041992188e-03
2.821469306945800781e-02
2.354621887207031250e-02
3.000879287719726562e-02
1.394772529602050781e-02
3.319776058197021484e-02
2.676224708557128906e-02
2.752363681793212891e-03
1.753973960876464844e-02
3.144013881683349609e-02
1.614582538604736328e-02
2.886748313903808594e-02
3.085839748382568359e-02
1.098620891571044922e-02
1.886308193206787109e-02
1.734584569931030273e-02
1.079225540161132812e-02
1.283800601959228516e-02
4.224658012390136719e-03
1.842200756072998047e-02
1.923733949661254883e-02
1.503998041152954102e-02
1.163274049758911133e-02
2.770638465881347656e-02
1.306033134460449219e-02
1.087832450866699219e-02
3.094458580017089844e-02
6.942808628082275391e-03
1.066190004348754883e-02
2.620053291320800781e-02
1.203334331512451172e-02
1.884412765502929688e-02
2.762329578399658203e-02
2.884477376937866211e-03
2.289056777954101562e-02
3.219032287597656250e-02
3.068184852600097656e-02
8.994758129119873047e-03
2.868747711181640625e-02
4.996925592422485352e-03
2.515584230422973633e-02
3.589296340942382812e-02
1.944625377655029297e-02
1.813918352127075195e-02
9.523034095764160156e-03
1.452428102493286133e-02
1.987075805664062500e-02
2.799749374389648438e-02
2.386248111724853516e-02
9.550333023071289062e-03
1.010525226593017578e-02
4.084110260009765625e-03
8.362770080566406250e-03
1.023644208908081055e-02
7.328480482101440430e-03
2.231413125991821289e-02
2.250027656555175781e-02
3.469824790954589844e-03
8.028686046600341797e-03
1.891201734542846680e-02
6.092131137847900391e-03
1.731961965560913086e-02
1.905143260955810547e-02
1.445734500885009766e-02
2.584290504455566406e-02
2.559101581573486328e-02
2.187895774841308594e-02
6.631255149841308594e-03
1.364469528198242188e-02
1.159775257110595703e-02
1.298803091049194336e-02
1.372319459915161133e-02
3.500425815582275391e-02
1.612877845764160156e-02
1.083499193191528320e-02
1.868098974227905273e-02
1.876652240753173828e-02
2.554297447204589844e-02
2.683258056640625000e-02
1.800507307052612305e-02
1.017981767654418945e-02
7.606714963912963867e-03
1.067340373992919922e-02
9.171783924102783203e-03
1.764321327209472656e-02
1.997756958007812500e-02
3.020346164703369141e-02
1.613974571228027344e-02
3.615617752075195312e-02
3.561544418334960938e-02
1.512742042541503906e-02
2.561080455780029297e-02
1.863324642181396484e-02
2.132713794708251953e-02
3.103291988372802734e-02
1.673060655593872070e-02
1.666241884231567383e-02
2.445846796035766602e-02
5.564182996749877930e-03
8.954584598541259766e-03
8.412480354309082031e-03
1.116651296615600586e-02
1.453548669815063477e-02
3.387618064880371094e-02
4.894816875457763672e-02
1.813548803329467773e-02
8.885741233825683594e-03
3.520023822784423828e-02
2.515983581542968750e-02
3.787684440612792969e-02
2.425330877304077148e-02
1.911520957946777344e-02
1.474171876907348633e-02
1.376104354858398438e-02
1.525580883026123047e-02
2.193522453308105469e-02
2.027058601379394531e-02
1.818859577178955078e-02
3.384506702423095703e-02
2.569651603698730469e-02
2.804565429687500000e-02
1.625609397888183594e-02
1.628935337066650391e-02
8.172869682312011719e-03
3.012454509735107422e-02
1.658022403717041016e-02
2.013444900512695312e-02
1.849246025085449219e-02
7.562637329101562500e-03
2.200412750244140625e-02
3.192090988159179688e-02
1.137185096740722656e-02
3.186464309692382812e-02
8.464932441711425781e-03
1.455324888229370117e-02
1.571637392044067383e-02
1.669466495513916016e-02
3.090655803680419922e-02
1.650577783584594727e-02
1.208829879760742188e-02
1.829469203948974609e-02
2.582681179046630859e-02
2.484208345413208008e-02
5.151093006134033203e-03
2.258473634719848633e-02
2.408814430236816406e-02
2.036482095718383789e-02
1.074892282485961914e-02
1.516968011856079102e-02
1.387751102447509766e-02
1.980131864547729492e-02
8.174657821655273438e-03
1.790690422058105469e-02
3.012335300445556641e-02
2.220916748046875000e-02
2.698707580566406250e-02
0.000000000000000000e+00
0.000000000000000000e+00
0.000000000000000000e+00
0.000000000000000000e+00
0.000000000000000000e+00
0.000000000000000000e+00
0.000000000000000000e+00
0.000000000000000000e+00
0.000000000000000000e+00
0.000000000000000000e+00
0.000000000000000000e+00
0.000000000000000000e+00
0.000000000000000000e+00
0.000000000000000000e+00
0.000000000000000000e+00
0.000000000000000000e+00
0.000000000000000000e+00
0.000000000000000000e+00
0.000000000000000000e+00
0.000000000000000000e+00
