2.106744050979614258e-02
1.199625432491302490e-03
2.680557966232299805e-02
5.497723817825317383e-03
8.298084139823913574e-04
1.187756657600402832e-03
6.473213434219360352e-03
2.229040861129760742e-02
2.394008636474609375e-02
2.763080596923828125e-02
1.396715641021728516e-03
4.030484706163406372e-05
1.888757944107055664e-02
3.663703799247741699e-03
9.406618773937225342e-04
5.593031644821166992e-03
2.171043306589126587e-04
1.563006639480590820e-02
1.979935169219970703e-02
1.547861099243164062e-02
3.312158584594726562e-02
3.474324941635131836e-02
7.489025592803955078e-03
2.202671021223068237e-04
9.277701377868652344e-03
2.019488811492919922e-02
1.912623643875122070e-03
4.160776734352111816e-04
2.903532981872558594e-02
2.359867095947265625e-02
6.334632635116577148e-04
7.268190383911132812e-03
3.811359405517578125e-03
1.037386059761047363e-02
3.437966108322143555e-02
1.617267727851867676e-03
7.058799266815185547e-03
6.295368075370788574e-04
3.332093358039855957e-03
2.351278066635131836e-02
1.714873313903808594e-02
2.637997269630432129e-03
3.947541117668151855e-04
2.581071853637695312e-02
1.145172119140625000e-02
2.182424068450927734e-02
7.460981607437133789e-03
2.044793218374252319e-04
2.838206291198730469e-02
2.781543880701065063e-04
4.311352968215942383e-03
3.777861595153808594e-03
2.151930332183837891e-02
3.776489757001399994e-05
7.606983184814453125e-03
1.259103417396545410e-02
2.447414398193359375e-02
3.774883225560188293e-05
5.171760916709899902e-03
2.282577753067016602e-02
8.526220917701721191e-04
4.923522472381591797e-03
1.512877643108367920e-03
1.789480447769165039e-03
8.427381515502929688e-03
3.248333930969238281e-02
1.548761129379272461e-02
5.045950412750244141e-03
1.253086328506469727e-02
9.400397539138793945e-03
1.455850899219512939e-03
1.577496528625488281e-03
1.217372715473175049e-03
1.160353422164916992e-03
1.208484172821044922e-02
2.830684185028076172e-02
3.594115376472473145e-03
1.465231180191040039e-03
4.795983433723449707e-03
5.586326122283935547e-03
1.615518331527709961e-02
3.340876102447509766e-02
3.747999668121337891e-03
1.445066928863525391e-02
2.674221992492675781e-02
1.190267503261566162e-03
3.369122743606567383e-03
2.672094851732254028e-04
1.175713539123535156e-02
2.985274791717529297e-02
5.651801824569702148e-03
7.887214422225952148e-03
1.002588868141174316e-02
3.883242607116699219e-02
1.324355602264404297e-02
1.229104399681091309e-02
2.410754561424255371e-03
1.236364245414733887e-02
8.528567850589752197e-04
2.039885520935058594e-02
5.493015050888061523e-03
1.209247112274169922e-02
6.129965186119079590e-04
1.020213961601257324e-02
2.130138874053955078e-02
2.869701385498046875e-02
2.249091863632202148e-02
2.375966310501098633e-02
4.405006766319274902e-03
7.483512163162231445e-03
1.676574349403381348e-03
3.052204847335815430e-03
2.079468965530395508e-02
1.739263534545898438e-02
2.494402229785919189e-03
5.314469337463378906e-03
1.866126060485839844e-02
1.060143113136291504e-03
1.074135303497314453e-03
1.286290585994720459e-03
2.449649572372436523e-02
2.092188596725463867e-02
3.601118922233581543e-03
1.088738441467285156e-02
2.687609195709228516e-02
2.996599674224853516e-02
8.392840623855590820e-03
6.554499268531799316e-04
7.015466690063476562e-03
7.141660898923873901e-05
9.580820798873901367e-03
1.841264963150024414e-02
4.959359765052795410e-03
1.149934530258178711e-02
8.943211287260055542e-05
1.554811000823974609e-02
1.626622676849365234e-02
1.357805728912353516e-02
1.164767891168594360e-04
3.176599740982055664e-02
2.080899477005004883e-02
2.670669555664062500e-02
2.322584390640258789e-02
6.352573633193969727e-03
6.602913141250610352e-03
2.320826053619384766e-02
3.559291362762451172e-03
2.718761563301086426e-03
6.765305995941162109e-03
5.813896656036376953e-03
1.114331185817718506e-03
3.375291824340820312e-03
3.798693418502807617e-03
1.984536647796630859e-04
2.111613750457763672e-02
2.846695482730865479e-03
1.400429010391235352e-02
2.846473455429077148e-02
1.406140625476837158e-03
2.741491794586181641e-02
2.381801605224609375e-03
2.834200859069824219e-02
3.409087657928466797e-02
7.994920015335083008e-04
2.173464745283126831e-04
1.812979578971862793e-02
1.210412383079528809e-02
5.498938262462615967e-04
5.650669336318969727e-04
2.525901794433593750e-02
3.100824356079101562e-02
6.391629576683044434e-04
1.259267330169677734e-03
8.321553468704223633e-04
1.558494567871093750e-02
1.387375593185424805e-02
5.189597606658935547e-03
1.628935337066650391e-03
1.439779996871948242e-03
1.360660791397094727e-02
2.091911435127258301e-02
1.947069540619850159e-04
8.775711059570312500e-03
1.721346378326416016e-02
2.814471721649169922e-03
2.676352858543395996e-03
1.658433675765991211e-02
9.652413427829742432e-05
1.548802852630615234e-02
5.933076143264770508e-03
4.628196358680725098e-03
3.079235553741455078e-02
1.633745431900024414e-02
1.971387863159179688e-02
2.342993021011352539e-02
6.347835063934326172e-03
1.699671149253845215e-03
8.991882205009460449e-04
2.336598932743072510e-03
1.373392343521118164e-02
5.550280213356018066e-03
1.533424854278564453e-02
4.557058215141296387e-03
1.850977540016174316e-03
5.277413874864578247e-04
1.698303222656250000e-02
1.821905374526977539e-03
1.570904254913330078e-02
1.935774087905883789e-02
2.537071704864501953e-03
1.091919839382171631e-04
3.411626815795898438e-02
3.256842494010925293e-03
6.232544779777526855e-03
2.607434988021850586e-02
7.966496050357818604e-04
2.856656908988952637e-03
1.540489494800567627e-03
1.372419297695159912e-03
2.170681953430175781e-02
2.718806266784667969e-02
3.617003560066223145e-03
4.901528358459472656e-03
3.395006060600280762e-03
1.790237426757812500e-02
2.826774120330810547e-02
5.270302295684814453e-03
1.329910010099411011e-04
1.648914813995361328e-02
1.515850424766540527e-03
2.821779251098632812e-02
1.639312505722045898e-02
7.841512560844421387e-04
1.281062141060829163e-04
1.517736911773681641e-02
3.596007823944091797e-03
2.050913870334625244e-03
1.951172947883605957e-02
2.326130867004394531e-02
5.100555717945098877e-04
2.717614173889160156e-03
1.872158050537109375e-02
2.783894538879394531e-03
2.254378795623779297e-02
2.921283245086669922e-03
5.263984203338623047e-04
3.149211406707763672e-04
2.874314785003662109e-02
2.025848627090454102e-02
3.239762783050537109e-02
4.802793264389038086e-04
5.707859992980957031e-03
3.376416862010955811e-04
3.748591989278793335e-04
1.684889197349548340e-03
4.222691059112548828e-04
2.942508459091186523e-02
3.274790942668914795e-04
5.733221769332885742e-03
2.268552780151367188e-02
1.718139648437500000e-02
8.368492126464843750e-03
9.825527667999267578e-04
3.856644034385681152e-03
3.650617599487304688e-02
9.776562452316284180e-03
3.109425306320190430e-04
1.146757602691650391e-02
2.495825290679931641e-02
1.476454734802246094e-02
2.137482166290283203e-03
2.127110958099365234e-02
8.305311203002929688e-04
1.686662435531616211e-03
1.749426126480102539e-03
1.615679264068603516e-02
2.006217837333679199e-04
2.674460411071777344e-03
1.856541633605957031e-02
8.417278528213500977e-03
6.704062223434448242e-03
2.380073070526123047e-02
1.345914602279663086e-02
2.870154380798339844e-02
6.391644477844238281e-03
6.795197725296020508e-03
9.790360927581787109e-03
7.001221179962158203e-03
2.837634086608886719e-02
7.255747914314270020e-04
1.527601480484008789e-02
7.465511560440063477e-03
1.938188076019287109e-02
1.277902722358703613e-02
9.243875741958618164e-03
2.081980928778648376e-04
2.518683671951293945e-03
1.884365081787109375e-02
2.529740333557128906e-03
1.258082687854766846e-03
2.821790985763072968e-05
3.466889262199401855e-03
2.173066139221191406e-03
1.173484325408935547e-02
4.051998257637023926e-04
3.849267959594726562e-04
2.327382564544677734e-02
2.585303783416748047e-02
9.003095328807830811e-05
2.176210284233093262e-03
2.667836844921112061e-03
8.197695016860961914e-03
2.578109502792358398e-02
2.496182918548583984e-03
9.327828884124755859e-04
5.161613225936889648e-03
2.394002676010131836e-02
7.024377584457397461e-03
1.554548740386962891e-02
9.115993976593017578e-03
9.673893451690673828e-03
4.678785800933837891e-03
2.335858345031738281e-02
1.518094539642333984e-02
2.393269538879394531e-02
4.029899835586547852e-03
1.503497362136840820e-03
4.900060594081878662e-05
2.282440662384033203e-02
2.370253205299377441e-04
1.610088348388671875e-02
6.872951984405517578e-03
1.921963691711425781e-02
2.776533365249633789e-03
2.578020095825195312e-02
4.822432994842529297e-03
2.014911174774169922e-02
1.129841804504394531e-02
1.177692413330078125e-02
2.174425125122070312e-02
1.666218042373657227e-02
1.209542155265808105e-03
2.619937062263488770e-03
1.466703414916992188e-02
1.865226030349731445e-02
6.105691194534301758e-03
3.684353828430175781e-02
1.993224024772644043e-03
2.816963195800781250e-02
3.018543124198913574e-03
1.132026314735412598e-02
2.305030822753906250e-02
9.788662195205688477e-03
2.512872219085693359e-02
8.238524198532104492e-03
4.918932914733886719e-03
4.510134458541870117e-04
1.127624511718750000e-02
2.697438001632690430e-03
1.777839660644531250e-02
1.701545715332031250e-02
7.037609815597534180e-03
6.896071135997772217e-05
1.050311326980590820e-02
2.355454489588737488e-05
5.399622023105621338e-04
2.296753227710723877e-04
2.453356981277465820e-03
3.309063613414764404e-04
3.847020864486694336e-02
9.233325719833374023e-03
2.660021185874938965e-03
9.732097387313842773e-04
1.350927352905273438e-02
9.995773434638977051e-04
1.624785363674163818e-04
1.915290951728820801e-03
1.929439604282379150e-04
3.911145031452178955e-04
1.478648185729980469e-02
1.228239852935075760e-05
7.329165935516357422e-03
1.920467615127563477e-02
1.497429609298706055e-02
2.595275640487670898e-02
1.325411722064018250e-04
8.530557155609130859e-03
5.767829716205596924e-04
4.419192671775817871e-03
4.078149795532226562e-03
6.016671657562255859e-03
4.230022430419921875e-03
1.181149482727050781e-02
5.863487720489501953e-03
3.550395369529724121e-03
1.352347433567047119e-03
1.702421903610229492e-02
7.824832573533058167e-05
6.284981966018676758e-03
2.257511019706726074e-03
5.584349855780601501e-05
9.770780801773071289e-03
1.187795400619506836e-02
1.765173673629760742e-02
4.906833171844482422e-03
2.287313342094421387e-03
4.389196634292602539e-03
9.187459945678710938e-03
4.914440214633941650e-04
1.766249537467956543e-03
2.396214008331298828e-02
2.963554859161376953e-02
1.187551021575927734e-02
2.172124385833740234e-02
8.647739887237548828e-04
1.549772918224334717e-03
2.452120184898376465e-03
2.474844455718994141e-02
6.156461313366889954e-05
2.858221530914306641e-03
1.952588558197021484e-03
1.885563135147094727e-03
4.677742719650268555e-03
3.751724958419799805e-03
7.256641983985900879e-04
1.614034175872802734e-02
3.511592745780944824e-03
5.942896008491516113e-03
5.586490035057067871e-03
8.092612028121948242e-03
2.020287513732910156e-02
3.917455673217773438e-03
9.735152125358581543e-04
8.179619908332824707e-05
4.044905304908752441e-03
8.232891559600830078e-04
1.514810323715209961e-02
3.555789589881896973e-04
1.026146113872528076e-03
2.752494812011718750e-02
6.114877760410308838e-04
2.403688430786132812e-02
6.980821490287780762e-04
2.930569462478160858e-05
7.617883384227752686e-04
2.634525299072265625e-04
5.438894033432006836e-03
2.006852626800537109e-02
1.805633306503295898e-03
3.087624907493591309e-03
9.038090705871582031e-03
3.025740385055541992e-03
1.245498657226562500e-02
6.898850202560424805e-03
9.055346250534057617e-03
1.516945660114288330e-03
1.356470584869384766e-02
2.965644001960754395e-03
3.790855407714843750e-04
2.793699502944946289e-03
3.831852227449417114e-04
6.995409727096557617e-03
2.180263400077819824e-04
3.377765417098999023e-03
5.310922861099243164e-03
3.807395696640014648e-04
2.126321196556091309e-03
1.370674371719360352e-02
2.284869551658630371e-04
7.060915231704711914e-04
4.711180925369262695e-03
8.636899292469024658e-05
9.604208171367645264e-04
2.975389361381530762e-05
6.879046559333801270e-04
1.449501514434814453e-02
1.062694936990737915e-04
3.639787435531616211e-03
1.740432344377040863e-05
1.292824745178222656e-03
3.866814076900482178e-04
1.129943132400512695e-02
8.741691708564758301e-04
2.570495009422302246e-03
6.086260080337524414e-03
1.251399517059326172e-03
5.195103585720062256e-04
2.050030231475830078e-02
1.738154888153076172e-02
5.843723192811012268e-05
3.044866025447845459e-04
2.534329891204833984e-03
1.918196678161621094e-02
2.794086933135986328e-03
2.404585480690002441e-03
1.494342088699340820e-02
1.593865454196929932e-03
2.121576108038425446e-05
2.576684951782226562e-02
7.941216230392456055e-03
5.619823932647705078e-03
6.422549486160278320e-04
7.834106683731079102e-03
1.265205442905426025e-03
2.167809009552001953e-02
1.013919711112976074e-03
2.705597877502441406e-02
5.162894725799560547e-03
7.795728743076324463e-05
1.116722822189331055e-03
6.018765270709991455e-05
1.404005289077758789e-02
2.138942480087280273e-03
2.291705459356307983e-04
8.608579635620117188e-03
7.857650518417358398e-03
1.110862940549850464e-04
1.165223121643066406e-02
1.465275883674621582e-03
1.635074615478515625e-02
1.392155885696411133e-03
4.719197750091552734e-03
4.930704832077026367e-03
7.483035326004028320e-03
1.698476076126098633e-02
1.284861564636230469e-02
1.025629043579101562e-02
2.041411399841308594e-02
3.691203892230987549e-04
2.605789899826049805e-02
1.265120506286621094e-02
1.634883880615234375e-02
7.345408201217651367e-03
3.026857972145080566e-03
4.250079393386840820e-03
1.782655715942382812e-02
1.772379875183105469e-02
3.662407398223876953e-04
7.012337446212768555e-04
1.808097586035728455e-04
1.442730426788330078e-02
9.933441877365112305e-03
5.066953599452972412e-05
1.774495840072631836e-02
1.335960626602172852e-02
5.574785172939300537e-04
6.287246942520141602e-04
1.569247245788574219e-02
4.354387521743774414e-03
1.368457078933715820e-02
2.724155783653259277e-03
7.939189672470092773e-04
7.932364940643310547e-03
1.014592126011848450e-04
2.502053976058959961e-03
3.111645579338073730e-03
9.487271308898925781e-04
1.606456935405731201e-03
8.017867803573608398e-03
2.463772892951965332e-03
1.250636577606201172e-02
9.503513574600219727e-03
1.330293715000152588e-03
5.478784441947937012e-04
2.506792545318603516e-03
2.891585230827331543e-03
8.157044649124145508e-04
4.612612724304199219e-02
7.886737585067749023e-04
2.529874444007873535e-03
8.661448955535888672e-04
1.598739624023437500e-02
1.129347085952758789e-02
4.598051309585571289e-04
1.466460525989532471e-03
1.893192529678344727e-03
1.314258575439453125e-02
1.427605748176574707e-04
2.116775512695312500e-02
1.463703811168670654e-03
3.182426095008850098e-03
9.760111570358276367e-04
1.263424754142761230e-03
1.246589422225952148e-02
2.664351463317871094e-02
6.667584180831909180e-03
4.709977656602859497e-05
3.829419612884521484e-03
7.464140653610229492e-04
1.051735877990722656e-02
6.843619048595428467e-04
1.957118511199951172e-02
2.467706799507141113e-04
8.788406848907470703e-04
4.937857389450073242e-03
1.154869794845581055e-03
9.270794689655303955e-04
2.339735627174377441e-03
1.004606485366821289e-02
3.203079104423522949e-04
1.980766654014587402e-03
2.392542362213134766e-02
1.379477977752685547e-02
1.474374532699584961e-02
6.556719541549682617e-03
2.876728773117065430e-03
1.908332109451293945e-02
1.628007739782333374e-04
4.805564880371093750e-03
1.358047127723693848e-03
1.079368591308593750e-02
4.577822983264923096e-04
3.033369779586791992e-03
1.322811841964721680e-02
4.851259291172027588e-04
1.368373632431030273e-03
2.920299768447875977e-03
1.784935593605041504e-04
1.569378376007080078e-02
3.562793135643005371e-03
2.836257219314575195e-03
8.160889148712158203e-03
7.442804053425788879e-05
1.466387510299682617e-02
2.407029271125793457e-03
1.444704830646514893e-04
3.083437681198120117e-03
2.129364013671875000e-02
4.180192947387695312e-03
7.358193397521972656e-03
9.519279003143310547e-03
1.316255331039428711e-02
1.892447471618652344e-02
1.013529300689697266e-02
5.435273051261901855e-04
2.015864849090576172e-02
3.659337759017944336e-03
6.854459643363952637e-04
2.362556755542755127e-03
1.548286527395248413e-04
1.894339919090270996e-03
1.087838411331176758e-02
5.733579397201538086e-03
4.693791270256042480e-04
1.360118389129638672e-03
6.011098623275756836e-03
1.408779621124267578e-02
1.345437765121459961e-02
1.269124448299407959e-03
1.627397537231445312e-02
9.364858269691467285e-04
7.787793874740600586e-04
1.868218183517456055e-02
1.248461008071899414e-02
1.014140248298645020e-02
3.424286842346191406e-03
6.323084235191345215e-04
2.229765057563781738e-03
8.960533887147903442e-05
8.042901754379272461e-04
6.183087825775146484e-04
1.690432429313659668e-03
5.383908748626708984e-03
1.676994562149047852e-02
1.000883057713508606e-04
2.280032634735107422e-02
4.879117012023925781e-03
4.107147455215454102e-03
1.376317813992500305e-04
1.764655113220214844e-02
8.683726191520690918e-04
6.512552499771118164e-04
9.456500411033630371e-04
1.344752311706542969e-02
8.878320455551147461e-03
1.578736305236816406e-02
6.473846733570098877e-04
2.132701873779296875e-02
1.675164699554443359e-02
1.458879560232162476e-04
1.109115779399871826e-03
9.439513087272644043e-04
5.700260400772094727e-03
9.735934436321258545e-04
6.157517433166503906e-03
3.867954015731811523e-03
3.978550434112548828e-03
1.011079549789428711e-02
1.310482621192932129e-03
4.232868552207946777e-03
1.623982191085815430e-02
1.374584436416625977e-02
1.313906908035278320e-02
2.555802464485168457e-03
1.160733401775360107e-03
1.007190346717834473e-02
2.620369195938110352e-04
3.817752003669738770e-04
2.406549453735351562e-02
7.665246725082397461e-03
3.503430634737014771e-04
1.606427133083343506e-03
5.876570940017700195e-04
2.098307013511657715e-04
7.224176079034805298e-05
5.856230854988098145e-04
7.529649883508682251e-05
7.539987564086914062e-03
1.928168535232543945e-02
8.086085319519042969e-03
1.031345129013061523e-02
2.387002110481262207e-03
9.014382958412170410e-04
7.588773965835571289e-03
1.820129156112670898e-02
1.912429928779602051e-03
3.923177719116210938e-03
1.875764131546020508e-02
8.146822452545166016e-03
1.511514186859130859e-02
5.268026143312454224e-05
2.202630043029785156e-03
8.906200528144836426e-04
4.431083798408508301e-03
6.366707384586334229e-05
6.818771362304687500e-03
6.702005863189697266e-03
7.667928934097290039e-03
2.093743532896041870e-04
4.937484860420227051e-03
1.348936930298805237e-04
3.482908010482788086e-03
1.128041744232177734e-02
2.533257007598876953e-03
5.125164985656738281e-03
7.603019475936889648e-04
5.516856908798217773e-04
6.157964468002319336e-03
7.236123085021972656e-03
4.067473113536834717e-03
1.455917954444885254e-03
7.002353668212890625e-03
1.167917251586914062e-02
4.299670457839965820e-03
2.304427325725555420e-04
5.083575844764709473e-03
5.944013595581054688e-03
2.538943290710449219e-02
1.063775271177291870e-03
9.315833449363708496e-04
7.233500480651855469e-03
4.725962877273559570e-03
9.005784988403320312e-03
1.688085496425628662e-03
3.999657928943634033e-04
1.015555858612060547e-02
5.594789981842041016e-04
2.000212669372558594e-03
1.286977529525756836e-02
2.359554171562194824e-03
1.738965511322021484e-03
4.853248596191406250e-03
4.248358309268951416e-04
1.932179927825927734e-02
6.386518478393554688e-03
2.258569002151489258e-03
7.064007222652435303e-04
1.286312937736511230e-03
1.002588868141174316e-02
8.751973509788513184e-04
3.879249095916748047e-03
2.698755264282226562e-02
3.358572721481323242e-04
1.293860375881195068e-03
7.504820823669433594e-03
2.848580479621887207e-03
5.481392145156860352e-04
2.376478910446166992e-02
2.158075571060180664e-03
3.501415252685546875e-02
2.162806689739227295e-03
3.198683261871337891e-03
9.951367974281311035e-04
7.500648498535156250e-04
3.560215234756469727e-03
9.139895439147949219e-03
1.182518899440765381e-03
6.565973162651062012e-04
1.819189637899398804e-04
1.228672266006469727e-02
1.447546482086181641e-02
2.116274833679199219e-02
1.969522237777709961e-02
2.446189522743225098e-03
1.204749941825866699e-02
8.097812533378601074e-04
2.404958009719848633e-03
2.391315996646881104e-03
5.987048149108886719e-03
8.245497941970825195e-03
9.842634201049804688e-03
1.581323146820068359e-02
1.331306993961334229e-03
9.862422943115234375e-03
4.157349467277526855e-03
2.600867301225662231e-04
2.711236476898193359e-03
2.874568104743957520e-03
2.210572361946105957e-03
1.666337251663208008e-03
3.223463892936706543e-03
1.241844147443771362e-04
9.658277034759521484e-03
3.075554966926574707e-03
4.385858774185180664e-03
1.022619009017944336e-02
3.246337175369262695e-02
5.565211176872253418e-04
2.028793096542358398e-03
1.952886581420898438e-03
5.952656269073486328e-03
1.773852109909057617e-02
2.451092004776000977e-03
1.867806911468505859e-02
1.338404417037963867e-02
1.764260232448577881e-03
3.768384456634521484e-03
2.339079976081848145e-03
2.641785144805908203e-02
1.721680164337158203e-03
2.391692250967025757e-04
2.019762992858886719e-03
1.141875982284545898e-03
3.741770982742309570e-03
1.159451901912689209e-03
5.571722984313964844e-03
3.920465707778930664e-03
2.425033599138259888e-04
1.178972423076629639e-03
8.228093385696411133e-03
1.361686736345291138e-04
4.497766494750976562e-04
8.098214864730834961e-03
1.038916409015655518e-03
2.393022179603576660e-03
4.576742649078369141e-03
8.812040090560913086e-03
1.240566372871398926e-02
1.659385859966278076e-03
3.262106329202651978e-04
1.592651009559631348e-02
4.170984029769897461e-04
3.458157181739807129e-03
8.252769708633422852e-03
5.999028682708740234e-03
1.843512058258056641e-02
8.989721536636352539e-04
4.745572805404663086e-03
9.922087192535400391e-04
3.040835261344909668e-03
8.774176239967346191e-04
1.135563850402832031e-02
4.550740122795104980e-04
5.292415618896484375e-03
1.493796706199645996e-03
3.315612673759460449e-03
2.237045764923095703e-02
7.335722446441650391e-03
1.911707222461700439e-04
5.137890577316284180e-03
3.857731819152832031e-03
8.896291255950927734e-03
4.548221826553344727e-03
1.552128791809082031e-02
1.870119571685791016e-02
1.030373573303222656e-02
2.098298072814941406e-02
1.090314984321594238e-02
1.096689701080322266e-02
3.478240966796875000e-02
6.169617176055908203e-03
1.695379614830017090e-03
1.968309283256530762e-03
1.242652535438537598e-03
5.773380398750305176e-04
6.432235240936279297e-04
1.633554697036743164e-02
5.407124757766723633e-03
1.234197616577148438e-02
6.806254386901855469e-04
3.116965293884277344e-02
3.865167498588562012e-03
1.142102479934692383e-02
2.643752098083496094e-02
6.962239742279052734e-03
3.040313720703125000e-03
1.705962419509887695e-02
2.321112155914306641e-02
1.650735735893249512e-03
1.751765608787536621e-03
1.856207847595214844e-02
3.567409515380859375e-02
1.892030239105224609e-03
2.084815502166748047e-02
4.297234117984771729e-04
9.036719799041748047e-03
4.511207342147827148e-03
2.828061580657958984e-03
9.771063923835754395e-04
3.867721557617187500e-02
9.160116314888000488e-04
3.780275583267211914e-04
1.382127404212951660e-03
3.229796886444091797e-03
1.556324958801269531e-02
1.314228773117065430e-02
1.635983586311340332e-03
1.187503337860107422e-03
4.795759916305541992e-03
2.303328365087509155e-04
2.594292163848876953e-04
8.396953344345092773e-04
6.729245185852050781e-03
3.112888336181640625e-02
5.259737372398376465e-04
6.697997450828552246e-04
7.423162460327148438e-03
5.777031183242797852e-04
2.227830886840820312e-02
3.290474414825439453e-04
5.700036883354187012e-03
1.549512147903442383e-03
1.454532146453857422e-02
5.555292591452598572e-05
9.750545024871826172e-03
2.635890245437622070e-02
1.228891313076019287e-03
1.632642745971679688e-02
1.656368374824523926e-03
1.052245497703552246e-03
6.089091300964355469e-03
3.959327936172485352e-03
1.044097542762756348e-02
2.421714365482330322e-03
1.782253384590148926e-03
2.047002315521240234e-03
2.446341514587402344e-02
2.450507879257202148e-02
4.535645246505737305e-03
1.469969749450683594e-03
6.831526756286621094e-03
7.956713438034057617e-03
1.765984296798706055e-02
5.882158875465393066e-04
8.213818073272705078e-03
9.057492017745971680e-03
8.842721581459045410e-04
1.172758638858795166e-04
7.332116365432739258e-04
8.730143308639526367e-04
1.288935542106628418e-02
1.544520258903503418e-03
2.384498715400695801e-03
5.457140505313873291e-04
4.481583833694458008e-03
6.211414933204650879e-03
1.772010326385498047e-02
7.845880463719367981e-05
8.965909481048583984e-03
2.937388420104980469e-02
2.499386668205261230e-03
9.047836065292358398e-04
5.513764917850494385e-04
5.004346370697021484e-03
1.756536960601806641e-02
5.582571029663085938e-04
1.199126243591308594e-02
6.129622459411621094e-03
1.093968749046325684e-02
1.970350742340087891e-02
3.009364008903503418e-03
9.497463703155517578e-03
2.341091632843017578e-02
6.144493818283081055e-04
2.713060379028320312e-02
2.114966511726379395e-03
2.011561393737792969e-02
1.932978630065917969e-03
1.969230175018310547e-02
2.425569295883178711e-02
1.623541116714477539e-03
7.697820663452148438e-03
1.626104116439819336e-02
7.839649915695190430e-04
7.219016551971435547e-04
2.514767646789550781e-02
1.229811459779739380e-03
2.210444211959838867e-02
9.451568126678466797e-03
9.492114186286926270e-04
1.341827213764190674e-03
1.992002129554748535e-03
1.312637329101562500e-02
1.609820127487182617e-02
1.831781119108200073e-04
1.552963256835937500e-02
1.210212707519531250e-03
9.808182716369628906e-03
2.829637378454208374e-04
7.931292057037353516e-04
3.763079643249511719e-03
4.041492938995361328e-03
2.169329673051834106e-04
9.062707424163818359e-03
1.945961266756057739e-04
1.358225941658020020e-02
1.416867598891258240e-04
3.319829702377319336e-03
1.926809549331665039e-02
2.632021903991699219e-02
8.036047220230102539e-03
1.665729284286499023e-02
1.885369420051574707e-03
3.340244293212890625e-03
1.846238970756530762e-03
2.270174026489257812e-02
1.090943813323974609e-02
1.790180802345275879e-02
1.715070009231567383e-02
2.220606803894042969e-02
6.265044212341308594e-04
1.082599163055419922e-02
2.107161283493041992e-02
7.324069738388061523e-04
2.023148536682128906e-02
5.239129066467285156e-03
9.522765874862670898e-03
2.002101391553878784e-04
4.177200794219970703e-02
5.991145968437194824e-03
2.023255825042724609e-02
4.727870225906372070e-03
2.128362655639648438e-02
3.362558782100677490e-04
3.401815891265869141e-03
1.196402311325073242e-02
1.550549268722534180e-02
1.985535025596618652e-03
8.485019207000732422e-03
1.168951392173767090e-03
4.292595386505126953e-02
2.126246690750122070e-03
2.915754914283752441e-03
3.777414560317993164e-03
1.728609204292297363e-03
1.293271780014038086e-03
1.838374882936477661e-04
5.887597799301147461e-04
1.905703544616699219e-02
1.199215650558471680e-03
4.904512315988540649e-04
1.416448503732681274e-04
8.557200431823730469e-03
1.962107419967651367e-02
2.257958054542541504e-03
1.433122158050537109e-02
5.087070167064666748e-04
2.588465809822082520e-03
7.933955639600753784e-04
3.304630517959594727e-03
4.215407371520996094e-02
1.358121633529663086e-03
1.525044441223144531e-03
1.887530088424682617e-03
9.995549917221069336e-04
5.521774291992187500e-03
1.001022756099700928e-04
1.197129487991333008e-02
2.165278419852256775e-04
2.165919542312622070e-02
2.844160795211791992e-02
1.024144887924194336e-02
1.366907358169555664e-02
1.759314537048339844e-02
9.241759777069091797e-03
2.460563555359840393e-04
6.536602973937988281e-03
8.490234613418579102e-04
5.048573017120361328e-03
9.921863675117492676e-04
1.980647444725036621e-03
4.429638385772705078e-03
2.622753381729125977e-03
2.058013342320919037e-05
3.965757787227630615e-04
1.650595664978027344e-02
1.037585735321044922e-02
1.835376024246215820e-02
1.698389649391174316e-03
6.049983203411102295e-04
8.115500211715698242e-03
4.140548408031463623e-04
6.991535425186157227e-03
7.221505045890808105e-03
2.047562599182128906e-02
1.083925366401672363e-03
1.700764894485473633e-02
3.596991300582885742e-03
5.465410649776458740e-04
4.713721573352813721e-04
1.589588820934295654e-03
5.345940589904785156e-03
5.611121654510498047e-03
1.763388514518737793e-03
2.524629235267639160e-03
3.049379587173461914e-02
3.941923379898071289e-03
2.273607254028320312e-02
3.876000642776489258e-03
9.583532810211181641e-04
1.030318439006805420e-03
3.954589366912841797e-03
1.277422904968261719e-02
1.144059002399444580e-03
1.596152782440185547e-03
3.282949328422546387e-03
1.512840390205383301e-03
9.371936321258544922e-03
1.260474324226379395e-03
1.900091767311096191e-03
1.895681023597717285e-03
2.052098512649536133e-03
2.555549144744873047e-05
3.706663846969604492e-03
2.501225471496582031e-02
5.308032035827636719e-03
1.480734348297119141e-02
3.442466259002685547e-04
2.088689804077148438e-02
6.524592638015747070e-03
1.760953664779663086e-02
1.817941665649414062e-03
6.442330777645111084e-05
3.112465143203735352e-03
5.520619451999664307e-04
5.808204412460327148e-03
5.473971366882324219e-03
2.423852682113647461e-02
1.958750188350677490e-03
2.054646611213684082e-04
1.925781369209289551e-03
1.988485455513000488e-04
1.520085334777832031e-02
7.585734128952026367e-04
1.136437058448791504e-03
1.785695552825927734e-03
3.830701112747192383e-03
3.972530364990234375e-03
1.749530434608459473e-03
2.485156059265136719e-02
1.594513654708862305e-03
2.818964421749114990e-04
4.838883876800537109e-03
1.722410321235656738e-03
3.308042883872985840e-03
3.985017538070678711e-04
1.669955253601074219e-02
8.727833628654479980e-04
7.535576820373535156e-03
3.689229488372802734e-03
5.930401384830474854e-04
3.572121262550354004e-03
1.752637326717376709e-04
1.979637891054153442e-04
9.281039237976074219e-03
2.147536724805831909e-04
9.364932775497436523e-04
3.058672882616519928e-05
1.436084508895874023e-03
1.105926930904388428e-03
5.180507898330688477e-03
6.860457360744476318e-04
1.301068067550659180e-02
1.692706346511840820e-02
3.468003123998641968e-04
3.326505422592163086e-03
7.220447063446044922e-03
1.372136175632476807e-04
3.745585680007934570e-03
1.954972743988037109e-03
4.195496439933776855e-04
3.413334488868713379e-04
3.071129322052001953e-04
1.754634082317352295e-03
1.612767577171325684e-03
1.790925860404968262e-03
1.274980604648590088e-03
2.513476647436618805e-05
1.235818490386009216e-04
9.247064590454101562e-04
3.441363573074340820e-03
2.678227610886096954e-05
1.420415937900543213e-03
4.598408937454223633e-03
3.965243697166442871e-03
2.437168359756469727e-02
1.763701438903808594e-03
4.058748483657836914e-03
1.678485423326492310e-04
1.159990206360816956e-04
1.668855547904968262e-03
2.547237090766429901e-05
1.564227044582366943e-03
2.457097172737121582e-03
5.490943789482116699e-03
2.908945083618164062e-03
4.436254501342773438e-03
2.203390002250671387e-03
1.040154695510864258e-02
3.634646534919738770e-03
3.943175077438354492e-03
1.547239720821380615e-03
2.997647970914840698e-05
2.173736691474914551e-03
9.303018450736999512e-04
7.501766085624694824e-04
3.734275698661804199e-03
9.414702653884887695e-04
2.295807003974914551e-03
6.790086627006530762e-05
3.991909325122833252e-04
3.269724547863006592e-04
3.009617328643798828e-03
1.264514867216348648e-05
2.376094460487365723e-03
1.966208219528198242e-04
1.113139092922210693e-03
3.891050815582275391e-03
1.090788841247558594e-02
2.978488802909851074e-03
1.904284954071044922e-02
1.220762729644775391e-02
2.014171332120895386e-04
3.609448671340942383e-03
2.040132880210876465e-03
1.061968505382537842e-03
4.474283196032047272e-05
9.107366204261779785e-04
7.466167211532592773e-03
2.769306302070617676e-03
9.310096502304077148e-04
8.876919746398925781e-03
8.035264909267425537e-05
7.011294364929199219e-04
6.146542727947235107e-05
1.335106790065765381e-04
2.244287729263305664e-02
1.674801111221313477e-02
2.589613199234008789e-02
1.735445111989974976e-04
1.651138067245483398e-03
1.305162906646728516e-03
3.247052431106567383e-03
3.671616315841674805e-03
2.903696149587631226e-04
4.226207733154296875e-03
6.727278232574462891e-04
1.283578574657440186e-03
7.347345352172851562e-03
1.566427946090698242e-02
7.121190428733825684e-04
2.602934837341308594e-03
3.322167322039604187e-05
5.256906151771545410e-04
5.115196108818054199e-04
2.258107066154479980e-03
3.621429204940795898e-04
5.420185625553131104e-04
1.122096180915832520e-02
4.374608397483825684e-04
2.507156133651733398e-02
4.435256123542785645e-04
2.111226320266723633e-03
2.762988209724426270e-03
8.301436901092529297e-03
2.520620822906494141e-03
5.841076374053955078e-03
1.722514629364013672e-03
3.276001662015914917e-04
1.130374148488044739e-04
1.134811900556087494e-04
2.413205802440643311e-04
4.503689706325531006e-04
1.896396279335021973e-03
5.957745015621185303e-04
4.209205508232116699e-04
3.207251429557800293e-04
9.529525414109230042e-06
1.555556058883666992e-02
1.446343958377838135e-03
5.674688145518302917e-05
1.940410584211349487e-04
3.968179225921630859e-03
6.462745368480682373e-04
4.085749387741088867e-04
1.619625091552734375e-02
5.654931068420410156e-03
8.974254131317138672e-03
8.055344223976135254e-04
8.618444204330444336e-03
1.547604799270629883e-03
7.089883089065551758e-03
3.032889217138290405e-04
5.647391080856323242e-04
2.115722745656967163e-04
6.475336849689483643e-04
1.765060005709528923e-06
4.873335361480712891e-03
1.835532020777463913e-05
2.803191542625427246e-03
8.303150534629821777e-04
5.877077579498291016e-03
3.473341464996337891e-03
3.035217523574829102e-03
2.753417938947677612e-04
1.107957214117050171e-04
1.209610700607299805e-02
1.874610781669616699e-03
1.164481043815612793e-03
1.402413845062255859e-02
8.165925741195678711e-03
5.164593458175659180e-04
1.388764940202236176e-05
6.324285641312599182e-05
4.284098744392395020e-03
2.389186620712280273e-02
6.571352481842041016e-03
1.118245720863342285e-02
1.675054430961608887e-03
2.342730760574340820e-03
2.032294869422912598e-03
4.490762948989868164e-03
2.491381019353866577e-04
2.858061343431472778e-04
4.049777984619140625e-03
1.819290220737457275e-03
4.683226346969604492e-03
5.041331052780151367e-03
1.227930188179016113e-03
2.017870545387268066e-03
2.093410491943359375e-02
3.313943743705749512e-04
3.948435187339782715e-04
1.766309142112731934e-03
1.560999080538749695e-04
2.222931385040283203e-02
2.778545022010803223e-04
1.230642199516296387e-03
2.357929944992065430e-03
7.017642259597778320e-03
2.824552357196807861e-04
1.827776432037353516e-04
7.793158292770385742e-04
1.523458957672119141e-02
1.269119977951049805e-02
9.005218744277954102e-04
3.529954701662063599e-04
7.081553339958190918e-04
5.889981985092163086e-04
1.427941024303436279e-03
2.627104520797729492e-03
5.224704742431640625e-03
1.741981506347656250e-02
6.465092301368713379e-04
1.767474412918090820e-02
2.159420400857925415e-04
1.592934131622314453e-02
5.924096331000328064e-05
1.168709993362426758e-02
2.139404416084289551e-03
7.174015045166015625e-04
1.150155067443847656e-02
1.637354493141174316e-03
9.281262755393981934e-04
3.583788871765136719e-03
1.106970012187957764e-04
5.178200080990791321e-05
9.790733456611633301e-04
5.677342414855957031e-04
2.713780850172042847e-04
1.273170113563537598e-03
1.486569643020629883e-03
2.159774303436279297e-03
7.984280586242675781e-03
1.351259648799896240e-03
1.230323314666748047e-02
1.424318552017211914e-02
1.745842397212982178e-03
7.875442504882812500e-03
1.075237989425659180e-03
6.573013961315155029e-04
2.232283353805541992e-03
8.858799934387207031e-03
1.802094280719757080e-03
3.309547901153564453e-03
8.750939741730690002e-05
4.481762647628784180e-03
3.382432460784912109e-02
0.000000000000000000e+00
0.000000000000000000e+00
0.000000000000000000e+00
0.000000000000000000e+00
0.000000000000000000e+00
0.000000000000000000e+00
0.000000000000000000e+00
0.000000000000000000e+00
0.000000000000000000e+00
0.000000000000000000e+00
0.000000000000000000e+00
0.000000000000000000e+00
0.000000000000000000e+00
0.000000000000000000e+00
0.000000000000000000e+00
0.000000000000000000e+00
0.000000000000000000e+00
0.000000000000000000e+00
0.000000000000000000e+00
0.000000000000000000e+00
0.000000000000000000e+00
0.000000000000000000e+00
0.000000000000000000e+00
0.000000000000000000e+00
0.000000000000000000e+00
0.000000000000000000e+00
0.000000000000000000e+00
0.000000000000000000e+00
0.000000000000000000e+00
0.000000000000000000e+00
0.000000000000000000e+00
0.000000000000000000e+00
0.000000000000000000e+00
0.000000000000000000e+00
0.000000000000000000e+00
0.000000000000000000e+00
0.000000000000000000e+00
0.000000000000000000e+00
0.000000000000000000e+00
0.000000000000000000e+00
