1.938498020172119141e-02
1.440536975860595703e-02
1.417511701583862305e-02
2.610647678375244141e-02
1.380431652069091797e-02
2.160942554473876953e-02
2.800035476684570312e-02
1.114100217819213867e-02
3.272640705108642578e-02
1.581239700317382812e-02
1.367253065109252930e-02
1.730453968048095703e-02
2.487599849700927734e-02
2.464509010314941406e-02
2.531015872955322266e-02
1.970446109771728516e-02
2.497947216033935547e-02
2.639925479888916016e-02
1.115721464157104492e-02
2.917492389678955078e-02
2.356445789337158203e-02
1.988530158996582031e-02
3.230905532836914062e-02
3.657305240631103516e-02
1.999676227569580078e-02
1.685643196105957031e-02
1.405042409896850586e-02
1.237386465072631836e-02
2.098226547241210938e-02
2.112114429473876953e-02
3.457152843475341797e-02
1.794338226318359375e-02
2.092373371124267578e-02
9.002685546875000000e-03
2.146941423416137695e-02
2.841472625732421875e-02
1.208150386810302734e-02
6.112337112426757812e-03
2.672028541564941406e-02
2.596807479858398438e-02
2.455079555511474609e-02
1.334214210510253906e-02
9.359866380691528320e-03
2.257311344146728516e-02
1.703941822052001953e-02
1.829004287719726562e-02
2.363681793212890625e-02
2.978456020355224609e-02
2.870607376098632812e-02
4.368901252746582031e-02
1.961982250213623047e-02
1.696956157684326172e-02
2.220988273620605469e-02
3.744256496429443359e-02
2.586996555328369141e-02
7.369518280029296875e-03
2.251577377319335938e-02
7.740616798400878906e-03
3.491163253784179688e-02
1.614463329315185547e-02
3.125405311584472656e-02
2.790236473083496094e-02
8.535802364349365234e-03
1.799112558364868164e-02
2.078115940093994141e-02
1.704591512680053711e-02
1.629310846328735352e-02
2.844738960266113281e-02
1.694047451019287109e-02
1.420801877975463867e-02
2.398216724395751953e-02
2.861416339874267578e-02
1.758086681365966797e-02
1.851391792297363281e-02
1.074630022048950195e-02
2.114057540893554688e-02
2.139687538146972656e-02
2.299523353576660156e-02
1.048091053962707520e-02
2.476429939270019531e-02
1.401376724243164062e-02
2.038002014160156250e-02
1.913452148437500000e-02
2.024912834167480469e-02
2.138185501098632812e-02
1.908189058303833008e-02
2.441239356994628906e-02
2.790284156799316406e-02
1.258337497711181641e-02
1.805764436721801758e-02
2.257275581359863281e-02
1.729905605316162109e-02
3.107285499572753906e-02
7.297813892364501953e-03
1.848953962326049805e-02
9.713113307952880859e-03
6.509214639663696289e-03
2.327001094818115234e-02
1.613318920135498047e-02
1.814681291580200195e-02
5.808353424072265625e-03
2.348113059997558594e-02
1.536810398101806641e-02
2.770721912384033203e-02
1.401793956756591797e-02
2.573978900909423828e-02
2.655208110809326172e-02
1.318693161010742188e-02
2.864599227905273438e-02
2.794241905212402344e-02
2.293670177459716797e-02
2.549088001251220703e-02
2.744245529174804688e-02
1.868641376495361328e-02
1.959121227264404297e-02
2.365088462829589844e-02
6.918042898178100586e-03
1.689434051513671875e-02
9.429931640625000000e-03
1.745796203613281250e-02
2.379578351974487305e-02
1.613354682922363281e-02
1.696217060089111328e-02
3.211641311645507812e-02
1.858544349670410156e-02
1.423317193984985352e-02
2.624273300170898438e-02
8.808016777038574219e-03
1.064372062683105469e-02
2.449595928192138672e-02
2.273929119110107422e-02
2.266573905944824219e-02
3.261470794677734375e-02
5.396574735641479492e-03
2.433156967163085938e-02
1.814830303192138672e-02
2.617406845092773438e-02
1.754343509674072266e-02
1.831698417663574219e-02
1.061981916427612305e-02
2.562004327774047852e-02
2.973878383636474609e-02
1.986730098724365234e-02
1.661407947540283203e-02
1.827836036682128906e-02
1.922070980072021484e-02
2.686738967895507812e-02
2.120256423950195312e-02
1.508337259292602539e-02
2.023935317993164062e-02
1.578253507614135742e-02
3.621965646743774414e-03
1.426267623901367188e-02
9.042739868164062500e-03
2.801859378814697266e-02
1.541745662689208984e-02
2.141559123992919922e-02
3.611385822296142578e-03
1.194787025451660156e-02
1.653420925140380859e-02
1.340365409851074219e-02
8.562922477722167969e-03
3.430259227752685547e-02
1.755535602569580078e-02
2.361071109771728516e-02
2.910363674163818359e-02
1.349836587905883789e-02
1.853871345520019531e-02
1.376354694366455078e-02
1.685190200805664062e-02
1.829671859741210938e-02
1.961350440979003906e-02
2.043819427490234375e-02
1.302492618560791016e-02
1.263207197189331055e-02
2.603948116302490234e-02
2.938342094421386719e-02
2.193927764892578125e-02
1.433503627777099609e-02
2.080631256103515625e-02
1.963305473327636719e-02
2.437937259674072266e-02
1.056933403015136719e-02
1.581120491027832031e-02
9.422421455383300781e-03
2.665579319000244141e-02
2.827739715576171875e-02
1.537370681762695312e-02
2.594125270843505859e-02
3.938508033752441406e-02
1.734960079193115234e-02
2.143204212188720703e-02
2.137863636016845703e-02
1.650267839431762695e-02
2.936804294586181641e-02
1.855695247650146484e-02
9.810626506805419922e-03
3.456246852874755859e-02
4.414409399032592773e-03
8.903384208679199219e-03
1.808470487594604492e-02
1.422274112701416016e-02
2.241373062133789062e-02
2.584505081176757812e-02
2.661895751953125000e-02
1.665717363357543945e-02
1.415657997131347656e-02
2.787613868713378906e-02
2.183401584625244141e-02
3.697025775909423828e-02
2.170312404632568359e-02
2.425813674926757812e-02
2.162313461303710938e-02
1.142179965972900391e-02
2.568703889846801758e-02
2.087402343750000000e-02
2.111220359802246094e-02
2.142620086669921875e-02
2.990031242370605469e-02
2.482533454895019531e-02
2.766609191894531250e-02
1.652264595031738281e-02
1.682400703430175781e-02
1.716530323028564453e-02
2.212619781494140625e-02
2.012681961059570312e-02
1.866340637207031250e-02
1.804864406585693359e-02
1.187479496002197266e-02
1.990324258804321289e-02
2.476429939270019531e-02
1.371324062347412109e-02
2.194285392761230469e-02
8.258819580078125000e-03
1.646387577056884766e-02
1.580494642257690430e-02
2.902364730834960938e-02
2.606225013732910156e-02
2.549636363983154297e-02
1.519775390625000000e-02
1.427567005157470703e-02
2.367794513702392578e-02
2.727580070495605469e-02
6.497204303741455078e-03
2.513837814331054688e-02
2.236926555633544922e-02
1.636743545532226562e-02
1.254528760910034180e-02
1.615643501281738281e-02
1.060700416564941406e-02
1.577889919281005859e-02
1.058787107467651367e-02
1.724922657012939453e-02
1.656204462051391602e-02
2.720081806182861328e-02
1.927638053894042969e-02
0.000000000000000000e+00
0.000000000000000000e+00
0.000000000000000000e+00
0.000000000000000000e+00
0.000000000000000000e+00
0.000000000000000000e+00
0.000000000000000000e+00
0.000000000000000000e+00
0.000000000000000000e+00
0.000000000000000000e+00
0.000000000000000000e+00
0.000000000000000000e+00
0.000000000000000000e+00
0.000000000000000000e+00
0.000000000000000000e+00
0.000000000000000000e+00
0.000000000000000000e+00
0.000000000000000000e+00
0.000000000000000000e+00
0.000000000000000000e+00
