2.319049835205078125e-02
9.839236736297607422e-04
1.543730497360229492e-03
6.302893161773681641e-03
1.989081501960754395e-04
2.959847450256347656e-03
2.934686839580535889e-03
7.369443774223327637e-04
9.868144989013671875e-04
9.351134300231933594e-03
2.664397470653057098e-05
2.493001520633697510e-04
5.119264125823974609e-03
1.576095819473266602e-03
5.507647991180419922e-03
6.721820682287216187e-05
5.988851189613342285e-04
1.856040954589843750e-02
4.521012306213378906e-03
8.428916335105895996e-04
9.414643049240112305e-03
1.507586240768432617e-02
1.550686359405517578e-02
8.079502731561660767e-05
4.405915737152099609e-03
1.190491020679473877e-03
5.075573921203613281e-03
3.495328128337860107e-04
1.116730272769927979e-03
9.316857904195785522e-05
1.786351203918457031e-03
7.304728031158447266e-03
2.745822072029113770e-03
8.917152881622314453e-04
1.455318927764892578e-02
4.523009061813354492e-03
2.618841826915740967e-04
6.984114646911621094e-03
1.408874988555908203e-03
1.447582244873046875e-02
1.287624239921569824e-03
4.864353686571121216e-04
2.765879034996032715e-03
5.753427743911743164e-03
1.636457443237304688e-02
6.137229502201080322e-05
1.836377382278442383e-02
2.246439456939697266e-03
8.814707398414611816e-04
4.284322261810302734e-03
1.779630780220031738e-03
6.359741091728210449e-04
9.362921118736267090e-04
2.094179391860961914e-03
1.773741096258163452e-04
6.158679723739624023e-03
8.438415825366973877e-04
3.024697303771972656e-03
2.126330137252807617e-02
1.136696338653564453e-02
9.647533297538757324e-04
7.239520549774169922e-03
3.851428627967834473e-04
9.291768074035644531e-03
4.505872726440429688e-03
2.492994070053100586e-02
1.043140888214111328e-03
5.278408527374267578e-03
1.861631870269775391e-02
3.020167350769042969e-04
1.678127050399780273e-02
4.439234733581542969e-03
1.662626862525939941e-03
2.993226051330566406e-03
2.425849437713623047e-03
1.384966075420379639e-03
7.548034191131591797e-04
4.063278436660766602e-03
1.654013991355895996e-03
2.327346801757812500e-02
7.643222808837890625e-03
2.998281270265579224e-04
4.780203104019165039e-03
1.391820609569549561e-03
2.672696113586425781e-02
2.030020952224731445e-02
1.347931101918220520e-04
2.597972750663757324e-03
1.725828647613525391e-02
3.037229180335998535e-03
1.394867897033691406e-03
2.850472927093505859e-03
2.162039279937744141e-03
8.163601160049438477e-03
1.000139117240905762e-02
4.847496747970581055e-03
1.535761356353759766e-02
8.195564150810241699e-04
2.500116825103759766e-02
1.694299280643463135e-03
6.972134113311767578e-03
1.140562817454338074e-04
2.369061112403869629e-04
1.002773642539978027e-02
7.798597216606140137e-04
5.620643496513366699e-04
9.787380695343017578e-03
3.031075000762939453e-02
1.053385436534881592e-03
1.184475421905517578e-02
2.577114105224609375e-02
1.622730493545532227e-02
5.711391568183898926e-03
1.170359551906585693e-03
7.156059145927429199e-04
4.245191812515258789e-04
3.224372863769531250e-03
6.852112710475921631e-05
2.307796478271484375e-02
2.235099673271179199e-03
1.045027747750282288e-04
1.269303262233734131e-03
2.210438251495361328e-02
1.303188502788543701e-03
8.827000856399536133e-04
1.203468441963195801e-02
4.587322473526000977e-05
1.770682632923126221e-03
4.255287349224090576e-04
1.820057630538940430e-03
4.332102835178375244e-04
2.889949828386306763e-04
8.804559707641601562e-03
5.375444889068603516e-03
3.868862986564636230e-04
5.958229303359985352e-03
2.795886993408203125e-02
4.183351993560791016e-04
6.685882806777954102e-03
8.217617869377136230e-05
1.411813497543334961e-02
1.352512836456298828e-02
9.171888232231140137e-04
7.185727357864379883e-03
1.086458563804626465e-03
1.977011561393737793e-04
9.361431002616882324e-04
1.989942789077758789e-02
3.934390842914581299e-04
1.458680629730224609e-02
1.228696107864379883e-02
6.265286356210708618e-05
1.112517714500427246e-02
2.410233020782470703e-03
1.733498647809028625e-04
1.448541879653930664e-03
4.098229110240936279e-04
5.957782268524169922e-04
1.664161682128906250e-02
6.246000528335571289e-03
3.671161830425262451e-04
1.519039273262023926e-03
5.966782569885253906e-03
1.164544373750686646e-04
7.710635662078857422e-03
1.071617007255554199e-03
7.633455097675323486e-04
1.035979390144348145e-02
5.410015583038330078e-04
6.704032421112060547e-03
8.320994675159454346e-05
3.584027290344238281e-03
2.065390348434448242e-02
2.247527241706848145e-03
1.701313257217407227e-02
1.342017203569412231e-04
2.978324890136718750e-02
2.625286579132080078e-04
3.540217876434326172e-03
7.441863417625427246e-04
3.625243902206420898e-02
3.632232546806335449e-04
9.704455733299255371e-04
2.889728546142578125e-02
1.237854361534118652e-03
8.691474795341491699e-04
4.851162433624267578e-03
9.999871253967285156e-04
3.331676125526428223e-04
7.394924759864807129e-04
1.639491319656372070e-02
7.285699248313903809e-04
2.121720463037490845e-04
1.472473144531250000e-03
6.058871746063232422e-03
1.522824168205261230e-03
6.206393241882324219e-03
1.021191477775573730e-03
8.287280797958374023e-04
2.004027366638183594e-03
5.294615402817726135e-05
2.708122134208679199e-03
5.316594615578651428e-05
2.051889896392822266e-04
1.209378242492675781e-02
6.554052233695983887e-04
2.216172218322753906e-02
3.778599202632904053e-04
1.632773876190185547e-02
2.326416969299316406e-02
9.989440441131591797e-04
2.128537744283676147e-04
1.003693789243698120e-03
3.475725650787353516e-03
2.867653965950012207e-04
1.175159215927124023e-02
1.645311713218688965e-03
7.676333189010620117e-03
5.368411540985107422e-03
1.845620572566986084e-04
3.217600286006927490e-03
1.238100230693817139e-04
1.999124884605407715e-03
3.075087070465087891e-02
1.297235488891601562e-03
8.068561553955078125e-03
2.311589196324348450e-05
6.917193531990051270e-04
3.411084413528442383e-03
2.925419807434082031e-02
6.314635276794433594e-03
5.458109080791473389e-05
2.241712808609008789e-02
1.094363629817962646e-03
1.256652176380157471e-03
2.808344364166259766e-02
2.281928062438964844e-02
2.816915512084960938e-04
9.088397026062011719e-03
5.887284874916076660e-03
5.244091153144836426e-04
1.336507499217987061e-03
1.769647002220153809e-03
8.929073810577392578e-04
1.915901899337768555e-03
1.683300733566284180e-02
1.507848501205444336e-03
5.506910383701324463e-05
5.853384733200073242e-03
8.167997002601623535e-04
1.243436336517333984e-02
1.300108432769775391e-02
1.259312033653259277e-03
2.089235931634902954e-04
4.484295845031738281e-03
1.055411994457244873e-03
1.401323080062866211e-02
4.901647567749023438e-03
1.636987924575805664e-02
2.361786365509033203e-02
2.226102352142333984e-02
8.922398090362548828e-03
7.255524396896362305e-04
2.351897954940795898e-02
2.844501286745071411e-04
1.068934798240661621e-04
8.705854415893554688e-03
6.025005131959915161e-05
5.803227424621582031e-03
6.760563701391220093e-05
7.937662303447723389e-05
1.280233263969421387e-03
1.285910606384277344e-03
4.032142460346221924e-04
1.851701736450195312e-02
1.301258802413940430e-03
1.091450452804565430e-03
1.094532012939453125e-02
1.798912882804870605e-03
2.220273017883300781e-03
6.326250731945037842e-04
9.800791740417480469e-03
3.839209675788879395e-04
1.818854361772537231e-04
8.810758590698242188e-04
9.073048830032348633e-03
2.074171788990497589e-05
9.286403656005859375e-03
1.530736684799194336e-02
1.431053876876831055e-02
2.017098665237426758e-02
2.417489886283874512e-04
2.999007701873779297e-04
8.054256439208984375e-03
7.913485169410705566e-04
6.329655647277832031e-03
3.969684243202209473e-03
2.699762582778930664e-03
1.683935523033142090e-03
3.652915358543395996e-03
2.946898341178894043e-03
5.220770835876464844e-03
5.589239299297332764e-04
1.255309581756591797e-02
1.441240310668945312e-04
2.617299556732177734e-03
9.825602173805236816e-04
1.154923811554908752e-04
1.827090978622436523e-03
2.355024218559265137e-03
1.067779958248138428e-04
1.924997568130493164e-02
2.244263887405395508e-03
4.957914352416992188e-04
2.402253448963165283e-04
7.321804761886596680e-03
8.320719003677368164e-03
3.491938114166259766e-04
2.233892679214477539e-03
1.678466796875000000e-03
1.695704460144042969e-02
4.406183958053588867e-03
7.978320121765136719e-03
2.178496122360229492e-02
1.208469271659851074e-03
2.235338091850280762e-03
1.602858304977416992e-02
1.051453873515129089e-04
4.765450954437255859e-03
1.844596117734909058e-04
1.019567251205444336e-03
2.444013953208923340e-03
2.870738506317138672e-03
1.436829566955566406e-03
5.746334791183471680e-03
3.046408295631408691e-03
7.441192865371704102e-03
3.711193799972534180e-03
4.419863224029541016e-03
8.052065968513488770e-04
4.248887300491333008e-03
5.792602896690368652e-03
1.685535907745361328e-02
4.030436277389526367e-03
1.500323414802551270e-03
5.831494927406311035e-04
5.545884370803833008e-03
1.995842903852462769e-04
1.779079437255859375e-03
5.463436245918273926e-03
1.842111349105834961e-03
6.919130682945251465e-04
1.011267304420471191e-02
2.924092113971710205e-04
4.065334796905517578e-03
3.611706197261810303e-04
4.151929169893264771e-05
9.712576866149902344e-05
7.342770695686340332e-04
3.919005393981933594e-04
7.424652576446533203e-04
1.892462372779846191e-03
1.027184724807739258e-02
1.672215759754180908e-03
3.273993730545043945e-03
5.725353956222534180e-03
8.585751056671142578e-03
6.700456142425537109e-03
1.928615570068359375e-02
2.061343193054199219e-02
6.679177284240722656e-03
2.248182892799377441e-03
2.698928117752075195e-03
3.418371081352233887e-03
2.400435507297515869e-03
1.426614820957183838e-03
6.816297769546508789e-03
9.589865803718566895e-04
2.465355396270751953e-02
1.676045358180999756e-04
1.186177134513854980e-03
3.414452075958251953e-03
4.123244434595108032e-04
2.573385834693908691e-03
5.622580647468566895e-04
1.751768589019775391e-02
5.010887980461120605e-04
2.082630991935729980e-03
2.098485827445983887e-03
3.268904983997344971e-04
7.627010345458984375e-04
1.811925321817398071e-04
6.863951683044433594e-03
7.875561714172363281e-03
1.103109680116176605e-04
1.364275813102722168e-03
9.226724505424499512e-04
1.508361101150512695e-02
4.877820611000061035e-04
5.836188793182373047e-04
3.731623291969299316e-03
4.240065813064575195e-03
3.043159842491149902e-03
1.373165845870971680e-02
1.248782873153686523e-02
6.524659693241119385e-05
6.022453308105468750e-04
4.997909069061279297e-03
1.470422744750976562e-02
4.906654357910156250e-04
4.883199930191040039e-03
1.510596275329589844e-02
3.459937870502471924e-04
2.458505332469940186e-05
2.475833892822265625e-02
5.894899368286132812e-04
1.791512966156005859e-02
2.385005354881286621e-03
5.151405930519104004e-04
1.112556457519531250e-02
1.129053533077239990e-03
1.506698131561279297e-02
9.560525417327880859e-03
1.408815383911132812e-03
1.579588651657104492e-02
3.827959299087524414e-04
2.124500274658203125e-02
9.113103151321411133e-04
2.024173736572265625e-03
3.654472529888153076e-04
9.394288063049316406e-03
2.240017056465148926e-03
2.152591943740844727e-03
5.938448011875152588e-04
4.039973020553588867e-03
6.285101175308227539e-03
8.309841156005859375e-03
9.097754955291748047e-04
1.345592737197875977e-02
1.424372196197509766e-03
8.863627910614013672e-03
5.795598030090332031e-03
1.080965995788574219e-02
1.562094688415527344e-02
6.097704172134399414e-04
1.331245899200439453e-02
1.169383525848388672e-02
3.996834158897399902e-03
8.281692862510681152e-05
1.039199531078338623e-03
8.423905819654464722e-05
6.887942552566528320e-03
1.486700773239135742e-02
7.409095764160156250e-03
3.512650728225708008e-03
7.295340299606323242e-03
1.982823014259338379e-03
1.790177822113037109e-02
7.136046886444091797e-03
1.604840159416198730e-03
7.611811161041259766e-04
1.558586955070495605e-04
1.224625110626220703e-02
7.709026336669921875e-03
5.542952567338943481e-05
1.026666164398193359e-02
3.978252410888671875e-03
9.018331766128540039e-03
1.412779092788696289e-03
7.846876978874206543e-04
6.926774978637695312e-03
1.062139868736267090e-03
2.530181407928466797e-02
1.216357946395874023e-02
1.072026789188385010e-03
3.933869302272796631e-04
1.580744981765747070e-03
4.081763327121734619e-04
1.083098351955413818e-03
5.039364099502563477e-03
4.461109638214111328e-04
3.029242157936096191e-03
4.375517368316650391e-03
8.215665817260742188e-03
1.541450619697570801e-04
9.152323007583618164e-03
1.137793064117431641e-03
1.548403501510620117e-02
9.388267993927001953e-03
2.023100852966308594e-03
7.287263870239257812e-04
2.780765295028686523e-03
4.218816757202148438e-03
1.704648137092590332e-03
1.197957992553710938e-02
5.589127540588378906e-04
7.453858852386474609e-03
1.301907002925872803e-03
1.458376646041870117e-02
8.721888065338134766e-03
3.068581223487854004e-03
5.451291799545288086e-04
4.827156662940979004e-03
5.059540271759033203e-04
6.051570177078247070e-03
1.063119620084762573e-03
1.798868179321289062e-02
8.562028408050537109e-03
1.107014715671539307e-03
1.841261982917785645e-04
8.374080061912536621e-04
6.077587604522705078e-04
7.394373416900634766e-03
1.175187528133392334e-03
2.728570252656936646e-04
2.252030372619628906e-02
7.907867431640625000e-03
8.073262870311737061e-05
1.296877861022949219e-03
1.236379146575927734e-03
1.669770479202270508e-02
1.385979354381561279e-03
1.404637098312377930e-02
3.455206751823425293e-04
2.054255455732345581e-04
1.631632447242736816e-03
4.287630319595336914e-03
1.685595512390136719e-02
2.158824354410171509e-04
5.569346249103546143e-04
8.568644523620605469e-03
4.049181938171386719e-03
1.279033720493316650e-03
6.438970565795898438e-03
8.900642395019531250e-03
1.642477512359619141e-02
9.810686111450195312e-03
1.906357705593109131e-03
1.431941986083984375e-03
4.448413848876953125e-03
4.994004964828491211e-03
4.914134740829467773e-03
1.386332511901855469e-02
9.456276893615722656e-04
4.842668771743774414e-03
8.716881275177001953e-03
1.416385173797607422e-03
5.826763808727264404e-04
2.399921417236328125e-03
1.210466027259826660e-03
3.060027956962585449e-04
1.386439800262451172e-02
2.958223223686218262e-03
1.654553413391113281e-02
4.674345254898071289e-03
6.263196468353271484e-03
1.738220453262329102e-04
1.360589265823364258e-02
7.866472005844116211e-04
2.134844660758972168e-03
1.392867416143417358e-04
3.019288182258605957e-03
1.732534170150756836e-02
1.952640712261199951e-03
1.118630170822143555e-02
6.249368190765380859e-03
2.305999398231506348e-03
1.488196849822998047e-02
5.523443222045898438e-03
2.672076225280761719e-04
9.387493133544921875e-03
1.626431941986083984e-03
2.284534275531768799e-04
1.362070441246032715e-03
2.156049013137817383e-04
7.589101791381835938e-03
8.657276630401611328e-04
1.584291458129882812e-03
2.278327941894531250e-03
1.127785444259643555e-02
1.067379489541053772e-04
7.529109716415405273e-03
7.849574089050292969e-03
1.769572496414184570e-03
9.889066219329833984e-03
5.063861608505249023e-04
9.322464466094970703e-04
8.616447448730468750e-03
7.462322711944580078e-03
1.246944069862365723e-03
3.994554281234741211e-03
2.291426062583923340e-04
1.739025115966796875e-03
2.111598849296569824e-03
3.771483898162841797e-04
1.566380262374877930e-03
1.584336161613464355e-03
7.490903139114379883e-03
2.365503460168838501e-04
1.973176002502441406e-02
1.118481159210205078e-03
3.334030508995056152e-03
2.386849373579025269e-04
3.379940986633300781e-03
8.893534541130065918e-04
2.125620841979980469e-02
1.937612891197204590e-03
2.266839146614074707e-04
4.640705883502960205e-04
5.812972784042358398e-03
5.511552095413208008e-03
9.511739015579223633e-03
2.553731203079223633e-03
5.484342575073242188e-03
1.480072736740112305e-02
3.652304410934448242e-03
1.163077354431152344e-02
2.746358513832092285e-04
2.014130353927612305e-03
9.518936276435852051e-04
2.439722418785095215e-03
1.490302383899688721e-03
7.523834705352783203e-03
3.704518079757690430e-03
1.136735081672668457e-03
1.721161603927612305e-02
1.023596525192260742e-02
1.973032951354980469e-03
1.055169105529785156e-02
1.185905933380126953e-02
1.205062866210937500e-02
1.007503271102905273e-02
2.085030078887939453e-03
3.570437431335449219e-03
5.959309637546539307e-04
3.397800028324127197e-04
8.235946297645568848e-04
1.244962215423583984e-02
8.927643299102783203e-03
8.101053535938262939e-04
2.457857131958007812e-03
3.841444849967956543e-04
2.199821174144744873e-04
2.373978495597839355e-04
2.880960702896118164e-03
1.072078943252563477e-03
4.027485847473144531e-03
3.256416320800781250e-02
6.187826395034790039e-03
9.808421134948730469e-03
4.759728908538818359e-04
3.281876444816589355e-03
2.384835481643676758e-02
8.507370948791503906e-04
2.741158008575439453e-03
6.584823131561279297e-04
5.856215953826904297e-03
6.674110889434814453e-03
2.678966522216796875e-02
4.103826358914375305e-05
6.951112300157546997e-05
2.548351883888244629e-03
1.835882663726806641e-03
1.385462284088134766e-02
2.532750368118286133e-04
6.224155426025390625e-03
3.361374139785766602e-03
1.730628311634063721e-03
4.726320505142211914e-03
1.539433002471923828e-02
1.482409425079822540e-05
2.515199594199657440e-05
9.767830371856689453e-03
1.227369904518127441e-02
1.679784059524536133e-02
1.885294914245605469e-02
8.932948112487792969e-04
9.527206420898437500e-03
1.214843988418579102e-02
2.844683825969696045e-03
1.228141784667968750e-02
1.043371856212615967e-03
9.509086608886718750e-03
4.625439643859863281e-03
1.522451639175415039e-02
2.488121390342712402e-04
6.056010723114013672e-03
2.591460943222045898e-03
1.154579222202301025e-03
3.580719232559204102e-03
1.123517751693725586e-02
1.887768507003784180e-03
1.215136051177978516e-02
3.654390573501586914e-03
1.746094226837158203e-02
1.678243279457092285e-03
2.532494068145751953e-02
1.396822929382324219e-02
9.287893772125244141e-03
1.778858900070190430e-02
9.085312485694885254e-04
2.605766057968139648e-04
1.401549577713012695e-02
1.368010044097900391e-02
2.226865291595458984e-02
2.353116869926452637e-03
1.310735940933227539e-02
4.840433597564697266e-03
5.922764539718627930e-03
1.535087823867797852e-02
1.959562301635742188e-03
1.327830553054809570e-02
3.284883499145507812e-02
3.164932131767272949e-03
2.159440517425537109e-02
7.138401269912719727e-04
6.548836827278137207e-04
4.367418587207794189e-04
1.886785030364990234e-02
4.171609878540039062e-03
1.288497447967529297e-02
1.828771829605102539e-02
1.650792360305786133e-02
3.380663692951202393e-04
1.436226069927215576e-03
5.151033401489257812e-03
1.240655779838562012e-03
6.243467330932617188e-03
8.079528808593750000e-03
4.760874435305595398e-05
4.688858985900878906e-03
5.803957581520080566e-03
2.305746078491210938e-03
1.239299774169921875e-03
2.086281776428222656e-02
1.632213592529296875e-03
1.707896590232849121e-03
6.490677595138549805e-03
6.085664033889770508e-03
2.484619617462158203e-03
1.017421483993530273e-03
9.099766612052917480e-04
2.275538444519042969e-02
6.930232048034667969e-03
1.255679130554199219e-02
2.264887094497680664e-03
2.874076366424560547e-02
2.357915043830871582e-03
2.386808395385742188e-03
1.283174753189086914e-02
1.033449172973632812e-02
5.144998431205749512e-04
1.591607928276062012e-03
6.136968731880187988e-04
1.562392711639404297e-02
1.520526409149169922e-02
2.100855112075805664e-03
1.226210594177246094e-02
2.949424088001251221e-04
4.660040140151977539e-03
9.623944759368896484e-03
6.728947162628173828e-03
1.729643344879150391e-02
1.526065170764923096e-04
2.023845911026000977e-02
1.640343666076660156e-02
1.269567012786865234e-02
1.753425598144531250e-02
1.028552651405334473e-03
3.346323966979980469e-03
6.352514028549194336e-03
3.381061553955078125e-02
2.201747894287109375e-02
1.187346875667572021e-03
2.729535102844238281e-03
7.689446210861206055e-03
1.383411884307861328e-02
2.698773145675659180e-02
2.922117710113525391e-05
6.977945566177368164e-03
1.370918750762939453e-02
1.285284757614135742e-02
2.235937118530273438e-02
8.534908294677734375e-03
9.765196591615676880e-05
9.725481271743774414e-03
7.160842418670654297e-03
1.098833978176116943e-03
8.258074522018432617e-04
1.610927283763885498e-03
1.710784435272216797e-02
1.917070150375366211e-02
1.683402061462402344e-02
1.303696632385253906e-02
1.309931278228759766e-03
4.630744457244873047e-03
3.967955708503723145e-04
3.980726003646850586e-03
1.285856962203979492e-02
4.776269197463989258e-03
1.175141334533691406e-02
3.031194210052490234e-02
1.045918464660644531e-02
9.892404079437255859e-03
1.503062248229980469e-02
6.789088249206542969e-03
4.058271646499633789e-03
1.156049966812133789e-02
3.590062260627746582e-04
7.074087858200073242e-03
7.435157895088195801e-04
1.149511337280273438e-02
2.474009990692138672e-02
2.828192710876464844e-02
1.141840219497680664e-02
2.990588545799255371e-04
2.095448970794677734e-02
2.153867483139038086e-02
9.729683399200439453e-03
2.782046794891357422e-05
6.332218647003173828e-03
1.339030265808105469e-02
4.136979579925537109e-03
2.257370948791503906e-02
8.866414427757263184e-04
1.395577564835548401e-04
9.038299322128295898e-04
4.332274198532104492e-03
6.435364484786987305e-04
1.822635531425476074e-03
3.090786933898925781e-02
5.033522844314575195e-03
1.732283830642700195e-02
1.740443706512451172e-02
1.900386810302734375e-02
1.465433835983276367e-02
1.805812120437622070e-02
4.895962774753570557e-04
2.069020271301269531e-02
2.023592591285705566e-03
8.244663476943969727e-03
1.853531599044799805e-02
1.792377233505249023e-02
3.895193338394165039e-03
1.269131898880004883e-04
2.071619033813476562e-02
7.742434740066528320e-03
1.548752188682556152e-04
7.081836462020874023e-03
1.728898286819458008e-02
4.591643810272216797e-04
2.190768718719482422e-02
9.094506502151489258e-03
1.567649841308593750e-02
2.077287435531616211e-02
1.565385609865188599e-04
1.714324951171875000e-02
9.189188480377197266e-03
3.663897514343261719e-03
8.683800697326660156e-04
1.430734992027282715e-03
2.145075798034667969e-02
1.022446155548095703e-02
6.783664226531982422e-03
1.045458018779754639e-03
1.609966158866882324e-03
3.284923732280731201e-04
3.954023122787475586e-03
2.113389968872070312e-02
1.474833488464355469e-02
2.260857820510864258e-02
7.876694202423095703e-03
2.032017707824707031e-02
1.182276010513305664e-02
1.376038789749145508e-02
1.555144786834716797e-03
1.007556915283203125e-03
4.995614290237426758e-03
8.865058422088623047e-03
1.753842830657958984e-02
3.230214118957519531e-03
5.724787712097167969e-03
5.326136946678161621e-03
9.377956390380859375e-03
1.337438821792602539e-03
1.019025221467018127e-04
9.808540344238281250e-03
1.756513118743896484e-02
2.120405435562133789e-02
6.333529949188232422e-03
1.827573776245117188e-02
1.395976543426513672e-02
1.596313714981079102e-02
1.704782247543334961e-02
3.063082695007324219e-03
2.543419599533081055e-03
2.874180674552917480e-03
1.113960146903991699e-02
2.201044559478759766e-02
2.415859699249267578e-02
2.484750747680664062e-02
2.841943502426147461e-02
2.317953109741210938e-02
9.229034185409545898e-04
2.457022666931152344e-03
2.438259124755859375e-02
6.608441472053527832e-04
7.046639919281005859e-03
2.993106842041015625e-03
1.663863658905029297e-04
3.656372427940368652e-04
9.628415107727050781e-03
1.377260684967041016e-02
1.467120647430419922e-02
4.594832658767700195e-03
4.699677228927612305e-04
4.636228084564208984e-03
2.303290367126464844e-02
3.842636942863464355e-03
2.239257097244262695e-03
2.311277389526367188e-02
1.268409192562103271e-03
9.580478072166442871e-04
7.151141762733459473e-04
1.141256093978881836e-02
2.097114920616149902e-03
9.670615196228027344e-03
2.478086948394775391e-02
1.758551597595214844e-02
1.046085357666015625e-02
1.045519113540649414e-02
8.093863725662231445e-04
1.524072885513305664e-02
4.911065101623535156e-03
4.365593194961547852e-04
6.772696971893310547e-03
2.523269504308700562e-04
2.276692539453506470e-04
1.053912565112113953e-04
1.141005754470825195e-02
1.161098480224609375e-03
2.609714865684509277e-04
1.659506559371948242e-02
1.187108457088470459e-03
1.580238342285156250e-02
2.492511272430419922e-02
1.611441373825073242e-03
1.074063777923583984e-02
8.154302835464477539e-03
4.773288965225219727e-03
1.592382788658142090e-03
2.152532339096069336e-03
2.608823776245117188e-02
9.213685989379882812e-03
9.008318185806274414e-03
2.494201064109802246e-03
1.356559991836547852e-02
1.879310607910156250e-02
1.263260841369628906e-02
1.904779672622680664e-02
8.586883544921875000e-03
5.298435688018798828e-03
3.112852573394775391e-02
1.306748390197753906e-02
8.273541927337646484e-03
7.224977016448974609e-04
2.152764797210693359e-02
2.446520328521728516e-02
6.309509277343750000e-03
6.597846746444702148e-03
9.211421012878417969e-03
6.010115146636962891e-03
1.119840145111083984e-02
1.167261600494384766e-02
2.321326732635498047e-02
1.673108339309692383e-02
6.557404994964599609e-03
8.992888033390045166e-04
2.168774604797363281e-03
9.582638740539550781e-03
2.547639608383178711e-02
1.169359683990478516e-02
1.741701364517211914e-02
2.365455031394958496e-03
8.152961730957031250e-03
3.788679838180541992e-03
2.000704407691955566e-03
1.846873760223388672e-02
2.141308784484863281e-02
6.973743438720703125e-03
3.244495019316673279e-05
2.979844808578491211e-03
6.510078907012939453e-03
2.655580639839172363e-03
6.055861711502075195e-03
1.956932246685028076e-03
2.850180864334106445e-02
1.603245735168457031e-03
1.241180300712585449e-02
9.104251861572265625e-03
3.036633133888244629e-03
1.431208848953247070e-02
1.881313323974609375e-02
1.439630985260009766e-02
1.997560262680053711e-03
1.600489020347595215e-03
4.591435194015502930e-03
2.744458615779876709e-04
2.812221646308898926e-04
1.539182662963867188e-02
2.040731906890869141e-02
2.716612070798873901e-04
6.769672036170959473e-04
1.339558511972427368e-04
2.405411005020141602e-02
2.933233976364135742e-03
1.351231336593627930e-02
2.728447318077087402e-03
7.028520107269287109e-03
8.562743663787841797e-03
1.247352361679077148e-02
2.817004919052124023e-03
9.152382612228393555e-03
4.950091242790222168e-03
4.996508359909057617e-03
2.347171306610107422e-03
1.853518187999725342e-04
2.010583877563476562e-02
2.455607056617736816e-03
1.512241363525390625e-02
3.848642110824584961e-03
5.950301885604858398e-03
2.493220381438732147e-05
1.106452941894531250e-02
2.193562686443328857e-04
4.357323050498962402e-04
4.624113440513610840e-03
1.827132701873779297e-02
8.604526519775390625e-03
2.289459109306335449e-03
1.051017642021179199e-02
5.132853984832763672e-03
1.283383369445800781e-02
3.028243780136108398e-03
2.189397811889648438e-02
1.138430088758468628e-04
2.499711513519287109e-02
4.601627588272094727e-03
1.236334443092346191e-02
1.491510868072509766e-02
4.767298698425292969e-03
2.951398491859436035e-04
5.193084478378295898e-03
1.452803611755371094e-02
1.800879836082458496e-03
2.396136522293090820e-02
7.095485925674438477e-03
2.546322345733642578e-02
6.553828716278076172e-04
1.448231935501098633e-02
1.227399706840515137e-02
8.256852626800537109e-03
6.679803133010864258e-03
2.213530242443084717e-04
1.887053251266479492e-03
3.772407770156860352e-03
4.620462656021118164e-03
4.967868328094482422e-03
6.357803940773010254e-04
3.636986017227172852e-03
1.388313248753547668e-04
3.212168812751770020e-03
2.315431833267211914e-03
1.240932941436767578e-02
5.392134189605712891e-04
5.415305495262145996e-04
2.976477146148681641e-03
5.200386047363281250e-03
1.254163682460784912e-03
1.070129871368408203e-02
4.189014434814453125e-03
2.068355679512023926e-04
1.952387392520904541e-04
1.526224613189697266e-02
7.780194282531738281e-04
1.268293708562850952e-04
3.655627369880676270e-03
8.474737405776977539e-04
2.026006579399108887e-03
6.799772381782531738e-04
2.990722656250000000e-03
1.815128326416015625e-02
1.208043098449707031e-02
6.110161542892456055e-03
3.775015473365783691e-03
1.160148531198501587e-04
4.468768835067749023e-03
4.918545484542846680e-03
1.146149635314941406e-02
3.355611115694046021e-04
1.435223966836929321e-04
2.221375703811645508e-02
1.319080591201782227e-03
1.435145735740661621e-03
2.286627888679504395e-03
5.410052835941314697e-04
3.307789564132690430e-03
3.672465682029724121e-04
2.562180161476135254e-04
9.153604507446289062e-03
3.952067345380783081e-04
3.941148519515991211e-03
4.380922764539718628e-04
2.063512802124023438e-03
2.129241824150085449e-03
6.974907591938972473e-06
3.131590783596038818e-04
2.640292048454284668e-03
9.267851710319519043e-04
6.830804049968719482e-04
3.549858927726745605e-03
3.244616091251373291e-04
4.587732255458831787e-04
1.222379505634307861e-03
2.265974879264831543e-03
2.499186992645263672e-02
1.155421137809753418e-03
4.565101116895675659e-04
1.744842156767845154e-04
2.503895759582519531e-02
1.505315303802490234e-03
8.720252662897109985e-05
1.837730407714843750e-03
3.506727516651153564e-04
2.079111337661743164e-02
1.400321722030639648e-03
1.555383205413818359e-03
7.102847099304199219e-03
1.051992177963256836e-02
1.992118358612060547e-02
9.465217590332031250e-03
1.819282770156860352e-03
2.378574572503566742e-05
8.156657218933105469e-03
1.789093017578125000e-03
2.244949340820312500e-03
2.042718231678009033e-03
8.121132850646972656e-05
1.043364405632019043e-03
9.900212287902832031e-03
1.313157379627227783e-03
7.459819316864013672e-04
1.137346029281616211e-03
6.885305047035217285e-04
7.199570536613464355e-04
2.631366252899169922e-03
1.077584922313690186e-03
9.419769048690795898e-05
1.820147037506103516e-03
3.472909331321716309e-03
2.612397074699401855e-04
1.676839590072631836e-02
7.906928658485412598e-04
4.213839769363403320e-03
2.934604883193969727e-03
4.389315843582153320e-03
2.827107906341552734e-03
8.724480867385864258e-04
3.425598144531250000e-03
1.548424363136291504e-03
1.528002321720123291e-04
5.270019173622131348e-04
5.589574575424194336e-04
1.350671052932739258e-03
8.464232087135314941e-04
1.565609127283096313e-04
2.358108758926391602e-03
3.419578075408935547e-03
2.196058630943298340e-03
5.623817443847656250e-03
2.108156681060791016e-03
1.509953290224075317e-04
5.962364375591278076e-04
1.432672142982482910e-04
4.059784114360809326e-04
2.355918288230895996e-03
5.557000637054443359e-03
1.438483595848083496e-04
1.125788688659667969e-02
9.305775165557861328e-04
1.700311899185180664e-03
1.025669276714324951e-03
7.904060184955596924e-04
9.500384330749511719e-03
3.884434700012207031e-04
5.425006151199340820e-03
2.384521067142486572e-04
1.150017976760864258e-02
2.348738908767700195e-02
6.743669509887695312e-04
1.349233090877532959e-03
2.035215497016906738e-03
5.726236850023269653e-05
1.772299408912658691e-03
3.089621663093566895e-03
5.951449275016784668e-03
4.343613982200622559e-04
6.797015666961669922e-04
1.111388206481933594e-02
1.302134990692138672e-02
7.513314485549926758e-04
5.446225404739379883e-03
1.061961054801940918e-02
3.422573208808898926e-03
7.770389318466186523e-03
1.164481043815612793e-03
1.206114888191223145e-03
3.712363541126251221e-04
4.401095211505889893e-04
2.185385674238204956e-04
7.295385003089904785e-04
1.001358032226562500e-03
1.537525653839111328e-02
6.091333925724029541e-04
2.050346136093139648e-02
3.430675715208053589e-04
3.591179847717285156e-03
5.743920803070068359e-03
2.465522289276123047e-02
3.018558025360107422e-03
1.280337572097778320e-02
9.854346513748168945e-03
1.583278179168701172e-02
1.191133260726928711e-02
2.382993698120117188e-03
2.291157841682434082e-03
5.231350660324096680e-04
2.723373472690582275e-04
5.574703216552734375e-03
1.149646937847137451e-03
1.590527594089508057e-03
1.381300389766693115e-03
9.461939334869384766e-04
2.444498240947723389e-04
2.810470759868621826e-04
4.854649305343627930e-04
3.497488796710968018e-04
7.593780755996704102e-04
8.833587169647216797e-03
1.491002738475799561e-03
1.493766903877258301e-03
1.514814794063568115e-04
2.636574208736419678e-04
6.182491779327392578e-04
4.746345803141593933e-05
6.043195724487304688e-03
1.143768895417451859e-05
9.493827819824218750e-04
1.120857894420623779e-03
1.186996698379516602e-03
1.519270241260528564e-03
1.515161991119384766e-02
1.310437917709350586e-03
5.060762166976928711e-03
4.551410675048828125e-03
6.439894437789916992e-03
2.630203962326049805e-03
1.178361475467681885e-03
1.511722803115844727e-04
3.138743340969085693e-04
3.154180012643337250e-05
1.937851309776306152e-03
2.440780401229858398e-03
1.068845391273498535e-03
1.770618837326765060e-05
3.325060009956359863e-03
7.125496864318847656e-03
6.997704505920410156e-03
4.829559475183486938e-05
9.954497218132019043e-04
2.084970474243164062e-04
8.904635906219482422e-03
9.545087814331054688e-04
1.267921924591064453e-02
2.155136317014694214e-04
6.727576255798339844e-04
1.695379614830017090e-03
3.546997904777526855e-04
4.161179065704345703e-03
1.187199354171752930e-02
2.309773117303848267e-04
3.093704581260681152e-04
2.232380211353302002e-05
6.214380264282226562e-03
4.156231880187988281e-03
1.663988828659057617e-02
1.776471734046936035e-03
2.503335475921630859e-03
7.624834775924682617e-03
2.639852464199066162e-04
1.133427023887634277e-03
9.330183267593383789e-03
5.223453044891357422e-03
4.689693450927734375e-03
3.411695361137390137e-03
5.084693431854248047e-03
1.176908612251281738e-03
2.666085958480834961e-03
1.526847481727600098e-04
1.536893844604492188e-02
2.869203686714172363e-03
8.036345243453979492e-04
1.239394769072532654e-04
1.205563545227050781e-02
3.296472132205963135e-04
5.992576479911804199e-04
5.581676959991455078e-04
1.768931746482849121e-03
9.805291891098022461e-03
1.144064590334892273e-04
2.442188560962677002e-04
1.500740647315979004e-03
7.848888635635375977e-04
5.738437175750732422e-05
2.928942441940307617e-03
2.298802137374877930e-03
6.676018238067626953e-04
2.737253904342651367e-03
1.184225082397460938e-02
1.294910907745361328e-02
1.931309700012207031e-03
1.914128661155700684e-04
1.900032162666320801e-03
2.164453268051147461e-02
1.620993018150329590e-03
3.095977008342742920e-04
1.476210355758666992e-02
7.643431425094604492e-03
1.652860641479492188e-02
7.641091942787170410e-04
1.633130013942718506e-04
1.222181320190429688e-02
8.115358650684356689e-05
3.822386264801025391e-03
1.002442836761474609e-02
3.121942281723022461e-04
1.326106488704681396e-03
1.793980598449707031e-03
2.253532409667968750e-03
3.126770257949829102e-03
3.751087188720703125e-02
1.642078161239624023e-03
9.813189506530761719e-03
6.637573242187500000e-03
2.600550651550292969e-04
4.029110074043273926e-03
5.752965807914733887e-05
5.344599485397338867e-04
5.726888775825500488e-04
1.309424638748168945e-02
4.920698702335357666e-04
7.043872028589248657e-05
1.219496130943298340e-03
2.468705177307128906e-03
9.169336408376693726e-05
1.618653535842895508e-03
3.140807151794433594e-03
7.116720080375671387e-04
1.671350002288818359e-02
1.185543835163116455e-03
4.968494176864624023e-03
2.353948354721069336e-02
1.997157931327819824e-03
2.036169171333312988e-03
1.479792594909667969e-02
6.618313491344451904e-04
6.923526525497436523e-04
3.281325101852416992e-03
1.235121488571166992e-02
1.482319831848144531e-02
1.759417355060577393e-04
5.897343158721923828e-03
8.385330438613891602e-04
4.033982753753662109e-03
3.379434347152709961e-04
8.477330207824707031e-03
4.564762115478515625e-03
4.282072186470031738e-04
2.858396619558334351e-04
1.546263694763183594e-02
8.252933621406555176e-04
3.334730863571166992e-04
8.672177791595458984e-04
7.093548774719238281e-03
5.539953708648681641e-04
5.431398749351501465e-04
4.067659378051757812e-03
3.600746393203735352e-03
2.213139086961746216e-04
1.770186424255371094e-02
4.601702094078063965e-04
1.423668116331100464e-03
5.245774984359741211e-03
2.296686172485351562e-03
1.217342913150787354e-03
1.896277070045471191e-03
2.105540037155151367e-02
2.408546209335327148e-02
0.000000000000000000e+00
0.000000000000000000e+00
0.000000000000000000e+00
0.000000000000000000e+00
0.000000000000000000e+00
0.000000000000000000e+00
0.000000000000000000e+00
0.000000000000000000e+00
0.000000000000000000e+00
0.000000000000000000e+00
0.000000000000000000e+00
0.000000000000000000e+00
0.000000000000000000e+00
0.000000000000000000e+00
0.000000000000000000e+00
0.000000000000000000e+00
0.000000000000000000e+00
0.000000000000000000e+00
0.000000000000000000e+00
0.000000000000000000e+00
0.000000000000000000e+00
0.000000000000000000e+00
0.000000000000000000e+00
0.000000000000000000e+00
0.000000000000000000e+00
0.000000000000000000e+00
0.000000000000000000e+00
0.000000000000000000e+00
0.000000000000000000e+00
0.000000000000000000e+00
0.000000000000000000e+00
0.000000000000000000e+00
0.000000000000000000e+00
0.000000000000000000e+00
0.000000000000000000e+00
0.000000000000000000e+00
0.000000000000000000e+00
0.000000000000000000e+00
0.000000000000000000e+00
0.000000000000000000e+00
