1.101040840148925781e-02
1.678872108459472656e-02
1.557457447052001953e-02
2.873802185058593750e-02
1.536679267883300781e-02
3.016579151153564453e-02
2.232098579406738281e-02
1.685822010040283203e-02
2.716243267059326172e-02
1.514577865600585938e-02
9.769439697265625000e-03
1.837909221649169922e-02
1.872229576110839844e-02
2.339559793472290039e-02
1.769089698791503906e-02
2.599632740020751953e-02
2.053785324096679688e-02
2.195751667022705078e-02
8.879005908966064453e-03
1.942276954650878906e-02
1.757633686065673828e-02
1.785337924957275391e-02
2.446377277374267578e-02
3.091013431549072266e-02
1.292860507965087891e-02
2.207207679748535156e-02
1.531350612640380859e-02
2.354943752288818359e-02
6.784737110137939453e-03
1.977002620697021484e-02
1.945221424102783203e-02
2.326631546020507812e-02
1.539599895477294922e-02
6.973326206207275391e-03
2.140867710113525391e-02
2.424860000610351562e-02
2.213537693023681641e-02
4.985004663467407227e-03
2.509319782257080078e-02
3.368556499481201172e-02
1.178050041198730469e-02
7.271647453308105469e-03
1.225024461746215820e-02
2.613687515258789062e-02
1.695966720581054688e-02
2.387452125549316406e-02
2.296209335327148438e-02
1.553702354431152344e-02
2.580952644348144531e-02
4.213774204254150391e-02
1.844668388366699219e-02
1.326370239257812500e-02
2.864217758178710938e-02
3.539538383483886719e-02
1.444101333618164062e-02
8.272171020507812500e-03
2.044516801834106445e-02
2.775961160659790039e-02
2.640283107757568359e-02
1.889657974243164062e-02
2.981567382812500000e-02
1.909667253494262695e-02
1.102948188781738281e-02
2.669680118560791016e-02
2.066409587860107422e-02
2.548718452453613281e-02
1.613730192184448242e-02
2.481371164321899414e-02
1.804798841476440430e-02
1.442360877990722656e-02
1.963233947753906250e-02
1.524579524993896484e-02
1.569336652755737305e-02
2.477240562438964844e-02
1.301592588424682617e-02
1.070663332939147949e-02
2.117997407913208008e-02
2.560126781463623047e-02
3.713285923004150391e-02
2.344608306884765625e-02
9.660601615905761719e-03
1.355719566345214844e-02
1.840746402740478516e-02
2.155208587646484375e-02
2.070093154907226562e-02
2.313441038131713867e-02
1.946830749511718750e-02
3.094947338104248047e-02
1.114892959594726562e-02
1.830446720123291016e-02
1.315367221832275391e-02
2.019870281219482422e-02
2.699851989746093750e-02
7.005006074905395508e-03
1.856923103332519531e-02
1.315701007843017578e-02
1.108688116073608398e-02
3.213834762573242188e-02
2.198028564453125000e-02
2.573257684707641602e-02
1.243674755096435547e-02
2.740550041198730469e-02
2.278590202331542969e-02
3.052067756652832031e-02
1.805257797241210938e-02
3.564965724945068359e-02
2.917563915252685547e-02
1.547765731811523438e-02
2.763855457305908203e-02
3.686845302581787109e-02
3.879988193511962891e-02
2.121436595916748047e-02
3.100669384002685547e-02
1.819336414337158203e-02
2.016234397888183594e-02
3.180885314941406250e-02
1.068121194839477539e-02
1.794683933258056641e-02
5.286291241645812988e-03
2.291548252105712891e-02
2.754348516464233398e-02
1.748394966125488281e-02
1.441711187362670898e-02
3.133916854858398438e-02
1.872706413269042969e-02
1.390230655670166016e-02
2.884602546691894531e-02
6.602644920349121094e-03
1.228541135787963867e-02
1.026102900505065918e-02
9.228765964508056641e-03
1.859235763549804688e-02
3.017604351043701172e-02
1.181906461715698242e-02
3.098547458648681641e-02
2.194166183471679688e-02
2.363514900207519531e-02
1.964670419692993164e-02
2.870440483093261719e-02
4.823148250579833984e-03
2.098166942596435547e-02
4.284524917602539062e-02
1.959192752838134766e-02
1.809465885162353516e-02
1.559197902679443359e-02
1.370954513549804688e-02
1.138341426849365234e-02
2.866590023040771484e-02
2.950537204742431641e-02
3.078651428222656250e-02
2.094340324401855469e-02
4.298180341720581055e-03
1.262325048446655273e-02
1.723170280456542969e-02
2.360737323760986328e-02
2.438378334045410156e-02
2.053070068359375000e-02
6.390869617462158203e-03
7.493048906326293945e-03
1.782631874084472656e-02
1.301789283752441406e-02
1.811629533767700195e-02
3.489553928375244141e-02
1.802515983581542969e-02
3.593313694000244141e-02
3.409969806671142578e-02
2.072608470916748047e-02
1.351809501647949219e-02
1.581513881683349609e-02
1.433634757995605469e-02
2.044081687927246094e-02
1.876050233840942383e-02
3.187012672424316406e-02
1.876568794250488281e-02
1.770031452178955078e-02
1.700553297996520996e-02
2.261829376220703125e-02
1.655250787734985352e-02
3.422069549560546875e-02
2.018368244171142578e-02
1.282644271850585938e-02
2.129262685775756836e-02
1.474916934967041016e-02
1.468533277511596680e-02
1.486915349960327148e-02
2.757990360260009766e-02
2.801513671875000000e-02
1.911056041717529297e-02
3.614759445190429688e-02
3.782081604003906250e-02
2.263569831848144531e-02
2.299213409423828125e-02
2.534401416778564453e-02
1.189470291137695312e-02
3.125071525573730469e-02
1.907539367675781250e-02
2.099025249481201172e-02
3.027462959289550781e-02
4.476040601730346680e-03
1.105356216430664062e-02
1.128840446472167969e-02
1.095360517501831055e-02
1.813149452209472656e-02
2.797937393188476562e-02
3.424447774887084961e-02
2.525651454925537109e-02
1.354241371154785156e-02
2.446073293685913086e-02
2.952480316162109375e-02
4.177618026733398438e-02
2.382087707519531250e-02
3.283077478408813477e-02
2.083086967468261719e-02
8.409976959228515625e-03
2.373433113098144531e-02
1.116669178009033203e-02
2.345609664916992188e-02
1.714712381362915039e-02
3.475558757781982422e-02
3.154098987579345703e-02
3.014540672302246094e-02
1.141321659088134766e-02
9.196877479553222656e-03
8.696854114532470703e-03
1.805603504180908203e-02
2.135205268859863281e-02
2.228200435638427734e-02
1.725399494171142578e-02
1.592463254928588867e-02
1.804196834564208984e-02
3.139853477478027344e-02
1.788973808288574219e-02
2.840363979339599609e-02
8.195996284484863281e-03
1.562738418579101562e-02
1.492470502853393555e-02
1.749682426452636719e-02
3.286850452423095703e-02
1.647645235061645508e-02
1.828539371490478516e-02
1.902961730957031250e-02
2.440536022186279297e-02
3.415453433990478516e-02
4.598617553710937500e-03
2.919387817382812500e-02
2.656495571136474609e-02
1.809489727020263672e-02
1.639819145202636719e-02
2.118468284606933594e-02
1.127195358276367188e-02
2.129101753234863281e-02
1.510256528854370117e-02
2.130162715911865234e-02
2.153468132019042969e-02
1.811730861663818359e-02
1.907342672348022461e-02
0.000000000000000000e+00
0.000000000000000000e+00
0.000000000000000000e+00
0.000000000000000000e+00
0.000000000000000000e+00
0.000000000000000000e+00
0.000000000000000000e+00
0.000000000000000000e+00
0.000000000000000000e+00
0.000000000000000000e+00
0.000000000000000000e+00
0.000000000000000000e+00
0.000000000000000000e+00
0.000000000000000000e+00
0.000000000000000000e+00
0.000000000000000000e+00
0.000000000000000000e+00
0.000000000000000000e+00
0.000000000000000000e+00
0.000000000000000000e+00
