8.031845092773437500e-03
2.698975801467895508e-02
1.207321882247924805e-03
8.688300848007202148e-03
2.059191465377807617e-04
4.572391510009765625e-03
4.034113883972167969e-02
1.937486231327056885e-04
5.028158426284790039e-03
2.399235963821411133e-02
1.117698848247528076e-03
1.082293689250946045e-03
7.387939840555191040e-04
1.971200108528137207e-04
1.540747284889221191e-02
7.935225963592529297e-03
3.656046465039253235e-05
1.092928647994995117e-02
2.064383029937744141e-02
1.627221703529357910e-03
5.612850189208984375e-03
2.520307898521423340e-03
8.715450763702392578e-03
2.741003036499023438e-02
3.106929361820220947e-04
1.483540982007980347e-04
1.627820730209350586e-02
1.973491162061691284e-03
1.851052045822143555e-03
1.180179417133331299e-03
1.488268375396728516e-03
5.032896995544433594e-02
8.303284645080566406e-03
1.527652144432067871e-02
1.490166783332824707e-02
1.667268574237823486e-03
1.074618101119995117e-02
1.902472972869873047e-02
6.225071847438812256e-04
2.522058784961700439e-04
1.983568072319030762e-04
3.165200352668762207e-03
3.424978256225585938e-02
7.875612936913967133e-06
2.015493810176849365e-03
7.676661014556884766e-03
2.615106105804443359e-02
4.865932464599609375e-02
8.625276386737823486e-04
9.213835000991821289e-04
1.621645689010620117e-02
5.048558115959167480e-03
2.281653881072998047e-02
1.252979040145874023e-02
1.674041152000427246e-03
2.994745969772338867e-02
5.406066775321960449e-04
8.203297853469848633e-03
8.149929344654083252e-04
9.538903832435607910e-04
1.580184698104858398e-02
1.570880413055419922e-03
7.288902997970581055e-04
7.773146033287048340e-03
1.371249556541442871e-03
9.488649666309356689e-04
5.641371011734008789e-03
3.986200317740440369e-05
5.652219057083129883e-03
9.169727563858032227e-04
3.707483410835266113e-03
2.201490104198455811e-03
6.527379155158996582e-04
3.073483705520629883e-03
1.240843534469604492e-02
5.461543798446655273e-03
2.539837360382080078e-02
2.130907773971557617e-02
2.595148980617523193e-04
1.822069287300109863e-03
1.254610717296600342e-03
6.554499268531799316e-04
1.834064722061157227e-03
4.075299948453903198e-04
1.110415905714035034e-04
8.525133132934570312e-03
7.166534662246704102e-03
4.354670643806457520e-03
3.296017646789550781e-02
3.051944077014923096e-04
6.651617586612701416e-04
5.057407543063163757e-05
1.730412244796752930e-02
2.268826961517333984e-02
2.773851156234741211e-03
7.096931338310241699e-03
9.482651948928833008e-04
8.348762989044189453e-03
3.906071186065673828e-02
3.585219383239746094e-04
3.278374671936035156e-03
7.037557661533355713e-04
7.957257330417633057e-04
4.155308008193969727e-03
2.203270792961120605e-03
1.934510469436645508e-02
3.251014277338981628e-05
1.534664630889892578e-02
2.879083156585693359e-03
7.418543100357055664e-04
2.135664224624633789e-02
9.071677923202514648e-04
6.962209939956665039e-03
1.628297567367553711e-02
8.788049221038818359e-03
6.940856110304594040e-06
5.995452404022216797e-03
3.636109828948974609e-02
1.254981756210327148e-02
1.631909608840942383e-02
6.325900554656982422e-03
2.543854713439941406e-02
1.012673601508140564e-04
1.153761148452758789e-02
1.547265052795410156e-02
7.927790284156799316e-05
1.321017742156982422e-02
3.049299120903015137e-03
2.966201305389404297e-02
1.845292747020721436e-03
1.673752069473266602e-02
2.376180887222290039e-02
1.467061042785644531e-02
5.773350596427917480e-03
2.804752439260482788e-04
1.555448770523071289e-02
6.269544363021850586e-03
2.682246267795562744e-04
3.623831272125244141e-02
8.491128683090209961e-03
2.427279949188232422e-03
3.836527466773986816e-04
1.865804195404052734e-03
2.611517906188964844e-03
4.279017448425292969e-03
1.806288957595825195e-02
1.258695125579833984e-02
1.329576969146728516e-02
2.575540542602539062e-02
6.351210176944732666e-04
2.479457855224609375e-02
2.110660076141357422e-03
4.679635167121887207e-03
1.912698149681091309e-03
1.878982782363891602e-02
3.799721598625183105e-03
2.023880369961261749e-05
1.417040824890136719e-02
9.434856474399566650e-05
7.971823215484619141e-03
9.534269571304321289e-03
4.501193761825561523e-03
5.076497793197631836e-03
2.938121557235717773e-03
1.938396692276000977e-02
1.016655005514621735e-05
1.108512282371520996e-02
1.660063862800598145e-03
4.328414797782897949e-04
3.553405404090881348e-03
4.669383168220520020e-03
3.363287448883056641e-02
1.856692135334014893e-03
8.588641881942749023e-03
2.118301391601562500e-02
3.169581294059753418e-03
5.502216517925262451e-04
1.147618889808654785e-02
7.893331348896026611e-04
3.697220236063003540e-04
1.753330230712890625e-03
2.914011478424072266e-03
1.331886649131774902e-02
2.674430608749389648e-03
1.483547687530517578e-02
1.979283988475799561e-03
1.789126545190811157e-04
3.104463219642639160e-03
1.172833144664764404e-03
3.699108958244323730e-03
4.203826189041137695e-03
1.404756307601928711e-02
1.097414642572402954e-04
2.727580070495605469e-02
1.255340874195098877e-03
1.526519656181335449e-02
8.516460657119750977e-04
3.028884530067443848e-04
3.789797425270080566e-03
8.154287934303283691e-05
6.384700536727905273e-04
5.908906459808349609e-04
1.052835583686828613e-02
1.866722106933593750e-02
4.091188311576843262e-03
4.047557711601257324e-03
9.864605963230133057e-04
1.453846693038940430e-03
8.743032813072204590e-04
7.023513317108154297e-04
1.082819700241088867e-02
4.720926284790039062e-03
8.406266570091247559e-04
1.037579774856567383e-02
1.201136037707328796e-04
4.521235823631286621e-04
2.965424209833145142e-05
8.063822984695434570e-03
1.473557949066162109e-02
1.240056008100509644e-03
6.208522245287895203e-05
3.369116783142089844e-02
3.002554178237915039e-03
7.966756820678710938e-03
4.691928625106811523e-03
2.765908837318420410e-03
4.435375332832336426e-03
2.019703388214111328e-02
1.150622963905334473e-03
2.612389624118804932e-03
1.977281644940376282e-04
4.291208460927009583e-05
9.285092353820800781e-03
6.151407957077026367e-03
3.363341093063354492e-03
1.106166839599609375e-02
3.703534603118896484e-03
6.350636482238769531e-03
8.544415235519409180e-03
9.057372808456420898e-04
1.742489635944366455e-03
8.748918771743774414e-03
1.074381172657012939e-03
7.830500602722167969e-03
9.450137615203857422e-03
3.845304250717163086e-03
7.878243923187255859e-04
1.946352422237396240e-03
3.361795097589492798e-04
1.445317268371582031e-02
5.882233381271362305e-04
6.318166851997375488e-04
4.630208015441894531e-03
1.545874401926994324e-04
4.721321165561676025e-04
1.969689130783081055e-02
2.802461385726928711e-03
5.674600601196289062e-03
1.894450187683105469e-02
5.783259868621826172e-03
5.522906780242919922e-03
4.146248102188110352e-03
2.792221494019031525e-05
2.107225358486175537e-03
3.943949937820434570e-03
6.503537297248840332e-04
4.885002970695495605e-03
4.496824741363525391e-02
4.680961370468139648e-03
1.840339973568916321e-04
8.899047970771789551e-04
2.526307106018066406e-02
5.084797739982604980e-04
7.133603096008300781e-03
6.138041615486145020e-03
3.990735858678817749e-04
2.774335443973541260e-04
1.183789968490600586e-02
3.046786785125732422e-02
8.908845484256744385e-04
1.142863184213638306e-04
3.650665283203125000e-03
6.112784147262573242e-03
2.140980958938598633e-02
3.157973289489746094e-02
1.777693629264831543e-03
2.719700336456298828e-03
3.653645515441894531e-03
4.161953926086425781e-03
3.105723857879638672e-02
1.684713363647460938e-02
2.882212400436401367e-03
4.255883395671844482e-04
3.515318036079406738e-03
4.355981945991516113e-03
3.543883562088012695e-03
1.900804042816162109e-02
3.654547035694122314e-04
1.567637920379638672e-02
2.767258882522583008e-02
1.928210258483886719e-02
4.972153902053833008e-02
1.100659370422363281e-03
2.231872081756591797e-02
4.646956920623779297e-03
1.199111342430114746e-03
8.259806782007217407e-05
4.293251037597656250e-02
1.026394963264465332e-02
3.331258893013000488e-03
4.750546067953109741e-04
1.763395965099334717e-03
2.255216240882873535e-03
2.984315156936645508e-03
6.518401205539703369e-04
4.173116758465766907e-05
3.649607300758361816e-03
3.822699189186096191e-03
9.796947240829467773e-03
3.861057758331298828e-02
4.620477557182312012e-04
1.503455638885498047e-02
1.209273934364318848e-03
2.111513167619705200e-04
3.114986419677734375e-02
9.166896343231201172e-03
1.426838338375091553e-03
1.265203952789306641e-02
3.170311450958251953e-03
1.280742883682250977e-02
5.392003059387207031e-02
2.860017120838165283e-04
2.885367721319198608e-04
9.262934327125549316e-04
4.127204418182373047e-03
2.987265586853027344e-02
2.752017974853515625e-02
2.729821205139160156e-02
2.484726905822753906e-02
1.911923289299011230e-03
3.532731533050537109e-02
2.552068233489990234e-02
1.862835884094238281e-02
8.856356143951416016e-03
3.681349754333496094e-02
1.813173294067382812e-02
7.862709462642669678e-04
2.817416191101074219e-02
1.129984855651855469e-03
1.213189959526062012e-02
4.794478416442871094e-03
1.055099070072174072e-03
1.556748151779174805e-02
2.620649337768554688e-02
3.441679477691650391e-02
4.401877522468566895e-03
2.056705951690673828e-02
6.401181221008300781e-03
2.912151813507080078e-02
3.358793258666992188e-02
1.902893185615539551e-03
3.356862068176269531e-02
2.888433635234832764e-03
6.067618727684020996e-03
2.132959663867950439e-03
2.026341855525970459e-03
2.818083763122558594e-02
2.273237705230712891e-02
1.226648688316345215e-03
9.653940796852111816e-04
3.854292631149291992e-02
1.748132705688476562e-02
2.812528610229492188e-02
2.587127685546875000e-02
3.918334841728210449e-03
7.546275854110717773e-03
3.414607048034667969e-02
6.210394203662872314e-04
7.369276136159896851e-05
1.386785507202148438e-02
3.590571880340576172e-02
3.228113055229187012e-04
9.625963866710662842e-04
1.883924007415771484e-03
3.234550356864929199e-03
4.764273762702941895e-03
1.104027032852172852e-03
1.939159631729125977e-02
1.232787966728210449e-03
9.193420410156250000e-04
1.775527000427246094e-02
3.149682283401489258e-02
3.528118133544921875e-03
6.514608860015869141e-02
1.368066668510437012e-02
1.340210437774658203e-02
1.854109764099121094e-02
3.270077705383300781e-02
3.697592765092849731e-04
2.260573208332061768e-03
3.776863217353820801e-03
3.335309028625488281e-02
6.383180618286132812e-03
4.407024383544921875e-02
2.385839819908142090e-03
1.315042376518249512e-02
3.305810689926147461e-02
1.389235258102416992e-02
5.452595651149749756e-04
5.578294396400451660e-03
1.160949468612670898e-02
1.047551631927490234e-03
2.070963382720947266e-02
1.426130533218383789e-02
7.178246974945068359e-03
1.153045892715454102e-02
2.266192436218261719e-02
2.023088932037353516e-02
6.395988166332244873e-04
6.521902978420257568e-04
2.868199348449707031e-02
3.112876415252685547e-02
1.064579933881759644e-03
3.965124487876892090e-03
2.888989448547363281e-02
4.949159920215606689e-04
2.614301443099975586e-02
3.137701749801635742e-02
4.601944237947463989e-04
6.844848394393920898e-04
1.220369338989257812e-02
2.230966091156005859e-02
2.705305814743041992e-03
1.239219307899475098e-02
1.924785971641540527e-02
2.803492546081542969e-02
1.533234119415283203e-02
7.130414247512817383e-03
2.174156904220581055e-02
3.006684780120849609e-02
1.500613987445831299e-03
9.355902671813964844e-03
1.400536298751831055e-02
2.483703196048736572e-03
2.882301807403564453e-02
3.531867265701293945e-02
9.405344724655151367e-03
1.940828561782836914e-02
3.108817338943481445e-02
3.240421414375305176e-03
7.932364940643310547e-03
3.492653369903564453e-02
4.689693450927734375e-03
6.962284445762634277e-03
2.434499561786651611e-03
4.619717597961425781e-02
4.148930311203002930e-03
2.852034568786621094e-02
1.407556235790252686e-03
2.228736877441406250e-03
2.665472030639648438e-02
2.621877193450927734e-02
3.387175500392913818e-03
1.376515626907348633e-02
3.575608134269714355e-03
3.514480590820312500e-02
2.142947912216186523e-02
1.105450093746185303e-03
2.919834852218627930e-02
5.222111940383911133e-03
1.033905893564224243e-03
5.795732140541076660e-03
3.345191478729248047e-02
6.515160202980041504e-04
2.936258912086486816e-03
3.104758262634277344e-02
1.163315773010253906e-02
2.296048402786254883e-02
3.042024374008178711e-02
2.471685409545898438e-02
1.003649085760116577e-03
4.219126701354980469e-02
3.016199916601181030e-04
2.705506980419158936e-03
5.864217877388000488e-03
6.168168038129806519e-04
3.671503067016601562e-02
8.544474840164184570e-03
2.152687311172485352e-02
1.767516136169433594e-02
2.730560302734375000e-02
2.521139383316040039e-02
5.494244396686553955e-04
1.833176612854003906e-02
3.209002315998077393e-04
4.219412803649902344e-03
2.604383230209350586e-02
1.648849248886108398e-02
1.903039216995239258e-02
2.914524078369140625e-02
2.844357490539550781e-02
2.121484279632568359e-02
1.109458506107330322e-03
5.023077130317687988e-03
4.253315925598144531e-02
1.463063061237335205e-03
1.833683252334594727e-02
5.969732999801635742e-03
4.485040903091430664e-03
2.848312258720397949e-03
8.973300457000732422e-03
3.030583262443542480e-03
4.456162452697753906e-03
4.805088043212890625e-02
3.049984574317932129e-03
3.877753019332885742e-02
2.818119525909423828e-02
3.403967618942260742e-02
1.688295602798461914e-02
1.123043894767761230e-02
1.406145095825195312e-02
3.809416294097900391e-02
1.672342419624328613e-02
2.817857265472412109e-02
2.756094932556152344e-02
8.692622184753417969e-03
1.655793190002441406e-02
4.678405821323394775e-04
4.301846027374267578e-02
3.270351886749267578e-02
1.643694937229156494e-03
2.482151985168457031e-02
1.493436098098754883e-02
3.543257713317871094e-02
3.583669662475585938e-02
1.067563891410827637e-02
7.981657981872558594e-04
1.496128737926483154e-03
2.176421880722045898e-02
2.675242722034454346e-04
4.419994354248046875e-02
1.598939299583435059e-03
3.243398666381835938e-02
2.856683731079101562e-02
1.314836740493774414e-02
6.879240274429321289e-03
4.518181085586547852e-03
3.133624792098999023e-03
5.091965198516845703e-03
6.751254200935363770e-03
5.161613225936889648e-03
3.392505645751953125e-02
5.029976367950439453e-03
4.447817802429199219e-02
1.776605844497680664e-02
4.179489612579345703e-02
3.509277105331420898e-02
8.989453315734863281e-03
1.404833793640136719e-02
3.059148788452148438e-02
1.787468791007995605e-02
4.719004034996032715e-03
3.278303146362304688e-02
9.892582893371582031e-03
1.614683866500854492e-02
6.001174449920654297e-03
1.700526475906372070e-02
2.863898873329162598e-03
2.959185838699340820e-02
2.112489938735961914e-02
1.668438315391540527e-03
2.310013771057128906e-02
3.422141075134277344e-02
8.891791105270385742e-03
2.245068550109863281e-02
2.778422832489013672e-02
3.502503037452697754e-03
2.111718058586120605e-03
3.231567144393920898e-02
1.332968473434448242e-02
2.310276031494140625e-03
3.511142730712890625e-02
2.876174449920654297e-02
9.424179792404174805e-03
2.689063549041748047e-02
3.625154495239257812e-04
6.006345152854919434e-03
2.035605907440185547e-02
8.497446775436401367e-03
2.399033308029174805e-02
1.878434419631958008e-02
2.530777454376220703e-02
4.946291446685791016e-04
3.401145339012145996e-03
1.628255844116210938e-02
1.082402467727661133e-02
5.122184753417968750e-03
2.131175994873046875e-02
2.041883766651153564e-03
1.806879043579101562e-02
4.848837852478027344e-03
2.801930904388427734e-02
1.686108112335205078e-02
1.900777220726013184e-03
8.433237671852111816e-04
2.184545993804931641e-02
1.495462656021118164e-02
2.666127681732177734e-02
7.221736013889312744e-04
3.146713972091674805e-02
2.203452587127685547e-02
1.634499430656433105e-02
2.832305431365966797e-02
1.681691408157348633e-02
1.338505744934082031e-02
2.957642078399658203e-03
2.546894550323486328e-02
2.434819936752319336e-02
3.862082958221435547e-02
3.609448671340942383e-03
3.399276733398437500e-02
4.074323177337646484e-02
5.645990371704101562e-02
3.910765051841735840e-03
3.453677892684936523e-02
1.159802079200744629e-02
5.416683852672576904e-04
2.642506361007690430e-02
4.422485828399658203e-03
3.435581922531127930e-02
2.509260177612304688e-02
2.197957038879394531e-02
9.381115436553955078e-03
2.630352973937988281e-02
1.952803134918212891e-02
1.407384872436523438e-03
2.267897129058837891e-02
7.951945066452026367e-03
1.620268821716308594e-02
2.041488885879516602e-03
8.519470691680908203e-03
2.419978380203247070e-02
1.499211788177490234e-02
9.921081364154815674e-04
1.125544309616088867e-02
7.121749222278594971e-04
3.810167312622070312e-03
9.761229157447814941e-04
2.568352222442626953e-02
5.011603236198425293e-03
3.931212425231933594e-02
2.759015560150146484e-02
2.297049760818481445e-02
1.095977425575256348e-02
4.275262355804443359e-03
2.924126386642456055e-02
1.031219959259033203e-02
9.345561265945434570e-04
6.988406181335449219e-03
2.275002002716064453e-02
1.322392374277114868e-03
2.224183082580566406e-02
2.351629734039306641e-02
3.991258144378662109e-02
7.829628884792327881e-04
5.803406238555908203e-03
1.032480597496032715e-02
1.978731155395507812e-02
3.289878368377685547e-02
2.574080228805541992e-02
4.933744668960571289e-03
3.949955105781555176e-03
1.862132549285888672e-02
3.326654434204101562e-02
3.782558441162109375e-02
1.777279376983642578e-02
9.947538375854492188e-03
2.770900726318359375e-02
1.240378618240356445e-02
1.463311910629272461e-02
2.880758047103881836e-02
2.042311429977416992e-02
2.333354949951171875e-02
7.737219333648681641e-03
1.385784149169921875e-02
1.153208315372467041e-03
8.896291255950927734e-03
8.246719837188720703e-03
4.030108451843261719e-03
3.577291965484619141e-03
4.063773155212402344e-02
8.825957775115966797e-03
2.231359481811523438e-03
1.646298170089721680e-02
3.222811222076416016e-02
2.046488225460052490e-03
9.332120418548583984e-03
5.883008241653442383e-03
1.626640558242797852e-02
2.597844600677490234e-02
9.526848793029785156e-03
5.888521671295166016e-03
3.300964832305908203e-02
1.885026693344116211e-02
2.438440918922424316e-03
1.439791917800903320e-02
4.656203091144561768e-04
1.098209619522094727e-02
8.488237857818603516e-03
2.855703234672546387e-03
1.039553433656692505e-03
9.772293269634246826e-04
4.330143332481384277e-03
1.806843280792236328e-02
2.539741992950439453e-02
5.310639739036560059e-03
4.235231876373291016e-02
1.369631290435791016e-02
2.042335271835327148e-02
2.132129669189453125e-02
7.457323372364044189e-04
2.543103694915771484e-02
1.930403709411621094e-02
1.693108677864074707e-02
1.311875879764556885e-03
1.592136919498443604e-03
2.189368009567260742e-02
1.901698112487792969e-02
4.928141832351684570e-03
6.375908851623535156e-03
2.742290496826171875e-02
2.486407756805419922e-03
1.472115516662597656e-03
3.169625997543334961e-03
3.324583172798156738e-03
2.947434782981872559e-03
1.201945543289184570e-02
2.575211226940155029e-03
4.961252212524414062e-03
1.268662512302398682e-03
6.175696849822998047e-03
5.336380004882812500e-02
7.123202085494995117e-03
2.964484691619873047e-02
2.329421043395996094e-02
2.867215871810913086e-02
4.832446575164794922e-03
3.324642777442932129e-03
8.002892136573791504e-04
6.090819835662841797e-03
3.120553493499755859e-02
3.702305257320404053e-04
1.567386090755462646e-03
2.551656961441040039e-02
3.738716244697570801e-03
1.301892101764678955e-03
2.879643440246582031e-02
6.284534931182861328e-03
4.315882921218872070e-03
2.409470081329345703e-02
2.656090259552001953e-02
1.132771372795104980e-03
5.218863487243652344e-03
1.326727867126464844e-02
2.567660808563232422e-02
3.120225667953491211e-02
3.516048192977905273e-03
1.263290643692016602e-02
7.054120302200317383e-03
1.874011754989624023e-02
3.994655609130859375e-02
1.420438289642333984e-02
1.148499548435211182e-03
2.327769994735717773e-02
2.666234970092773438e-02
1.116144657135009766e-02
1.580297946929931641e-03
7.606387138366699219e-03
2.642378211021423340e-03
1.834720373153686523e-02
5.619838833808898926e-03
2.641338109970092773e-02
6.544619798660278320e-03
1.930135488510131836e-02
4.069447517395019531e-03
2.307432889938354492e-02
2.792298793792724609e-03
4.218471050262451172e-02
1.234221458435058594e-02
4.454278945922851562e-02
1.317715644836425781e-02
6.367370486259460449e-03
3.780257701873779297e-02
3.918927907943725586e-02
6.506919860839843750e-03
1.902627944946289062e-02
2.075356245040893555e-02
3.104373812675476074e-03
1.212540268898010254e-02
1.369021832942962646e-03
2.650924026966094971e-03
3.094434738159179688e-02
5.572676658630371094e-03
1.256555318832397461e-02
8.487761020660400391e-03
8.913762867450714111e-04
3.338903188705444336e-02
1.698094606399536133e-02
2.365685999393463135e-03
2.891242504119873047e-02
5.575090646743774414e-03
1.572126150131225586e-02
2.391672134399414062e-02
2.820277214050292969e-02
1.177600026130676270e-02
1.047663390636444092e-04
9.892761707305908203e-03
5.514323711395263672e-03
1.372113823890686035e-03
5.186218768358230591e-04
1.506453752517700195e-02
1.816160976886749268e-03
3.266751766204833984e-03
5.012571811676025391e-03
1.742616295814514160e-03
2.562761306762695312e-02
7.150247693061828613e-04
3.783956170082092285e-03
1.174271106719970703e-03
1.388564705848693848e-04
2.597250044345855713e-03
1.724269241094589233e-04
6.494261324405670166e-04
2.762144804000854492e-02
8.628889918327331543e-05
2.419516444206237793e-03
8.492283523082733154e-04
2.325177192687988281e-02
1.072781160473823547e-04
3.676488995552062988e-04
3.438055515289306641e-02
5.129247903823852539e-03
1.489957794547080994e-04
4.327642917633056641e-02
3.365170955657958984e-02
1.811438798904418945e-02
3.763988614082336426e-03
1.451179385185241699e-03
3.407478332519531250e-03
9.306930005550384521e-04
7.876589894294738770e-03
1.506656408309936523e-04
1.069620251655578613e-03
2.616196870803833008e-04
1.024767756462097168e-02
2.092726528644561768e-03
8.912503719329833984e-03
4.865154623985290527e-04
2.020984888076782227e-02
1.217252016067504883e-02
1.017317175865173340e-03
4.344105720520019531e-03
7.245875895023345947e-04
1.963531970977783203e-02
6.157010793685913086e-04
3.863610327243804932e-04
2.641513943672180176e-03
7.529258728027343750e-03
4.251122474670410156e-03
9.007863700389862061e-04
3.374391794204711914e-02
4.841879010200500488e-03
2.447754144668579102e-03
3.471393138170242310e-04
4.285424947738647461e-04
9.576641023159027100e-04
6.482228636741638184e-04
1.568980515003204346e-04
1.215465366840362549e-03
1.217566430568695068e-03
3.101769834756851196e-05
1.275038719177246094e-02
2.796128392219543457e-03
2.048259973526000977e-02
2.971279621124267578e-02
4.681217670440673828e-02
3.218364715576171875e-02
2.756230533123016357e-04
1.405781507492065430e-02
1.608031988143920898e-02
2.463948726654052734e-02
3.451064229011535645e-03
2.204090356826782227e-02
1.090664416551589966e-03
1.147955656051635742e-02
1.996226608753204346e-03
1.029834151268005371e-03
1.137560606002807617e-02
3.843918442726135254e-03
5.176931619644165039e-03
6.861574947834014893e-04
9.513720870018005371e-04
6.767243146896362305e-03
9.263455867767333984e-04
2.644705772399902344e-02
8.256569504737854004e-03
1.058902591466903687e-03
3.920429944992065430e-02
2.560287714004516602e-02
3.638607263565063477e-02
1.718560233712196350e-04
3.282791376113891602e-02
3.083318471908569336e-03
1.954652369022369385e-03
1.464265584945678711e-02
1.852321624755859375e-02
1.227863132953643799e-03
1.678563654422760010e-03
6.319910287857055664e-03
1.245167851448059082e-02
7.263481616973876953e-03
3.195011615753173828e-02
2.736151218414306641e-03
3.457260131835937500e-02
1.715943217277526855e-03
1.868504285812377930e-02
8.126534521579742432e-05
1.482050865888595581e-04
2.002704143524169922e-02
3.764241933822631836e-03
6.073087453842163086e-03
6.816908717155456543e-04
1.392352581024169922e-02
3.074425458908081055e-02
7.309131324291229248e-04
1.985612511634826660e-02
1.941460371017456055e-02
3.326341509819030762e-03
2.055746316909790039e-02
1.043269038200378418e-02
2.994462847709655762e-04
9.373947978019714355e-04
8.898079395294189453e-04
6.682798266410827637e-03
2.960491180419921875e-02
6.125196814537048340e-03
1.996150240302085876e-05
3.054261207580566406e-03
3.630721569061279297e-02
4.278793931007385254e-04
2.085146307945251465e-02
2.152758836746215820e-02
2.805620431900024414e-02
9.317940566688776016e-06
3.823176026344299316e-03
1.337915658950805664e-03
8.689099922776222229e-05
6.632924079895019531e-03
1.583451032638549805e-02
2.223681658506393433e-04
2.053380012512207031e-03
1.483994722366333008e-02
2.541273832321166992e-03
6.443373858928680420e-04
1.512432098388671875e-02
1.203322410583496094e-02
8.300468325614929199e-04
7.159203290939331055e-03
9.739905595779418945e-03
5.284994840621948242e-04
1.275289803743362427e-03
3.146135807037353516e-02
1.020058989524841309e-02
1.281656324863433838e-03
2.676671743392944336e-02
5.676314234733581543e-03
6.267149001359939575e-05
1.632727682590484619e-03
1.709155738353729248e-03
1.189373433589935303e-03
7.984563708305358887e-04
1.390135288238525391e-02
6.098061800003051758e-03
1.332517713308334351e-04
3.739744424819946289e-03
6.299823522567749023e-03
1.059137284755706787e-04
6.148293614387512207e-04
5.519241094589233398e-03
2.689342945814132690e-04
3.083065152168273926e-03
7.743621245026588440e-05
2.844476699829101562e-02
2.350562810897827148e-02
4.448279738426208496e-03
2.048420906066894531e-02
2.910476922988891602e-02
6.388314068317413330e-05
3.654565662145614624e-04
4.333311319351196289e-02
6.198346614837646484e-03
2.198755741119384766e-03
1.407116651535034180e-03
1.039780676364898682e-03
4.170632362365722656e-02
1.298636198043823242e-03
2.566426992416381836e-03
1.217417418956756592e-03
5.013197660446166992e-04
6.714789196848869324e-05
5.622282624244689941e-04
2.123290300369262695e-02
4.667043685913085938e-04
1.036295294761657715e-02
1.779764890670776367e-03
2.882236242294311523e-02
9.443387389183044434e-04
5.376577377319335938e-03
3.202885389328002930e-02
1.215375959873199463e-03
2.247765660285949707e-04
2.608215436339378357e-05
1.231491565704345703e-03
1.235557720065116882e-04
1.470309495925903320e-02
3.608465194702148438e-04
2.298235893249511719e-02
5.542673170566558838e-04
2.988362312316894531e-02
2.432453632354736328e-02
2.394169569015502930e-04
1.106508076190948486e-03
6.526187062263488770e-04
2.368462085723876953e-02
5.419962108135223389e-04
3.311944007873535156e-02
6.135314702987670898e-03
1.697611808776855469e-02
1.059196889400482178e-03
1.118384301662445068e-03
2.193814516067504883e-02
4.387870430946350098e-04
3.439158201217651367e-03
1.472376286983489990e-03
2.455163002014160156e-02
5.884915590286254883e-04
7.909506559371948242e-03
1.219358295202255249e-03
3.118023276329040527e-03
4.044699668884277344e-02
5.830883979797363281e-03
1.149880886077880859e-02
2.625805791467428207e-05
2.669066190719604492e-02
3.616124391555786133e-02
7.248640060424804688e-03
2.445143461227416992e-02
6.021745502948760986e-05
5.287125706672668457e-03
7.959723472595214844e-03
1.968160271644592285e-03
1.725681126117706299e-03
2.087399363517761230e-03
2.494490146636962891e-02
1.861953735351562500e-02
5.319818854331970215e-03
1.438134908676147461e-02
1.998856663703918457e-03
5.192965269088745117e-03
1.026322133839130402e-04
2.430066466331481934e-03
4.806704819202423096e-04
1.726157963275909424e-03
2.784097194671630859e-02
1.087961718440055847e-04
2.935260534286499023e-03
1.213434338569641113e-02
3.842413425445556641e-04
1.817446947097778320e-02
1.445186138153076172e-02
3.951776027679443359e-02
2.849990129470825195e-02
5.129069089889526367e-03
6.268024444580078125e-04
1.411385834217071533e-03
3.793919086456298828e-02
3.243666142225265503e-04
5.350867286324501038e-05
4.841744899749755859e-03
1.088164746761322021e-03
3.416906110942363739e-05
2.090983092784881592e-03
5.070585757493972778e-05
6.977282464504241943e-05
1.944534480571746826e-03
9.360581636428833008e-03
6.647296249866485596e-04
5.038306117057800293e-04
1.980662345886230469e-03
9.994097054004669189e-04
2.155059576034545898e-02
2.702705562114715576e-03
1.006540842354297638e-04
3.906134516000747681e-04
1.164990663528442383e-02
1.084081828594207764e-03
1.107612252235412598e-02
3.852024674415588379e-04
5.186069756746292114e-04
1.300066709518432617e-03
2.294741570949554443e-04
7.923990488052368164e-04
3.886856138706207275e-04
2.530544996261596680e-03
7.348358631134033203e-03
9.644404053688049316e-04
2.088155597448348999e-04
6.020426750183105469e-03
5.181925371289253235e-05
1.612955331802368164e-02
1.199059188365936279e-03
8.595064282417297363e-04
1.536238193511962891e-02
3.073215484619140625e-04
3.729574382305145264e-04
7.498264312744140625e-05
7.292032241821289062e-04
6.990402936935424805e-03
2.707764506340026855e-04
1.079303026199340820e-02
1.004203222692012787e-04
2.120897173881530762e-03
3.022298216819763184e-03
3.248214721679687500e-02
4.939213395118713379e-04
3.650903701782226562e-03
1.613209024071693420e-04
3.936104476451873779e-04
4.070281982421875000e-03
3.037173300981521606e-04
4.789717495441436768e-04
2.052886411547660828e-04
8.118338882923126221e-04
1.682825386524200439e-03
2.981853485107421875e-02
4.439428448677062988e-04
1.204153522849082947e-04
8.534900844097137451e-04
2.436295151710510254e-03
3.025413025170564651e-05
2.316936850547790527e-03
1.385945081710815430e-02
3.719180822372436523e-03
6.132304668426513672e-03
5.592077970504760742e-03
2.852082252502441406e-04
3.371104598045349121e-03
5.632713437080383301e-04
7.129390724003314972e-06
1.214012503623962402e-03
3.181248903274536133e-03
7.293187081813812256e-04
1.065172255039215088e-03
1.331292092800140381e-03
4.358217120170593262e-04
1.054674386978149414e-03
1.826696097850799561e-04
4.108273983001708984e-02
4.074559547007083893e-05
3.907531499862670898e-04
1.999340951442718506e-03
2.513220533728599548e-05
1.392424106597900391e-02
5.005910992622375488e-03
4.548355937004089355e-04
1.824302598834037781e-04
6.669163703918457031e-04
1.414179801940917969e-03
1.348711550235748291e-03
1.994846388697624207e-05
2.436954528093338013e-04
1.079082489013671875e-03
1.621309667825698853e-03
2.204112708568572998e-03
2.220624685287475586e-02
7.001310586929321289e-04
9.212344884872436523e-04
2.949208021163940430e-03
3.549586981534957886e-04
7.887259125709533691e-04
2.124607563018798828e-04
6.812080740928649902e-03
2.321274951100349426e-04
5.983524024486541748e-04
2.292439341545104980e-03
1.234337687492370605e-03
8.507758378982543945e-03
2.882301807403564453e-02
1.325095072388648987e-04
2.113785594701766968e-04
4.797950387001037598e-04
6.995126605033874512e-04
1.946045085787773132e-04
1.757574081420898438e-02
2.965784072875976562e-02
6.989017128944396973e-05
1.273147761821746826e-03
2.622902393341064453e-04
6.726309657096862793e-04
5.823560059070587158e-05
2.242565155029296875e-03
7.174126803874969482e-04
7.494110614061355591e-04
6.163641810417175293e-03
1.916158199310302734e-02
4.925981163978576660e-03
3.514602780342102051e-03
1.689523458480834961e-03
2.014386653900146484e-02
2.376645803451538086e-03
6.930053234100341797e-03
2.571009099483489990e-04
1.005962491035461426e-03
1.437347382307052612e-04
2.743657678365707397e-04
1.914307475090026855e-03
4.300903528928756714e-04
2.019427716732025146e-03
4.984717816114425659e-04
1.218542456626892090e-04
2.304285764694213867e-02
6.695697084069252014e-05
1.436717808246612549e-03
1.704938709735870361e-03
1.128298044204711914e-02
1.460261642932891846e-03
8.458271622657775879e-04
1.916378736495971680e-02
2.895351499319076538e-04
1.984752714633941650e-03
7.825285196304321289e-03
2.502655982971191406e-02
1.959061622619628906e-02
4.808027297258377075e-04
2.768635749816894531e-03
8.873865008354187012e-04
6.742514669895172119e-04
1.232791692018508911e-04
4.144608974456787109e-04
4.020258784294128418e-04
3.454297780990600586e-03
3.167763352394104004e-04
6.416469812393188477e-03
7.429048418998718262e-04
1.225946471095085144e-04
1.768842339515686035e-03
6.911337375640869141e-03
6.130114197731018066e-04
9.679142385721206665e-05
6.536301225423812866e-05
1.599863171577453613e-04
1.708984375000000000e-03
5.417014472186565399e-05
1.109321601688861847e-05
1.431293785572052002e-03
1.933589577674865723e-03
1.360587775707244873e-04
2.261626720428466797e-02
4.207957535982131958e-04
9.373426437377929688e-04
3.679081797599792480e-03
1.879230141639709473e-03
1.516651362180709839e-03
3.213845193386077881e-04
7.064864039421081543e-04
6.583213806152343750e-03
3.009036183357238770e-03
6.155855953693389893e-04
1.650117337703704834e-05
1.406781375408172607e-03
3.320991992950439453e-03
8.384600281715393066e-03
1.390902325510978699e-04
1.329015940427780151e-04
2.834260463714599609e-03
3.017306327819824219e-03
6.276741623878479004e-04
5.862931720912456512e-05
5.763038992881774902e-03
7.125176489353179932e-04
4.242807626724243164e-04
2.952277660369873047e-03
1.807588338851928711e-02
7.717013359069824219e-03
7.627665996551513672e-03
3.302348777651786804e-04
9.010463953018188477e-03
2.892836928367614746e-04
1.035891473293304443e-04
2.621323801577091217e-05
1.033994555473327637e-02
1.199536025524139404e-03
7.803857326507568359e-03
1.339599490165710449e-03
1.459467411041259766e-02
3.058224916458129883e-02
1.669093966484069824e-03
1.843857765197753906e-02
8.779466152191162109e-03
4.964843392372131348e-03
8.955039083957672119e-05
5.791392177343368530e-04
1.764744520187377930e-04
1.985526084899902344e-02
3.651417791843414307e-04
2.811205387115478516e-02
1.893706619739532471e-03
2.917474508285522461e-02
5.622841417789459229e-04
5.740359425544738770e-03
7.700547575950622559e-04
1.001454889774322510e-03
3.137122839689254761e-04
1.515746116638183594e-03
1.885369420051574707e-03
3.511179238557815552e-05
8.706934750080108643e-05
1.482710242271423340e-03
8.657239377498626709e-04
8.494555950164794922e-04
1.154455821961164474e-05
4.550755023956298828e-03
2.711594104766845703e-03
1.199804246425628662e-03
1.185670495033264160e-03
6.990097463130950928e-04
4.698082804679870605e-03
1.035577058792114258e-02
2.017974853515625000e-03
4.082113504409790039e-03
1.215539872646331787e-03
5.624577403068542480e-03
4.821181297302246094e-03
7.676947861909866333e-04
2.133828401565551758e-02
4.517436027526855469e-03
1.632962375879287720e-04
4.312843084335327148e-03
9.571969509124755859e-03
3.435928374528884888e-04
4.545738920569419861e-05
8.050650358200073242e-04
7.246255874633789062e-03
5.901426076889038086e-03
1.930809020996093750e-02
4.893448203802108765e-05
3.146007657051086426e-04
4.759341478347778320e-03
1.143932342529296875e-03
7.370971143245697021e-04
4.748380184173583984e-02
1.641467213630676270e-03
4.435032606124877930e-04
1.255750656127929688e-03
2.804975956678390503e-04
6.035249680280685425e-04
1.309802755713462830e-04
1.160809770226478577e-04
1.768046617507934570e-02
2.247635275125503540e-04
6.828270852565765381e-05
7.796064019203186035e-04
5.119256675243377686e-04
2.214753627777099609e-02
3.103725612163543701e-04
5.484893918037414551e-03
3.900021314620971680e-02
4.463866353034973145e-04
3.880616277456283569e-04
1.325840130448341370e-04
6.466452032327651978e-05
2.083979547023773193e-03
7.061332464218139648e-03
1.324988901615142822e-03
7.419824600219726562e-03
1.876509189605712891e-02
8.745118975639343262e-04
1.479230821132659912e-03
1.693107187747955322e-03
5.911886692047119141e-04
1.266762614250183105e-03
6.984412670135498047e-03
1.517318189144134521e-03
7.487367838621139526e-05
6.421245634555816650e-04
1.918692141771316528e-04
1.046228408813476562e-02
1.647239550948143005e-04
6.858706474304199219e-04
1.358330249786376953e-03
4.189833998680114746e-04
1.942180097103118896e-04
3.213316202163696289e-03
8.009187877178192139e-05
3.751985728740692139e-03
2.541971206665039062e-02
5.516819655895233154e-04
5.059279501438140869e-04
0.000000000000000000e+00
0.000000000000000000e+00
0.000000000000000000e+00
0.000000000000000000e+00
0.000000000000000000e+00
0.000000000000000000e+00
0.000000000000000000e+00
0.000000000000000000e+00
0.000000000000000000e+00
0.000000000000000000e+00
0.000000000000000000e+00
0.000000000000000000e+00
0.000000000000000000e+00
0.000000000000000000e+00
0.000000000000000000e+00
0.000000000000000000e+00
0.000000000000000000e+00
0.000000000000000000e+00
0.000000000000000000e+00
0.000000000000000000e+00
0.000000000000000000e+00
0.000000000000000000e+00
0.000000000000000000e+00
0.000000000000000000e+00
0.000000000000000000e+00
0.000000000000000000e+00
0.000000000000000000e+00
0.000000000000000000e+00
0.000000000000000000e+00
0.000000000000000000e+00
0.000000000000000000e+00
0.000000000000000000e+00
0.000000000000000000e+00
0.000000000000000000e+00
0.000000000000000000e+00
0.000000000000000000e+00
0.000000000000000000e+00
0.000000000000000000e+00
0.000000000000000000e+00
0.000000000000000000e+00
