1.120477914810180664e-02
1.625847816467285156e-02
1.816546916961669922e-02
1.817440986633300781e-02
1.827538013458251953e-02
2.421939373016357422e-02
2.169477939605712891e-02
1.950573921203613281e-02
2.126479148864746094e-02
1.511979103088378906e-02
9.420096874237060547e-03
2.156782150268554688e-02
2.270603179931640625e-02
2.396470308303833008e-02
1.241976022720336914e-02
1.751983165740966797e-02
2.667105197906494141e-02
1.919281482696533203e-02
1.164841651916503906e-02
1.780164241790771484e-02
1.681751012802124023e-02
1.330804824829101562e-02
2.145266532897949219e-02
1.793748140335083008e-02
1.286518573760986328e-02
2.439403533935546875e-02
1.495432853698730469e-02
2.659392356872558594e-02
2.264499664306640625e-02
1.936936378479003906e-02
2.132993936538696289e-02
2.368819713592529297e-02
1.751637458801269531e-02
1.516675949096679688e-02
3.702211380004882812e-02
1.395010948181152344e-02
1.846897602081298828e-02
2.263474464416503906e-02
3.116726875305175781e-02
3.674292564392089844e-02
1.637196540832519531e-02
7.688045501708984375e-03
1.648938655853271484e-02
1.789319515228271484e-02
1.951801776885986328e-02
2.898299694061279297e-02
3.823423385620117188e-02
1.417446136474609375e-02
1.439541578292846680e-02
3.611981868743896484e-02
1.674842834472656250e-02
8.598804473876953125e-03
1.147103309631347656e-02
2.693247795104980469e-02
1.259410381317138672e-02
8.613109588623046875e-03
2.050834894180297852e-02
1.282346248626708984e-02
2.596759796142578125e-02
1.653981208801269531e-02
3.328168392181396484e-02
2.046751976013183594e-02
1.809775829315185547e-02
2.724742889404296875e-02
2.139878273010253906e-02
1.327121257781982422e-02
1.449608802795410156e-02
2.102744579315185547e-02
1.222956180572509766e-02
1.218312978744506836e-02
2.081656455993652344e-02
1.745826005935668945e-02
1.895517110824584961e-02
2.058231830596923828e-02
1.581549644470214844e-02
1.743561029434204102e-02
1.182848215103149414e-02
1.970016956329345703e-02
2.739834785461425781e-02
1.966166496276855469e-02
3.776907920837402344e-03
1.544857025146484375e-02
1.045203208923339844e-02
2.570462226867675781e-02
2.541446685791015625e-02
2.251201868057250977e-02
5.885869264602661133e-03
2.167046070098876953e-02
1.341587305068969727e-02
7.446408271789550781e-03
1.831102371215820312e-02
2.096629142761230469e-02
3.159201145172119141e-02
1.845479011535644531e-02
2.067327499389648438e-02
1.201677322387695312e-02
1.179969310760498047e-02
1.959705352783203125e-02
1.980793476104736328e-02
1.918542385101318359e-02
1.160788536071777344e-02
2.603816986083984375e-02
2.490556240081787109e-02
3.198146820068359375e-02
1.656448841094970703e-02
2.957189083099365234e-02
2.624285221099853516e-02
8.796215057373046875e-03
2.777278423309326172e-02
2.421724796295166016e-02
3.351688385009765625e-02
2.327883243560791016e-02
2.533531188964843750e-02
1.528322696685791016e-02
2.344059944152832031e-02
3.290480375289916992e-02
1.842939853668212891e-02
1.541817188262939453e-02
1.500904560089111328e-02
2.086663246154785156e-02
2.660024166107177734e-02
1.661038398742675781e-02
1.408362388610839844e-02
2.906012535095214844e-02
1.875185966491699219e-02
1.688063144683837891e-02
2.662956714630126953e-02
2.361834049224853516e-03
1.010501384735107422e-02
1.313942670822143555e-02
1.620656251907348633e-02
1.711821556091308594e-02
2.668642997741699219e-02
8.423924446105957031e-03
2.531945705413818359e-02
3.007245063781738281e-02
2.733254432678222656e-02
2.659976482391357422e-02
2.824342250823974609e-02
7.040172815322875977e-03
2.317798137664794922e-02
3.895103931427001953e-02
1.974785327911376953e-02
2.134871482849121094e-02
1.238071918487548828e-02
1.220571994781494141e-02
1.187598705291748047e-02
2.884960174560546875e-02
3.217291831970214844e-02
2.726340293884277344e-02
1.845008134841918945e-02
4.667937755584716797e-03
1.385962963104248047e-02
1.669740676879882812e-02
2.240175008773803711e-02
3.822195529937744141e-02
2.413117885589599609e-02
6.190836429595947266e-03
1.625555753707885742e-02
2.610850334167480469e-02
1.822924613952636719e-02
2.384889125823974609e-02
2.181923389434814453e-02
2.139830589294433594e-02
1.535952091217041016e-02
2.506732940673828125e-02
3.099322319030761719e-02
1.660585403442382812e-02
1.134669780731201172e-02
2.007091045379638672e-02
1.969504356384277344e-02
2.440440654754638672e-02
3.408396244049072266e-02
1.833534240722656250e-02
1.762628555297851562e-02
2.788728475570678711e-02
2.606749534606933594e-02
2.071392536163330078e-02
2.784943580627441406e-02
1.192104816436767578e-02
1.578819751739501953e-02
2.068078517913818359e-02
1.438164710998535156e-02
1.804476976394653320e-02
2.470135688781738281e-02
2.653288841247558594e-02
3.205537796020507812e-02
2.259492874145507812e-02
3.583562374114990234e-02
3.562068939208984375e-02
2.705597877502441406e-02
2.060151100158691406e-02
2.208435535430908203e-02
1.021754741668701172e-02
3.177404403686523438e-02
1.178002357482910156e-02
2.547466754913330078e-02
2.254021167755126953e-02
1.200962066650390625e-02
1.316201686859130859e-02
1.353949308395385742e-02
1.307082176208496094e-02
1.929521560668945312e-02
2.200537919998168945e-02
2.212548255920410156e-02
2.851760387420654297e-02
1.148223876953125000e-02
2.745699882507324219e-02
2.402162551879882812e-02
1.408493518829345703e-02
2.456474304199218750e-02
3.239858150482177734e-02
3.235435485839843750e-02
1.133811473846435547e-02
2.506023645401000977e-02
8.211970329284667969e-03
1.687109470367431641e-02
1.366639137268066406e-02
3.232371807098388672e-02
1.675236225128173828e-02
1.765781641006469727e-02
2.464210987091064453e-02
1.833361387252807617e-02
1.402652263641357422e-02
1.796615123748779297e-02
1.657330989837646484e-02
1.489043235778808594e-02
1.708948612213134766e-02
1.827216148376464844e-02
1.778090000152587891e-02
2.196931838989257812e-02
1.623904705047607422e-02
2.691972255706787109e-02
9.809494018554687500e-03
1.803112030029296875e-02
2.992904186248779297e-02
2.205836772918701172e-02
3.029263019561767578e-02
3.147912025451660156e-02
1.531219482421875000e-02
2.491557598114013672e-02
2.051246166229248047e-02
1.786094903945922852e-02
5.847215652465820312e-03
2.581405639648437500e-02
2.513885498046875000e-02
1.247501373291015625e-02
2.157020568847656250e-02
2.864527702331542969e-02
1.182687282562255859e-02
2.606081962585449219e-02
1.408469676971435547e-02
2.358806133270263672e-02
1.543140411376953125e-02
2.820873260498046875e-02
2.419018745422363281e-02
0.000000000000000000e+00
0.000000000000000000e+00
0.000000000000000000e+00
0.000000000000000000e+00
0.000000000000000000e+00
0.000000000000000000e+00
0.000000000000000000e+00
0.000000000000000000e+00
0.000000000000000000e+00
0.000000000000000000e+00
0.000000000000000000e+00
0.000000000000000000e+00
0.000000000000000000e+00
0.000000000000000000e+00
0.000000000000000000e+00
0.000000000000000000e+00
0.000000000000000000e+00
0.000000000000000000e+00
0.000000000000000000e+00
0.000000000000000000e+00
