2.142119407653808594e-02
7.764808833599090576e-05
1.015287637710571289e-02
1.834137365221977234e-04
3.982931375503540039e-04
2.086155116558074951e-03
3.547877073287963867e-03
1.781105995178222656e-02
1.523023843765258789e-02
1.485574245452880859e-02
2.550885081291198730e-03
1.908457279205322266e-02
4.882141947746276855e-04
1.166641712188720703e-02
7.203258574008941650e-04
3.029666841030120850e-04
8.064210414886474609e-03
1.668184995651245117e-03
2.320110797882080078e-02
1.880573108792304993e-05
7.167339324951171875e-03
2.089840173721313477e-02
4.112403839826583862e-04
1.708465814590454102e-02
3.379374742507934570e-02
3.744438290596008301e-04
1.936450600624084473e-03
1.326337456703186035e-03
3.277450799942016602e-03
8.236430585384368896e-04
5.358770489692687988e-03
5.588039755821228027e-03
2.483040094375610352e-03
3.912732005119323730e-03
2.288424968719482422e-02
2.461224794387817383e-03
1.161557435989379883e-02
6.376430392265319824e-04
2.891570329666137695e-02
2.148896455764770508e-04
8.382648229598999023e-03
3.694668412208557129e-04
2.014577388763427734e-03
6.293505430221557617e-05
1.659654080867767334e-04
3.789067268371582031e-04
4.243737459182739258e-02
1.847214996814727783e-03
4.603825509548187256e-04
8.944049477577209473e-04
1.400530338287353516e-03
3.368265926837921143e-03
1.177796721458435059e-02
5.127564072608947754e-04
5.658179521560668945e-03
1.214927434921264648e-02
2.130484580993652344e-02
1.859861612319946289e-02
1.303374767303466797e-02
3.323584794998168945e-02
3.869950771331787109e-03
3.617739677429199219e-02
8.817240595817565918e-04
8.429318666458129883e-03
1.864358782768249512e-03
2.117484807968139648e-03
1.610112190246582031e-02
8.168786764144897461e-03
8.512400090694427490e-04
1.014642417430877686e-03
2.281612157821655273e-02
8.498817682266235352e-03
6.878450512886047363e-04
9.175717830657958984e-03
3.865486383438110352e-02
8.292049169540405273e-03
1.515212655067443848e-02
7.680281996726989746e-04
5.066059529781341553e-04
1.064836978912353516e-02
8.767396211624145508e-04
5.583837628364562988e-04
1.162981986999511719e-02
2.638347446918487549e-03
9.283274412155151367e-04
2.626746892929077148e-02
3.220271319150924683e-04
1.231831312179565430e-02
4.752650856971740723e-04
2.618366852402687073e-05
4.668906331062316895e-04
5.452394485473632812e-03
3.584101796150207520e-04
6.932318210601806641e-03
6.109535694122314453e-03
1.947581768035888672e-02
1.579929143190383911e-03
1.018553972244262695e-03
1.035547256469726562e-02
1.465737819671630859e-02
4.784747958183288574e-03
2.317768335342407227e-02
7.449939846992492676e-03
1.888483762741088867e-02
1.253664493560791016e-02
3.384560346603393555e-03
1.049843430519104004e-02
2.736851572990417480e-03
8.905529975891113281e-03
2.530425786972045898e-03
2.439004182815551758e-02
1.317532733082771301e-04
2.393379807472229004e-03
1.976430416107177734e-03
5.942545831203460693e-04
1.992039382457733154e-03
4.133552312850952148e-03
2.310782670974731445e-03
5.956217646598815918e-04
2.031847834587097168e-03
3.270208835601806641e-03
2.345461398363113403e-04
4.443544894456863403e-04
5.211681127548217773e-04
8.904635906219482422e-03
2.408889122307300568e-05
5.925342440605163574e-03
2.191901206970214844e-03
1.831538975238800049e-04
3.130584955215454102e-04
5.528852343559265137e-03
2.713382244110107422e-03
1.704804599285125732e-03
2.398431301116943359e-03
2.796852588653564453e-02
1.952224969863891602e-02
2.001091837882995605e-03
1.704293489456176758e-02
2.093261480331420898e-02
1.620925962924957275e-03
6.235152482986450195e-03
2.537977695465087891e-02
2.330079674720764160e-03
3.235135227441787720e-05
1.800405979156494141e-02
2.489030361175537109e-03
9.787976741790771484e-03
2.816081047058105469e-03
1.514232158660888672e-02
7.945477962493896484e-03
4.217696189880371094e-02
1.685827970504760742e-02
5.901634693145751953e-03
2.370512485504150391e-02
6.056055426597595215e-04
2.394062280654907227e-02
6.557390093803405762e-03
8.000954985618591309e-04
3.993161953985691071e-05
9.884774684906005859e-03
1.436597108840942383e-02
3.565222024917602539e-03
4.588644951581954956e-04
4.653796553611755371e-03
3.051948547363281250e-02
4.149317741394042969e-03
2.238452434539794922e-03
1.313579082489013672e-02
3.520995378494262695e-03
1.186066865921020508e-02
8.610710501670837402e-04
1.134419441223144531e-02
9.965240955352783203e-03
2.075678110122680664e-02
1.374408602714538574e-03
2.068912982940673828e-02
2.018141746520996094e-02
1.029178500175476074e-02
7.558017969131469727e-04
1.660801470279693604e-03
1.748554408550262451e-03
1.894050836563110352e-02
7.138252258300781250e-03
4.656136035919189453e-03
9.151995182037353516e-03
1.231801509857177734e-02
2.096205949783325195e-02
2.039718627929687500e-02
8.674222044646739960e-06
1.888650655746459961e-02
1.090422272682189941e-03
1.637931913137435913e-03
1.979315280914306641e-02
9.619534015655517578e-03
2.359712123870849609e-02
2.673083543777465820e-02
1.803579926490783691e-02
2.231299877166748047e-03
3.640297800302505493e-04
5.335405468940734863e-03
2.508515119552612305e-02
1.095774769783020020e-02
3.080129623413085938e-03
1.114058494567871094e-02
1.336181163787841797e-02
3.165155649185180664e-04
1.946508884429931641e-03
6.833076477050781250e-04
1.518994569778442383e-03
7.874071598052978516e-03
1.281690597534179688e-02
2.844429016113281250e-02
1.792125403881072998e-03
1.176905632019042969e-02
4.184558987617492676e-03
1.781105995178222656e-02
9.604394435882568359e-03
2.050809562206268311e-03
4.041373729705810547e-03
3.038242459297180176e-03
2.347826957702636719e-03
6.452612578868865967e-04
1.165810227394104004e-02
1.820459961891174316e-03
2.324277162551879883e-02
8.462369441986083984e-03
7.105898112058639526e-05
7.495760917663574219e-03
2.078890800476074219e-03
7.872909307479858398e-03
3.741476684808731079e-04
2.770328521728515625e-02
2.054318785667419434e-03
1.707144081592559814e-03
2.253249287605285645e-03
1.121154054999351501e-04
6.494112312793731689e-04
1.085195690393447876e-03
1.426929235458374023e-02
6.915509700775146484e-03
3.372952342033386230e-03
3.164005279541015625e-02
1.906591653823852539e-02
4.539545625448226929e-04
3.734529018402099609e-03
2.465963363647460938e-03
1.596951484680175781e-02
2.741277217864990234e-02
3.080785274505615234e-03
1.825861632823944092e-03
7.795572280883789062e-03
1.841801404953002930e-02
5.102977156639099121e-04
4.488117992877960205e-04
7.813647389411926270e-04
1.249158382415771484e-02
3.053411841392517090e-03
6.883382797241210938e-03
2.920377254486083984e-02
8.421614766120910645e-04
3.345382213592529297e-02
8.098006248474121094e-03
8.277669548988342285e-04
1.538020372390747070e-02
5.034692585468292236e-04
2.156525850296020508e-03
2.964913845062255859e-03
2.279400825500488281e-03
1.000630855560302734e-02
1.648105680942535400e-03
2.904832363128662109e-03
1.293012499809265137e-02
3.896519541740417480e-03
7.109828293323516846e-04
8.670091629028320312e-03
4.047676920890808105e-03
4.875510931015014648e-04
5.139736458659172058e-05
1.923125982284545898e-02
4.368275403976440430e-03
2.603042125701904297e-02
7.602095603942871094e-03
6.162980571389198303e-05
9.965240955352783203e-03
1.918915659189224243e-04
2.266162633895874023e-02
2.182260155677795410e-03
1.798942685127258301e-03
7.317401468753814697e-04
2.104140818119049072e-03
2.431637048721313477e-02
3.031969070434570312e-03
2.321207523345947266e-02
1.172947883605957031e-02
2.944231033325195312e-02
1.363438367843627930e-02
3.349315375089645386e-04
2.346374094486236572e-03
4.932045936584472656e-02
4.685781896114349365e-04
3.887675702571868896e-04
1.376152038574218750e-02
9.418725967407226562e-03
4.634112119674682617e-03
4.638403654098510742e-03
7.857710123062133789e-03
3.792956471443176270e-03
2.146875858306884766e-02
1.300303265452384949e-04
2.117399126291275024e-04
2.423352003097534180e-02
2.320166677236557007e-04
2.977848052978515625e-03
1.740753650665283203e-02
6.868429481983184814e-04
5.321145057678222656e-03
2.485436201095581055e-02
1.284658908843994141e-02
1.143392920494079590e-02
4.623949527740478516e-03
3.587558865547180176e-03
1.293912529945373535e-03
7.731206715106964111e-04
5.556941032409667969e-03
9.800970554351806641e-03
5.346834659576416016e-04
3.048408031463623047e-02
2.795837819576263428e-03
7.210999727249145508e-03
2.154722809791564941e-03
2.187103033065795898e-03
1.070447266101837158e-03
2.356863021850585938e-02
1.398675143718719482e-03
1.090079545974731445e-03
3.304719924926757812e-03
5.756378173828125000e-03
1.910543441772460938e-02
1.846179366111755371e-04
2.646648883819580078e-02
1.689959317445755005e-03
2.475070953369140625e-02
1.202660799026489258e-02
1.456201076507568359e-02
1.505985856056213379e-04
1.266455650329589844e-02
1.192379742860794067e-03
4.403501749038696289e-03
3.245249390602111816e-03
4.646033048629760742e-03
7.518321275711059570e-03
7.369577884674072266e-03
4.599541425704956055e-03
5.634665489196777344e-03
2.651751041412353516e-03
2.157723903656005859e-02
1.726365089416503906e-02
2.350682020187377930e-02
7.926583290100097656e-03
1.395456492900848389e-03
8.675336837768554688e-03
7.142156362533569336e-03
7.019415497779846191e-04
4.803144931793212891e-02
1.145023107528686523e-02
5.109068006277084351e-04
1.199476420879364014e-03
1.781344413757324219e-03
1.297786831855773926e-03
9.417347609996795654e-05
1.095670461654663086e-02
1.602530479431152344e-02
4.872477054595947266e-02
3.771439194679260254e-03
5.540162324905395508e-03
5.852729082107543945e-03
8.401155471801757812e-03
2.259832620620727539e-02
2.839982509613037109e-03
8.609771728515625000e-03
2.260223031044006348e-03
3.042978048324584961e-02
1.732188463211059570e-02
2.786040306091308594e-02
2.105832099914550781e-04
2.795103937387466431e-04
1.728869974613189697e-03
2.555131912231445312e-03
6.444394588470458984e-03
3.791317343711853027e-03
2.986397594213485718e-04
9.301900863647460938e-03
6.446927785873413086e-03
5.978196859359741211e-03
3.012403845787048340e-03
2.263933420181274414e-02
1.487903296947479248e-03
8.113682270050048828e-05
2.136206626892089844e-02
2.852946519851684570e-03
2.090021967887878418e-03
5.858950316905975342e-05
2.866649627685546875e-02
9.984552860260009766e-03
2.104395627975463867e-02
4.352390766143798828e-02
3.156960010528564453e-03
2.797506749629974365e-04
2.775627374649047852e-02
3.553321585059165955e-05
1.223266124725341797e-03
2.131652832031250000e-02
4.359167069196701050e-04
4.350133240222930908e-04
2.858507633209228516e-02
2.890515327453613281e-02
5.020844936370849609e-02
2.822291851043701172e-02
8.721590042114257812e-03
7.791072130203247070e-04
2.145361900329589844e-02
8.751958608627319336e-03
1.608002930879592896e-04
1.348517835140228271e-03
4.109814763069152832e-04
5.011260509490966797e-04
2.313244342803955078e-02
8.365869522094726562e-03
1.298230886459350586e-02
1.605236530303955078e-02
1.802974939346313477e-02
1.687282323837280273e-02
1.453254371881484985e-04
2.615040540695190430e-02
4.351720213890075684e-03
2.027370035648345947e-03
1.417428255081176758e-03
2.134293317794799805e-02
9.618818759918212891e-03
3.476310521364212036e-04
4.916572570800781250e-02
5.704700946807861328e-03
4.490625858306884766e-02
6.968975067138671875e-04
2.458274364471435547e-03
2.288490533828735352e-03
7.520675659179687500e-03
3.543293476104736328e-02
4.007130861282348633e-02
1.010801643133163452e-03
1.157358288764953613e-02
2.309405803680419922e-02
6.650209426879882812e-03
3.852143883705139160e-03
2.778410911560058594e-03
1.036990433931350708e-04
2.220302820205688477e-02
1.377746462821960449e-03
8.444577455520629883e-03
2.132344245910644531e-02
1.076418161392211914e-02
1.895397901535034180e-03
9.052693843841552734e-03
2.660602331161499023e-03
7.333666086196899414e-03
2.003878355026245117e-03
3.023773431777954102e-03
2.029597759246826172e-03
2.824944257736206055e-02
1.447647809982299805e-02
2.267193794250488281e-02
3.374922275543212891e-02
2.929162979125976562e-02
2.448415756225585938e-02
3.375780582427978516e-02
3.656581044197082520e-03
2.176649868488311768e-03
6.031580269336700439e-04
1.064628362655639648e-02
1.547098159790039062e-03
5.174428224563598633e-03
1.971000432968139648e-02
1.179599761962890625e-02
4.402697086334228516e-04
2.960824966430664062e-02
4.514074325561523438e-02
1.182800531387329102e-02
1.026824116706848145e-03
2.736943960189819336e-02
1.489803194999694824e-03
5.205094814300537109e-03
1.110836863517761230e-03
3.731769323348999023e-02
2.408903837203979492e-02
2.041524648666381836e-02
3.880167007446289062e-02
3.329306840896606445e-03
4.311967641115188599e-04
2.310872077941894531e-02
7.873117923736572266e-03
4.205517470836639404e-04
6.284624338150024414e-03
1.506066322326660156e-02
2.790480852127075195e-03
2.393418550491333008e-02
7.043957710266113281e-03
1.701760292053222656e-02
1.293718814849853516e-03
3.178346157073974609e-02
3.945994377136230469e-02
1.847907900810241699e-03
2.595508098602294922e-02
3.024972975254058838e-04
7.513817399740219116e-05
6.494671106338500977e-03
2.475237846374511719e-02
4.168117046356201172e-02
2.244159579277038574e-03
2.813571691513061523e-02
2.653515338897705078e-02
3.135126829147338867e-02
2.392143011093139648e-02
2.526569366455078125e-02
1.317566633224487305e-02
2.526029944419860840e-03
3.178521990776062012e-03
8.758544921875000000e-03
2.797655761241912842e-03
2.631950378417968750e-02
7.166445255279541016e-03
7.272623479366302490e-04
2.872550487518310547e-02
3.531962633132934570e-03
4.653024673461914062e-02
4.273033142089843750e-02
4.909217357635498047e-03
5.745798349380493164e-03
3.842096775770187378e-04
2.529084682464599609e-03
1.175135374069213867e-02
6.281472742557525635e-04
2.108711004257202148e-02
6.322264671325683594e-03
1.155117154121398926e-02
3.201618790626525879e-03
9.925752878189086914e-03
1.072827726602554321e-03
3.215050697326660156e-02
2.360260486602783203e-02
1.634359359741210938e-04
1.240652799606323242e-02
1.663383841514587402e-02
7.612705230712890625e-03
8.040308952331542969e-03
3.266072273254394531e-02
1.180425286293029785e-02
6.239682435989379883e-03
5.008995532989501953e-02
3.287605941295623779e-04
7.422775030136108398e-03
8.769959211349487305e-03
4.095673561096191406e-02
4.475191235542297363e-03
2.165919542312622070e-02
2.883374691009521484e-03
1.373544335365295410e-03
2.393776178359985352e-02
9.126603603363037109e-03
6.730575114488601685e-05
8.646845817565917969e-03
4.740297794342041016e-03
6.959363818168640137e-04
2.501234412193298340e-03
1.240819692611694336e-04
9.986698627471923828e-03
4.212046042084693909e-05
3.074014186859130859e-02
2.975761890411376953e-02
2.787089347839355469e-02
2.369485795497894287e-03
4.174128174781799316e-03
5.736678838729858398e-03
1.496523618698120117e-02
1.055151224136352539e-04
9.264796972274780273e-04
5.405142903327941895e-03
4.471436142921447754e-03
1.633369922637939453e-02
4.192674160003662109e-02
5.915939807891845703e-03
1.270943880081176758e-02
2.996897697448730469e-02
4.344865679740905762e-03
1.410663127899169922e-02
3.352981805801391602e-02
1.005765795707702637e-02
7.527917623519897461e-04
7.693096995353698730e-05
8.699238300323486328e-03
2.955123782157897949e-04
5.197376012802124023e-03
2.780485153198242188e-02
3.977227210998535156e-02
3.870725631713867188e-03
3.208845853805541992e-03
3.903317451477050781e-02
1.294724643230438232e-03
2.657192945480346680e-02
1.147437840700149536e-03
5.144495517015457153e-04
1.088999211788177490e-03
1.961266994476318359e-02
7.726371288299560547e-03
1.109808683395385742e-03
3.019094467163085938e-02
1.565092802047729492e-02
7.628440856933593750e-03
3.825011663138866425e-05
1.689434051513671875e-02
2.723187208175659180e-04
4.070472717285156250e-02
2.860911190509796143e-04
5.185557529330253601e-05
7.253706455230712891e-03
2.052187919616699219e-04
5.480945110321044922e-03
8.436013013124465942e-05
1.295769214630126953e-02
3.617513179779052734e-02
3.493472933769226074e-03
1.858937740325927734e-02
1.655928790569305420e-04
1.919364929199218750e-02
1.473975181579589844e-02
2.624887228012084961e-02
3.932401537895202637e-03
7.826276123523712158e-04
1.734301447868347168e-03
3.040358424186706543e-04
4.996389150619506836e-03
1.645284891128540039e-02
3.556236624717712402e-04
7.134020328521728516e-03
2.631503343582153320e-02
1.083135604858398438e-03
1.535758376121520996e-03
3.211545944213867188e-02
4.104602336883544922e-02
2.800285816192626953e-03
3.699325025081634521e-03
1.333519816398620605e-03
2.858459949493408203e-03
3.352969884872436523e-03
2.645456790924072266e-02
2.670764923095703125e-02
2.565455436706542969e-02
1.272755861282348633e-02
3.188961744308471680e-02
3.576946258544921875e-02
2.892225980758666992e-02
7.946938276290893555e-04
9.841412305831909180e-03
2.736434340476989746e-03
2.356842160224914551e-03
1.741126179695129395e-03
2.064102888107299805e-02
2.553790807723999023e-03
2.754405140876770020e-04
6.322264671325683594e-03
3.592038154602050781e-02
1.519143581390380859e-03
4.629671573638916016e-03
2.945220470428466797e-02
1.059022545814514160e-02
2.307558059692382812e-02
1.709818840026855469e-02
7.749140262603759766e-03
1.154220104217529297e-02
1.163375377655029297e-02
3.785955905914306641e-02
1.952499151229858398e-03
3.586107492446899414e-02
8.506447076797485352e-03
1.979749649763107300e-04
2.108618617057800293e-03
2.474182844161987305e-02
5.390346050262451172e-03
6.905980408191680908e-04
2.132821828126907349e-04
2.488988637924194336e-02
2.967286854982376099e-05
7.670119404792785645e-03
1.405039802193641663e-04
7.086724042892456055e-03
1.235783100128173828e-03
7.446318864822387695e-03
2.198867499828338623e-03
4.723563790321350098e-03
1.104325056076049805e-03
8.978620171546936035e-04
3.518030047416687012e-03
1.218786835670471191e-02
2.701056003570556641e-02
4.490554332733154297e-03
1.550111174583435059e-02
3.664735704660415649e-04
2.429813146591186523e-02
2.976804971694946289e-03
1.101806759834289551e-03
3.780890256166458130e-04
4.441656172275543213e-03
3.210864961147308350e-04
1.691743731498718262e-03
1.481980085372924805e-02
2.212822437286376953e-03
1.721692085266113281e-02
2.572402358055114746e-03
2.200496196746826172e-02
7.156580686569213867e-04
4.308849573135375977e-03
8.888244628906250000e-04
1.239168643951416016e-02
2.986723184585571289e-02
1.766346395015716553e-03
1.057821512222290039e-02
4.182294011116027832e-03
1.060926914215087891e-02
5.023814737796783447e-04
3.132313489913940430e-03
4.712313413619995117e-03
1.515567302703857422e-02
1.087376475334167480e-02
2.437040209770202637e-03
2.299714833498001099e-05
2.838343381881713867e-02
6.095677614212036133e-03
1.834429800510406494e-03
6.417706608772277832e-04
1.726120710372924805e-03
3.064417839050292969e-02
1.121503114700317383e-02
1.168924570083618164e-02
1.168414950370788574e-03
4.131659865379333496e-03
2.252537012100219727e-02
3.770291805267333984e-03
3.632795810699462891e-02
4.747533798217773438e-02
1.665666699409484863e-03
1.302531361579895020e-02
8.408129215240478516e-04
1.672673225402832031e-02
1.837477087974548340e-03
5.623362958431243896e-04
7.898956537246704102e-04
6.514936685562133789e-03
6.447136402130126953e-04
8.730255067348480225e-04
2.433544397354125977e-02
1.694135367870330811e-03
2.611440420150756836e-02
5.872413516044616699e-03
2.668654918670654297e-02
1.331245899200439453e-02
2.496677637100219727e-02
1.717507839202880859e-03
2.614456415176391602e-02
2.366942167282104492e-02
3.582350909709930420e-04
1.385778188705444336e-03
3.464743494987487793e-04
3.558859229087829590e-03
2.894803881645202637e-03
1.806847285479307175e-05
6.402239203453063965e-03
3.865249454975128174e-04
9.451925754547119141e-03
3.089960664510726929e-04
1.085001230239868164e-02
5.454748868942260742e-03
2.269899845123291016e-02
2.330027520656585693e-03
1.025021076202392578e-02
6.094783544540405273e-03
7.309377193450927734e-03
3.015376627445220947e-03
1.500502228736877441e-03
2.530135214328765869e-03
4.009962081909179688e-03
1.145219430327415466e-04
1.354920864105224609e-02
1.276594400405883789e-02
7.161676883697509766e-03
4.542484879493713379e-03
7.563680410385131836e-04
4.800963401794433594e-02
3.381788730621337891e-03
1.351140439510345459e-03
1.295745372772216797e-03
2.287976443767547607e-03
7.949948310852050781e-03
1.148560643196105957e-02
1.808427274227142334e-03
6.405003368854522705e-04
4.084348678588867188e-02
2.542674541473388672e-03
7.596880197525024414e-03
2.686187624931335449e-03
1.027414202690124512e-02
7.426403462886810303e-04
2.111151814460754395e-03
3.363418579101562500e-02
8.596181869506835938e-03
1.327872276306152344e-03
2.218320965766906738e-03
1.119144260883331299e-03
2.364322543144226074e-03
3.828600049018859863e-03
1.986861228942871094e-03
2.448130398988723755e-04
5.583129823207855225e-04
8.607298135757446289e-03
2.409791946411132812e-02
7.793039083480834961e-03
1.030558347702026367e-02
5.042716860771179199e-03
4.844903945922851562e-03
2.634167671203613281e-02
1.985692977905273438e-02
1.771055161952972412e-03
1.528054475784301758e-02
4.277899861335754395e-03
8.670985698699951172e-04
3.006845712661743164e-03
2.418309450149536133e-04
1.337923109531402588e-03
3.821060061454772949e-03
8.203446865081787109e-03
2.444463968276977539e-02
1.251500844955444336e-02
7.609613239765167236e-04
1.486070454120635986e-03
1.185297966003417969e-02
9.076893329620361328e-04
9.722933173179626465e-04
7.955312728881835938e-03
5.794577300548553467e-04
1.384544372558593750e-02
2.185857295989990234e-02
3.587994724512100220e-04
2.166235446929931641e-02
8.656270802021026611e-04
3.568813204765319824e-03
4.699960350990295410e-03
4.585348069667816162e-04
2.643857151269912720e-04
1.672351360321044922e-02
2.782005071640014648e-02
2.172964811325073242e-02
2.081757783889770508e-02
2.347785234451293945e-02
1.624697446823120117e-02
2.373196184635162354e-04
3.228574991226196289e-03
2.543374896049499512e-03
1.705586910247802734e-02
5.210250616073608398e-03
1.984201371669769287e-04
2.399247884750366211e-02
1.491844654083251953e-02
1.420027017593383789e-02
1.392941921949386597e-04
1.701831817626953125e-02
3.163591027259826660e-03
2.927601337432861328e-02
1.178142428398132324e-02
1.250997185707092285e-02
4.940974712371826172e-02
2.444922924041748047e-03
2.827942371368408203e-03
8.659884333610534668e-04
3.232061862945556641e-03
1.179993152618408203e-03
2.414280176162719727e-02
1.586502790451049805e-02
2.206385135650634766e-03
2.684727311134338379e-03
2.898387610912322998e-04
8.877441287040710449e-04
7.212087512016296387e-04
2.120509743690490723e-03
3.639078140258789062e-02
2.683925628662109375e-02
5.423128604888916016e-03
4.927106201648712158e-04
2.002313733100891113e-03
3.420698642730712891e-02
5.202859640121459961e-03
3.476846218109130859e-02
8.396029472351074219e-03
1.069796085357666016e-02
4.174023866653442383e-03
2.397537231445312500e-03
2.783560752868652344e-02
1.292034983634948730e-03
2.356564998626708984e-02
4.372075200080871582e-03
1.734614372253417969e-02
4.429966211318969727e-04
3.007858991622924805e-03
3.854706883430480957e-04
2.979531884193420410e-03
3.825163841247558594e-02
4.533380270004272461e-04
1.863695681095123291e-03
5.051448941230773926e-03
2.100640535354614258e-02
1.298743486404418945e-02
2.711534500122070312e-03
5.725398659706115723e-04
1.239675283432006836e-02
8.267629891633987427e-05
3.443884849548339844e-02
1.521214842796325684e-03
1.944214105606079102e-02
4.556846618652343750e-02
6.732583045959472656e-03
7.406920194625854492e-04
2.102687954902648926e-02
8.666999638080596924e-04
5.918443202972412109e-03
7.205009460449218750e-04
2.068281173706054688e-02
1.530654728412628174e-03
3.309156745672225952e-04
1.855540275573730469e-02
4.311576485633850098e-04
2.802675962448120117e-02
9.306147694587707520e-04
1.589816808700561523e-02
3.566062450408935547e-02
1.922976970672607422e-02
1.981246471405029297e-02
2.377462387084960938e-02
1.444619148969650269e-03
1.377262175083160400e-03
5.032569169998168945e-04
6.128996610641479492e-04
2.398908138275146484e-03
2.509170770645141602e-02
1.781094074249267578e-02
3.390029072761535645e-03
1.414513587951660156e-02
8.501291275024414062e-03
5.215689539909362793e-03
1.081824302673339844e-03
1.033404469490051270e-02
2.751052379608154297e-02
1.072317361831665039e-03
6.156504154205322266e-03
3.784263134002685547e-02
6.391406059265136719e-03
1.441150903701782227e-03
3.813385963439941406e-03
5.902230739593505859e-03
1.168265938758850098e-03
7.421702146530151367e-03
1.197808980941772461e-02
6.660312414169311523e-03
1.036956906318664551e-03
1.454186439514160156e-02
1.069024205207824707e-03
6.919682025909423828e-03
6.856098771095275879e-04
4.232451319694519043e-03
1.464135944843292236e-03
2.563565969467163086e-03
1.858234405517578125e-03
2.789187431335449219e-02
1.503325998783111572e-03
2.407461404800415039e-03
1.953691244125366211e-02
1.270061731338500977e-02
8.734129369258880615e-05
1.321804523468017578e-02
4.182100296020507812e-03
9.311795234680175781e-03
2.023798227310180664e-02
4.112124443054199219e-04
8.958905935287475586e-03
2.281680703163146973e-03
1.070371270179748535e-02
1.818466186523437500e-02
2.601939439773559570e-02
8.691430091857910156e-03
2.233594655990600586e-03
1.055508852005004883e-02
2.601844072341918945e-02
3.932797908782958984e-02
3.030931949615478516e-02
2.159762382507324219e-02
3.191077709197998047e-02
1.875177025794982910e-03
3.835633397102355957e-04
1.470071077346801758e-02
2.994590997695922852e-02
8.536458015441894531e-03
9.014643728733062744e-05
7.522404193878173828e-03
1.817953586578369141e-02
2.072834968566894531e-02
2.686381340026855469e-04
1.408740878105163574e-03
3.195464611053466797e-03
3.919893503189086914e-02
4.853740334510803223e-03
1.796346902847290039e-02
2.343885600566864014e-03
2.870440483093261719e-02
1.332320272922515869e-03
1.430943608283996582e-03
1.054567098617553711e-02
6.723850965499877930e-03
3.881826996803283691e-04
1.079759001731872559e-02
3.622889518737792969e-03
2.339738607406616211e-02
1.884284615516662598e-02
2.663904428482055664e-02
2.395987510681152344e-03
1.811459660530090332e-04
1.199451088905334473e-02
3.266602754592895508e-03
1.302883028984069824e-04
5.461096763610839844e-03
5.165860056877136230e-04
5.490899085998535156e-03
4.260987043380737305e-03
1.463609933853149414e-02
1.061456277966499329e-04
3.888487815856933594e-03
3.737099468708038330e-04
7.907241582870483398e-03
4.557847976684570312e-03
1.216117292642593384e-03
2.954745292663574219e-02
2.768296003341674805e-02
1.495741307735443115e-03
2.490803599357604980e-03
1.154381036758422852e-02
1.597934961318969727e-02
3.952682018280029297e-03
5.295276641845703125e-03
1.883119344711303711e-03
1.494491100311279297e-02
1.429128646850585938e-02
8.336186408996582031e-03
2.052855491638183594e-02
2.820879220962524414e-02
1.830041408538818359e-02
2.800202369689941406e-02
6.869137287139892578e-03
2.103203535079956055e-02
2.430373430252075195e-02
2.574014663696289062e-02
1.570321619510650635e-03
1.337099075317382812e-02
2.462774515151977539e-02
3.718882799148559570e-02
1.261049509048461914e-02
8.548378944396972656e-03
3.009498119354248047e-03
1.324381679296493530e-03
4.017400741577148438e-02
2.098089456558227539e-02
7.310390472412109375e-03
2.037890255451202393e-03
5.965381860733032227e-03
2.546668052673339844e-02
1.633092761039733887e-04
1.062519848346710205e-03
8.278712630271911621e-04
3.825500607490539551e-03
1.348185539245605469e-02
3.506839275360107422e-02
2.619817852973937988e-03
9.990453720092773438e-03
2.573102712631225586e-03
5.306303501129150391e-03
3.627523779869079590e-03
2.540394663810729980e-03
1.087401062250137329e-03
6.022788584232330322e-04
4.143081605434417725e-04
6.387308239936828613e-04
2.791130542755126953e-02
7.625818252563476562e-03
1.725932955741882324e-02
1.037649810314178467e-03
1.263210177421569824e-02
6.761401891708374023e-03
2.336040139198303223e-03
4.725269973278045654e-04
3.433263301849365234e-02
1.835461705923080444e-03
1.556016504764556885e-03
3.036558628082275391e-03
2.079761028289794922e-02
3.217858076095581055e-02
8.636042475700378418e-04
8.962526917457580566e-04
7.608801126480102539e-03
1.500677317380905151e-03
6.113871932029724121e-04
3.106400370597839355e-03
1.109153032302856445e-03
7.596462965011596680e-03
1.663930714130401611e-03
3.317847847938537598e-03
3.436207771301269531e-04
2.099245786666870117e-02
2.337968349456787109e-02
4.609304666519165039e-02
7.290095090866088867e-04
3.083154559135437012e-03
1.345568895339965820e-02
1.925027370452880859e-02
3.618919849395751953e-02
2.668684720993041992e-02
9.039118885993957520e-04
5.900010466575622559e-03
8.917078375816345215e-04
3.708347678184509277e-03
1.624023914337158203e-02
1.198494434356689453e-02
2.090036869049072266e-03
7.008872926235198975e-04
2.622908353805541992e-02
5.111214704811573029e-05
1.294994354248046875e-02
3.493934869766235352e-02
2.253800630569458008e-03
1.178795099258422852e-02
5.322545766830444336e-04
2.016685903072357178e-03
4.480302333831787109e-03
4.194363951683044434e-03
3.649628162384033203e-02
5.457997322082519531e-04
6.309337913990020752e-04
2.233996987342834473e-03
3.913700580596923828e-03
4.093497991561889648e-04
1.530595123767852783e-03
1.057139039039611816e-02
2.446778118610382080e-03
1.826211810111999512e-03
1.785889267921447754e-03
8.337140083312988281e-03
1.221105456352233887e-03
4.818886518478393555e-03
2.748924493789672852e-02
5.136691033840179443e-04
1.555696129798889160e-03
9.596228599548339844e-03
1.225346326828002930e-02
1.963764429092407227e-03
4.111193120479583740e-04
7.653474807739257812e-03
3.597047179937362671e-05
8.543461561203002930e-03
4.872962832450866699e-03
2.423368394374847412e-03
7.145777344703674316e-04
3.860238939523696899e-05
5.914866924285888672e-04
8.295029401779174805e-03
4.345118999481201172e-03
1.152142882347106934e-03
2.537363767623901367e-02
1.043552160263061523e-02
1.208350062370300293e-02
2.542130649089813232e-03
9.307235479354858398e-03
6.598904728889465332e-04
3.610730171203613281e-02
4.325956106185913086e-03
9.824901819229125977e-03
1.542747020721435547e-03
3.343486785888671875e-02
1.151686906814575195e-02
2.022944390773773193e-04
2.675998210906982422e-02
2.440869808197021484e-03
7.749974727630615234e-03
2.783536911010742188e-02
1.011109352111816406e-02
2.736347913742065430e-02
7.620513439178466797e-03
8.323401212692260742e-03
1.281090080738067627e-04
1.540523767471313477e-02
1.268960535526275635e-03
1.694923639297485352e-02
3.117144107818603516e-03
1.648318767547607422e-02
8.474618196487426758e-03
4.248321056365966797e-04
2.968639135360717773e-03
2.702549099922180176e-03
1.474440097808837891e-02
5.019828677177429199e-04
3.720179200172424316e-03
8.161038160324096680e-03
1.878313720226287842e-03
2.235487103462219238e-03
2.417014911770820618e-04
3.426715731620788574e-03
2.142804861068725586e-02
5.162000656127929688e-03
4.574120044708251953e-03
3.607873804867267609e-05
8.879937231540679932e-04
5.520194768905639648e-03
7.792329415678977966e-05
3.355974331498146057e-05
1.328405737876892090e-02
1.191254705190658569e-04
6.579719483852386475e-04
6.801374256610870361e-04
1.548624038696289062e-02
1.540780067443847656e-04
2.987235784530639648e-04
7.855817675590515137e-04
1.853508874773979187e-04
7.327869534492492676e-04
1.779273152351379395e-03
3.060754388570785522e-04
2.358222007751464844e-02
2.743989229202270508e-03
1.383893191814422607e-03
2.803221344947814941e-03
6.092786788940429688e-04
2.577558159828186035e-03
2.832299470901489258e-02
1.211212947964668274e-04
1.531131565570831299e-03
3.789454698562622070e-03
2.034911885857582092e-04
3.593564033508300781e-04
2.923086285591125488e-03
1.669838093221187592e-05
8.479021489620208740e-04
6.813742220401763916e-04
7.240241393446922302e-05
4.436984658241271973e-03
2.385295927524566650e-03
1.148521900177001953e-03
8.568555116653442383e-03
2.043969929218292236e-03
1.773051917552947998e-03
1.237172633409500122e-03
2.843111753463745117e-03
7.458403706550598145e-04
1.146979629993438721e-03
3.250408917665481567e-04
1.994585618376731873e-04
2.090039197355508804e-05
2.084478735923767090e-03
4.434604197740554810e-04
1.143766567111015320e-04
9.131759405136108398e-03
7.374025881290435791e-05
6.823480129241943359e-03
8.990243077278137207e-04
2.159947156906127930e-02
6.545856595039367676e-04
1.014348864555358887e-02
6.315149366855621338e-04
7.046805694699287415e-05
1.124951988458633423e-03
1.510642468929290771e-03
3.046765923500061035e-03
9.379908442497253418e-04
6.353855133056640625e-04
2.643495798110961914e-03
6.687119603157043457e-04
6.470084190368652344e-04
1.401463523507118225e-04
3.449562937021255493e-04
1.485496759414672852e-03
2.547707408666610718e-04
2.749061584472656250e-02
2.168737351894378662e-03
5.763303488492965698e-04
2.670735120773315430e-03
3.938704729080200195e-03
9.651528671383857727e-06
9.877920150756835938e-03
4.866033792495727539e-03
1.553334295749664307e-04
7.960647344589233398e-04
2.491082996129989624e-04
3.901384770870208740e-04
1.853033900260925293e-04
5.306392908096313477e-03
5.390718579292297363e-04
6.871484220027923584e-05
7.766485214233398438e-04
1.935996115207672119e-04
1.051686704158782959e-04
2.029091119766235352e-03
1.431214809417724609e-02
1.199841499328613281e-03
4.136450588703155518e-04
9.594559669494628906e-04
1.689100265502929688e-02
9.461445733904838562e-05
2.484172582626342773e-04
1.231729984283447266e-03
2.606391906738281250e-03
4.676990211009979248e-04
6.324090063571929932e-04
4.994980990886688232e-04
2.505886368453502655e-05
5.643581971526145935e-05
5.785003304481506348e-04
1.216508448123931885e-03
1.473776996135711670e-03
1.589972525835037231e-04
1.486819982528686523e-02
8.086091838777065277e-06
2.391502261161804199e-03
4.792451858520507812e-03
7.084131240844726562e-03
3.546644002199172974e-04
2.788439393043518066e-03
1.156027428805828094e-05
5.114730447530746460e-05
1.426890492439270020e-03
3.948152065277099609e-03
3.146871924400329590e-03
2.156402915716171265e-04
3.123097121715545654e-04
4.978179931640625000e-03
2.116486430168151855e-04
7.001414895057678223e-03
4.166644066572189331e-05
1.906669139862060547e-02
1.657530665397644043e-03
2.079457044601440430e-04
1.042000949382781982e-04
3.185290843248367310e-04
4.351753741502761841e-04
3.439831733703613281e-02
4.748344421386718750e-03
3.643095493316650391e-03
1.256644725799560547e-02
1.942715607583522797e-05
5.544275045394897461e-03
6.092786788940429688e-03
5.464896559715270996e-03
1.832488924264907837e-04
7.308483123779296875e-03
7.017672061920166016e-03
2.950280904769897461e-03
1.285590231418609619e-03
9.359139949083328247e-05
5.998555570840835571e-05
3.848981857299804688e-02
2.111393213272094727e-02
3.125444054603576660e-04
6.435438990592956543e-04
1.883963122963905334e-04
6.351172924041748047e-04
1.162715256214141846e-03
2.440653741359710693e-03
2.323769032955169678e-03
4.435151815414428711e-03
1.783277839422225952e-04
2.217032015323638916e-04
9.817108511924743652e-04
2.920961380004882812e-02
5.464404821395874023e-04
7.943883538246154785e-04
1.469766721129417419e-04
2.147883176803588867e-03
2.253755927085876465e-03
2.842485904693603516e-03
1.036673784255981445e-03
7.190853357315063477e-04
1.574032008647918701e-03
3.600195050239562988e-04
1.754474639892578125e-02
7.817119359970092773e-03
3.925841301679611206e-04
8.169636130332946777e-04
2.677142620086669922e-04
1.329099759459495544e-04
7.843524217605590820e-04
4.552230238914489746e-04
5.681902170181274414e-03
4.223749041557312012e-03
1.783168315887451172e-02
3.559380769729614258e-03
1.687917392700910568e-05
6.246358156204223633e-03
4.668310284614562988e-04
0.000000000000000000e+00
0.000000000000000000e+00
0.000000000000000000e+00
0.000000000000000000e+00
0.000000000000000000e+00
0.000000000000000000e+00
0.000000000000000000e+00
0.000000000000000000e+00
0.000000000000000000e+00
0.000000000000000000e+00
0.000000000000000000e+00
0.000000000000000000e+00
0.000000000000000000e+00
0.000000000000000000e+00
0.000000000000000000e+00
0.000000000000000000e+00
0.000000000000000000e+00
0.000000000000000000e+00
0.000000000000000000e+00
0.000000000000000000e+00
0.000000000000000000e+00
0.000000000000000000e+00
0.000000000000000000e+00
0.000000000000000000e+00
0.000000000000000000e+00
0.000000000000000000e+00
0.000000000000000000e+00
0.000000000000000000e+00
0.000000000000000000e+00
0.000000000000000000e+00
0.000000000000000000e+00
0.000000000000000000e+00
0.000000000000000000e+00
0.000000000000000000e+00
0.000000000000000000e+00
0.000000000000000000e+00
0.000000000000000000e+00
0.000000000000000000e+00
0.000000000000000000e+00
0.000000000000000000e+00
