9.447455406188964844e-03
9.036213159561157227e-04
2.443455159664154053e-04
6.670039147138595581e-05
1.668334007263183594e-03
5.494579672813415527e-04
4.986375570297241211e-03
1.807168126106262207e-03
1.223534345626831055e-03
1.084364950656890869e-03
1.251861453056335449e-03
1.302921772003173828e-02
4.075706005096435547e-03
8.154064416885375977e-04
1.300323009490966797e-02
2.046953886747360229e-04
5.523800849914550781e-03
2.157762646675109863e-03
1.533068716526031494e-04
8.732557296752929688e-03
5.422174930572509766e-03
5.262672901153564453e-03
4.895366728305816650e-04
8.704960346221923828e-03
9.550601243972778320e-04
3.374904394149780273e-03
8.159279823303222656e-03
1.784271001815795898e-02
4.644185304641723633e-03
8.034110069274902344e-04
3.056824207305908203e-03
1.645963639020919800e-04
1.122742891311645508e-03
1.646703481674194336e-02
1.767352223396301270e-03
2.119141817092895508e-02
3.024749457836151123e-04
4.711985588073730469e-03
7.526934146881103516e-03
1.034706830978393555e-03
5.264952778816223145e-04
6.793111562728881836e-03
2.476163208484649658e-04
5.101740360260009766e-03
4.350125789642333984e-03
6.649643182754516602e-04
3.891408443450927734e-03
1.552969217300415039e-03
1.851415634155273438e-02
1.102721691131591797e-02
5.929410457611083984e-03
4.543587565422058105e-04
7.515028119087219238e-04
3.828108310699462891e-03
1.150959730148315430e-02
1.993879675865173340e-03
2.880752086639404297e-03
2.453058958053588867e-03
2.581268548965454102e-03
5.513168871402740479e-04
1.493918895721435547e-02
8.620787411928176880e-05
6.709098815917968750e-03
2.107322216033935547e-02
5.113720893859863281e-03
4.871618002653121948e-04
8.263885974884033203e-04
6.859570741653442383e-03
4.562526941299438477e-03
4.545436240732669830e-05
6.454586982727050781e-03
1.034396886825561523e-02
9.768120944499969482e-04
1.558518409729003906e-02
1.144796609878540039e-02
3.140822052955627441e-03
8.446723222732543945e-04
4.748553037643432617e-03
4.702508449554443359e-03
2.534165978431701660e-04
9.176492691040039062e-03
2.979546785354614258e-03
1.679472625255584717e-04
4.757866263389587402e-04
2.088308334350585938e-03
4.338070750236511230e-03
2.801194787025451660e-03
2.936720848083496094e-04
2.469215542078018188e-04
1.365058124065399170e-03
1.327532529830932617e-02
2.865403890609741211e-03
1.063203811645507812e-02
4.017487168312072754e-03
2.169346809387207031e-02
7.222726941108703613e-03
3.530740737915039062e-03
1.846462488174438477e-03
6.522595882415771484e-03
5.289822816848754883e-03
1.934462785720825195e-02
1.491743326187133789e-02
2.291500568389892578e-03
9.551122784614562988e-04
1.982361078262329102e-03
3.538038581609725952e-04
1.402413845062255859e-02
4.126757383346557617e-03
1.157969236373901367e-03
1.798242330551147461e-03
5.714952945709228516e-03
1.013591885566711426e-03
1.798391342163085938e-02
9.453892707824707031e-03
5.831085145473480225e-04
3.736287355422973633e-03
7.279366254806518555e-04
1.000463962554931641e-03
3.548450767993927002e-04
1.897931098937988281e-03
2.483761310577392578e-02
4.284143447875976562e-03
3.131821751594543457e-03
5.757629871368408203e-03
2.710461616516113281e-03
1.524023711681365967e-03
5.461454391479492188e-03
1.015231013298034668e-03
2.963379025459289551e-03
2.238512039184570312e-03
2.565592527389526367e-03
1.196271181106567383e-02
1.850292086601257324e-03
2.382540702819824219e-02
1.928709447383880615e-03
2.252072095870971680e-03
4.928082227706909180e-03
9.620562195777893066e-04
9.252667427062988281e-03
3.065168857574462891e-03
2.497440576553344727e-02
9.837225079536437988e-04
2.075627446174621582e-03
2.873549237847328186e-05
3.506898880004882812e-03
1.761049032211303711e-02
1.822993159294128418e-03
3.163404762744903564e-04
7.698714733123779297e-03
9.516894817352294922e-03
8.076310157775878906e-03
1.439750194549560547e-02
1.413151621818542480e-03
1.027160882949829102e-02
1.556712388992309570e-02
3.580143675208091736e-05
9.628832340240478516e-03
1.405134797096252441e-02
1.026177406311035156e-02
1.154104247689247131e-04
3.944337368011474609e-04
1.884475350379943848e-03
6.627924740314483643e-04
6.942078471183776855e-04
3.277957439422607422e-03
1.187305897474288940e-04
9.844601154327392578e-04
1.289474964141845703e-02
2.580553293228149414e-03
1.173901557922363281e-02
1.984727382659912109e-02
3.242060542106628418e-03
4.134736955165863037e-04
1.465916633605957031e-03
1.511132717132568359e-02
2.980213612318038940e-04
2.424016594886779785e-03
1.659291982650756836e-02
7.535845041275024414e-03
7.047474384307861328e-03
1.933440566062927246e-03
1.647561788558959961e-03
5.762696266174316406e-03
2.282965183258056641e-02
1.829013228416442871e-03
3.298103809356689453e-03
6.739020347595214844e-03
1.367878913879394531e-02
1.730382442474365234e-03
6.579577922821044922e-03
3.084152936935424805e-03
2.090811729431152344e-03
1.305830478668212891e-02
8.969455957412719727e-04
1.238852739334106445e-02
4.642754793167114258e-04
2.202391624450683594e-04
2.236299216747283936e-03
1.406008005142211914e-02
3.233522176742553711e-03
3.772750496864318848e-03
2.332795411348342896e-04
4.109054803848266602e-03
4.661381244659423828e-04
2.659690380096435547e-02
2.267047762870788574e-03
1.939666271209716797e-02
1.357799768447875977e-02
2.054142951965332031e-02
5.137547850608825684e-04
3.810562193393707275e-04
2.190694212913513184e-03
8.014440536499023438e-03
5.513787269592285156e-03
2.582401037216186523e-03
1.695863902568817139e-03
5.890894681215286255e-05
3.074824810028076172e-03
1.311004161834716797e-02
3.049671649932861328e-03
1.801943778991699219e-02
4.396930336952209473e-03
6.546750664710998535e-04
1.385712623596191406e-02
2.430453896522521973e-03
8.235841989517211914e-03
2.297490835189819336e-03
2.653881907463073730e-03
1.769149303436279297e-02
2.871528267860412598e-03
1.714378595352172852e-04
3.987088799476623535e-03
6.475627422332763672e-03
6.055355072021484375e-03
3.595858812332153320e-03
9.411990642547607422e-03
1.769495010375976562e-02
9.729862213134765625e-04
3.500744700431823730e-03
2.719247341156005859e-02
6.935715675354003906e-03
1.219230890274047852e-02
6.999149918556213379e-04
1.328781247138977051e-03
2.339720726013183594e-03
3.755003213882446289e-03
3.669130802154541016e-02
1.072287559509277344e-03
2.677261829376220703e-03
4.332847893238067627e-04
3.328189253807067871e-03
5.836367607116699219e-03
8.166015148162841797e-03
6.181806325912475586e-03
2.940505743026733398e-03
1.315146684646606445e-03
2.038836479187011719e-03
2.361792325973510742e-02
2.604909241199493408e-04
4.225503653287887573e-05
2.119886875152587891e-02
1.013197004795074463e-03
1.345679163932800293e-03
9.830653667449951172e-03
1.455307006835937500e-03
2.461597323417663574e-03
1.182109117507934570e-03
2.781674265861511230e-03
7.174670696258544922e-03
7.066130638122558594e-04
3.270524740219116211e-02
2.268537878990173340e-03
1.833212375640869141e-02
5.821995437145233154e-04
1.237630844116210938e-03
1.486718654632568359e-03
6.583034992218017578e-04
1.528382301330566406e-03
2.590604126453399658e-04
8.878290653228759766e-03
1.754361391067504883e-02
1.265156269073486328e-02
6.936758756637573242e-03
2.456951141357421875e-02
4.046171903610229492e-03
5.781531333923339844e-03
1.733556389808654785e-03
5.361258983612060547e-03
1.160383224487304688e-02
8.438646793365478516e-03
3.831505775451660156e-03
2.232426777482032776e-04
6.843000650405883789e-03
1.330390572547912598e-03
1.600012183189392090e-03
4.423782229423522949e-03
9.476169943809509277e-04
2.307109534740447998e-04
4.767715930938720703e-03
3.495693206787109375e-03
1.654386520385742188e-03
1.725828647613525391e-02
3.523603081703186035e-04
3.641009330749511719e-03
1.066744327545166016e-03
2.235211431980133057e-03
5.931168794631958008e-03
1.234948635101318359e-02
4.898458719253540039e-03
2.138331532478332520e-03
1.809763908386230469e-02
3.071084618568420410e-03
9.560167789459228516e-03
1.807242631912231445e-02
5.417972803115844727e-03
2.212500572204589844e-02
6.079580634832382202e-05
5.549043416976928711e-04
4.049502313137054443e-04
4.359170794486999512e-03
1.025319099426269531e-03
6.255626678466796875e-03
1.336133480072021484e-02
1.286871731281280518e-03
1.736861467361450195e-02
1.688048243522644043e-03
2.363175153732299805e-03
4.133895039558410645e-03
3.368817269802093506e-04
1.953649520874023438e-02
3.782719373703002930e-03
1.233386993408203125e-02
2.944797277450561523e-03
2.027988433837890625e-03
1.059435307979583740e-03
7.229596376419067383e-03
6.121098995208740234e-03
1.039385795593261719e-02
8.821114897727966309e-04
4.668772220611572266e-03
1.125440001487731934e-03
1.028668880462646484e-02
2.363935112953186035e-03
3.074705600738525391e-03
1.383312046527862549e-03
2.328157424926757812e-03
3.447484970092773438e-02
2.575024962425231934e-03
1.951172947883605957e-03
1.005247235298156738e-03
2.581685781478881836e-03
3.434449434280395508e-03
6.242960691452026367e-03
2.153739333152770996e-03
4.536718130111694336e-03
2.729368209838867188e-02
1.574128866195678711e-02
6.278902292251586914e-04
1.027601957321166992e-02
1.314103603363037109e-03
1.097285747528076172e-02
1.767113804817199707e-03
6.414055824279785156e-03
1.251983642578125000e-02
4.286110401153564453e-03
2.247482538223266602e-03
1.137193292379379272e-03
1.230847835540771484e-02
9.842887520790100098e-04
5.756139755249023438e-03
4.117146134376525879e-03
1.089048385620117188e-02
3.096818923950195312e-03
2.114757895469665527e-03
4.249423742294311523e-03
4.298299551010131836e-03
1.155540347099304199e-03
5.453765392303466797e-03
3.451734781265258789e-03
2.275146543979644775e-04
8.238077163696289062e-03
2.558767795562744141e-03
9.618610143661499023e-03
2.682477235794067383e-03
5.610883235931396484e-03
2.861186861991882324e-03
1.275995373725891113e-02
2.548955380916595459e-03
5.060613155364990234e-03
2.381607890129089355e-03
1.235753297805786133e-02
2.158917486667633057e-04
5.244344472885131836e-03
1.771605014801025391e-02
9.461909532546997070e-03
2.826293930411338806e-04
9.663015604019165039e-03
1.864716410636901855e-03
2.318713814020156860e-05
5.643576383590698242e-03
1.377671957015991211e-03
5.286097526550292969e-03
5.628168582916259766e-04
2.649694681167602539e-03
3.697797656059265137e-03
2.007350325584411621e-03
8.141994476318359375e-03
1.442945003509521484e-02
1.499727368354797363e-03
5.018591880798339844e-03
1.474136114120483398e-02
7.857605814933776855e-04
1.039072871208190918e-03
4.785478115081787109e-03
2.001047134399414062e-03
3.712512552738189697e-04
6.731927394866943359e-03
1.113465428352355957e-02
2.436526119709014893e-04
8.180923759937286377e-05
1.866802573204040527e-03
1.298791170120239258e-02
5.860552191734313965e-04
1.661255955696105957e-03
1.358345150947570801e-03
5.858898162841796875e-03
2.890437841415405273e-03
3.653317689895629883e-03
8.598029613494873047e-03
2.499568462371826172e-02
1.831762492656707764e-04
1.606550812721252441e-02
8.032172918319702148e-03
2.380549907684326172e-03
1.252852380275726318e-03
1.197463274002075195e-02
1.182240247726440430e-02
2.680480480194091797e-03
1.499548554420471191e-03
1.160222291946411133e-02
1.424378156661987305e-02
5.953550338745117188e-03
1.215040683746337891e-04
1.954175531864166260e-04
1.664662361145019531e-02
2.950832247734069824e-03
5.505412817001342773e-03
9.580701589584350586e-03
7.299840450286865234e-03
3.027960658073425293e-03
1.224827766418457031e-02
3.042608499526977539e-03
1.291555166244506836e-02
3.418296575546264648e-03
1.320892572402954102e-02
4.751496016979217529e-04
2.913013100624084473e-03
1.623138785362243652e-03
3.055080771446228027e-03
7.492750883102416992e-04
2.385601401329040527e-04
3.223493695259094238e-04
1.090687513351440430e-02
1.909598708152770996e-03
1.693665981292724609e-02
3.506362438201904297e-03
6.449222564697265625e-04
1.004464924335479736e-03
1.472502946853637695e-03
2.612900733947753906e-02
4.648379981517791748e-04
8.972212672233581543e-04
3.946572542190551758e-04
1.575511693954467773e-02
3.006741404533386230e-03
1.975893974304199219e-04
1.023504137992858887e-02
2.189177274703979492e-02
5.841195583343505859e-03
3.242447972297668457e-03
1.672869920730590820e-02
2.802640199661254883e-02
3.805346786975860596e-04
7.349461317062377930e-03
9.410887956619262695e-03
1.362210512161254883e-02
6.234049797058105469e-03
4.051953554153442383e-03
1.282125711441040039e-02
7.001966238021850586e-03
1.078471541404724121e-03
5.538687109947204590e-04
1.535400748252868652e-03
4.437893629074096680e-03
2.529397606849670410e-04
1.479619741439819336e-02
3.291308879852294922e-03
1.943379640579223633e-03
7.973968982696533203e-03
1.342988014221191406e-02
2.201527357101440430e-03
7.174342870712280273e-03
4.272389411926269531e-02
5.596756935119628906e-03
1.824051141738891602e-02
1.710218191146850586e-02
7.678121328353881836e-04
9.180381894111633301e-04
1.069095730781555176e-02
4.132986068725585938e-04
2.437233924865722656e-03
2.397134900093078613e-03
1.174455881118774414e-02
2.632856369018554688e-03
1.422278583049774170e-04
9.181126952171325684e-04
1.218789815902709961e-02
5.964964628219604492e-03
4.693418741226196289e-04
1.362197101116180420e-03
4.400908946990966797e-04
1.386964321136474609e-02
1.301062107086181641e-02
1.010239124298095703e-03
2.173876762390136719e-02
5.834668874740600586e-03
1.232370734214782715e-03
1.654702425003051758e-02
7.450729608535766602e-04
2.466306090354919434e-03
2.133190631866455078e-03
2.786591649055480957e-03
4.379838705062866211e-03
1.308941841125488281e-02
1.347083598375320435e-04
9.240675717592239380e-05
1.040317118167877197e-03
1.017075777053833008e-02
6.650447845458984375e-03
7.124900817871093750e-03
1.392114162445068359e-02
8.773565292358398438e-03
4.391908645629882812e-03
5.712240934371948242e-03
1.773798465728759766e-02
1.385235786437988281e-02
1.291945576667785645e-02
1.545923948287963867e-02
2.459216117858886719e-02
8.214637637138366699e-04
1.934719085693359375e-02
4.896849393844604492e-03
1.621204614639282227e-02
3.049284219741821289e-03
7.654845714569091797e-03
1.759827136993408203e-04
2.508330345153808594e-02
2.338421344757080078e-02
4.341930150985717773e-03
1.196843385696411133e-02
2.735018730163574219e-03
1.306170225143432617e-02
2.141624689102172852e-03
1.768445968627929688e-02
1.050785183906555176e-03
3.077566623687744141e-03
1.600265502929687500e-02
1.118016242980957031e-02
3.491714596748352051e-04
3.489270806312561035e-03
1.941108703613281250e-02
1.357161998748779297e-02
9.373426437377929688e-04
9.012103080749511719e-03
3.468072414398193359e-02
4.863768815994262695e-03
8.973479270935058594e-04
1.134075224399566650e-03
1.894354820251464844e-03
1.749545335769653320e-03
2.102112770080566406e-02
2.249681949615478516e-02
1.254606246948242188e-02
1.071959733963012695e-02
4.215329885482788086e-03
1.028794795274734497e-04
3.343343734741210938e-03
2.433061599731445312e-02
2.382814884185791016e-03
1.626682281494140625e-02
7.974803447723388672e-04
5.137920379638671875e-03
2.307012677192687988e-03
1.249241828918457031e-02
5.984574556350708008e-03
1.129096746444702148e-02
2.992805093526840210e-04
1.313996315002441406e-02
1.268967986106872559e-03
1.335376501083374023e-02
1.815751194953918457e-03
4.216983914375305176e-03
2.518631517887115479e-04
2.505779266357421875e-02
1.922249794006347656e-03
1.113027334213256836e-02
1.983761787414550781e-03
7.539927959442138672e-03
1.663506031036376953e-02
5.672782659530639648e-03
3.048107028007507324e-04
1.948416233062744141e-03
1.749986410140991211e-02
6.879270076751708984e-04
2.287328243255615234e-03
5.343109369277954102e-03
5.109429359436035156e-03
1.084722578525543213e-03
6.773412227630615234e-03
8.141472935676574707e-04
1.641255617141723633e-02
4.156585782766342163e-05
8.328914642333984375e-03
1.421821117401123047e-02
2.666547894477844238e-03
5.179196596145629883e-04
1.127988100051879883e-03
2.251535654067993164e-03
1.470524072647094727e-02
2.465397119522094727e-04
6.383121013641357422e-03
8.066982030868530273e-03
1.555413007736206055e-02
2.056032419204711914e-03
3.039479255676269531e-03
1.204749941825866699e-02
1.705598831176757812e-02
1.854991912841796875e-02
1.882350444793701172e-02
4.969090223312377930e-03
2.457696199417114258e-02
4.328519105911254883e-03
1.839208602905273438e-02
4.532098770141601562e-03
1.388245820999145508e-02
1.399403810501098633e-02
1.205027103424072266e-03
1.080077886581420898e-02
1.134425401687622070e-02
2.802647650241851807e-04
2.386856079101562500e-02
5.940049886703491211e-03
6.950125098228454590e-04
5.905739963054656982e-04
3.387361764907836914e-03
1.784503459930419922e-03
2.824708819389343262e-03
1.433289051055908203e-02
1.020559668540954590e-02
2.333462238311767578e-03
1.322972774505615234e-02
1.151001453399658203e-02
2.292525768280029297e-02
4.996284842491149902e-04
7.368326187133789062e-04
5.950748920440673828e-03
9.934306144714355469e-04
1.541709899902343750e-02
1.432764530181884766e-02
2.787597477436065674e-04
1.714879274368286133e-02
2.304911613464355469e-02
1.359295845031738281e-02
4.892230033874511719e-03
1.021063327789306641e-02
1.715943217277526855e-03
2.591788768768310547e-02
1.457273960113525391e-02
1.236760616302490234e-02
1.135122776031494141e-02
5.620159208774566650e-04
1.990503072738647461e-02
3.340214490890502930e-03
1.133191585540771484e-02
7.286071777343750000e-03
1.606643199920654297e-04
5.079150199890136719e-03
2.153813838958740234e-03
4.252016544342041016e-03
3.046345710754394531e-02
3.699913620948791504e-03
2.484142780303955078e-02
3.431499004364013672e-03
3.211081027984619141e-03
1.611554622650146484e-02
1.701429486274719238e-03
1.695994287729263306e-04
4.412144422531127930e-03
1.202839612960815430e-02
2.041375637054443359e-02
1.675486564636230469e-03
7.942318916320800781e-04
7.870495319366455078e-03
1.264199614524841309e-03
1.779556274414062500e-02
3.800332546234130859e-03
6.577651947736740112e-05
3.513336181640625000e-03
3.480054438114166260e-04
4.648298025131225586e-03
1.501977443695068359e-03
1.096330583095550537e-03
3.820247948169708252e-04
1.614433526992797852e-02
2.998501062393188477e-02
1.368832588195800781e-02
1.029145717620849609e-02
9.032934904098510742e-04
1.922324299812316895e-03
6.204247474670410156e-03
3.083735704421997070e-03
2.891048789024353027e-04
9.834095835685729980e-04
6.115436553955078125e-03
1.989603042602539062e-03
1.165181398391723633e-03
3.678798675537109375e-03
1.056760549545288086e-03
8.821934461593627930e-04
3.771781921386718750e-03
2.556070685386657715e-04
6.095498800277709961e-03
1.207251101732254028e-03
1.102723181247711182e-04
3.351606428623199463e-04
6.662011146545410156e-04
2.051639556884765625e-02
2.288436889648437500e-02
1.115381717681884766e-02
2.022385597229003906e-02
1.648515462875366211e-02
6.580259650945663452e-05
2.563476562500000000e-02
3.545582294464111328e-04
8.371099829673767090e-04
2.056062221527099609e-03
9.140279144048690796e-05
1.385897397994995117e-02
5.385652184486389160e-04
2.169299125671386719e-02
9.400919079780578613e-04
7.376313209533691406e-03
1.840591430664062500e-03
2.275109291076660156e-03
1.641355454921722412e-03
1.353555917739868164e-02
1.349002122879028320e-02
1.799404621124267578e-02
1.752376556396484375e-03
2.916985750198364258e-02
2.205073833465576172e-02
1.420509815216064453e-02
1.655995845794677734e-03
9.994432330131530762e-04
7.308661937713623047e-03
2.635598182678222656e-03
1.379951834678649902e-03
1.005700230598449707e-02
1.102998852729797363e-03
3.238767385482788086e-03
1.045429706573486328e-02
4.160702228546142578e-03
7.230183109641075134e-05
1.280874013900756836e-02
1.539605855941772461e-02
2.809667587280273438e-02
1.124963164329528809e-03
2.575218677520751953e-02
6.029218435287475586e-03
2.227711677551269531e-02
3.213316202163696289e-03
1.323777437210083008e-02
1.370689272880554199e-02
1.710942015051841736e-04
5.588904023170471191e-04
7.317960262298583984e-03
4.524230957031250000e-03
2.500748634338378906e-02
2.208644151687622070e-02
9.610652923583984375e-03
8.556917309761047363e-04
5.815565586090087891e-03
6.736934185028076172e-03
2.298563718795776367e-03
1.859104633331298828e-02
1.882180571556091309e-03
2.054855227470397949e-03
1.072101294994354248e-03
2.096331119537353516e-02
1.289218664169311523e-03
2.558326721191406250e-02
1.481749117374420166e-03
2.295188605785369873e-04
8.541226387023925781e-03
1.986995339393615723e-03
4.039868712425231934e-03
2.023684978485107422e-02
7.285952568054199219e-03
1.655799150466918945e-02
5.097746849060058594e-03
8.675202727317810059e-03
1.566982269287109375e-02
7.682442665100097656e-03
2.953261137008666992e-04
5.548819899559020996e-04
1.697942614555358887e-03
1.523770391941070557e-03
2.579972147941589355e-03
1.458078622817993164e-04
6.212353706359863281e-03
8.186459541320800781e-03
6.348639726638793945e-04
4.939258098602294922e-03
4.133403301239013672e-03
1.157008111476898193e-03
4.218459129333496094e-03
7.812380790710449219e-03
3.023135662078857422e-02
1.688349246978759766e-02
8.939355611801147461e-04
1.053892076015472412e-03
1.162332296371459961e-02
9.925842285156250000e-03
2.185199409723281860e-04
5.838423967361450195e-03
2.099668979644775391e-02
3.943413496017456055e-02
7.833421230316162109e-03
1.269930601119995117e-02
2.983361482620239258e-03
1.741424202919006348e-03
3.096687793731689453e-02
1.039147377014160156e-02
6.455302238464355469e-03
1.150881871581077576e-04
2.025030553340911865e-04
3.890365362167358398e-03
9.057462215423583984e-03
3.044493496417999268e-05
2.816092967987060547e-02
2.897417545318603516e-02
1.732133328914642334e-03
1.413458585739135742e-02
2.107679843902587891e-03
1.023933291435241699e-04
2.178475260734558105e-04
2.515029907226562500e-02
1.177668571472167969e-02
7.112845778465270996e-04
4.293009638786315918e-03
1.073196530342102051e-02
2.040460705757141113e-03
2.209350466728210449e-03
2.299204468727111816e-03
4.726439714431762695e-03
9.030014276504516602e-03
1.102477312088012695e-02
1.218521595001220703e-02
1.617707312107086182e-03
4.633828997611999512e-03
8.635550737380981445e-03
4.489690065383911133e-03
6.355553865432739258e-03
2.557718753814697266e-02
2.678841352462768555e-03
1.735135912895202637e-03
1.014024019241333008e-04
2.813279628753662109e-02
2.008527517318725586e-03
2.676114439964294434e-03
7.001847028732299805e-03
3.573253750801086426e-03
1.302704215049743652e-03
3.116226196289062500e-02
2.598941326141357422e-03
3.483772277832031250e-03
8.915588259696960449e-04
1.099919900298118591e-04
5.958735942840576172e-03
2.289843559265136719e-02
3.251992166042327881e-05
5.785167217254638672e-03
1.369273662567138672e-02
1.338630914688110352e-03
1.804298162460327148e-02
9.886503219604492188e-03
1.069730520248413086e-02
5.180478096008300781e-03
1.424562931060791016e-02
1.149725914001464844e-02
1.868903636932373047e-04
6.221771240234375000e-03
2.544913440942764282e-04
6.574749946594238281e-03
5.999565124511718750e-03
6.627082824707031250e-03
5.597442388534545898e-03
1.021988689899444580e-03
2.471357583999633789e-03
1.723334193229675293e-03
1.052431762218475342e-03
1.667067408561706543e-04
7.178515195846557617e-03
9.069964289665222168e-04
8.037179708480834961e-03
2.042269706726074219e-02
2.339255809783935547e-02
2.582088112831115723e-03
7.808506488800048828e-04
6.220400333404541016e-03
2.789288759231567383e-03
6.411075592041015625e-04
1.087623834609985352e-02
5.940794944763183594e-03
2.768445014953613281e-02
4.045993089675903320e-03
4.541903734207153320e-03
2.826243638992309570e-03
3.352537751197814941e-04
1.884669065475463867e-03
2.012290060520172119e-03
3.527849912643432617e-04
1.752376556396484375e-02
1.023191213607788086e-02
9.079203009605407715e-04
2.778410911560058594e-03
1.918089389801025391e-02
1.525081694126129150e-03
7.281690835952758789e-03
7.920712232589721680e-05
7.504045963287353516e-03
4.562586545944213867e-03
1.271277666091918945e-02
1.218998432159423828e-02
9.710788726806640625e-04
1.807212829589843750e-03
1.190888881683349609e-02
7.551491260528564453e-03
1.372560858726501465e-03
2.260160446166992188e-02
2.271264791488647461e-03
2.182155847549438477e-03
1.809340715408325195e-02
1.427717506885528564e-04
5.590617656707763672e-04
6.978958845138549805e-04
1.062434911727905273e-02
3.922194242477416992e-03
3.013670444488525391e-03
7.486417889595031738e-04
2.970993518829345703e-03
3.814101219177246094e-03
1.217097043991088867e-02
5.467012524604797363e-04
9.819865226745605469e-04
2.228636294603347778e-04
1.984703540802001953e-02
2.847947180271148682e-04
3.705993294715881348e-04
3.469204902648925781e-02
3.487527370452880859e-03
2.059316635131835938e-02
1.039467751979827881e-03
1.471236348152160645e-03
1.481227576732635498e-03
9.017884731292724609e-04
1.001751422882080078e-02
2.659213542938232422e-02
3.841379657387733459e-05
2.701860666275024414e-02
1.853518187999725342e-04
1.251585781574249268e-04
7.507298141717910767e-05
3.460302948951721191e-03
3.264751285314559937e-04
1.854234933853149414e-02
6.540656089782714844e-03
1.070374250411987305e-02
9.271502494812011719e-03
2.958834171295166016e-02
1.132547855377197266e-02
9.339302778244018555e-04
5.713142454624176025e-04
3.350675106048583984e-04
2.186149358749389648e-04
1.507645845413208008e-02
3.266036510467529297e-03
1.347693614661693573e-05
1.259922981262207031e-02
2.958357334136962891e-03
4.525147378444671631e-04
5.183845758438110352e-03
2.426755428314208984e-02
2.194118499755859375e-02
3.095939755439758301e-04
8.512854576110839844e-03
9.536668658256530762e-04
4.956349730491638184e-04
3.676071763038635254e-03
5.916863679885864258e-03
8.777976036071777344e-04
3.806531429290771484e-03
8.485198020935058594e-03
5.943566560745239258e-03
2.603173255920410156e-03
4.170611500740051270e-03
1.334106922149658203e-02
1.573398709297180176e-03
1.361709833145141602e-02
8.183777332305908203e-03
3.287777304649353027e-03
3.030705451965332031e-02
2.090316265821456909e-04
1.214939355850219727e-02
8.174479007720947266e-03
3.731518983840942383e-03
1.305663585662841797e-02
4.293769598007202148e-04
1.859050989151000977e-02
1.181043684482574463e-03
4.049316048622131348e-04
1.837015151977539062e-02
6.874471902847290039e-03
1.166641712188720703e-02
6.643533706665039062e-04
1.996904611587524414e-02
7.936835289001464844e-03
2.118837833404541016e-02
3.673493862152099609e-03
1.312375068664550781e-03
2.919524908065795898e-03
2.530169486999511719e-02
2.806198596954345703e-02
2.235621213912963867e-03
1.941406726837158203e-02
2.465933561325073242e-03
5.281597375869750977e-03
3.204715251922607422e-02
1.829034090042114258e-02
1.570776104927062988e-03
4.331663250923156738e-03
3.794622421264648438e-02
4.461370408535003662e-04
6.215162575244903564e-04
3.485940396785736084e-04
2.580329775810241699e-03
6.415933370590209961e-03
1.375693082809448242e-02
2.190411090850830078e-03
1.467317342758178711e-02
9.020626544952392578e-03
1.640677452087402344e-02
3.825867176055908203e-02
1.433916389942169189e-03
3.172069787979125977e-03
2.755805850028991699e-03
2.365916967391967773e-03
6.442964076995849609e-03
1.332327723503112793e-03
2.607512474060058594e-02
2.050295472145080566e-03
4.894018173217773438e-03
5.794882774353027344e-03
4.779756069183349609e-03
2.040624618530273438e-02
1.746094226837158203e-02
2.113640308380126953e-03
2.126604318618774414e-03
1.807734370231628418e-04
1.213371753692626953e-03
2.382433414459228516e-02
1.497232913970947266e-02
1.969859004020690918e-04
5.785882472991943359e-03
1.528069376945495605e-03
6.912797689437866211e-04
2.475714683532714844e-02
2.666097134351730347e-04
1.295655965805053711e-03
8.684992790222167969e-03
1.398719847202301025e-03
2.575963735580444336e-03
5.292594432830810547e-03
1.642316579818725586e-02
5.087792873382568359e-03
1.020458340644836426e-02
1.318156719207763672e-02
7.867336273193359375e-03
9.081363677978515625e-03
4.082657396793365479e-04
5.542755126953125000e-03
1.364481449127197266e-02
7.322400808334350586e-03
3.908917307853698730e-03
3.270104527473449707e-03
1.125967502593994141e-02
4.164844751358032227e-03
1.122510433197021484e-02
3.452077507972717285e-04
1.143679022789001465e-03
8.437335491180419922e-03
1.807034015655517578e-02
2.713465690612792969e-02
3.237649798393249512e-04
3.275439143180847168e-03
1.034766435623168945e-02
1.827031373977661133e-02
1.834407448768615723e-03
2.573847770690917969e-03
9.107887744903564453e-03
1.846641302108764648e-02
2.139008045196533203e-02
1.774650812149047852e-02
5.952380597591400146e-04
4.522763192653656006e-04
8.403137326240539551e-04
1.155757904052734375e-02
1.871359348297119141e-02
1.450949907302856445e-02
2.468153834342956543e-03
1.195740699768066406e-02
2.204215526580810547e-02
1.241862773895263672e-02
1.056291162967681885e-03
2.823267132043838501e-04
6.047487258911132812e-03
3.812694922089576721e-05
5.208641290664672852e-03
5.531907081604003906e-03
1.817798614501953125e-02
1.687645912170410156e-03
1.376646757125854492e-02
1.262247562408447266e-03
2.010130882263183594e-02
9.964257478713989258e-04
1.381301879882812500e-02
1.382911205291748047e-02
1.962983608245849609e-02
2.138808369636535645e-03
2.170726656913757324e-03
3.160402178764343262e-03
5.458854138851165771e-04
1.498628407716751099e-04
6.826147437095642090e-04
1.465436071157455444e-04
3.077350556850433350e-04
2.785488963127136230e-03
1.228117942810058594e-02
5.576878786087036133e-03
1.166421175003051758e-02
2.284663915634155273e-02
5.283370614051818848e-03
6.297200918197631836e-03
1.933753490447998047e-02
2.817273139953613281e-03
2.661168575286865234e-03
8.348152041435241699e-04
1.791220903396606445e-02
6.853090599179267883e-05
1.003164798021316528e-04
2.209968864917755127e-03
6.726086139678955078e-03
1.077330112457275391e-02
7.781505584716796875e-03
7.617399096488952637e-04
1.809343695640563965e-03
5.266070365905761719e-05
7.150508463382720947e-05
1.375041902065277100e-04
1.568347215652465820e-04
8.048593997955322266e-03
1.499986648559570312e-02
1.581560354679822922e-05
3.703124821186065674e-04
3.972262144088745117e-03
1.726657152175903320e-03
1.389163732528686523e-02
1.917988061904907227e-03
3.452114760875701904e-04
2.045273780822753906e-03
2.684481441974639893e-04
7.810354232788085938e-03
8.854031562805175781e-03
2.019619569182395935e-05
1.490563154220581055e-03
3.605127334594726562e-03
1.882326602935791016e-02
1.389794051647186279e-03
3.431886434555053711e-04
5.754590034484863281e-03
5.099624395370483398e-03
1.388108730316162109e-02
4.452057182788848877e-04
9.429082274436950684e-05
2.664178609848022461e-04
2.274289727210998535e-03
1.658737659454345703e-03
5.387654528021812439e-05
1.822765916585922241e-04
5.972862243652343750e-03
1.209586858749389648e-02
3.767311573028564453e-03
4.438787698745727539e-03
2.266305685043334961e-02
5.305111408233642578e-04
8.470788598060607910e-04
7.908120751380920410e-04
6.259530782699584961e-04
8.167400956153869629e-04
5.015939474105834961e-03
2.784520387649536133e-03
3.716361522674560547e-02
6.183803081512451172e-03
3.860592842102050781e-03
4.235878586769104004e-03
2.646818757057189941e-03
1.926749944686889648e-03
8.967891335487365723e-04
7.687568664550781250e-03
1.487976312637329102e-02
4.984885454177856445e-03
9.694769978523254395e-04
3.758385777473449707e-03
1.597747206687927246e-03
1.018114387989044189e-03
1.155179738998413086e-02
5.487650632858276367e-04
2.329587936401367188e-03
3.469809889793395996e-04
3.354083746671676636e-04
4.484921693801879883e-03
3.158003091812133789e-04
1.301437616348266602e-03
5.515664815902709961e-04
3.661513328552246094e-04
1.946296542882919312e-04
1.275742053985595703e-02
8.553892374038696289e-03
1.021784543991088867e-02
1.192599534988403320e-03
6.918460130691528320e-03
4.024729132652282715e-03
1.108704600483179092e-05
5.311548709869384766e-03
1.085646450519561768e-03
2.059787511825561523e-04
1.466512680053710938e-02
1.597180962562561035e-03
5.716457962989807129e-04
1.023873686790466309e-03
3.827549517154693604e-04
1.923632621765136719e-02
4.167556762695312500e-04
3.813117742538452148e-03
1.676864922046661377e-04
6.319209933280944824e-05
9.296648204326629639e-05
2.032190561294555664e-03
2.715051174163818359e-03
1.774001866579055786e-04
1.478165388107299805e-02
1.158744096755981445e-02
3.352895379066467285e-03
3.602355718612670898e-04
6.188362836837768555e-03
2.146750688552856445e-03
5.992874503135681152e-04
5.681850016117095947e-04
1.181697845458984375e-02
1.903206110000610352e-03
1.265931129455566406e-02
1.191616058349609375e-03
1.111418008804321289e-03
1.844123005867004395e-03
2.766959369182586670e-05
1.572495698928833008e-02
1.280312426388263702e-05
3.855265676975250244e-04
1.041390001773834229e-03
3.210455179214477539e-03
6.512224674224853516e-03
1.571482419967651367e-02
8.622705936431884766e-03
1.592051982879638672e-02
6.990134716033935547e-05
1.774072647094726562e-03
2.313947677612304688e-02
4.480838775634765625e-03
4.019111394882202148e-03
3.615915775299072266e-04
2.805329859256744385e-04
6.856955587863922119e-05
7.413983345031738281e-03
1.896157860755920410e-03
4.761338233947753906e-03
5.182772874832153320e-04
1.176461577415466309e-03
7.879082113504409790e-05
1.587009429931640625e-02
1.867294311523437500e-03
2.803516387939453125e-02
3.585666418075561523e-04
1.198872923851013184e-04
1.166366040706634521e-03
1.312263309955596924e-03
1.121871173381805420e-04
3.383964300155639648e-03
1.132115721702575684e-03
1.593157649040222168e-03
1.309677958488464355e-03
1.318845897912979126e-04
3.194153308868408203e-03
8.349940180778503418e-04
4.262834787368774414e-03
1.859985291957855225e-03
4.989266395568847656e-03
2.522811293601989746e-03
6.532743573188781738e-04
2.511978149414062500e-03
1.740962266921997070e-03
1.090705394744873047e-02
4.559941589832305908e-04
6.350949406623840332e-04
1.236304640769958496e-02
9.782984852790832520e-04
6.380826234817504883e-04
5.399212241172790527e-04
2.527330070734024048e-04
9.857863187789916992e-05
1.050800085067749023e-03
1.216545701026916504e-03
7.474899291992187500e-03
2.140328288078308105e-04
1.953076571226119995e-04
7.436752319335937500e-03
1.788061857223510742e-02
1.915022730827331543e-03
1.181870698928833008e-03
1.467019319534301758e-03
1.767352223396301270e-03
1.451186835765838623e-04
1.736674457788467407e-04
5.368813872337341309e-04
2.550289034843444824e-03
1.470260322093963623e-03
1.241475343704223633e-03
3.802627325057983398e-03
1.439541578292846680e-03
4.826784133911132812e-04
2.595365047454833984e-03
2.679139375686645508e-03
4.989892244338989258e-03
1.589134335517883301e-04
8.982717990875244141e-04
2.305224537849426270e-03
1.539349555969238281e-03
1.788175106048583984e-02
4.812449216842651367e-03
6.884150207042694092e-05
7.435530424118041992e-03
4.869252443313598633e-04
1.268461346626281738e-03
3.490187227725982666e-04
1.020608469843864441e-04
5.553811788558959961e-04
7.146969437599182129e-05
1.341342926025390625e-03
1.867032051086425781e-02
1.150989532470703125e-02
1.656675338745117188e-02
1.721270382404327393e-04
1.374888420104980469e-02
7.146177813410758972e-05
7.356584072113037109e-03
3.048591315746307373e-04
4.185497760772705078e-03
1.236647367477416992e-03
2.621009945869445801e-03
1.147434115409851074e-03
1.816526055335998535e-04
1.039989292621612549e-03
8.608341217041015625e-03
1.926392316818237305e-03
2.183377742767333984e-03
1.327440142631530762e-03
1.571214199066162109e-02
2.583220601081848145e-03
3.549277782440185547e-03
1.821145415306091309e-03
1.114189624786376953e-03
6.243586540222167969e-05
8.592382073402404785e-04
7.664933800697326660e-04
8.762627840042114258e-04
1.228041946887969971e-04
5.047768354415893555e-04
3.044217824935913086e-03
3.747045993804931641e-03
0.000000000000000000e+00
0.000000000000000000e+00
0.000000000000000000e+00
0.000000000000000000e+00
0.000000000000000000e+00
0.000000000000000000e+00
0.000000000000000000e+00
0.000000000000000000e+00
0.000000000000000000e+00
0.000000000000000000e+00
0.000000000000000000e+00
0.000000000000000000e+00
0.000000000000000000e+00
0.000000000000000000e+00
0.000000000000000000e+00
0.000000000000000000e+00
0.000000000000000000e+00
0.000000000000000000e+00
0.000000000000000000e+00
0.000000000000000000e+00
0.000000000000000000e+00
0.000000000000000000e+00
0.000000000000000000e+00
0.000000000000000000e+00
0.000000000000000000e+00
0.000000000000000000e+00
0.000000000000000000e+00
0.000000000000000000e+00
0.000000000000000000e+00
0.000000000000000000e+00
0.000000000000000000e+00
0.000000000000000000e+00
0.000000000000000000e+00
0.000000000000000000e+00
0.000000000000000000e+00
0.000000000000000000e+00
0.000000000000000000e+00
0.000000000000000000e+00
0.000000000000000000e+00
0.000000000000000000e+00
