1.262575387954711914e-03
1.562017202377319336e-02
2.296149730682373047e-02
3.130291588604450226e-05
1.217208802700042725e-03
4.241354763507843018e-04
1.999354362487792969e-02
1.935809850692749023e-02
2.517557144165039062e-02
1.927137374877929688e-02
1.622331142425537109e-02
1.700699329376220703e-02
1.204714179039001465e-02
5.541816353797912598e-04
2.391618490219116211e-02
6.828069686889648438e-03
1.901292800903320312e-02
1.366281509399414062e-02
2.056646347045898438e-02
1.092955470085144043e-03
1.504498720169067383e-02
7.877677679061889648e-03
1.216366887092590332e-03
1.668083667755126953e-02
2.460992336273193359e-02
1.381972432136535645e-02
3.021378070116043091e-04
2.391386032104492188e-02
2.140665054321289062e-02
1.896333694458007812e-02
1.588642597198486328e-02
1.559019088745117188e-02
1.197442412376403809e-02
1.250185072422027588e-03
3.100037574768066406e-03
3.122961521148681641e-02
1.166919246315956116e-04
5.794391036033630371e-04
7.442057132720947266e-03
1.796650886535644531e-02
7.202327251434326172e-04
3.886938095092773438e-03
8.293837308883666992e-03
2.439701557159423828e-02
3.626301884651184082e-03
5.810761451721191406e-02
1.564282178878784180e-02
7.984638214111328125e-04
5.825757980346679688e-04
5.441531538963317871e-04
8.703162893652915955e-05
5.163073539733886719e-03
3.884127363562583923e-05
2.302885055541992188e-02
1.145023107528686523e-02
3.748035430908203125e-02
2.826765179634094238e-03
3.589257597923278809e-03
2.865672111511230469e-02
3.973960876464843750e-03
7.833153009414672852e-03
1.092758774757385254e-02
8.454799652099609375e-03
1.824736595153808594e-02
1.067727804183959961e-03
1.937311887741088867e-02
7.427811622619628906e-03
7.435053586959838867e-03
2.374041080474853516e-02
5.653798580169677734e-03
7.754862308502197266e-04
1.282572746276855469e-03
1.463424414396286011e-04
1.114898920059204102e-02
7.121473550796508789e-03
3.157973289489746094e-03
9.616166353225708008e-03
3.426447510719299316e-03
1.485481858253479004e-03
1.066905260086059570e-02
9.800732135772705078e-03
1.450157165527343750e-02
1.886814832687377930e-02
5.857259035110473633e-03
2.907335758209228516e-02
2.139955759048461914e-02
1.995019614696502686e-03
7.920622825622558594e-03
8.036345243453979492e-04
2.201318740844726562e-03
3.637772798538208008e-02
1.025199890136718750e-03
2.425312995910644531e-02
2.353824675083160400e-04
2.512139081954956055e-02
1.203936338424682617e-02
2.961605787277221680e-04
1.198798418045043945e-02
1.578152179718017578e-02
9.287476539611816406e-03
3.225840628147125244e-03
2.214796841144561768e-04
2.682089805603027344e-02
2.045935392379760742e-02
1.974958181381225586e-02
2.102926373481750488e-03
6.263375282287597656e-03
1.716576516628265381e-04
1.415723562240600586e-02
3.569376468658447266e-02
1.472634077072143555e-02
6.251223385334014893e-04
2.458715438842773438e-02
1.506257057189941406e-02
5.034208297729492188e-03
1.812803745269775391e-02
2.201014757156372070e-02
1.747250556945800781e-02
1.770639419555664062e-02
1.176096498966217041e-03
2.604073286056518555e-02
1.664090156555175781e-02
2.262389659881591797e-02
2.428793907165527344e-02
1.391358673572540283e-03
1.348584890365600586e-03
9.737815707921981812e-05
2.391880750656127930e-02
1.437151432037353516e-02
2.187538146972656250e-02
2.266180515289306641e-02
1.911151409149169922e-02
7.656067609786987305e-04
1.840853691101074219e-02
1.983839273452758789e-02
2.824179828166961670e-04
1.111924648284912109e-02
1.521833240985870361e-03
3.871226310729980469e-02
3.133997321128845215e-03
4.436063766479492188e-02
2.241164445877075195e-02
1.607424020767211914e-02
2.009391784667968750e-02
2.081573009490966797e-02
1.402413845062255859e-02
2.701890468597412109e-02
5.218073725700378418e-03
2.518451213836669922e-02
1.766085624694824219e-02
2.799868583679199219e-03
4.489779472351074219e-03
2.292513847351074219e-03
2.089656889438629150e-03
4.627299308776855469e-02
1.345866918563842773e-02
5.085766315460205078e-04
7.144361734390258789e-03
2.923303842544555664e-02
1.578181982040405273e-02
4.324018955230712891e-03
2.790577709674835205e-04
1.891189813613891602e-02
6.718635559082031250e-04
1.467293500900268555e-02
2.730429172515869141e-03
3.925681114196777344e-02
2.203613519668579102e-03
6.429746747016906738e-03
1.166360452771186829e-04
1.385703682899475098e-03
2.563560009002685547e-02
1.455973833799362183e-04
1.872766017913818359e-02
2.405321598052978516e-02
1.705938577651977539e-02
1.107883453369140625e-02
2.240920066833496094e-02
2.982068061828613281e-02
7.309973239898681641e-03
2.729344367980957031e-02
3.394708037376403809e-03
1.459246873855590820e-02
3.401143476366996765e-05
3.084194660186767578e-02
3.727883100509643555e-03
1.610004901885986328e-02
1.343220472335815430e-02
1.864540576934814453e-02
1.277995109558105469e-02
2.332165837287902832e-03
4.154741764068603516e-03
9.330511093139648438e-04
2.088570594787597656e-02
1.655352115631103516e-02
3.496146202087402344e-02
1.504325866699218750e-02
3.973007202148437500e-02
5.891025066375732422e-04
2.285398542881011963e-03
2.472388744354248047e-02
1.739966869354248047e-02
3.853291273117065430e-04
1.925796270370483398e-03
9.346902370452880859e-03
1.430101692676544189e-04
5.634903907775878906e-03
1.956743001937866211e-02
6.081610918045043945e-04
2.141818404197692871e-04
8.485838770866394043e-04
2.500963211059570312e-02
2.140659093856811523e-02
1.061730086803436279e-03
1.016318798065185547e-02
1.611548662185668945e-02
2.259099483489990234e-02
3.180277347564697266e-02
9.418368339538574219e-03
1.225781440734863281e-02
1.704573631286621094e-03
3.907024860382080078e-03
1.459157466888427734e-02
1.968348026275634766e-02
2.791404724121093750e-02
1.553162932395935059e-03
2.675235271453857422e-02
4.193043708801269531e-02
1.845248043537139893e-03
2.535134553909301758e-03
2.696228027343750000e-02
6.366409361362457275e-04
2.403426170349121094e-02
4.523307085037231445e-03
1.342427730560302734e-02
8.693039417266845703e-04
1.593923568725585938e-02
1.546847820281982422e-02
1.302802562713623047e-02
1.140716671943664551e-02
3.567904233932495117e-03
5.742758512496948242e-04
1.235954463481903076e-03
2.216808497905731201e-04
3.013646602630615234e-02
5.129188299179077148e-03
1.610475778579711914e-02
8.473992347717285156e-04
2.235919237136840820e-03
2.671610563993453979e-04
6.733328104019165039e-03
3.070211410522460938e-02
3.081721067428588867e-02
2.099685370922088623e-03
1.619714498519897461e-02
5.440749228000640869e-04
5.138397216796875000e-03
2.695769071578979492e-04
3.535039722919464111e-04
1.857936382293701172e-02
5.103200674057006836e-04
1.666635274887084961e-02
2.481544017791748047e-02
6.379187107086181641e-03
2.046310901641845703e-02
8.145213127136230469e-03
1.300819218158721924e-03
3.404378890991210938e-02
2.944707870483398438e-02
1.667326688766479492e-02
8.456707000732421875e-03
2.507662773132324219e-02
2.890336513519287109e-02
1.725572347640991211e-02
1.482880115509033203e-02
1.582384109497070312e-02
8.358433842658996582e-04
1.980692148208618164e-02
7.083229720592498779e-04
3.488922119140625000e-02
4.898041486740112305e-03
2.338701486587524414e-02
1.159060001373291016e-02
1.719415187835693359e-03
2.455544471740722656e-02
8.838236331939697266e-03
1.530909538269042969e-02
1.103198528289794922e-02
1.070111989974975586e-02
5.754828453063964844e-03
2.824664115905761719e-04
2.517998218536376953e-04
7.194727659225463867e-04
2.244621515274047852e-02
5.895525217056274414e-03
2.130049467086791992e-02
1.160675287246704102e-02
7.698863744735717773e-03
7.943391799926757812e-03
7.761061191558837891e-03
5.765438079833984375e-03
4.461966454982757568e-05
1.563608646392822266e-03
5.229637026786804199e-03
3.221571445465087891e-02
2.477273344993591309e-03
7.966220378875732422e-03
2.912330627441406250e-02
1.946914196014404297e-02
1.498764753341674805e-02
2.963352203369140625e-02
6.853103637695312500e-03
8.062347769737243652e-04
1.499220728874206543e-03
1.098978519439697266e-02
4.632845520973205566e-04
3.516003489494323730e-04
1.587617397308349609e-02
2.267020940780639648e-02
8.337497711181640625e-04
7.270537316799163818e-04
7.332116365432739258e-04
2.508378028869628906e-02
1.642383635044097900e-03
1.017132401466369629e-02
1.368947327136993408e-03
2.384036779403686523e-03
3.263908624649047852e-02
2.193260192871093750e-02
9.458631277084350586e-03
2.031600475311279297e-02
7.141768932342529297e-03
1.998460292816162109e-02
1.127904653549194336e-02
3.868579864501953125e-02
2.344214916229248047e-02
5.456693470478057861e-04
1.800954341888427734e-02
1.743000745773315430e-02
5.044296383857727051e-03
2.777278423309326172e-04
1.111719012260437012e-02
2.712607383728027344e-03
1.409006118774414062e-02
1.238986849784851074e-03
9.176433086395263672e-03
2.117067575454711914e-02
3.529977798461914062e-02
4.251882433891296387e-03
2.328045666217803955e-04
3.248178958892822266e-02
2.785873413085937500e-02
1.133501529693603516e-02
1.727229356765747070e-02
2.285516262054443359e-02
4.423648118972778320e-03
1.381680369377136230e-03
3.356051445007324219e-02
9.842038154602050781e-03
2.945053577423095703e-02
2.265244722366333008e-02
2.226099371910095215e-03
4.338815808296203613e-03
4.486553370952606201e-05
3.162398934364318848e-03
5.973577499389648438e-04
1.016652584075927734e-02
8.133351802825927734e-04
9.421229362487792969e-03
1.927644014358520508e-03
1.540189981460571289e-02
4.021570086479187012e-03
4.751794040203094482e-04
2.524815499782562256e-04
3.751084208488464355e-03
5.104988813400268555e-03
6.067782640457153320e-03
1.588195562362670898e-03
1.111172139644622803e-03
2.294972538948059082e-03
2.021229267120361328e-02
1.188986003398895264e-03
4.589855670928955078e-03
1.938804984092712402e-03
4.515945911407470703e-03
4.067756235599517822e-04
6.378553807735443115e-04
7.159151136875152588e-04
6.120279431343078613e-05
3.546476364135742188e-03
6.438791751861572266e-05
2.113741636276245117e-02
1.998448371887207031e-02
3.141403198242187500e-03
4.871711134910583496e-04
9.376168251037597656e-03
8.366629481315612793e-04
3.266811370849609375e-03
5.427032709121704102e-03
2.658963203430175781e-03
1.740746200084686279e-03
1.048529148101806641e-02
1.065719127655029297e-02
3.115373849868774414e-02
3.486782312393188477e-03
1.265712082386016846e-03
3.673553466796875000e-03
2.087019383907318115e-04
4.368983209133148193e-04
5.349740386009216309e-04
9.982407093048095703e-03
1.882612705230712891e-02
7.463525980710983276e-05
1.720543950796127319e-04
6.084024906158447266e-03
2.319902181625366211e-03
6.197430193424224854e-04
2.529323101043701172e-03
2.395129203796386719e-02
9.288966655731201172e-03
2.534881234169006348e-03
5.694955587387084961e-03
5.611211061477661133e-03
2.172149717807769775e-03
6.102114915847778320e-03
2.880573272705078125e-03
1.360252499580383301e-03
1.979660987854003906e-02
5.633473396301269531e-03
1.040406525135040283e-03
8.787810802459716797e-04
7.570683956146240234e-04
2.976179122924804688e-03
1.297339797019958496e-03
6.464689970016479492e-03
3.219270706176757812e-02
3.254818916320800781e-02
4.135236144065856934e-03
4.358887672424316406e-03
6.878137588500976562e-03
1.444810628890991211e-02
2.359169721603393555e-02
3.336276859045028687e-04
3.049325942993164062e-02
1.241046190261840820e-02
1.137471199035644531e-02
2.705916762351989746e-03
1.879107952117919922e-02
1.341307163238525391e-02
7.142007350921630859e-03
7.411539554595947266e-04
6.676167249679565430e-04
1.302562654018402100e-03
2.373325824737548828e-02
6.163507699966430664e-03
2.339743077754974365e-03
2.050157636404037476e-04
8.878529071807861328e-03
1.615904271602630615e-03
2.237342298030853271e-03
1.963198184967041016e-02
2.077126502990722656e-02
8.494853973388671875e-03
1.971387863159179688e-02
2.901151776313781738e-03
1.489154994487762451e-03
4.365324974060058594e-03
1.000531017780303955e-03
7.126331329345703125e-03
9.362488985061645508e-03
1.783315092325210571e-04
5.577206611633300781e-03
5.567073822021484375e-04
3.116890788078308105e-03
1.769840717315673828e-03
1.164659857749938965e-03
1.661591231822967529e-04
1.968801021575927734e-02
1.075008511543273926e-02
5.791395902633666992e-03
3.289878368377685547e-03
2.955108880996704102e-03
1.595810055732727051e-03
2.427327632904052734e-02
1.344725489616394043e-02
3.553390502929687500e-03
2.114504575729370117e-03
1.918599009513854980e-03
2.907365560531616211e-03
4.743449389934539795e-04
1.194870471954345703e-02
1.054748892784118652e-03
1.237645745277404785e-03
2.688765525817871094e-03
7.142052054405212402e-04
5.935519933700561523e-03
1.639699935913085938e-02
8.792310953140258789e-03
2.629324793815612793e-03
1.836106181144714355e-03
1.264899969100952148e-03
4.032969474792480469e-03
1.161020994186401367e-02
2.493381500244140625e-03
8.645117282867431641e-03
1.779514551162719727e-02
4.112087190151214600e-04
3.413468599319458008e-03
4.434250295162200928e-04
7.363259792327880859e-04
6.953403353691101074e-04
7.119357585906982422e-03
3.648787736892700195e-03
7.500112056732177734e-03
1.790538430213928223e-03
9.232982993125915527e-04
2.535611391067504883e-03
4.457235336303710938e-03
7.527433335781097412e-04
1.413583755493164062e-03
5.056113004684448242e-04
2.387482672929763794e-04
6.815522909164428711e-03
8.816737681627273560e-05
8.376538753509521484e-03
3.252178430557250977e-03
5.755200982093811035e-04
4.574924707412719727e-03
2.490594983100891113e-03
2.276569604873657227e-03
4.352897405624389648e-03
8.263230323791503906e-03
7.334537804126739502e-04
1.106917858123779297e-02
1.234292984008789062e-03
5.996108055114746094e-03
4.817941226065158844e-05
1.680672168731689453e-02
6.430536508560180664e-03
2.290248870849609375e-03
1.009814441204071045e-03
3.180444240570068359e-03
8.693784475326538086e-04
1.717883348464965820e-02
2.751350402832031250e-04
4.049539566040039062e-03
3.968387842178344727e-03
1.843631267547607422e-03
6.492242217063903809e-03
5.681402981281280518e-04
4.275321960449218750e-03
8.820831775665283203e-03
8.353829383850097656e-03
3.792867064476013184e-04
6.236761808395385742e-03
1.113635301589965820e-02
1.820629835128784180e-02
1.372146606445312500e-02
5.054295063018798828e-03
2.649998664855957031e-02
1.600509881973266602e-02
1.083701848983764648e-03
1.890778541564941406e-03
1.819767057895660400e-04
1.830071210861206055e-03
3.185540437698364258e-03
8.956864476203918457e-04
5.776345729827880859e-03
3.372132778167724609e-03
7.925391197204589844e-03
8.501023054122924805e-03
1.556366682052612305e-02
4.464775323867797852e-03
1.931416988372802734e-02
9.201094508171081543e-04
1.488536596298217773e-02
3.061980009078979492e-03
3.000372648239135742e-02
1.746129989624023438e-02
9.112745523452758789e-03
1.492723822593688965e-03
8.120900020003318787e-05
3.629773855209350586e-03
6.993204355239868164e-03
2.227351069450378418e-04
2.547597885131835938e-02
4.086160659790039062e-02
4.820644855499267578e-03
1.288093626499176025e-03
2.736300230026245117e-03
1.405793428421020508e-02
5.032539367675781250e-03
5.345135927200317383e-03
4.941262304782867432e-04
4.345327615737915039e-03
1.227009296417236328e-02
1.737785339355468750e-02
5.081631243228912354e-04
1.850235462188720703e-02
2.426898479461669922e-02
2.398371696472167969e-03
1.870822161436080933e-04
2.489253878593444824e-03
1.682275533676147461e-02
1.384466886520385742e-03
3.241747617721557617e-03
1.454532146453857422e-02
2.442635595798492432e-04
3.949022293090820312e-02
2.184599637985229492e-03
1.137280464172363281e-02
1.414000988006591797e-03
1.530939340591430664e-02
1.224838197231292725e-03
1.336991786956787109e-02
1.432627439498901367e-02
5.729570984840393066e-04
3.202855587005615234e-03
5.946792662143707275e-04
9.719505906105041504e-04
2.509057521820068359e-02
2.635657787322998047e-03
5.514204502105712891e-03
5.188331007957458496e-03
1.659043133258819580e-03
8.370727300643920898e-04
1.136504113674163818e-03
6.488442420959472656e-03
2.965480089187622070e-03
6.086438894271850586e-03
7.569864392280578613e-04
2.919524908065795898e-02
1.651830971240997314e-03
9.828954935073852539e-04
3.458237648010253906e-02
2.590501308441162109e-02
1.302555203437805176e-03
2.081173658370971680e-02
1.652806997299194336e-03
9.306240826845169067e-05
3.826208412647247314e-04
1.631450653076171875e-02
1.222759485244750977e-03
1.817092299461364746e-03
4.955142736434936523e-03
7.900372147560119629e-04
3.417670726776123047e-03
3.000602126121520996e-03
4.396885633468627930e-03
1.890838146209716797e-02
1.225191354751586914e-02
1.445956528186798096e-03
2.206784486770629883e-02
6.027728319168090820e-03
9.781122207641601562e-04
1.869007945060729980e-03
5.737692117691040039e-03
1.118195056915283203e-02
3.643050789833068848e-03
1.467667520046234131e-03
9.057857096195220947e-04
1.861572265625000000e-03
2.123460173606872559e-03
2.596415579319000244e-03
7.587969303131103516e-03
5.974508821964263916e-04
1.898825168609619141e-03
1.087717711925506592e-03
7.458508014678955078e-03
4.203654825687408447e-04
1.205027103424072266e-03
2.704787254333496094e-02
8.226260542869567871e-04
6.773710250854492188e-03
7.556110620498657227e-03
2.966597676277160645e-03
3.763809800148010254e-03
9.988069534301757812e-03
1.429677009582519531e-03
1.917481422424316406e-02
1.835659146308898926e-03
2.930425107479095459e-04
1.756548881530761719e-04
1.298028230667114258e-02
4.069149494171142578e-03
6.237924098968505859e-03
1.395177841186523438e-02
1.765806227922439575e-04
6.525665521621704102e-04
4.239201545715332031e-03
1.510405540466308594e-02
1.597143709659576416e-03
1.384222507476806641e-02
9.540393948554992676e-04
6.299689412117004395e-04
9.242266416549682617e-03
1.060932874679565430e-03
1.394766569137573242e-02
5.490094423294067383e-03
5.750507116317749023e-03
1.342988014221191406e-02
1.196771860122680664e-03
1.722818613052368164e-02
8.280128240585327148e-03
1.418041065335273743e-04
6.037056446075439453e-03
9.332448244094848633e-04
3.225356340408325195e-03
2.284258604049682617e-03
1.796688884496688843e-04
1.493573188781738281e-02
4.836618900299072266e-03
1.838892698287963867e-03
8.218362927436828613e-04
2.531483769416809082e-03
4.201158881187438965e-03
2.103388309478759766e-03
1.620173454284667969e-02
7.795095443725585938e-03
2.359658479690551758e-03
1.348823308944702148e-02
3.970026969909667969e-03
1.018494367599487305e-03
3.538191318511962891e-03
5.304872989654541016e-03
2.164226025342941284e-04
8.330345153808593750e-03
9.701550006866455078e-03
2.435737848281860352e-02
2.459838986396789551e-03
1.595050096511840820e-02
1.830554008483886719e-02
9.529292583465576172e-03
2.334952354431152344e-03
5.798012018203735352e-03
1.143060624599456787e-03
4.122294485569000244e-04
7.418468594551086426e-04
2.023208141326904297e-02
6.658881902694702148e-04
6.287964060902595520e-05
1.953077316284179688e-02
2.126753330230712891e-03
8.591473102569580078e-03
8.951723575592041016e-04
2.260565757751464844e-03
3.679126501083374023e-03
3.359198570251464844e-03
1.994356513023376465e-03
5.166590213775634766e-03
5.036607384681701660e-03
1.498199999332427979e-03
7.147043943405151367e-03
1.781374216079711914e-03
1.304668188095092773e-02
1.800648868083953857e-03
1.002915203571319580e-03
1.392775774002075195e-02
3.507211804389953613e-03
1.175391674041748047e-02
6.354972720146179199e-04
3.391906619071960449e-03
1.613378524780273438e-03
1.321665942668914795e-03
1.810723543167114258e-02
3.728762269020080566e-03
1.039016991853713989e-03
4.247426986694335938e-02
2.216309309005737305e-03
1.103475689888000488e-03
1.968652009963989258e-03
1.753136515617370605e-03
1.488342881202697754e-03
5.595117807388305664e-03
5.505084991455078125e-04
3.441154956817626953e-03
5.509912967681884766e-03
6.968993693590164185e-05
2.912068367004394531e-02
9.645475074648857117e-05
1.144087314605712891e-02
2.143215388059616089e-04
2.555942535400390625e-02
4.590347409248352051e-03
2.574399113655090332e-03
5.222678184509277344e-03
1.851983368396759033e-03
6.956756114959716797e-03
2.745017409324645996e-03
3.451240062713623047e-02
6.366074085235595703e-04
8.342266082763671875e-03
1.281723380088806152e-03
2.461254596710205078e-03
5.997598171234130859e-03
1.524835824966430664e-02
3.487193584442138672e-02
1.620419323444366455e-03
5.187153816223144531e-03
2.387613058090209961e-03
2.554252743721008301e-03
1.017268747091293335e-03
9.834915399551391602e-04
2.447807788848876953e-02
7.144510746002197266e-04
3.100052475929260254e-03
3.318309783935546875e-03
6.756037473678588867e-04
1.385831832885742188e-02
2.003468573093414307e-03
6.075277924537658691e-04
2.961188554763793945e-03
3.203302621841430664e-03
2.824097871780395508e-03
8.230060338973999023e-03
8.281432092189788818e-04
2.408862113952636719e-03
1.094299554824829102e-02
4.030853509902954102e-03
4.533946514129638672e-03
1.986891031265258789e-03
5.411982536315917969e-03
8.795976638793945312e-03
2.228260040283203125e-03
1.844137907028198242e-02
2.007514238357543945e-03
1.454189419746398926e-03
5.426965653896331787e-04
1.367759704589843750e-02
4.151612520217895508e-03
7.840692996978759766e-03
6.655097007751464844e-03
1.875504851341247559e-03
7.274001836776733398e-03
5.272805690765380859e-03
3.031179308891296387e-03
2.404236793518066406e-02
1.079881191253662109e-02
1.109197735786437988e-03
1.859534531831741333e-04
1.480832695960998535e-03
4.853606224060058594e-03
3.263920545578002930e-03
1.242510974407196045e-03
2.895835787057876587e-04
3.018021583557128906e-03
1.512646675109863281e-03
1.513504981994628906e-02
8.116550743579864502e-04
5.913823843002319336e-03
8.724853396415710449e-04
7.121711969375610352e-03
2.597197890281677246e-03
2.602636814117431641e-03
1.050520688295364380e-03
1.106500625610351562e-02
1.604661345481872559e-03
4.607021808624267578e-03
1.010799407958984375e-02
5.572617053985595703e-03
3.028698265552520752e-04
7.927827537059783936e-04
2.295637130737304688e-02
7.375329732894897461e-04
3.296911716461181641e-03
5.562216043472290039e-03
3.517642617225646973e-03
6.424672901630401611e-04
7.811158895492553711e-03
7.395207881927490234e-03
2.266101539134979248e-03
1.011514663696289062e-02
1.864182949066162109e-02
1.182816922664642334e-03
1.059398055076599121e-03
2.968847751617431641e-03
4.665702581405639648e-04
3.374606370925903320e-03
1.096613705158233643e-03
1.517742872238159180e-03
2.490872144699096680e-02
1.825820654630661011e-04
5.365610122680664062e-03
1.935869455337524414e-03
6.530582904815673828e-03
7.752925157546997070e-04
2.411723136901855469e-02
9.223818778991699219e-05
8.005872368812561035e-04
1.649338006973266602e-02
2.462491393089294434e-03
5.913153290748596191e-04
2.966034412384033203e-02
9.783685207366943359e-03
1.613628864288330078e-02
2.229541540145874023e-03
1.386359333992004395e-03
1.785837113857269287e-03
1.067042350769042969e-02
2.586901187896728516e-02
2.785757184028625488e-03
1.025304198265075684e-03
7.685758173465728760e-04
8.519142866134643555e-04
1.501780748367309570e-02
1.264783740043640137e-02
8.308589458465576172e-04
6.908506155014038086e-03
1.091852784156799316e-03
1.016730070114135742e-02
9.560406208038330078e-03
1.047879457473754883e-02
5.894396454095840454e-04
3.497511148452758789e-03
7.972940802574157715e-04
9.581178426742553711e-03
1.057133078575134277e-03
8.438378572463989258e-04
1.419410109519958496e-03
1.202270388603210449e-03
8.500218391418457031e-03
5.307495594024658203e-03
1.965358853340148926e-03
2.836412750184535980e-05
1.844203472137451172e-02
1.465910673141479492e-02
5.693227052688598633e-03
1.969560980796813965e-03
1.618806272745132446e-04
4.281550645828247070e-03
5.040943622589111328e-03
2.572461962699890137e-04
3.253042697906494141e-03
1.477167010307312012e-03
1.163758337497711182e-03
5.726628005504608154e-04
7.333815097808837891e-03
2.081349492073059082e-03
1.983946561813354492e-02
2.906605601310729980e-03
3.794595599174499512e-03
1.391595602035522461e-02
2.062845230102539062e-02
2.198660373687744141e-02
6.391406059265136719e-03
2.153283357620239258e-02
2.761572599411010742e-03
1.867228746414184570e-02
1.527255773544311523e-02
2.568341791629791260e-03
1.633048057556152344e-03
1.096802949905395508e-02
2.475923299789428711e-02
6.668567657470703125e-03
5.057692527770996094e-03
8.771419525146484375e-04
3.345727920532226562e-03
7.354199886322021484e-03
4.750818014144897461e-03
6.926916539669036865e-04
3.074839711189270020e-03
1.604503393173217773e-02
7.951706647872924805e-04
3.945195674896240234e-02
2.632957696914672852e-02
1.507884263992309570e-02
2.197337150573730469e-02
1.121707260608673096e-03
3.216639161109924316e-04
2.427637577056884766e-02
7.015019655227661133e-03
8.748829364776611328e-03
1.492899656295776367e-02
1.242643594741821289e-02
1.618969440460205078e-02
2.163827419281005859e-03
2.888292074203491211e-03
2.228504419326782227e-02
7.583767175674438477e-03
7.691860198974609375e-03
2.607798576354980469e-02
1.598402857780456543e-03
1.041710376739501953e-02
7.531009614467620850e-04
2.638745307922363281e-02
1.112241297960281372e-04
6.566941738128662109e-04
1.046106219291687012e-02
1.265507936477661133e-02
2.463057637214660645e-03
2.824179828166961670e-04
1.046530902385711670e-03
2.449786663055419922e-02
4.616081714630126953e-04
8.559525012969970703e-04
8.858263492584228516e-03
2.062684297561645508e-02
2.144262194633483887e-03
1.274999976158142090e-02
4.726380109786987305e-03
2.219462394714355469e-02
7.646307349205017090e-04
6.519287824630737305e-03
4.153214395046234131e-04
2.867460250854492188e-03
1.384362578392028809e-03
9.359717369079589844e-03
1.642006635665893555e-02
2.718701958656311035e-03
1.221681013703346252e-04
3.911447525024414062e-02
5.843453109264373779e-04
4.414260387420654297e-03
9.394645690917968750e-03
5.714520812034606934e-04
4.148620367050170898e-02
1.181382685899734497e-04
2.345204353332519531e-03
1.281455159187316895e-03
2.366323024034500122e-04
4.060268402099609375e-03
3.157723695039749146e-04
7.135570049285888672e-03
1.343762874603271484e-02
9.921193122863769531e-04
5.941569805145263672e-03
5.137279629707336426e-03
1.254725456237792969e-02
1.953467726707458496e-03
5.735661834478378296e-04
1.528537273406982422e-02
2.258412539958953857e-03
7.993280887603759766e-03
4.209637641906738281e-03
3.659963607788085938e-03
1.729726791381835938e-02
8.550435304641723633e-03
1.140534877777099609e-03
2.612024545669555664e-03
9.203553199768066406e-03
7.764220237731933594e-03
1.158714294433593750e-03
2.101063728332519531e-04
1.818813383579254150e-03
1.329109072685241699e-03
3.186166286468505859e-03
3.823888301849365234e-02
7.276386022567749023e-04
2.163624763488769531e-02
4.897326231002807617e-03
1.597749069333076477e-04
3.938488662242889404e-04
5.452215671539306641e-03
1.637488603591918945e-04
1.885943114757537842e-03
7.811307907104492188e-03
6.824612617492675781e-03
3.089934587478637695e-03
1.238778233528137207e-03
7.897019386291503906e-03
1.463759690523147583e-04
3.299033641815185547e-02
2.653950452804565430e-02
1.142844557762145996e-04
1.663476228713989258e-02
1.666471362113952637e-04
3.420972824096679688e-02
1.198006793856620789e-04
4.275813698768615723e-04
2.736109495162963867e-02
2.258968353271484375e-02
8.164606988430023193e-04
5.745381116867065430e-03
6.697088479995727539e-03
3.751650452613830566e-03
1.429706811904907227e-03
1.973956823348999023e-04
4.589903354644775391e-02
9.653866291046142578e-04
4.956871271133422852e-03
4.968702793121337891e-03
6.225779652595520020e-04
2.600234001874923706e-04
2.415314316749572754e-03
2.549961209297180176e-03
2.056664228439331055e-02
6.995379924774169922e-03
3.209829330444335938e-03
2.441197633743286133e-03
8.759379386901855469e-03
1.109087467193603516e-02
1.965013146400451660e-02
1.426920294761657715e-03
1.219964027404785156e-02
1.225292682647705078e-03
2.171009778976440430e-03
5.829989910125732422e-03
3.091168403625488281e-02
8.476823568344116211e-04
5.610212683677673340e-04
1.683440059423446655e-04
1.366719603538513184e-03
2.123802900314331055e-03
3.913536667823791504e-03
2.919621765613555908e-04
3.709688782691955566e-03
1.431703567504882812e-02
4.353001713752746582e-04
6.850332021713256836e-03
1.652562618255615234e-02
1.115986704826354980e-02
6.028190255165100098e-04
8.614696562290191650e-04
2.777725458145141602e-02
9.196177124977111816e-04
1.862263679504394531e-02
4.679143428802490234e-03
1.911675930023193359e-02
1.521497964859008789e-03
3.730848431587219238e-03
7.094591856002807617e-03
1.166462898254394531e-03
1.853638887405395508e-02
1.486279070377349854e-03
3.224685788154602051e-03
7.972270250320434570e-04
6.885409355163574219e-03
6.157159805297851562e-03
2.178013324737548828e-03
3.955137729644775391e-02
9.592980146408081055e-03
1.019591093063354492e-02
2.592432498931884766e-02
6.261514499783515930e-05
1.763068139553070068e-03
9.147167205810546875e-03
2.520012855529785156e-02
1.919828355312347412e-04
5.220293998718261719e-03
4.438996315002441406e-03
1.443821191787719727e-02
7.133930921554565430e-05
3.773450851440429688e-03
9.651482105255126953e-05
1.313626766204833984e-03
5.813151597976684570e-03
2.384096384048461914e-03
8.618652820587158203e-03
1.181384921073913574e-02
2.141669392585754395e-03
2.496376633644104004e-03
1.467168331146240234e-03
5.167871713638305664e-04
1.732373237609863281e-02
7.568895816802978516e-04
9.267926216125488281e-04
5.217313766479492188e-03
2.116745710372924805e-02
1.783213019371032715e-02
2.456799149513244629e-03
1.534260809421539307e-03
4.457101225852966309e-03
1.700073480606079102e-02
6.713122129440307617e-03
2.220314741134643555e-02
1.304507255554199219e-03
1.480609178543090820e-03
1.410402357578277588e-03
3.498811274766921997e-04
2.344131469726562500e-02
4.198029637336730957e-04
2.189949154853820801e-04
4.173994064331054688e-03
4.608809947967529297e-03
2.812951803207397461e-03
1.121347304433584213e-05
1.588016748428344727e-04
2.743187360465526581e-05
7.734745740890502930e-03
2.418383955955505371e-03
1.354351639747619629e-03
1.075679063796997070e-02
7.966049015522003174e-04
7.818758487701416016e-03
4.704296588897705078e-04
4.128739237785339355e-04
1.394861936569213867e-02
6.382055580615997314e-04
1.243287324905395508e-02
8.344352245330810547e-04
3.532588481903076172e-03
8.180141448974609375e-03
9.155422449111938477e-04
1.774466037750244141e-02
7.534995675086975098e-04
2.575397491455078125e-03
2.289354801177978516e-03
1.152202486991882324e-03
4.298031330108642578e-03
1.549988985061645508e-03
6.227307021617889404e-04
1.122784614562988281e-02
3.258362412452697754e-03
9.761154651641845703e-04
7.115453481674194336e-04
1.016940921545028687e-03
1.034140586853027344e-03
1.306898891925811768e-03
5.592554807662963867e-04
5.694106221199035645e-04
4.484169185161590576e-04
3.993678092956542969e-02
5.937665700912475586e-04
3.966242074966430664e-03
5.810916423797607422e-03
1.824144273996353149e-04
1.844450831413269043e-03
2.650711685419082642e-04
3.444477915763854980e-04
1.337192952632904053e-04
2.701029181480407715e-03
5.068987607955932617e-03
1.046782732009887695e-02
5.408003926277160645e-04
3.417909145355224609e-03
3.847971558570861816e-03
1.454446464776992798e-04
2.306096255779266357e-03
8.365333080291748047e-03
1.047894358634948730e-03
1.531189680099487305e-02
1.382887363433837891e-03
2.017728984355926514e-03
2.267822623252868652e-03
6.565568037331104279e-05
1.170247793197631836e-03
1.559309661388397217e-03
1.548610627651214600e-03
2.526044845581054688e-04
1.627165079116821289e-02
3.978945314884185791e-04
1.145288348197937012e-03
2.900622785091400146e-04
7.209070026874542236e-04
1.115933060646057129e-03
2.164375036954879761e-04
5.262404680252075195e-03
1.335702836513519287e-03
7.771775126457214355e-04
1.826658844947814941e-03
1.859460026025772095e-04
1.462221145629882812e-03
1.044431701302528381e-04
4.681311547756195068e-04
9.205937385559082031e-05
5.108900368213653564e-04
2.968683838844299316e-04
1.159660518169403076e-03
2.407044172286987305e-03
1.200574636459350586e-02
1.121020317077636719e-02
1.527011394500732422e-03
4.060268402099609375e-03
8.437991142272949219e-03
1.682013273239135742e-03
3.185242414474487305e-03
2.982306480407714844e-02
2.504270523786544800e-04
8.893683552742004395e-04
1.406818628311157227e-03
7.380023598670959473e-04
5.680233240127563477e-03
2.283253706991672516e-05
4.228323698043823242e-03
1.101166009902954102e-03
1.705572009086608887e-03
5.154171958565711975e-05
1.553857326507568359e-02
1.692064106464385986e-04
9.038269519805908203e-03
5.054920911788940430e-04
1.532280445098876953e-02
1.848042011260986328e-03
1.026022434234619141e-02
9.583160281181335449e-04
1.047775149345397949e-03
8.630044758319854736e-04
4.782617092132568359e-03
1.573532819747924805e-03
3.498159348964691162e-04
4.111588001251220703e-03
1.422262191772460938e-02
7.717637345194816589e-05
4.634261131286621094e-03
5.094707012176513672e-05
9.568706154823303223e-04
2.275090664625167847e-04
2.456173300743103027e-03
4.269197583198547363e-03
1.820397377014160156e-02
8.925139904022216797e-03
6.098866462707519531e-03
1.306466758251190186e-03
1.695394515991210938e-03
7.811859250068664551e-04
1.488700509071350098e-03
4.704236984252929688e-03
3.781146369874477386e-05
4.177182912826538086e-03
1.342948526144027710e-04
8.902072906494140625e-03
3.384411334991455078e-03
2.347547560930252075e-04
1.903519034385681152e-03
6.502240896224975586e-03
6.159991025924682617e-03
1.412659883499145508e-03
8.212447166442871094e-03
4.621267318725585938e-03
4.667304456233978271e-04
1.411974430084228516e-02
2.227090299129486084e-04
4.514873027801513672e-03
1.502394676208496094e-03
8.004248142242431641e-03
1.031666994094848633e-03
1.919977366924285889e-04
6.619505584239959717e-04
7.870374247431755066e-05
5.243033170700073242e-03
2.001649141311645508e-02
2.429914474487304688e-02
1.220786571502685547e-02
7.970958948135375977e-03
2.029269933700561523e-02
3.761634230613708496e-03
2.549886703491210938e-03
3.160461783409118652e-03
1.109904050827026367e-02
1.711660623550415039e-02
5.831159651279449463e-04
6.282515823841094971e-04
1.888370513916015625e-02
6.525143980979919434e-04
3.910101950168609619e-04
4.171319305896759033e-04
2.102816104888916016e-02
1.844125986099243164e-02
3.524661064147949219e-03
2.345174551010131836e-03
6.429329514503479004e-04
4.150390625000000000e-03
4.187431186437606812e-04
1.083448529243469238e-03
1.350395381450653076e-03
3.782548010349273682e-04
3.017157316207885742e-03
1.888781785964965820e-03
7.593482732772827148e-04
5.005538463592529297e-03
2.488084137439727783e-04
4.310049116611480713e-04
1.213961839675903320e-02
1.916773617267608643e-04
8.318930864334106445e-03
4.626125097274780273e-03
1.840114593505859375e-03
1.210682094097137451e-03
8.928000926971435547e-03
2.298817038536071777e-03
4.175573587417602539e-03
5.218595266342163086e-03
3.797590732574462891e-03
1.705028116703033447e-03
3.125524520874023438e-02
1.693218946456909180e-04
4.514269530773162842e-04
4.026629030704498291e-04
7.858395576477050781e-03
1.998901367187500000e-03
1.327562332153320312e-02
3.424137830734252930e-04
5.106925964355468750e-04
1.598112285137176514e-04
7.913112640380859375e-03
6.637908518314361572e-04
4.956275224685668945e-04
7.759451866149902344e-03
6.139799952507019043e-04
1.515814661979675293e-02
4.969179630279541016e-03
1.110023260116577148e-02
5.003154277801513672e-03
1.622356474399566650e-03
1.888498663902282715e-03
1.678794622421264648e-03
5.520850419998168945e-03
1.740492880344390869e-04
9.728828445076942444e-06
4.387646913528442383e-03
9.341686964035034180e-04
5.839988589286804199e-04
1.830250024795532227e-03
4.305057227611541748e-04
4.963912069797515869e-04
1.125000417232513428e-03
2.650097012519836426e-03
2.730684354901313782e-05
0.000000000000000000e+00
0.000000000000000000e+00
0.000000000000000000e+00
0.000000000000000000e+00
0.000000000000000000e+00
0.000000000000000000e+00
0.000000000000000000e+00
0.000000000000000000e+00
0.000000000000000000e+00
0.000000000000000000e+00
0.000000000000000000e+00
0.000000000000000000e+00
0.000000000000000000e+00
0.000000000000000000e+00
0.000000000000000000e+00
0.000000000000000000e+00
0.000000000000000000e+00
0.000000000000000000e+00
0.000000000000000000e+00
0.000000000000000000e+00
0.000000000000000000e+00
0.000000000000000000e+00
0.000000000000000000e+00
0.000000000000000000e+00
0.000000000000000000e+00
0.000000000000000000e+00
0.000000000000000000e+00
0.000000000000000000e+00
0.000000000000000000e+00
0.000000000000000000e+00
0.000000000000000000e+00
0.000000000000000000e+00
0.000000000000000000e+00
0.000000000000000000e+00
0.000000000000000000e+00
0.000000000000000000e+00
0.000000000000000000e+00
0.000000000000000000e+00
0.000000000000000000e+00
0.000000000000000000e+00
