7.629036903381347656e-03
2.193933725357055664e-02
2.219580113887786865e-03
3.471747040748596191e-04
1.350331306457519531e-02
4.285559058189392090e-03
1.478499174118041992e-02
2.673470973968505859e-02
3.245100378990173340e-04
1.882210373878479004e-03
2.242490649223327637e-03
3.250026702880859375e-02
1.525324583053588867e-02
4.502385854721069336e-04
1.697331666946411133e-03
2.404987812042236328e-02
1.747459173202514648e-03
1.259630918502807617e-02
9.421497583389282227e-03
6.040791049599647522e-05
8.552074432373046875e-03
7.734119892120361328e-03
2.139002084732055664e-03
4.874855279922485352e-03
1.095108687877655029e-03
1.193439960479736328e-02
1.769386231899261475e-03
8.936226367950439453e-03
1.486867666244506836e-03
1.875853538513183594e-02
2.746129035949707031e-02
1.212045550346374512e-03
8.841663599014282227e-03
5.993187427520751953e-03
5.004601553082466125e-05
2.221902832388877869e-04
1.461142301559448242e-02
4.484221339225769043e-03
4.472225904464721680e-03
2.844071388244628906e-02
2.061054110527038574e-03
5.627870559692382812e-03
2.958193421363830566e-03
6.571620702743530273e-03
1.866960525512695312e-02
1.046580076217651367e-02
1.215666532516479492e-02
1.622271537780761719e-02
2.206897735595703125e-02
2.653604745864868164e-02
1.150853931903839111e-03
1.591555774211883545e-03
3.040552139282226562e-03
2.954292297363281250e-02
2.563858032226562500e-02
4.572838544845581055e-03
2.262634038925170898e-02
2.740278840065002441e-03
4.956990480422973633e-03
6.450593471527099609e-03
2.382650971412658691e-03
1.793748140335083008e-02
1.736706495285034180e-02
1.341655850410461426e-03
2.539926767349243164e-02
1.261037588119506836e-02
4.735261201858520508e-03
3.231186419725418091e-04
6.992489099502563477e-03
9.454265236854553223e-04
2.113187313079833984e-02
3.868073225021362305e-03
2.042859792709350586e-02
1.200765371322631836e-03
3.724768757820129395e-04
7.847435772418975830e-04
1.729953289031982422e-02
2.326959371566772461e-02
2.570845186710357666e-03
4.485666751861572266e-03
1.062005758285522461e-03
1.008850336074829102e-02
2.599611878395080566e-03
4.604980349540710449e-04
6.662547588348388672e-03
6.539700552821159363e-05
4.759594798088073730e-03
2.483010292053222656e-03
1.392550766468048096e-03
5.277141928672790527e-03
9.123176336288452148e-03
3.799855709075927734e-03
3.234863281250000000e-03
1.980447769165039062e-02
6.489127874374389648e-03
1.646494865417480469e-02
3.105497360229492188e-02
3.222361207008361816e-03
6.200745701789855957e-04
1.310944557189941406e-02
6.504550576210021973e-03
2.828970551490783691e-03
1.315295696258544922e-03
3.926664590835571289e-03
2.912312746047973633e-02
1.300990581512451172e-02
1.367822289466857910e-03
3.206521272659301758e-03
6.333887577056884766e-04
7.178157567977905273e-03
1.041644811630249023e-02
1.228970289230346680e-02
6.820142269134521484e-03
2.898907661437988281e-02
8.335411548614501953e-04
3.818981349468231201e-04
5.713880062103271484e-03
3.510043025016784668e-04
2.131056785583496094e-02
1.497405767440795898e-02
1.224151253700256348e-02
1.498931646347045898e-02
1.238331198692321777e-03
8.465766906738281250e-03
3.584992885589599609e-02
1.025520265102386475e-03
8.318156003952026367e-03
8.557066321372985840e-04
1.367658376693725586e-03
2.770781517028808594e-03
1.576590538024902344e-02
1.424050331115722656e-02
1.400697510689496994e-05
7.566332817077636719e-03
2.669334411621093750e-03
2.134636044502258301e-03
2.494364976882934570e-03
4.005264490842819214e-04
2.693012356758117676e-03
8.900821208953857422e-03
2.512252330780029297e-02
4.578568041324615479e-04
1.707859337329864502e-04
3.658577799797058105e-03
6.663054227828979492e-03
1.893073320388793945e-02
4.531294107437133789e-03
2.375602722167968750e-02
2.992630004882812500e-03
3.142517805099487305e-02
2.487510442733764648e-03
1.647081226110458374e-04
7.536888122558593750e-03
1.329016685485839844e-02
2.139556407928466797e-02
2.431213855743408203e-03
2.615004777908325195e-03
2.811491489410400391e-02
3.164738416671752930e-03
1.271879673004150391e-02
2.278232574462890625e-02
1.632165908813476562e-02
6.387293338775634766e-03
2.046298980712890625e-02
9.160228073596954346e-04
2.225446701049804688e-02
1.746517419815063477e-02
1.730477809906005859e-02
1.341122388839721680e-02
1.483410596847534180e-03
5.095340311527252197e-04
2.251648902893066406e-02
5.408614873886108398e-03
3.971666097640991211e-03
7.266551256179809570e-04
2.072113752365112305e-02
1.358860731124877930e-02
1.800224184989929199e-03
1.016125082969665527e-03
7.599771022796630859e-03
2.994507551193237305e-03
3.871358931064605713e-04
1.483774185180664062e-02
1.002788543701171875e-02
1.396119594573974609e-02
2.052175998687744141e-02
3.519505262374877930e-03
8.274853229522705078e-03
4.017844796180725098e-03
7.377341389656066895e-04
1.723572611808776855e-03
2.335083484649658203e-02
1.626938581466674805e-03
1.559871435165405273e-02
1.895911991596221924e-04
3.637695312500000000e-02
8.608996868133544922e-04
1.742595434188842773e-02
5.976498126983642578e-03
1.695919781923294067e-04
1.273316144943237305e-02
2.847269177436828613e-03
2.589449286460876465e-04
3.205394744873046875e-02
2.049016952514648438e-02
8.248746395111083984e-03
3.606289625167846680e-03
2.174958586692810059e-03
1.751059293746948242e-02
2.708211541175842285e-03
2.022790908813476562e-02
4.216685891151428223e-03
2.810563892126083374e-04
2.609062194824218750e-02
3.951430320739746094e-03
9.180963039398193359e-03
6.444349884986877441e-03
3.037109971046447754e-03
5.654484033584594727e-03
2.347707748413085938e-03
1.474624872207641602e-02
3.657378256320953369e-04
1.323479413986206055e-02
8.747547864913940430e-03
3.552079200744628906e-03
8.402049541473388672e-03
1.964485645294189453e-02
1.938596367835998535e-03
1.829934120178222656e-02
7.127076387405395508e-03
1.972460746765136719e-02
2.126432955265045166e-03
6.799638271331787109e-03
5.600363016128540039e-03
4.368841648101806641e-03
3.476947546005249023e-03
4.473060369491577148e-03
2.646535634994506836e-03
1.635891199111938477e-02
2.516523003578186035e-03
2.353841066360473633e-02
2.635806798934936523e-03
4.260987043380737305e-03
1.227676868438720703e-02
1.621253788471221924e-03
5.278103053569793701e-04
2.790367603302001953e-02
9.918600320816040039e-03
5.031943321228027344e-03
2.225440740585327148e-02
2.349376678466796875e-03
5.023688077926635742e-03
3.203168511390686035e-03
2.045238018035888672e-02
3.742635250091552734e-03
2.614873647689819336e-02
4.762172698974609375e-03
3.478005528450012207e-04
3.921836614608764648e-04
1.008193939924240112e-03
4.799306392669677734e-03
9.610056877136230469e-03
1.233726739883422852e-03
2.704009413719177246e-03
1.299041509628295898e-02
1.263862848281860352e-02
9.952425956726074219e-03
2.835780382156372070e-03
7.698237895965576172e-03
2.518522739410400391e-02
3.266021609306335449e-03
3.904327750205993652e-04
3.647774457931518555e-03
2.475941181182861328e-02
5.202680826187133789e-03
1.156371831893920898e-02
6.721466779708862305e-03
4.373237490653991699e-03
6.774067878723144531e-03
1.434808969497680664e-02
1.646929979324340820e-02
3.620401024818420410e-03
1.264765858650207520e-03
9.189158678054809570e-03
1.000262796878814697e-03
2.476442605257034302e-04
2.498388290405273438e-02
1.035672426223754883e-02
6.450563669204711914e-04
4.585266113281250000e-03
3.717616200447082520e-03
8.151173591613769531e-03
7.024109363555908203e-03
1.229137182235717773e-02
1.332676410675048828e-02
1.686647534370422363e-03
6.634354591369628906e-03
9.072393178939819336e-03
4.992499947547912598e-03
8.009433746337890625e-03
1.018506288528442383e-02
1.072102785110473633e-02
1.252248883247375488e-03
1.280581951141357422e-02
5.256444215774536133e-03
2.817368507385253906e-02
5.162864923477172852e-03
2.022571861743927002e-04
2.207767963409423828e-02
9.240582585334777832e-04
1.590573787689208984e-02
8.577227592468261719e-03
3.871358931064605713e-04
9.656809270381927490e-04
1.230075955390930176e-03
3.971874713897705078e-03
2.048701047897338867e-03
5.677968263626098633e-03
1.134064793586730957e-02
1.818042993545532227e-02
4.386752843856811523e-04
1.575785875320434570e-02
2.181157469749450684e-03
4.918165504932403564e-04
1.581948995590209961e-02
3.896176815032958984e-03
3.319561481475830078e-03
1.531720161437988281e-03
4.059702157974243164e-03
3.541529178619384766e-03
1.288935542106628418e-03
4.139214754104614258e-03
5.162179470062255859e-03
1.508727669715881348e-03
2.506875991821289062e-02
2.667099237442016602e-02
3.875195980072021484e-03
2.027019858360290527e-03
1.408314704895019531e-02
5.065381526947021484e-03
7.848441600799560547e-04
1.111514866352081299e-03
3.278076648712158203e-02
2.092528343200683594e-02
1.877874135971069336e-03
8.088015019893646240e-04
5.595773458480834961e-03
1.641973853111267090e-03
5.374401807785034180e-03
2.200275659561157227e-03
1.978504657745361328e-02
3.007304668426513672e-02
5.281761288642883301e-03
5.610123276710510254e-03
3.060922026634216309e-04
2.252745628356933594e-02
6.879895925521850586e-03
1.210236549377441406e-02
1.194334030151367188e-02
7.308453321456909180e-03
6.094388663768768311e-04
2.168923616409301758e-03
2.564167976379394531e-02
4.798859357833862305e-03
1.294440031051635742e-02
9.455084800720214844e-03
8.677780628204345703e-03
1.275166869163513184e-02
1.266890764236450195e-02
2.192759513854980469e-02
1.571488380432128906e-02
2.456903457641601562e-02
1.567167043685913086e-02
6.451427936553955078e-03
9.421527385711669922e-03
1.313638687133789062e-02
8.140280842781066895e-04
2.004134654998779297e-02
8.984684944152832031e-03
1.392602920532226562e-03
2.962291240692138672e-03
1.242250204086303711e-03
6.303787231445312500e-04
9.632445871829986572e-04
3.159970045089721680e-03
1.182496547698974609e-03
2.634459733963012695e-02
4.608780145645141602e-03
3.210186958312988281e-03
4.302084445953369141e-03
1.410466432571411133e-02
6.157010793685913086e-04
4.147291183471679688e-03
5.860686302185058594e-03
2.239823341369628906e-02
3.351032733917236328e-03
7.338881492614746094e-03
8.317120373249053955e-04
2.018734812736511230e-04
1.033581793308258057e-03
1.985896378755569458e-04
2.116394042968750000e-02
1.802816987037658691e-03
1.877731084823608398e-02
4.165470600128173828e-04
8.942723274230957031e-03
2.071899175643920898e-02
1.795679330825805664e-03
4.160940647125244141e-03
1.702480949461460114e-05
4.351273179054260254e-03
8.070981130003929138e-05
2.475567162036895752e-04
1.353286206722259521e-04
4.655607044696807861e-04
2.816754579544067383e-02
4.185177385807037354e-04
4.727803170680999756e-04
1.743901520967483521e-04
8.438229560852050781e-04
1.235239207744598389e-03
5.924105644226074219e-03
1.705504953861236572e-03
2.153180539608001709e-04
1.019168645143508911e-03
4.054494202136993408e-04
8.331060409545898438e-03
9.004548192024230957e-04
1.142704859375953674e-04
2.540081739425659180e-03
7.143765687942504883e-04
1.352354884147644043e-04
8.897185325622558594e-04
2.586983144283294678e-03
5.818344652652740479e-04
2.238400280475616455e-03
5.990862846374511719e-03
2.237260341644287109e-04
1.439905166625976562e-02
7.250964641571044922e-03
3.824215382337570190e-04
3.585871309041976929e-05
8.061379194259643555e-04
5.697384476661682129e-04
4.615187644958496094e-04
5.403429269790649414e-03
9.849965572357177734e-04
3.447197377681732178e-04
1.006729900836944580e-03
3.297913074493408203e-02
6.222166121006011963e-04
3.325954079627990723e-03
2.096332609653472900e-04
3.283657133579254150e-04
2.907425165176391602e-03
3.681285306811332703e-05
4.022121429443359375e-04
4.378464072942733765e-04
3.605961799621582031e-03
5.658641457557678223e-04
2.791300415992736816e-03
2.878010272979736328e-03
1.911912113428115845e-04
1.408064365386962891e-02
2.779290080070495605e-04
1.898220181465148926e-02
3.619372844696044922e-03
5.458921194076538086e-03
3.864020109176635742e-03
2.381235361099243164e-03
1.803919672966003418e-03
9.179562330245971680e-04
7.861331105232238770e-04
1.530073583126068115e-03
1.434475183486938477e-03
1.489440910518169403e-05
4.280060529708862305e-03
1.783810555934906006e-03
1.034654676914215088e-03
6.946176290512084961e-04
1.133859157562255859e-03
3.251899033784866333e-04
1.696459949016571045e-04
2.233509439975023270e-05
8.705668151378631592e-04
2.994939684867858887e-03
4.056282341480255127e-05
2.371937036514282227e-02
9.728446602821350098e-04
2.207644283771514893e-04
3.172121942043304443e-04
1.499667763710021973e-03
2.629645168781280518e-04
2.829004079103469849e-04
1.340162754058837891e-02
4.076585173606872559e-04
3.845337778329849243e-05
3.434289246797561646e-04
8.159652352333068848e-04
4.743151366710662842e-04
1.467101275920867920e-03
2.092150971293449402e-04
3.899559378623962402e-03
2.595707774162292480e-03
3.370568156242370605e-03
8.201822638511657715e-04
8.510872721672058105e-04
1.933258026838302612e-04
8.534118533134460449e-04
5.743280053138732910e-04
1.510055735707283020e-04
2.684369683265686035e-04
8.120089769363403320e-04
3.942325711250305176e-04
8.768320083618164062e-03
5.165440961718559265e-05
1.398734748363494873e-04
2.078469842672348022e-04
5.905479192733764648e-04
1.258831471204757690e-04
9.777605533599853516e-03
4.240591078996658325e-05
4.786364734172821045e-04
1.171501353383064270e-04
1.071784645318984985e-04
1.263804733753204346e-03
4.314780235290527344e-04
4.108063876628875732e-04
1.668810844421386719e-03
9.153693914413452148e-03
7.282018661499023438e-03
1.182019710540771484e-02
2.192497253417968750e-02
1.863494515419006348e-03
1.407735049724578857e-03
3.118067979812622070e-03
2.566631883382797241e-04
8.511170744895935059e-04
5.134642124176025391e-04
2.043088898062705994e-04
1.469925045967102051e-04
1.928552985191345215e-03
1.584477722644805908e-03
1.546496152877807617e-02
1.105386763811111450e-04
2.278232574462890625e-02
4.585519433021545410e-03
7.015764713287353516e-04
4.200655966997146606e-04
2.218961715698242188e-03
2.477550506591796875e-02
1.652292907238006592e-03
1.698732376098632812e-03
7.750988006591796875e-04
1.627480983734130859e-02
6.119668483734130859e-03
1.430898904800415039e-03
2.247951924800872803e-04
8.072983473539352417e-05
1.253962516784667969e-03
4.986599087715148926e-04
1.275658607482910156e-03
9.432155638933181763e-05
2.101135253906250000e-02
1.555383205413818359e-04
2.575859427452087402e-03
9.801331907510757446e-05
5.341917276382446289e-04
2.926096320152282715e-03
5.109794437885284424e-04
1.451186835765838623e-04
5.404558032751083374e-05
8.052028715610504150e-05
4.300405271351337433e-05
7.347837090492248535e-04
1.070477068424224854e-03
1.142015680670738220e-04
1.740574836730957031e-02
1.950841397047042847e-04
2.513378858566284180e-04
1.223266124725341797e-03
1.686345785856246948e-04
4.499778151512145996e-04
1.127257943153381348e-03
8.140593767166137695e-03
7.655844092369079590e-04
5.698297172784805298e-06
1.739181578159332275e-03
1.655429601669311523e-03
1.597488299012184143e-04
7.515132427215576172e-03
5.217269062995910645e-04
7.780734449625015259e-05
8.727014064788818359e-04
2.952307462692260742e-03
1.816209405660629272e-04
2.091936767101287842e-04
2.242662012577056885e-04
1.139819622039794922e-03
2.034515142440795898e-02
3.355555236339569092e-04
3.116503357887268066e-04
5.161195993423461914e-03
3.056704998016357422e-02
8.887052536010742188e-05
5.541881546378135681e-05
1.131417229771614075e-04
3.228724002838134766e-03
1.617938280105590820e-03
2.326607704162597656e-03
5.364418029785156250e-03
1.516431570053100586e-03
1.455771923065185547e-02
5.268976092338562012e-04
4.421830177307128906e-03
6.145775318145751953e-03
5.161285400390625000e-03
4.000484943389892578e-03
4.136487841606140137e-04
1.906044781208038330e-04
3.027748316526412964e-04
9.858965873718261719e-03
6.066486239433288574e-04
2.324801683425903320e-02
5.992352962493896484e-04
1.342952251434326172e-03
4.290156066417694092e-04
3.290325403213500977e-03
1.877278089523315430e-03
4.463177174329757690e-05
2.027433365583419800e-04
9.486749768257141113e-04
9.227171540260314941e-04
3.380812704563140869e-04
4.960387945175170898e-03
8.542439900338649750e-06
6.280601024627685547e-03
4.322193562984466553e-04
4.404544830322265625e-03
2.244755625724792480e-03
4.426702857017517090e-03
9.874254465103149414e-03
1.445204019546508789e-03
8.456617593765258789e-03
1.865029335021972656e-03
1.533776521682739258e-03
1.890109851956367493e-04
1.833844184875488281e-02
3.525521606206893921e-05
3.382563591003417969e-04
2.560280263423919678e-04
3.904551267623901367e-04
4.876032471656799316e-04
5.580522119998931885e-04
2.037182450294494629e-03
2.235934138298034668e-03
6.654262542724609375e-04
2.657845616340637207e-04
8.788406848907470703e-04
2.014040946960449219e-04
4.845298826694488525e-04
1.757013797760009766e-02
3.001596778631210327e-04
1.049581915140151978e-03
1.625254750251770020e-03
4.322156310081481934e-04
5.144089460372924805e-03
2.966746687889099121e-04
1.940228044986724854e-03
3.482288122177124023e-02
2.989880740642547607e-04
2.258624881505966187e-04
2.883836627006530762e-03
7.394049316644668579e-05
1.086676120758056641e-02
3.338456153869628906e-04
3.034938126802444458e-04
5.032449960708618164e-03
6.011240184307098389e-04
1.230365037918090820e-02
1.597683876752853394e-04
1.269504427909851074e-03
2.441883087158203125e-03
3.035217523574829102e-04
7.557794451713562012e-04
7.995307445526123047e-03
2.902261912822723389e-04
9.526498615741729736e-05
1.950822770595550537e-04
1.685366034507751465e-03
8.184611797332763672e-03
4.606321454048156738e-04
2.435758709907531738e-03
2.126991748809814453e-04
8.522346615791320801e-05
1.721018552780151367e-02
9.902343153953552246e-04
8.275173604488372803e-05
1.333665847778320312e-02
1.340933144092559814e-03
1.193068921566009521e-03
7.918700575828552246e-04
2.564549446105957031e-03
2.995692193508148193e-04
1.243196427822113037e-03
2.271290868520736694e-04
5.209632217884063721e-05
1.495629549026489258e-02
1.871168613433837891e-03
1.770481467247009277e-04
1.241773366928100586e-03
2.727508544921875000e-03
4.807338118553161621e-04
6.219118833541870117e-03
1.867804676294326782e-04
1.568794250488281250e-03
2.117902040481567383e-04
7.101595401763916016e-03
9.961705654859542847e-05
2.140402793884277344e-03
8.971542119979858398e-04
5.766898393630981445e-04
6.784796714782714844e-03
7.472652941942214966e-05
1.394140720367431641e-02
9.084306657314300537e-05
3.573298454284667969e-03
1.839756965637207031e-03
3.075902350246906281e-05
7.223516702651977539e-03
1.327954232692718506e-04
1.985237002372741699e-03
1.718741655349731445e-02
9.417347609996795654e-05
2.334788441658020020e-03
1.452639698982238770e-03
1.791983842849731445e-03
2.060756087303161621e-04
2.010632306337356567e-04
1.665219664573669434e-03
9.362101554870605469e-03
3.026857972145080566e-03
8.336603641510009766e-04
4.347339272499084473e-03
8.825957775115966797e-03
2.214908599853515625e-02
2.160966396331787109e-02
1.278209686279296875e-02
1.812875270843505859e-03
3.718852996826171875e-03
9.164884686470031738e-04
1.149964332580566406e-02
3.968283534049987793e-03
5.934476852416992188e-03
4.388481378555297852e-03
7.196813821792602539e-04
7.875680923461914062e-03
1.500242948532104492e-02
2.034974098205566406e-02
1.817028969526290894e-04
2.714860439300537109e-02
4.033595323562622070e-04
8.807420730590820312e-03
7.370933890342712402e-04
8.857131004333496094e-03
1.086950302124023438e-03
7.025837898254394531e-03
1.692920923233032227e-03
8.115321397781372070e-03
1.082473993301391602e-02
1.734864711761474609e-02
2.732288837432861328e-02
3.850340843200683594e-03
1.819342374801635742e-03
2.472758293151855469e-03
5.746841430664062500e-03
2.264088392257690430e-02
1.297247409820556641e-02
1.138556003570556641e-02
2.897396683692932129e-03
6.304591894149780273e-03
1.506328582763671875e-03
9.819045662879943848e-04
4.895031452178955078e-04
2.066916227340698242e-02
1.360304653644561768e-03
5.178958177566528320e-03
7.979273796081542969e-04
1.950934529304504395e-03
9.276777505874633789e-03
4.462003707885742188e-03
1.194939017295837402e-03
2.007967233657836914e-02
2.339519560337066650e-03
4.498636722564697266e-02
5.776077508926391602e-03
3.701560199260711670e-04
1.933199167251586914e-02
1.159960031509399414e-02
1.067796349525451660e-02
5.230724811553955078e-03
2.000296115875244141e-02
1.979708671569824219e-03
1.292489469051361084e-03
1.177904009819030762e-02
1.003158092498779297e-02
1.176297664642333984e-03
8.285671472549438477e-03
2.733290195465087891e-03
8.793175220489501953e-04
1.494002342224121094e-02
1.362222433090209961e-02
2.381777763366699219e-02
2.265475690364837646e-03
8.170604705810546875e-04
8.715003728866577148e-03
1.165610551834106445e-02
4.959613084793090820e-03
1.987117528915405273e-02
2.102172374725341797e-02
1.986622810363769531e-04
4.298128187656402588e-04
1.107200980186462402e-03
1.215955615043640137e-02
2.477832138538360596e-03
2.205282449722290039e-02
2.640843391418457031e-03
4.190176725387573242e-03
1.415151357650756836e-02
3.702753782272338867e-02
2.907365560531616211e-03
3.339082002639770508e-03
4.028305411338806152e-03
1.489713788032531738e-03
1.041942834854125977e-02
2.719342708587646484e-03
7.848650217056274414e-03
5.614131689071655273e-03
1.920664310455322266e-02
7.436990737915039062e-03
1.494199037551879883e-02
1.513928174972534180e-03
2.258762717247009277e-03
2.497985959053039551e-03
6.155341863632202148e-03
6.015449762344360352e-03
4.539608955383300781e-03
2.988964319229125977e-03
1.105993986129760742e-02
1.136261224746704102e-02
2.123177051544189453e-03
2.172365784645080566e-03
6.623834371566772461e-03
4.983618855476379395e-04
3.749489784240722656e-03
1.082167029380798340e-03
5.846709012985229492e-03
2.936875820159912109e-02
2.242147922515869141e-03
6.509087979793548584e-04
1.839488744735717773e-02
2.226233482360839844e-03
1.548260450363159180e-02
4.230551421642303467e-04
5.526036024093627930e-03
3.119766712188720703e-03
5.671054124832153320e-03
1.636880636215209961e-02
1.836675405502319336e-02
9.261280298233032227e-03
1.023626327514648438e-02
1.465785503387451172e-02
1.120430231094360352e-02
1.270249485969543457e-03
4.171729087829589844e-03
1.425549387931823730e-03
1.559418439865112305e-02
1.877403259277343750e-02
2.286314964294433594e-03
5.713313817977905273e-03
3.534066677093505859e-02
1.683562994003295898e-03
1.460701227188110352e-02
7.808983325958251953e-03
3.927439451217651367e-03
9.928882122039794922e-03
1.824451610445976257e-04
9.910225868225097656e-03
2.147608995437622070e-02
1.276573538780212402e-02
6.326079368591308594e-03
8.638352155685424805e-03
1.128256320953369141e-02
2.064049243927001953e-02
1.342403888702392578e-02
7.797896862030029297e-03
1.280617713928222656e-02
1.819306612014770508e-02
5.182504653930664062e-03
1.071766018867492676e-03
9.702175855636596680e-03
1.409232616424560547e-02
1.691901683807373047e-02
1.979738473892211914e-03
6.608575582504272461e-03
8.982658386230468750e-03
1.324522495269775391e-02
1.614636182785034180e-02
1.671594381332397461e-02
2.964019775390625000e-03
3.944724798202514648e-03
5.930900573730468750e-03
1.354947686195373535e-03
8.107185363769531250e-03
8.656144142150878906e-03
2.063238620758056641e-02
4.545569419860839844e-03
1.558405160903930664e-02
2.786830067634582520e-03
1.416260004043579102e-02
3.411102294921875000e-02
1.358357258141040802e-05
3.176242113113403320e-03
5.039095878601074219e-03
1.822090148925781250e-02
5.784302949905395508e-03
1.314359903335571289e-02
8.350700139999389648e-03
5.134940147399902344e-03
7.969170808792114258e-03
2.839833498001098633e-02
2.117204666137695312e-02
3.503680229187011719e-03
1.228713989257812500e-02
2.121853828430175781e-02
4.753232002258300781e-03
1.031361520290374756e-03
3.619417548179626465e-03
7.224410772323608398e-03
1.164591312408447266e-02
1.270510256290435791e-04
2.952650189399719238e-03
1.382648944854736328e-02
1.754331588745117188e-02
2.265322208404541016e-02
8.013606071472167969e-03
1.349651813507080078e-02
1.371484994888305664e-02
9.970009326934814453e-03
1.829557120800018311e-03
9.092316031455993652e-04
9.256005287170410156e-04
1.344805955886840820e-02
1.123219728469848633e-02
1.247320324182510376e-04
1.294535398483276367e-02
4.209369421005249023e-03
3.824055194854736328e-03
3.049850463867187500e-03
4.205927252769470215e-04
2.585321664810180664e-03
1.382893323898315430e-02
1.629546284675598145e-03
1.940053701400756836e-02
2.468538284301757812e-02
1.139336824417114258e-02
1.149964332580566406e-02
1.204156875610351562e-02
6.545811891555786133e-03
7.084101438522338867e-03
2.447891235351562500e-02
1.694750785827636719e-02
2.027428150177001953e-02
1.044279336929321289e-02
6.263703107833862305e-04
1.369160413742065430e-02
1.231288909912109375e-02
1.938509941101074219e-02
1.438146829605102539e-02
4.993647336959838867e-03
7.019877433776855469e-03
1.087659597396850586e-02
3.490447998046875000e-03
1.909977197647094727e-02
6.382465362548828125e-03
1.983624696731567383e-02
1.904439926147460938e-02
9.206309914588928223e-04
6.338685750961303711e-03
1.131482422351837158e-03
8.201897144317626953e-04
4.973456263542175293e-03
2.075053751468658447e-03
8.097514510154724121e-04
2.132087945938110352e-02
1.109132170677185059e-02
2.007162570953369141e-02
4.981249570846557617e-03
3.625825047492980957e-03
1.734066009521484375e-02
3.153845667839050293e-03
1.803666353225708008e-02
4.885703325271606445e-03
4.702553153038024902e-03
7.430044934153556824e-05
1.875543594360351562e-02
1.176774501800537109e-02
2.117186784744262695e-03
1.867604255676269531e-02
3.289192914962768555e-03
1.476687192916870117e-02
7.814243435859680176e-03
1.717805862426757812e-02
4.614859819412231445e-03
1.710885763168334961e-02
1.991939544677734375e-02
8.457619696855545044e-05
2.537912130355834961e-02
1.901268959045410156e-02
1.449805498123168945e-02
1.668125391006469727e-02
8.650034666061401367e-03
6.962660700082778931e-05
9.290784597396850586e-03
1.855695247650146484e-02
2.263411879539489746e-04
1.282781362533569336e-02
3.432703018188476562e-02
1.003563404083251953e-02
1.046642661094665527e-02
7.647603750228881836e-03
2.371281385421752930e-03
1.930129528045654297e-02
1.740777492523193359e-02
3.403559327125549316e-03
1.138281822204589844e-02
8.395493030548095703e-03
2.398276329040527344e-02
1.625114679336547852e-02
1.097714900970458984e-02
9.594440460205078125e-03
9.624242782592773438e-03
5.585253238677978516e-03
4.597246646881103516e-02
5.172818899154663086e-03
6.002634763717651367e-04
1.167166233062744141e-02
1.264083385467529297e-02
5.633413791656494141e-03
1.895949244499206543e-03
1.822382211685180664e-02
8.591189980506896973e-04
9.962730109691619873e-05
4.657983779907226562e-03
8.362084627151489258e-03
1.233103871345520020e-02
1.621830463409423828e-02
7.808864116668701172e-03
1.476526260375976562e-03
1.838207244873046875e-02
1.122903823852539062e-02
6.384477019309997559e-04
1.923745870590209961e-02
1.186508685350418091e-03
2.327054738998413086e-03
1.439410448074340820e-02
6.401926279067993164e-03
2.522104978561401367e-02
8.517771959304809570e-03
4.795461893081665039e-03
4.464894533157348633e-03
4.864126443862915039e-03
3.392100334167480469e-03
2.586971968412399292e-04
1.002721488475799561e-03
7.446914911270141602e-03
1.533702015876770020e-02
8.819222450256347656e-03
2.449917793273925781e-02
3.942519426345825195e-03
7.941365242004394531e-03
6.131798028945922852e-03
5.082786083221435547e-03
3.242269158363342285e-03
5.876183509826660156e-03
1.305317878723144531e-02
7.051229476928710938e-04
3.601178526878356934e-03
9.735554456710815430e-03
2.959314733743667603e-04
3.617510199546813965e-03
3.725346177816390991e-04
6.196871399879455566e-03
1.736074686050415039e-02
1.111412048339843750e-02
5.220413208007812500e-03
1.803112030029296875e-02
7.468819618225097656e-03
3.466117382049560547e-02
2.756476402282714844e-02
1.311075687408447266e-02
2.757444977760314941e-03
1.752674579620361328e-02
1.577013731002807617e-02
4.312261939048767090e-03
3.038644790649414062e-03
3.645986318588256836e-03
4.000976681709289551e-03
2.276450395584106445e-03
1.251316070556640625e-02
1.366460323333740234e-02
2.977803349494934082e-03
4.465132951736450195e-03
8.672848343849182129e-04
1.134872436523437500e-03
2.189770340919494629e-03
1.018559932708740234e-02
2.095258235931396484e-02
1.155382394790649414e-02
2.310848236083984375e-02
3.505647182464599609e-03
8.880466222763061523e-03
1.622283458709716797e-02
2.024307847023010254e-03
1.319938898086547852e-02
1.888379454612731934e-03
2.701365947723388672e-02
5.574941635131835938e-03
4.785090684890747070e-03
1.668804883956909180e-02
2.289044857025146484e-02
2.789705991744995117e-03
4.684478044509887695e-03
7.653594017028808594e-03
7.830142974853515625e-03
1.403862237930297852e-02
2.402985095977783203e-02
1.168914139270782471e-03
1.108035445213317871e-03
7.395535707473754883e-03
3.666505217552185059e-04
1.377902925014495850e-03
9.610533714294433594e-03
3.028631210327148438e-03
8.667036890983581543e-04
5.539119243621826172e-03
2.082014083862304688e-02
2.703350037336349487e-04
1.596570014953613281e-03
6.252169609069824219e-03
1.352243125438690186e-04
3.257110714912414551e-03
4.561268724501132965e-05
1.348912715911865234e-03
5.166903138160705566e-04
8.120805025100708008e-03
3.774128854274749756e-04
9.665042161941528320e-04
1.101338863372802734e-02
2.537772059440612793e-03
1.653265953063964844e-02
3.780936822295188904e-05
4.502296447753906250e-03
6.210148334503173828e-03
2.831909805536270142e-04
2.406746149063110352e-03
2.044513821601867676e-03
1.091068983078002930e-02
3.833249211311340332e-04
3.163188695907592773e-03
1.650691032409667969e-03
5.375087261199951172e-03
1.459985971450805664e-03
1.178137958049774170e-03
2.204596996307373047e-03
1.309085637331008911e-04
7.924705743789672852e-03
8.121039718389511108e-05
7.924064993858337402e-04
3.474980592727661133e-03
3.808200359344482422e-03
2.537161111831665039e-03
5.102932453155517578e-03
6.564557552337646484e-04
3.509968519210815430e-05
4.681885242462158203e-03
1.275026798248291016e-02
5.800388753414154053e-04
9.988322854042053223e-04
1.228883862495422363e-03
5.387336015701293945e-03
5.363672971725463867e-04
5.484372377395629883e-05
2.874433994293212891e-03
4.669189453125000000e-03
2.307444810867309570e-04
3.585040569305419922e-03
3.899894654750823975e-04
1.053772866725921631e-04
8.469998836517333984e-03
5.111433565616607666e-04
4.199743270874023438e-03
6.594359874725341797e-04
2.497583627700805664e-04
2.975359559059143066e-03
2.510979771614074707e-03
1.631669700145721436e-03
2.446240186691284180e-02
3.021836280822753906e-03
2.905391156673431396e-04
1.642870903015136719e-02
2.147030830383300781e-02
1.276218891143798828e-02
9.842276573181152344e-03
1.241676509380340576e-04
6.863981485366821289e-03
1.896992325782775879e-03
5.771547555923461914e-03
1.719301939010620117e-02
1.491683721542358398e-02
1.181000843644142151e-04
1.637870073318481445e-02
3.998279571533203125e-03
5.219429731369018555e-04
8.247718214988708496e-04
5.831480026245117188e-03
2.063870429992675781e-03
6.255120038986206055e-03
2.573639154434204102e-03
1.203335821628570557e-03
7.813312113285064697e-04
3.982615470886230469e-02
2.367913722991943359e-03
4.465728998184204102e-04
6.466805934906005859e-03
2.370327711105346680e-03
2.758896350860595703e-02
8.173048496246337891e-03
1.965224742889404297e-03
2.230256795883178711e-02
1.287691295146942139e-03
5.174934864044189453e-03
1.471579074859619141e-03
1.392668485641479492e-02
3.706455230712890625e-03
1.855954527854919434e-03
2.482354640960693359e-03
4.208818078041076660e-03
2.113962545990943909e-05
1.032358407974243164e-02
4.323422908782958984e-03
2.885854244232177734e-02
7.156550884246826172e-03
9.163748472929000854e-05
2.068120241165161133e-02
8.139945566654205322e-05
4.656001925468444824e-03
1.579970121383666992e-03
5.314722657203674316e-04
4.830621182918548584e-04
1.914165914058685303e-04
6.431877613067626953e-03
4.753358662128448486e-04
3.909766674041748047e-04
4.427045583724975586e-03
9.507209062576293945e-03
3.034651279449462891e-03
1.005107164382934570e-02
7.698386907577514648e-04
5.745477974414825439e-04
4.013121128082275391e-03
1.574069261550903320e-03
1.459106802940368652e-03
3.766752779483795166e-04
8.369833230972290039e-04
2.397801727056503296e-04
1.472279429435729980e-03
1.246273517608642578e-03
1.054415479302406311e-04
3.501936793327331543e-03
3.270447254180908203e-02
6.841570138931274414e-04
1.089707016944885254e-03
3.239303827285766602e-03
2.381846308708190918e-03
6.019603461027145386e-05
5.798578262329101562e-03
2.367600798606872559e-03
3.161028027534484863e-03
1.105383038520812988e-03
8.002966642379760742e-04
2.715876325964927673e-05
6.992965936660766602e-03
4.675894975662231445e-03
1.715838909149169922e-03
9.311676025390625000e-03
9.797990322113037109e-03
5.561709403991699219e-03
3.318294882774353027e-03
9.915605187416076660e-04
2.200055122375488281e-02
1.686453819274902344e-03
2.768039703369140625e-04
4.176318645477294922e-03
3.738582134246826172e-03
1.079313457012176514e-03
6.191059947013854980e-04
3.823012113571166992e-03
2.044916152954101562e-02
1.610890030860900879e-04
7.787525653839111328e-03
1.365058124065399170e-04
1.507207751274108887e-03
8.497536182403564453e-04
2.203486859798431396e-03
5.498066544532775879e-03
1.342572271823883057e-03
7.378578186035156250e-03
3.069266676902770996e-04
1.862514764070510864e-04
3.457233309745788574e-03
1.826323568820953369e-04
3.313235938549041748e-04
4.217952489852905273e-03
2.691161632537841797e-02
5.409754812717437744e-04
1.265174150466918945e-02
3.407835960388183594e-03
2.682395279407501221e-04
7.378570735454559326e-04
1.130539178848266602e-02
3.656938672065734863e-03
7.562339305877685547e-03
5.873411893844604492e-03
3.751993179321289062e-03
3.910616040229797363e-03
3.384724259376525879e-04
3.239238262176513672e-02
1.032853126525878906e-02
3.445558249950408936e-04
5.708605051040649414e-03
5.225837230682373047e-04
3.779008984565734863e-04
4.070587456226348877e-04
8.714944124221801758e-05
1.779282093048095703e-02
2.659112215042114258e-03
2.479225397109985352e-03
2.059721946716308594e-02
2.760246396064758301e-03
8.740961551666259766e-03
4.207044839859008789e-04
5.980692803859710693e-04
9.377971291542053223e-04
1.523911952972412109e-02
8.592158555984497070e-04
2.075478434562683105e-03
2.241373062133789062e-03
1.118304207921028137e-04
1.752078533172607422e-04
2.992182970046997070e-03
2.118889242410659790e-04
1.958525180816650391e-02
2.113595604896545410e-03
2.833753824234008789e-03
1.851804554462432861e-04
6.760656833648681641e-03
1.333244144916534424e-03
3.921419382095336914e-03
1.325786113739013672e-03
1.149487495422363281e-02
2.349331974983215332e-03
3.820061683654785156e-04
6.439805030822753906e-03
4.510395228862762451e-04
3.684796392917633057e-04
2.692461013793945312e-03
2.625286579132080078e-03
1.642644405364990234e-03
1.011088490486145020e-02
1.217704266309738159e-04
3.944277763366699219e-03
9.836703538894653320e-04
9.884357452392578125e-03
1.048201322555541992e-02
4.393719136714935303e-04
2.550616860389709473e-03
5.155801773071289062e-03
1.762740314006805420e-03
1.260533928871154785e-03
1.925754547119140625e-02
6.252229213714599609e-04
8.628606796264648438e-03
1.578316092491149902e-03
2.347119152545928955e-05
5.417764186859130859e-03
4.216805100440979004e-04
1.827940344810485840e-03
2.847242355346679688e-02
1.182243227958679199e-03
8.469820022583007812e-03
4.383772611618041992e-03
7.681667804718017578e-03
7.980763912200927734e-03
1.420136541128158569e-04
1.176252961158752441e-03
1.075878739356994629e-03
2.442276477813720703e-02
0.000000000000000000e+00
0.000000000000000000e+00
0.000000000000000000e+00
0.000000000000000000e+00
0.000000000000000000e+00
0.000000000000000000e+00
0.000000000000000000e+00
0.000000000000000000e+00
0.000000000000000000e+00
0.000000000000000000e+00
0.000000000000000000e+00
0.000000000000000000e+00
0.000000000000000000e+00
0.000000000000000000e+00
0.000000000000000000e+00
0.000000000000000000e+00
0.000000000000000000e+00
0.000000000000000000e+00
0.000000000000000000e+00
0.000000000000000000e+00
0.000000000000000000e+00
0.000000000000000000e+00
0.000000000000000000e+00
0.000000000000000000e+00
0.000000000000000000e+00
0.000000000000000000e+00
0.000000000000000000e+00
0.000000000000000000e+00
0.000000000000000000e+00
0.000000000000000000e+00
0.000000000000000000e+00
0.000000000000000000e+00
0.000000000000000000e+00
0.000000000000000000e+00
0.000000000000000000e+00
0.000000000000000000e+00
0.000000000000000000e+00
0.000000000000000000e+00
0.000000000000000000e+00
0.000000000000000000e+00
