1.930266618728637695e-02
1.442128419876098633e-02
1.455092430114746094e-02
1.586985588073730469e-02
1.460981369018554688e-02
1.148033142089843750e-02
1.847720146179199219e-02
1.154899597167968750e-02
2.334690093994140625e-02
1.611196994781494141e-02
1.729297637939453125e-02
1.726651191711425781e-02
2.077722549438476562e-02
1.338857412338256836e-02
2.174699306488037109e-02
1.968955993652343750e-02
2.289855480194091797e-02
2.226388454437255859e-02
8.199155330657958984e-03
1.987028121948242188e-02
1.929163932800292969e-02
1.367390155792236328e-02
2.367329597473144531e-02
2.953505516052246094e-02
1.262056827545166016e-02
2.011823654174804688e-02
1.673567295074462891e-02
1.347345113754272461e-02
1.691031455993652344e-02
2.020609378814697266e-02
3.034663200378417969e-02
2.261722087860107422e-02
1.331055164337158203e-02
1.087415218353271484e-02
8.143901824951171875e-03
1.811909675598144531e-02
1.000684499740600586e-02
1.411467790603637695e-03
2.008473873138427734e-02
1.358014345169067383e-02
1.637053489685058594e-02
1.165294647216796875e-02
1.050001382827758789e-02
1.197999715805053711e-02
1.708364486694335938e-02
2.319633960723876953e-02
1.504242420196533203e-02
1.696050167083740234e-02
2.111804485321044922e-02
3.460741043090820312e-02
1.435077190399169922e-02
1.039075851440429688e-02
1.251262426376342773e-02
2.820062637329101562e-02
1.890301704406738281e-02
6.556630134582519531e-03
1.978576183319091797e-02
2.093714475631713867e-02
2.715241909027099609e-02
1.630640029907226562e-02
1.473033428192138672e-02
1.893818378448486328e-02
8.103311061859130859e-03
4.491895437240600586e-03
1.754295825958251953e-02
1.063048839569091797e-02
1.468831300735473633e-02
1.638519763946533203e-02
1.929819583892822266e-02
1.679301261901855469e-02
2.003431320190429688e-02
2.415657043457031250e-02
1.708018779754638672e-02
1.849007606506347656e-02
1.253318786621093750e-02
2.454912662506103516e-02
1.980316638946533203e-02
1.918256282806396484e-02
2.544617652893066406e-02
1.955556869506835938e-02
7.110476493835449219e-03
1.111507415771484375e-02
1.495528221130371094e-02
1.966714859008789062e-02
1.863038539886474609e-02
2.313435077667236328e-02
1.771998405456542969e-02
1.776385307312011719e-02
7.657825946807861328e-03
1.706635951995849609e-02
9.990692138671875000e-03
1.479411125183105469e-02
3.103327751159667969e-02
8.031167089939117432e-04
2.563309669494628906e-02
1.465892791748046875e-02
8.390128612518310547e-03
2.272105216979980469e-02
1.691675186157226562e-02
1.239538192749023438e-02
1.051288843154907227e-02
2.284514904022216797e-02
1.746666431427001953e-02
2.463889122009277344e-02
1.260924339294433594e-02
2.119779586791992188e-02
2.306699752807617188e-02
1.669663190841674805e-02
2.463054656982421875e-02
2.417540550231933594e-02
3.444433212280273438e-02
2.163994312286376953e-02
2.685403823852539062e-02
1.647794246673583984e-02
1.158905029296875000e-02
2.029705047607421875e-02
3.118765354156494141e-02
1.059722900390625000e-02
1.268708705902099609e-02
1.921141147613525391e-02
2.455914020538330078e-02
1.464974880218505859e-02
9.975075721740722656e-03
2.525424957275390625e-02
1.607787609100341797e-02
1.246011257171630859e-02
2.377009391784667969e-02
3.615751862525939941e-03
1.110976934432983398e-02
2.424073219299316406e-02
1.300072669982910156e-02
2.148592472076416016e-02
3.483438491821289062e-02
7.917463779449462891e-03
2.454757690429687500e-02
1.749730110168457031e-02
2.407002449035644531e-02
2.371191978454589844e-02
2.324593067169189453e-02
1.436907052993774414e-02
2.799463272094726562e-02
2.512580156326293945e-02
2.101612091064453125e-02
1.956903934478759766e-02
1.565313339233398438e-02
2.712690830230712891e-02
2.519488334655761719e-02
2.160024642944335938e-02
2.907443046569824219e-02
1.805484294891357422e-02
1.586645841598510742e-02
3.219872713088989258e-03
1.323825120925903320e-02
1.079869270324707031e-02
3.190541267395019531e-02
1.067274808883666992e-02
2.239871025085449219e-02
7.674813270568847656e-03
1.088881492614746094e-02
1.717042922973632812e-02
1.229143142700195312e-02
2.295237779617309570e-02
2.333295345306396484e-02
1.815277338027954102e-02
1.914799213409423828e-02
1.705169677734375000e-02
2.007448673248291016e-02
1.534938812255859375e-02
1.183700561523437500e-02
1.454401016235351562e-02
1.764059066772460938e-02
1.570820808410644531e-02
2.645742893218994141e-02
1.938641071319580078e-02
1.394891738891601562e-02
4.641711711883544922e-02
2.889311313629150391e-02
2.349758148193359375e-02
2.652919292449951172e-02
2.649378776550292969e-02
1.268208026885986328e-02
1.623994112014770508e-02
1.131331920623779297e-02
1.069247722625732422e-02
1.771306991577148438e-02
1.167535781860351562e-02
2.848494052886962891e-02
1.430737972259521484e-02
1.592266559600830078e-02
2.838838100433349609e-02
2.272987365722656250e-02
1.739549636840820312e-02
2.411460876464843750e-02
2.009630203247070312e-02
2.488434314727783203e-02
1.772820949554443359e-02
1.380896568298339844e-02
3.209280967712402344e-02
9.216725826263427734e-03
8.749723434448242188e-03
1.207053661346435547e-02
1.001501083374023438e-02
1.999425888061523438e-02
1.529705524444580078e-02
2.748668193817138672e-02
2.691292762756347656e-02
1.235353946685791016e-02
2.948093414306640625e-02
2.201104164123535156e-02
2.803897857666015625e-02
2.452021837234497070e-02
1.130381226539611816e-02
1.611870527267456055e-02
9.803712368011474609e-03
2.540326118469238281e-02
2.296638488769531250e-02
8.567452430725097656e-03
1.674854755401611328e-02
3.338539600372314453e-02
2.406823635101318359e-02
2.337408065795898438e-02
1.484024524688720703e-02
1.973557472229003906e-02
6.836175918579101562e-03
2.338969707489013672e-02
2.114093303680419922e-02
1.436674594879150391e-02
1.958465576171875000e-02
1.429057121276855469e-02
2.098369598388671875e-02
2.211618423461914062e-02
1.784598827362060547e-02
2.893185615539550781e-02
7.176518440246582031e-03
2.303385734558105469e-02
2.826440334320068359e-02
2.425694465637207031e-02
3.157615661621093750e-02
7.229834794998168945e-03
1.377463340759277344e-02
2.020418643951416016e-02
2.297461032867431641e-02
3.428781032562255859e-02
8.204638957977294922e-03
2.613031864166259766e-02
2.222847938537597656e-02
1.575160026550292969e-02
1.938503980636596680e-02
2.493274211883544922e-02
9.880065917968750000e-03
1.570725440979003906e-02
8.830249309539794922e-03
1.741254329681396484e-02
2.020716667175292969e-02
5.769163370132446289e-03
2.434515953063964844e-02
0.000000000000000000e+00
0.000000000000000000e+00
0.000000000000000000e+00
0.000000000000000000e+00
0.000000000000000000e+00
0.000000000000000000e+00
0.000000000000000000e+00
0.000000000000000000e+00
0.000000000000000000e+00
0.000000000000000000e+00
0.000000000000000000e+00
0.000000000000000000e+00
0.000000000000000000e+00
0.000000000000000000e+00
0.000000000000000000e+00
0.000000000000000000e+00
0.000000000000000000e+00
0.000000000000000000e+00
0.000000000000000000e+00
0.000000000000000000e+00
