1.574778556823730469e-02
2.465769648551940918e-04
2.898368984460830688e-04
6.194651126861572266e-03
1.195855438709259033e-04
3.381334245204925537e-04
2.129209041595458984e-02
4.006251692771911621e-04
1.166999340057373047e-02
1.953154802322387695e-02
4.985146224498748779e-04
4.593878984451293945e-04
1.114892959594726562e-02
2.635002136230468750e-03
9.710133075714111328e-03
9.438116103410720825e-05
3.470219671726226807e-04
8.378863334655761719e-03
3.109917044639587402e-03
1.692807674407958984e-02
1.641917228698730469e-02
7.556706666946411133e-03
1.851454377174377441e-03
8.204758167266845703e-03
2.278819680213928223e-03
6.985440850257873535e-04
3.213077783584594727e-03
5.598962306976318359e-04
2.198800444602966309e-03
3.782778978347778320e-02
1.460862159729003906e-02
8.066631853580474854e-04
2.039924263954162598e-03
5.067273974418640137e-03
9.889006614685058594e-03
2.423226833343505859e-03
4.915267229080200195e-03
8.778393268585205078e-03
1.540172100067138672e-02
2.157799899578094482e-04
6.876811385154724121e-04
5.412772297859191895e-04
1.276895403861999512e-03
2.348935604095458984e-02
3.868527710437774658e-05
2.881094813346862793e-03
1.212018728256225586e-02
2.252238988876342773e-02
2.171956002712249756e-03
1.916319131851196289e-03
9.765028953552246094e-03
1.335772871971130371e-02
1.826065778732299805e-02
1.458746194839477539e-02
1.867897808551788330e-03
1.430720090866088867e-02
1.206055283546447754e-03
6.446957588195800781e-03
1.998221874237060547e-02
1.572355628013610840e-03
1.851186156272888184e-03
3.820843994617462158e-04
1.485764980316162109e-02
2.555593848228454590e-03
3.374982625246047974e-04
3.423810005187988281e-03
4.249155521392822266e-03
1.608371734619140625e-03
8.106589317321777344e-03
7.693231105804443359e-03
6.862729787826538086e-04
1.971513032913208008e-03
3.291666507720947266e-03
4.772618412971496582e-04
2.300277352333068848e-03
1.691961288452148438e-02
2.704268693923950195e-02
1.491731405258178711e-02
3.644116222858428955e-04
1.318818330764770508e-02
2.288031578063964844e-02
7.769875228404998779e-04
1.865041255950927734e-02
3.663115203380584717e-04
5.754142999649047852e-03
1.378417015075683594e-02
6.572544574737548828e-03
6.530195474624633789e-03
3.832593560218811035e-03
4.790067672729492188e-03
2.205646038055419922e-02
1.719385385513305664e-03
3.053665161132812500e-03
5.147755146026611328e-04
6.374642252922058105e-04
6.323218345642089844e-03
2.066344022750854492e-03
1.018249988555908203e-02
2.038365602493286133e-02
1.434713602066040039e-02
5.442887544631958008e-03
2.502575516700744629e-03
2.042019367218017578e-02
3.125712275505065918e-03
2.223318815231323242e-02
3.166273236274719238e-03
2.042508125305175781e-02
7.839798927307128906e-03
3.869310021400451660e-04
5.204929038882255554e-05
1.499548554420471191e-03
2.268880605697631836e-03
1.938223838806152344e-02
7.643640041351318359e-03
9.077996015548706055e-03
5.562007427215576172e-03
1.398980617523193359e-03
1.732236146926879883e-02
8.150972425937652588e-04
1.506263017654418945e-02
9.446032345294952393e-05
5.433142185211181641e-03
5.605936050415039062e-03
1.078099012374877930e-02
1.394653320312500000e-02
3.031641244888305664e-04
4.808753728866577148e-03
1.469731330871582031e-02
2.421331405639648438e-02
1.395058631896972656e-02
5.755871534347534180e-03
1.066029071807861328e-02
5.487829446792602539e-03
7.744226604700088501e-05
1.733070611953735352e-02
1.083058118820190430e-02
3.867093473672866821e-04
7.503256201744079590e-04
1.795232295989990234e-02
5.252897739410400391e-03
2.287983894348144531e-03
2.754166722297668457e-03
2.758681774139404297e-03
9.042441844940185547e-03
1.658618450164794922e-02
8.797720074653625488e-04
9.111821651458740234e-03
1.111894845962524414e-03
6.270080804824829102e-03
4.786789417266845703e-03
2.609801292419433594e-02
7.738620042800903320e-03
2.355873584747314453e-04
2.597182989120483398e-03
2.039596438407897949e-04
1.377004384994506836e-02
1.869213581085205078e-02
1.894846558570861816e-03
3.528743982315063477e-04
1.057082414627075195e-02
1.957826316356658936e-05
8.173197507858276367e-03
5.195766687393188477e-03
6.836265325546264648e-03
4.075378179550170898e-03
7.694661617279052734e-04
1.056790351867675781e-03
5.470365285873413086e-03
5.716234445571899414e-03
5.045868456363677979e-04
1.259446144104003906e-03
2.989739179611206055e-03
4.803240299224853516e-03
4.803657531738281250e-03
3.021821379661560059e-03
1.118552684783935547e-02
3.100633621215820312e-04
5.696892738342285156e-03
2.992928028106689453e-03
8.579015731811523438e-03
1.676958799362182617e-02
1.703575253486633301e-04
1.596021652221679688e-02
3.226950764656066895e-03
6.824165582656860352e-03
1.043029129505157471e-03
1.733802258968353271e-03
4.900321364402770996e-04
2.244055271148681641e-03
3.121867775917053223e-04
1.399919390678405762e-03
3.836870193481445312e-03
2.289563417434692383e-03
2.321571111679077148e-03
1.928359270095825195e-03
1.388099044561386108e-04
1.738399267196655273e-03
1.252168416976928711e-02
4.315078258514404297e-03
7.883682847023010254e-04
1.171880960464477539e-02
1.830801367759704590e-03
3.776013851165771484e-03
3.244578838348388672e-04
7.907208055257797241e-05
2.422109246253967285e-03
1.593327522277832031e-02
2.844169735908508301e-03
1.458257436752319336e-03
3.347098827362060547e-04
2.083623409271240234e-02
8.855909109115600586e-04
1.402056217193603516e-02
7.409423589706420898e-03
4.307590425014495850e-04
1.314061880111694336e-02
1.247599720954895020e-03
2.937525510787963867e-03
6.142258644104003906e-04
4.385113716125488281e-04
6.416589021682739258e-04
4.713207483291625977e-03
3.861486911773681641e-03
3.554224967956542969e-03
6.857812404632568359e-03
1.233905553817749023e-03
5.147635936737060547e-03
7.934987545013427734e-03
1.481568813323974609e-02
1.711452007293701172e-02
2.111762762069702148e-02
6.381869316101074219e-03
1.053795218467712402e-03
6.140545010566711426e-04
1.042795181274414062e-02
3.046430647373199463e-04
7.006853818893432617e-03
2.338036894798278809e-03
7.689416408538818359e-03
1.287752389907836914e-02
4.113405942916870117e-03
9.226910769939422607e-04
2.627527713775634766e-02
2.374243736267089844e-02
1.057457923889160156e-02
5.521625280380249023e-03
8.039362728595733643e-05
1.580566167831420898e-03
4.028141498565673828e-03
2.203655242919921875e-02
1.295149326324462891e-02
2.376642078161239624e-04
2.186155319213867188e-02
4.359096288681030273e-03
8.035480976104736328e-03
7.153786718845367432e-04
1.015223562717437744e-03
6.201893091201782227e-03
2.998560667037963867e-04
2.724337577819824219e-02
1.141035556793212891e-02
1.460504531860351562e-02
1.143932342529296875e-03
3.896318376064300537e-04
1.746386289596557617e-03
1.532948017120361328e-02
2.527248859405517578e-02
3.208816051483154297e-03
1.864135265350341797e-02
5.816608667373657227e-03
1.305174827575683594e-02
4.710078239440917969e-03
3.140002489089965820e-03
5.908817052841186523e-03
1.125693321228027344e-02
3.243498504161834717e-04
4.371166229248046875e-03
9.004771709442138672e-03
6.498783826828002930e-03
1.473420858383178711e-02
8.013725280761718750e-03
4.165023565292358398e-03
3.312900662422180176e-04
2.034252882003784180e-02
3.018379211425781250e-03
1.281686127185821533e-04
6.926625967025756836e-03
2.230209112167358398e-02
8.617490530014038086e-03
4.980683326721191406e-03
3.743380308151245117e-03
8.349046111106872559e-04
1.448802649974822998e-04
2.632051706314086914e-03
4.830971360206604004e-03
1.894868910312652588e-04
1.107203960418701172e-02
2.168852090835571289e-02
1.045070588588714600e-03
6.979495286941528320e-03
2.270901203155517578e-02
1.016661524772644043e-03
6.851851940155029297e-03
1.505023241043090820e-02
5.926519632339477539e-03
1.954156905412673950e-04
2.565562725067138672e-03
1.041471958160400391e-03
2.484563738107681274e-04
7.947146892547607422e-03
1.198917627334594727e-02
3.526419401168823242e-03
6.251215934753417969e-03
1.797950267791748047e-02
2.645730972290039062e-03
1.539695262908935547e-02
2.823799848556518555e-03
1.084345579147338867e-02
9.904026985168457031e-03
6.381660699844360352e-03
6.351917982101440430e-04
2.051055431365966797e-03
1.243919134140014648e-03
3.506436944007873535e-03
2.931654453277587891e-03
1.360945403575897217e-03
1.176171004772186279e-03
1.073308289051055908e-03
2.058789134025573730e-03
3.911834210157394409e-05
2.104185521602630615e-03
2.291351556777954102e-03
1.149940490722656250e-02
4.178076982498168945e-03
2.904415130615234375e-03
2.766251564025878906e-02
1.051878929138183594e-02
4.971846938133239746e-04
4.613071680068969727e-03
1.230233907699584961e-02
8.641090244054794312e-05
6.454139947891235352e-03
8.018821477890014648e-03
1.284706592559814453e-02
4.949033260345458984e-03
5.590796470642089844e-03
2.389645576477050781e-02
2.162922173738479614e-04
1.513600349426269531e-03
8.080065250396728516e-03
3.321794793009757996e-05
2.771908044815063477e-02
6.612062454223632812e-03
2.288293838500976562e-02
7.627904415130615234e-05
8.076012134552001953e-03
1.514136791229248047e-02
1.545958220958709717e-04
8.363798260688781738e-04
8.157119154930114746e-04
3.896862268447875977e-03
5.155593156814575195e-03
5.608350038528442383e-03
7.114186882972717285e-04
6.484001874923706055e-03
1.873934268951416016e-02
2.883523702621459961e-03
5.329549312591552734e-03
1.884448528289794922e-02
7.950663566589355469e-04
9.163245558738708496e-04
2.774983644485473633e-03
1.135937869548797607e-03
2.519237995147705078e-02
4.141747951507568359e-03
8.099824190139770508e-04
1.335814595222473145e-04
4.934519529342651367e-04
3.728866577148437500e-03
6.901085376739501953e-03
1.362246274948120117e-02
7.917219772934913635e-05
7.088422775268554688e-03
8.564949035644531250e-03
2.846047282218933105e-04
1.129603385925292969e-02
9.809620678424835205e-05
6.413996219635009766e-03
5.969017744064331055e-03
4.387319087982177734e-03
9.641110897064208984e-03
2.029275894165039062e-02
2.069268375635147095e-04
1.174229383468627930e-02
4.007592797279357910e-04
4.410138353705406189e-05
3.197461366653442383e-03
2.271756529808044434e-03
5.737245082855224609e-03
2.892255783081054688e-03
2.939343452453613281e-03
5.547642707824707031e-03
3.731139004230499268e-04
1.932373270392417908e-04
1.078909263014793396e-04
9.305663406848907471e-04
8.004933595657348633e-03
1.192110776901245117e-02
6.552189588546752930e-03
1.824212074279785156e-02
2.267211675643920898e-03
1.739829778671264648e-03
1.457262039184570312e-02
5.609601736068725586e-03
2.075690031051635742e-02
3.238804638385772705e-04
2.559982240200042725e-04
3.192842006683349609e-03
2.037954330444335938e-02
6.548523902893066406e-03
4.192516207695007324e-04
1.078420877456665039e-02
1.370865106582641602e-02
3.899052739143371582e-03
5.397409200668334961e-03
1.405198127031326294e-04
9.121373295783996582e-04
8.892774581909179688e-03
4.701286554336547852e-03
2.298146486282348633e-03
9.684264659881591797e-04
5.985230207443237305e-03
3.708720207214355469e-03
2.965420484542846680e-03
6.856948137283325195e-03
4.215650260448455811e-04
2.925973385572433472e-04
1.670348644256591797e-02
2.568848431110382080e-04
3.612965345382690430e-03
1.849576830863952637e-03
7.262378931045532227e-04
1.001764088869094849e-03
2.110619097948074341e-04
1.541048288345336914e-02
1.033674925565719604e-04
2.006944268941879272e-04
2.863371372222900391e-02
2.346143126487731934e-03
1.360967755317687988e-03
2.408242225646972656e-02
4.710704088211059570e-04
9.340867400169372559e-04
8.567422628402709961e-03
4.098601639270782471e-04
3.715977072715759277e-03
3.230977058410644531e-02
1.685472670942544937e-05
2.716556191444396973e-04
7.768757641315460205e-04
2.559590339660644531e-02
9.162604808807373047e-03
6.319612264633178711e-03
1.318700611591339111e-03
1.442021131515502930e-02
2.368801832199096680e-02
9.158015251159667969e-03
3.771394491195678711e-03
2.972209453582763672e-02
1.140075922012329102e-02
2.244657278060913086e-02
4.036629199981689453e-02
2.971082925796508789e-03
2.047736197710037231e-04
1.598334312438964844e-02
2.610400319099426270e-03
7.535505574196577072e-06
1.321593299508094788e-04
2.484887838363647461e-03
7.751733064651489258e-03
9.886741638183593750e-03
1.471751928329467773e-02
7.146418094635009766e-03
1.461580395698547363e-04
7.015652954578399658e-04
5.734533071517944336e-03
3.536462783813476562e-03
4.735454916954040527e-03
2.236604690551757812e-02
1.502799987792968750e-02
2.012774348258972168e-03
4.047974944114685059e-03
6.208539009094238281e-03
5.520246922969818115e-04
9.171307086944580078e-03
3.968000411987304688e-03
1.675808429718017578e-02
7.702052593231201172e-03
2.472028136253356934e-03
2.781957387924194336e-02
4.373025149106979370e-05
3.035664558410644531e-02
2.442073822021484375e-02
8.664101362228393555e-03
2.282088994979858398e-02
5.150735378265380859e-03
8.739471435546875000e-03
5.276501178741455078e-04
1.247125864028930664e-02
2.094149589538574219e-02
5.849748849868774414e-04
2.453729510307312012e-03
6.423354148864746094e-03
7.439076900482177734e-03
1.906812191009521484e-03
1.348340511322021484e-02
2.518817782402038574e-03
8.807986974716186523e-03
1.988315582275390625e-02
1.161587238311767578e-02
1.248262822628021240e-03
1.532053947448730469e-02
2.030289173126220703e-02
4.003364592790603638e-04
5.509369075298309326e-04
2.608701586723327637e-03
2.284514904022216797e-02
1.327991485595703125e-02
3.884702920913696289e-03
2.220332622528076172e-03
1.380479335784912109e-02
1.932835578918457031e-02
5.827397108078002930e-04
1.096157357096672058e-04
1.342535018920898438e-03
6.541997194290161133e-03
9.558588266372680664e-03
1.273304224014282227e-03
1.491206884384155273e-02
2.220034599304199219e-02
1.198381185531616211e-03
4.102826118469238281e-03
3.884255886077880859e-03
1.968491077423095703e-02
3.368668258190155029e-03
1.293987035751342773e-03
1.830369234085083008e-03
1.104503870010375977e-02
1.186348497867584229e-03
1.623058319091796875e-02
3.757357597351074219e-03
2.062463760375976562e-02
3.679186105728149414e-03
5.578957498073577881e-04
1.328992843627929688e-02
8.911132812500000000e-03
3.460943698883056641e-04
2.244755625724792480e-03
1.661330461502075195e-04
1.544785499572753906e-02
8.551105856895446777e-04
5.985796451568603516e-04
1.188558340072631836e-02
3.708049654960632324e-03
7.359862327575683594e-03
1.538091897964477539e-02
5.214542150497436523e-03
2.286821603775024414e-03
8.606851100921630859e-03
1.517361402511596680e-02
5.872309207916259766e-03
1.566037535667419434e-04
2.345681190490722656e-03
2.034403383731842041e-03
7.067434489727020264e-04
3.930687904357910156e-03
6.534367799758911133e-03
1.631900668144226074e-03
5.132645368576049805e-03
4.230439662933349609e-03
1.670229434967041016e-02
5.368500947952270508e-03
1.022040843963623047e-02
1.476228237152099609e-03
4.046503454446792603e-05
1.246474683284759521e-03
4.053622484207153320e-03
2.218258380889892578e-02
9.320199489593505859e-03
3.685406409204006195e-05
4.718229174613952637e-04
1.892447471618652344e-03
5.986213684082031250e-03
7.304251194000244141e-04
1.091367006301879883e-02
3.755688667297363281e-04
1.797491312026977539e-02
7.442533969879150391e-04
1.613599061965942383e-02
1.287043094635009766e-02
1.205992698669433594e-02
1.957380771636962891e-02
2.139225602149963379e-03
5.965158343315124512e-04
3.907363861799240112e-05
7.353037595748901367e-03
7.935911417007446289e-03
3.075897693634033203e-02
4.999011754989624023e-03
1.783561706542968750e-02
3.020018339157104492e-03
7.437989115715026855e-04
1.510924100875854492e-02
3.958076238632202148e-03
7.504820823669433594e-03
7.870513945817947388e-05
3.161281347274780273e-03
2.854764461517333984e-03
3.557354211807250977e-03
8.727848529815673828e-03
2.094134688377380371e-03
1.698672771453857422e-02
7.730908691883087158e-05
3.656566143035888672e-03
1.220095157623291016e-02
1.188442111015319824e-03
3.141239285469055176e-03
6.982415914535522461e-03
9.967505931854248047e-03
2.620506286621093750e-02
1.759260892868041992e-03
7.361829280853271484e-03
9.252279996871948242e-04
3.206282854080200195e-03
1.951947808265686035e-03
4.201456904411315918e-04
1.431135460734367371e-04
1.804903149604797363e-05
9.157881140708923340e-05
5.840659141540527344e-03
2.121204137802124023e-02
2.196753025054931641e-02
4.737228155136108398e-04
2.669990062713623047e-04
1.034282147884368896e-03
1.250016689300537109e-02
3.910213708877563477e-03
3.861933946609497070e-03
1.331165432929992676e-03
7.830746471881866455e-04
3.725104033946990967e-04
1.569781452417373657e-04
6.137907505035400391e-03
4.575494676828384399e-05
2.518787980079650879e-03
8.627772331237792969e-03
5.178451538085937500e-04
8.211046457290649414e-03
4.083067178726196289e-04
9.709745645523071289e-04
1.716822385787963867e-03
1.331841945648193359e-02
1.424556970596313477e-02
2.915516495704650879e-03
1.889467239379882812e-03
8.261382579803466797e-03
2.959221601486206055e-03
2.447515726089477539e-04
1.371610164642333984e-02
6.842613220214843750e-04
2.200639247894287109e-02
4.173163324594497681e-05
2.074480056762695312e-03
4.616118967533111572e-04
3.583699464797973633e-03
1.882780343294143677e-04
1.373328268527984619e-04
3.368984907865524292e-04
5.962431430816650391e-03
1.246947050094604492e-02
7.559359073638916016e-04
1.195698976516723633e-03
2.183866500854492188e-02
2.504676580429077148e-03
3.015589714050292969e-02
5.428642034530639648e-04
5.213096737861633301e-04
3.273904323577880859e-03
6.224960088729858398e-04
8.618459105491638184e-04
1.500211656093597412e-03
3.187119960784912109e-03
5.576908588409423828e-04
7.386386394500732422e-03
8.808895945549011230e-04
3.145897388458251953e-02
1.464307308197021484e-03
3.383517265319824219e-03
2.660050988197326660e-03
1.659321784973144531e-02
3.900304436683654785e-03
3.555715084075927734e-04
7.429063320159912109e-03
6.605952978134155273e-03
5.947232246398925781e-03
5.343616008758544922e-03
9.588122367858886719e-03
1.277765259146690369e-04
1.824867725372314453e-02
2.728044986724853516e-03
7.071912288665771484e-03
6.454139947891235352e-03
2.071946859359741211e-03
2.075016498565673828e-03
5.028434097766876221e-04
4.835247993469238281e-03
1.032538712024688721e-04
6.229951977729797363e-03
6.339132785797119141e-03
3.647841513156890869e-04
2.117380499839782715e-03
1.576535403728485107e-03
1.551192253828048706e-04
1.110509037971496582e-03
7.629990577697753906e-03
1.072935760021209717e-03
2.912133932113647461e-03
1.592421531677246094e-02
8.360028266906738281e-03
3.153681755065917969e-03
7.089450955390930176e-04
6.110593676567077637e-04
1.000392436981201172e-02
1.956924796104431152e-03
2.337530255317687988e-03
1.410350203514099121e-03
1.655712723731994629e-03
3.647524863481521606e-04
1.562947034835815430e-02
4.550218582153320312e-03
1.632213592529296875e-02
9.481847286224365234e-03
1.710996031761169434e-03
9.919106960296630859e-04
2.910226583480834961e-03
5.279242992401123047e-03
1.383394002914428711e-03
1.153990626335144043e-03
2.539694309234619141e-03
4.222989082336425781e-04
4.749782383441925049e-04
4.569180309772491455e-04
2.617955207824707031e-03
4.965931177139282227e-03
4.021346569061279297e-03
1.521885395050048828e-03
7.050633430480957031e-03
1.951664686203002930e-03
2.215094864368438721e-04
8.957460522651672363e-04
5.148462951183319092e-04
3.874182701110839844e-03
5.143105983734130859e-03
5.091354250907897949e-04
8.668541908264160156e-03
2.163723111152648926e-03
4.911795258522033691e-04
1.210331916809082031e-03
2.211228013038635254e-03
2.824425697326660156e-03
3.115460276603698730e-04
8.661270141601562500e-03
5.505010485649108887e-04
2.996399998664855957e-04
1.110541634261608124e-04
2.026513218879699707e-03
2.409559488296508789e-02
2.990943193435668945e-02
2.729445695877075195e-03
1.033078879117965698e-04
2.086050808429718018e-04
3.971129655838012695e-03
2.377510070800781250e-03
4.799231886863708496e-03
7.474839687347412109e-03
6.695538759231567383e-03
9.139716625213623047e-03
1.781731843948364258e-03
2.727454900741577148e-02
1.480817794799804688e-02
4.452615976333618164e-04
4.039987921714782715e-03
4.972994327545166016e-03
1.154141500592231750e-04
1.334667205810546875e-03
2.091392874717712402e-03
6.349906325340270996e-04
1.785382628440856934e-04
1.098090410232543945e-02
2.140805125236511230e-03
9.995698928833007812e-04
1.172143220901489258e-02
1.171684265136718750e-02
1.625783741474151611e-03
7.101520895957946777e-05
6.979882717132568359e-03
2.609133720397949219e-02
2.912208437919616699e-03
2.324521541595458984e-03
1.009106636047363281e-02
2.301037311553955078e-02
3.431439399719238281e-04
5.113422870635986328e-03
1.348882913589477539e-03
4.991397261619567871e-03
1.281702518463134766e-02
2.775818109512329102e-03
7.049858570098876953e-03
1.731768250465393066e-03
3.759741783142089844e-03
2.877712249755859375e-04
7.704436779022216797e-03
1.585757732391357422e-02
9.937286376953125000e-04
3.744676709175109863e-03
9.946465492248535156e-03
1.494556665420532227e-03
2.000987529754638672e-02
1.034274697303771973e-03
5.070194602012634277e-04
1.388466358184814453e-02
2.382770180702209473e-03
9.684920310974121094e-03
7.570356130599975586e-03
1.703739166259765625e-03
2.645477652549743652e-04
6.244108080863952637e-04
9.364783763885498047e-04
1.023268699645996094e-02
4.779756069183349609e-03
9.049475193023681641e-04
5.553156137466430664e-03
1.403950154781341553e-03
4.659295082092285156e-04
1.960605382919311523e-03
3.823712468147277832e-04
2.991221845149993896e-04
1.383382081985473633e-02
9.930908679962158203e-03
2.955079078674316406e-03
2.171206474304199219e-02
2.044305205345153809e-03
2.672001719474792480e-03
2.985205501317977905e-04
3.021076321601867676e-03
1.073442399501800537e-03
5.564153194427490234e-03
1.581273972988128662e-03
7.618367671966552734e-03
6.224244832992553711e-03
3.679737448692321777e-03
1.039481163024902344e-02
2.839952707290649414e-03
3.399737179279327393e-04
2.665609121322631836e-03
2.021938562393188477e-03
5.069933831691741943e-04
1.575686037540435791e-03
8.846633136272430420e-05
6.872355937957763672e-03
1.044971868395805359e-04
3.344304859638214111e-04
1.354879140853881836e-02
7.995590567588806152e-04
1.094527542591094971e-04
4.198163747787475586e-03
1.142203807830810547e-02
1.783743500709533691e-03
2.243179082870483398e-02
1.067876815795898438e-03
1.564249396324157715e-03
1.464360952377319336e-02
7.210820913314819336e-04
1.089259982109069824e-03
1.276701688766479492e-03
9.355962276458740234e-03
1.062899827957153320e-02
1.366031169891357422e-02
5.844712257385253906e-03
2.725571393966674805e-03
5.940943956375122070e-04
3.455519676208496094e-03
1.193704083561897278e-04
2.982430160045623779e-04
1.241993904113769531e-02
1.262351870536804199e-03
1.120857894420623779e-03
5.864232778549194336e-03
8.750081062316894531e-03
5.843415856361389160e-04
5.845129489898681641e-03
1.194532960653305054e-04
3.122575581073760986e-04
6.532222032546997070e-04
4.159323871135711670e-04
2.864420413970947266e-03
6.743427366018295288e-05
2.649948000907897949e-03
7.722914218902587891e-03
1.931500434875488281e-02
1.265257596969604492e-03
2.874270081520080566e-03
3.435939550399780273e-03
1.196563243865966797e-02
2.805963158607482910e-04
8.857250213623046875e-03
1.738393306732177734e-02
8.354306221008300781e-03
3.003567457199096680e-03
4.402175545692443848e-05
1.353798434138298035e-04
1.461112499237060547e-02
1.881793141365051270e-04
1.659297943115234375e-02
8.612811565399169922e-03
3.189593553543090820e-04
1.364815235137939453e-02
2.917088568210601807e-04
1.229077577590942383e-03
2.215355634689331055e-04
7.782578468322753906e-04
3.427118062973022461e-03
3.618896007537841797e-04
1.063212752342224121e-03
1.573547720909118652e-03
6.257891654968261719e-03
5.708374083042144775e-04
9.840056300163269043e-04
4.704445600509643555e-03
2.644822001457214355e-03
2.874881029129028320e-04
1.128673553466796875e-02
6.145238876342773438e-04
8.376687765121459961e-04
1.045870780944824219e-02
3.034174442291259766e-03
1.498833298683166504e-03
3.810562193393707275e-04
6.575703620910644531e-03
1.239024102687835693e-03
9.136795997619628906e-04
1.109436154365539551e-03
1.699012517929077148e-02
1.578494906425476074e-03
4.193112254142761230e-04
8.605644106864929199e-04
1.446768641471862793e-03
2.205431461334228516e-03
7.316749542951583862e-05
1.412197947502136230e-03
9.207487106323242188e-03
2.956941723823547363e-03
9.600073099136352539e-04
2.649456262588500977e-03
7.523715496063232422e-03
2.345502376556396484e-03
3.171861171722412109e-04
3.797829151153564453e-03
1.646503806114196777e-03
2.701506018638610840e-03
1.045125722885131836e-02
4.708036780357360840e-03
3.742575645446777344e-04
1.646101474761962891e-03
7.523119449615478516e-03
4.196725785732269287e-04
8.406825363636016846e-04
1.583182811737060547e-02
2.539958804845809937e-04
3.629885613918304443e-04
7.959604263305664062e-04
2.773120999336242676e-03
1.045651733875274658e-03
9.807944297790527344e-04
3.275257349014282227e-02
1.455456018447875977e-02
3.155440092086791992e-03
1.915395259857177734e-03
2.110466361045837402e-03
1.404792070388793945e-03
3.510653972625732422e-03
1.641660928726196289e-03
1.548945903778076172e-03
6.434544920921325684e-04
4.848800599575042725e-04
1.135274767875671387e-03
1.048612594604492188e-02
5.677506327629089355e-03
1.018829643726348877e-03
5.506634712219238281e-03
3.196224570274353027e-03
1.131549477577209473e-03
5.412288010120391846e-04
2.393107861280441284e-04
6.185203790664672852e-03
1.640450209379196167e-04
9.624600410461425781e-03
1.301318407058715820e-03
1.420855522155761719e-03
3.502815961837768555e-04
2.151250839233398438e-02
2.363592386245727539e-03
1.186877489089965820e-02
8.306652307510375977e-05
3.591075539588928223e-03
1.212388277053833008e-03
1.605260372161865234e-02
2.384148538112640381e-04
2.258807420730590820e-03
8.348703384399414062e-03
2.657115459442138672e-03
1.580101251602172852e-02
7.693022489547729492e-04
1.458413898944854736e-04
2.273730933666229248e-04
1.308117061853408813e-04
4.606902599334716797e-03
1.021638512611389160e-03
4.386762157082557678e-05
4.367157816886901855e-04
5.380623042583465576e-04
1.277618110179901123e-03
4.134953022003173828e-03
1.527681946754455566e-03
2.193242311477661133e-03
5.365796387195587158e-04
1.176118850708007812e-03
1.184213906526565552e-04
7.729470729827880859e-03
8.414164185523986816e-04
2.847254276275634766e-03
3.631383180618286133e-03
4.296928644180297852e-03
4.732981324195861816e-04
1.548898220062255859e-02
6.280928850173950195e-03
4.083171486854553223e-03
4.027988761663436890e-04
1.020848751068115234e-02
1.707896590232849121e-04
1.129108667373657227e-02
2.101678401231765747e-04
2.653717994689941406e-03
3.829225897789001465e-04
2.201184630393981934e-03
2.654828131198883057e-04
2.393294125795364380e-04
1.916870474815368652e-03
2.806693315505981445e-03
5.288541316986083984e-03
2.827137708663940430e-03
7.075905799865722656e-03
2.815693616867065430e-03
8.619576692581176758e-04
9.576857089996337891e-03
2.584517002105712891e-03
4.264742136001586914e-03
5.378052592277526855e-04
8.479207754135131836e-04
7.837042212486267090e-04
1.419436931610107422e-02
5.790963768959045410e-04
1.911962032318115234e-02
5.262810736894607544e-05
9.738802909851074219e-03
2.295285463333129883e-03
2.854801714420318604e-04
6.867051124572753906e-04
1.229636371135711670e-03
4.206560552120208740e-04
6.357654929161071777e-04
1.598060131072998047e-03
2.818807959556579590e-03
2.649497985839843750e-02
3.785908222198486328e-03
1.277178525924682617e-02
6.902128458023071289e-03
1.009821891784667969e-02
7.968489080667495728e-05
1.761719584465026855e-03
1.468196511268615723e-03
3.625541925430297852e-03
6.940849125385284424e-04
5.116015672683715820e-04
1.793041825294494629e-03
4.314146935939788818e-04
3.189295530319213867e-04
5.331099033355712891e-03
9.797453880310058594e-03
1.970375888049602509e-05
3.616400063037872314e-04
7.473230361938476562e-04
2.156682312488555908e-04
7.545530796051025391e-03
8.431792259216308594e-03
3.452897071838378906e-03
7.038041949272155762e-04
1.852363348007202148e-04
8.886456489562988281e-04
7.670223712921142578e-04
4.284791648387908936e-04
1.255050301551818848e-03
1.409882307052612305e-02
5.272924900054931641e-04
3.925979137420654297e-03
3.017574548721313477e-03
6.161749362945556641e-03
1.422476768493652344e-02
3.549084067344665527e-04
6.227642297744750977e-04
6.690174341201782227e-04
6.885230541229248047e-04
2.197432518005371094e-02
3.576815128326416016e-03
2.641147375106811523e-02
5.319081246852874756e-04
3.913789987564086914e-03
2.162128686904907227e-03
1.076675951480865479e-03
1.976460218429565430e-03
7.393211126327514648e-04
2.361759543418884277e-03
2.616539597511291504e-03
1.391842961311340332e-04
2.348542213439941406e-03
1.764968037605285645e-03
3.527909517288208008e-03
1.156337559223175049e-03
2.961769700050354004e-03
4.949152469635009766e-03
1.230537891387939453e-03
3.826975822448730469e-03
1.017433404922485352e-02
4.324465990066528320e-04
1.206845045089721680e-03
1.841306686401367188e-02
5.976930260658264160e-04
1.047566533088684082e-03
2.345405519008636475e-04
1.093938946723937988e-03
4.718825221061706543e-04
8.240565657615661621e-04
4.552066326141357422e-03
3.360331058502197266e-03
1.276248693466186523e-02
8.846163749694824219e-03
1.938030123710632324e-03
1.184120774269104004e-03
1.499032974243164062e-02
6.936728954315185547e-03
1.047158241271972656e-02
8.806288242340087891e-04
2.397179603576660156e-03
1.856434345245361328e-02
8.835420012474060059e-04
1.411724090576171875e-02
1.212619245052337646e-03
1.763671636581420898e-03
1.488745212554931641e-03
3.240346908569335938e-03
8.355360478162765503e-05
1.845031976699829102e-03
9.905174374580383301e-05
6.208956241607666016e-03
2.969577908515930176e-04
2.666974067687988281e-02
4.719257354736328125e-03
1.833513379096984863e-03
2.545937895774841309e-04
5.309194326400756836e-03
7.399320602416992188e-03
3.646284341812133789e-03
1.418344676494598389e-03
2.930223941802978516e-03
6.327033042907714844e-03
6.442368030548095703e-04
4.713118076324462891e-03
1.707774400711059570e-02
2.452246844768524170e-04
3.151632845401763916e-04
1.681357622146606445e-03
2.106875181198120117e-04
1.139223575592041016e-02
9.711608290672302246e-04
2.531558275222778320e-03
4.668787121772766113e-03
2.211242914199829102e-03
1.691132783889770508e-04
2.961233258247375488e-04
1.567527651786804199e-03
3.575682640075683594e-02
8.935630321502685547e-03
4.290819168090820312e-03
1.645665615797042847e-04
2.446264028549194336e-03
1.952862739562988281e-02
1.299403607845306396e-03
8.298754692077636719e-03
1.525998115539550781e-03
9.202063083648681641e-04
4.041850566864013672e-03
1.057202462106943130e-05
5.523473024368286133e-03
5.273133516311645508e-03
3.223836421966552734e-03
1.995146274566650391e-03
9.552061557769775391e-03
5.634248256683349609e-03
3.861159086227416992e-03
1.139110326766967773e-02
2.177953720092773438e-04
2.987682819366455078e-03
1.034009456634521484e-02
1.804560422897338867e-03
8.983835577964782715e-04
6.688386201858520508e-04
3.803163766860961914e-03
5.659848451614379883e-03
2.873599529266357422e-03
2.808570861816406250e-03
1.375243067741394043e-03
6.866395473480224609e-03
4.301607608795166016e-03
1.156902313232421875e-02
2.811513841152191162e-04
6.254538893699645996e-04
1.692330837249755859e-02
9.956181049346923828e-03
3.576725721359252930e-03
5.951166152954101562e-03
4.821792244911193848e-04
1.295223832130432129e-03
2.534434199333190918e-03
9.727120399475097656e-03
5.079865455627441406e-03
1.106578856706619263e-04
6.110966205596923828e-04
6.014645099639892578e-03
4.999905824661254883e-03
1.034560799598693848e-02
6.766736507415771484e-03
1.822849735617637634e-04
8.750855922698974609e-04
3.877803683280944824e-03
1.851052045822143555e-03
3.381911665201187134e-04
1.095775514841079712e-04
1.173049211502075195e-03
4.872709512710571289e-03
1.050733029842376709e-03
2.865284681320190430e-03
2.952516078948974609e-03
5.211800336837768555e-03
5.660653114318847656e-03
1.901134848594665527e-03
2.052083611488342285e-03
1.984938979148864746e-03
1.605308055877685547e-02
3.054782748222351074e-03
7.789134979248046875e-03
1.447027921676635742e-02
1.967117190361022949e-03
1.771867275238037109e-02
8.653879165649414062e-03
8.009701967239379883e-03
6.975652649998664856e-05
1.034729182720184326e-03
5.815148353576660156e-03
2.359360456466674805e-03
9.819507598876953125e-03
1.226700842380523682e-04
9.463906288146972656e-03
3.453381359577178955e-04
5.019336938858032227e-03
2.788640558719635010e-04
2.972334623336791992e-03
8.794188499450683594e-03
3.733485937118530273e-04
2.661573886871337891e-02
7.818043231964111328e-04
1.510735601186752319e-04
2.859495580196380615e-04
6.327837705612182617e-03
1.085257530212402344e-02
3.491088747978210449e-03
1.406157016754150391e-02
4.413485527038574219e-03
1.466727256774902344e-02
1.664772629737854004e-03
1.781843602657318115e-04
1.429229974746704102e-03
5.011439323425292969e-03
1.912236213684082031e-03
1.990795135498046875e-03
5.445301532745361328e-03
3.004260361194610596e-05
1.078598201274871826e-03
5.628496408462524414e-03
7.800221443176269531e-03
2.005651593208312988e-03
2.815529704093933105e-03
2.097889780998229980e-03
1.157507300376892090e-03
7.183790206909179688e-03
2.267658710479736328e-03
8.957445621490478516e-03
3.196775913238525391e-03
2.569705247879028320e-03
7.154271006584167480e-04
1.023313403129577637e-02
9.619593620300292969e-03
1.337472349405288696e-04
3.002867102622985840e-03
6.119906902313232422e-03
9.601294994354248047e-03
8.755147457122802734e-03
1.125030219554901123e-03
5.725305527448654175e-05
6.812006235122680664e-03
3.256816416978836060e-04
7.282853126525878906e-03
2.043998241424560547e-02
1.635346561670303345e-04
2.720594406127929688e-03
5.153715610504150391e-03
1.460149884223937988e-03
1.981176435947418213e-03
2.231433987617492676e-03
1.052159070968627930e-02
2.313047647476196289e-03
3.862321376800537109e-03
5.668938159942626953e-03
4.416227340698242188e-03
4.083693027496337891e-03
1.297509670257568359e-02
1.123142242431640625e-02
3.689050674438476562e-03
3.183752298355102539e-03
1.903936266899108887e-03
2.726328372955322266e-02
1.244425773620605469e-03
4.710108041763305664e-04
7.797539234161376953e-03
1.039937138557434082e-03
1.152120530605316162e-04
7.479429244995117188e-03
1.453824341297149658e-03
6.810063496232032776e-05
3.244914114475250244e-04
1.764178276062011719e-03
1.017314195632934570e-02
2.182096242904663086e-03
3.052428364753723145e-04
6.402641534805297852e-03
2.438519150018692017e-04
9.191036224365234375e-04
1.083475351333618164e-02
5.322098731994628906e-03
4.683703184127807617e-03
1.235842704772949219e-03
3.171086311340332031e-03
1.496344804763793945e-03
3.727495670318603516e-03
3.185798414051532745e-05
5.451217293739318848e-04
1.613736152648925781e-03
3.207214176654815674e-04
1.160502433776855469e-02
3.967583179473876953e-04
2.947986125946044922e-03
7.274448871612548828e-04
1.664429903030395508e-03
1.116327941417694092e-03
1.610010862350463867e-03
1.830711960792541504e-03
8.756890892982482910e-04
4.641450941562652588e-04
2.469420433044433594e-03
4.597723484039306641e-03
2.662581391632556915e-05
3.724992275238037109e-04
2.509057521820068359e-03
2.863556146621704102e-04
1.677200198173522949e-04
4.302822053432464600e-04
1.480840146541595459e-04
1.085780560970306396e-03
1.125103235244750977e-02
3.242313861846923828e-03
1.078467816114425659e-03
1.328773796558380127e-03
1.737892627716064453e-03
9.221822023391723633e-03
3.207087516784667969e-03
1.671232283115386963e-03
6.382435560226440430e-03
2.587139606475830078e-03
1.613360643386840820e-02
0.000000000000000000e+00
0.000000000000000000e+00
0.000000000000000000e+00
0.000000000000000000e+00
0.000000000000000000e+00
0.000000000000000000e+00
0.000000000000000000e+00
0.000000000000000000e+00
0.000000000000000000e+00
0.000000000000000000e+00
0.000000000000000000e+00
0.000000000000000000e+00
0.000000000000000000e+00
0.000000000000000000e+00
0.000000000000000000e+00
0.000000000000000000e+00
0.000000000000000000e+00
0.000000000000000000e+00
0.000000000000000000e+00
0.000000000000000000e+00
0.000000000000000000e+00
0.000000000000000000e+00
0.000000000000000000e+00
0.000000000000000000e+00
0.000000000000000000e+00
0.000000000000000000e+00
0.000000000000000000e+00
0.000000000000000000e+00
0.000000000000000000e+00
0.000000000000000000e+00
0.000000000000000000e+00
0.000000000000000000e+00
0.000000000000000000e+00
0.000000000000000000e+00
0.000000000000000000e+00
0.000000000000000000e+00
0.000000000000000000e+00
0.000000000000000000e+00
0.000000000000000000e+00
0.000000000000000000e+00
