6.282925605773925781e-03
3.796309232711791992e-03
2.048939466476440430e-03
1.661443710327148438e-02
8.367002010345458984e-03
2.262175083160400391e-02
1.031422615051269531e-02
1.202404499053955078e-02
1.423132419586181641e-02
4.610717296600341797e-03
1.524418592453002930e-03
1.321148872375488281e-02
1.170128583908081055e-02
4.375576972961425781e-03
7.638275623321533203e-03
9.291887283325195312e-03
1.531827449798583984e-02
7.088541984558105469e-03
7.235288619995117188e-03
1.230406761169433594e-02
4.422813653945922852e-03
1.527845859527587891e-02
1.007020473480224609e-02
2.111244201660156250e-02
2.798736095428466797e-03
1.157152652740478516e-02
7.358551025390625000e-03
3.358304500579833984e-03
5.889058113098144531e-03
3.512471914291381836e-03
2.226924896240234375e-02
1.692581176757812500e-02
7.060348987579345703e-03
3.863424062728881836e-03
1.671838760375976562e-02
1.660680770874023438e-02
1.504600048065185547e-03
4.944682121276855469e-03
1.675629615783691406e-02
1.635658740997314453e-02
6.629705429077148438e-03
3.695130348205566406e-03
9.062886238098144531e-04
1.725780963897705078e-02
1.038718223571777344e-02
7.581591606140136719e-03
1.251530647277832031e-02
1.769196987152099609e-02
1.654982566833496094e-02
3.214907646179199219e-02
1.301479339599609375e-02
4.705965518951416016e-03
1.600754261016845703e-02
2.988064289093017578e-02
1.570749282836914062e-02
4.208803176879882812e-03
1.059216260910034180e-02
1.146149635314941406e-02
1.251727342605590820e-02
5.556762218475341797e-03
2.345156669616699219e-02
6.553053855895996094e-03
7.155895233154296875e-03
1.742589473724365234e-02
2.055853605270385742e-03
1.468575000762939453e-02
5.937874317169189453e-03
1.161617040634155273e-02
1.779091358184814453e-02
1.500082015991210938e-02
1.105892658233642578e-02
2.131009101867675781e-02
5.686432123184204102e-03
7.360577583312988281e-03
1.336693763732910156e-02
8.280664682388305664e-03
1.587915420532226562e-02
1.905190944671630859e-02
5.420565605163574219e-03
1.306980848312377930e-02
1.850336790084838867e-02
5.967855453491210938e-03
1.077091693878173828e-02
9.062886238098144531e-03
1.057559251785278320e-02
3.740236163139343262e-03
6.636142730712890625e-03
1.607167720794677734e-02
4.562139511108398438e-03
1.226633787155151367e-02
2.492189407348632812e-03
1.027107238769531250e-02
2.027881145477294922e-02
5.729049444198608398e-03
1.068437099456787109e-02
2.712965011596679688e-03
1.504614949226379395e-03
1.306980848312377930e-02
1.364582777023315430e-02
6.398737430572509766e-03
8.381903171539306641e-04
1.301479339599609375e-02
1.339530944824218750e-02
2.100086212158203125e-02
1.026749610900878906e-02
1.097214221954345703e-02
1.885652542114257812e-02
7.602334022521972656e-03
1.093059778213500977e-02
2.322936058044433594e-02
8.493304252624511719e-03
1.879107952117919922e-02
1.548421382904052734e-02
7.058501243591308594e-03
1.387709379196166992e-02
5.252808332443237305e-03
6.990835070610046387e-03
8.165001869201660156e-03
9.585916996002197266e-03
1.730740070343017578e-02
1.027339696884155273e-02
2.575874328613281250e-03
6.046175956726074219e-03
2.252209186553955078e-02
7.644832134246826172e-03
5.813777446746826172e-03
2.001142501831054688e-02
7.214009761810302734e-03
4.236757755279541016e-03
1.061475276947021484e-02
5.372762680053710938e-03
7.336795330047607422e-03
1.588094234466552734e-02
1.712113618850708008e-03
1.470065116882324219e-02
2.164357900619506836e-02
1.459467411041259766e-02
2.618506550788879395e-03
5.448371171951293945e-03
1.091587543487548828e-02
2.210009098052978516e-02
2.668452262878417969e-02
5.236268043518066406e-03
8.795797824859619141e-03
7.787704467773437500e-03
1.269143819808959961e-02
9.894669055938720703e-03
1.577329635620117188e-02
9.276986122131347656e-03
8.966803550720214844e-03
7.788360118865966797e-03
1.673400402069091797e-03
2.992212772369384766e-03
8.060574531555175781e-03
3.109037876129150391e-03
1.304274797439575195e-02
1.520347595214843750e-02
2.512127161026000977e-03
2.252027392387390137e-03
1.496863365173339844e-02
3.383100032806396484e-03
1.256293058395385742e-02
1.467680931091308594e-02
6.906509399414062500e-03
1.717162132263183594e-02
1.494598388671875000e-02
1.297688484191894531e-02
3.648221492767333984e-03
1.082587242126464844e-02
5.807161331176757812e-03
7.719993591308593750e-03
6.282269954681396484e-03
1.007157564163208008e-02
1.473927497863769531e-02
1.091802120208740234e-02
6.732553243637084961e-03
1.591551303863525391e-02
1.564860343933105469e-02
5.069375038146972656e-03
9.476304054260253906e-03
6.342291831970214844e-03
1.313632726669311523e-02
6.729006767272949219e-03
2.729356288909912109e-03
5.138993263244628906e-03
1.824867725372314453e-02
1.458841562271118164e-02
3.550559282302856445e-03
1.484346389770507812e-02
2.174842357635498047e-02
1.365137100219726562e-02
1.722657680511474609e-02
1.157718896865844727e-02
1.335823535919189453e-02
1.263481378555297852e-02
7.211863994598388672e-03
3.903895616531372070e-03
1.713263988494873047e-02
1.877903938293457031e-03
1.799523830413818359e-03
3.396838903427124023e-03
3.788888454437255859e-03
5.132973194122314453e-03
1.658654212951660156e-02
2.333188056945800781e-02
3.373771905899047852e-03
7.419109344482421875e-03
1.550942659378051758e-02
1.217532157897949219e-02
3.107881546020507812e-02
1.531583070755004883e-02
5.871504545211791992e-03
1.209485530853271484e-02
3.466218709945678711e-03
4.987359046936035156e-03
1.055955886840820312e-02
1.214987039566040039e-02
8.476376533508300781e-03
6.655097007751464844e-03
1.769554615020751953e-02
1.983487606048583984e-02
1.004093885421752930e-02
7.072985172271728516e-03
2.289414405822753906e-03
1.635992527008056641e-02
1.164066791534423828e-02
1.603281497955322266e-02
9.338736534118652344e-03
5.170166492462158203e-03
1.171898841857910156e-02
9.084820747375488281e-03
3.081619739532470703e-03
5.782783031463623047e-03
3.306388854980468750e-03
8.652269840240478516e-03
1.421487331390380859e-02
1.224571466445922852e-02
7.974863052368164062e-03
1.613593101501464844e-02
6.308794021606445312e-03
8.085131645202636719e-03
1.690876483917236328e-02
1.113581657409667969e-02
6.616786122322082520e-04
1.063323020935058594e-02
1.538884639739990234e-02
1.405143737792968750e-02
2.758562564849853516e-03
5.896270275115966797e-03
6.257534027099609375e-03
8.156716823577880859e-03
1.555308699607849121e-03
9.914875030517578125e-03
1.414906978607177734e-02
1.451921463012695312e-02
1.659965515136718750e-02
0.000000000000000000e+00
0.000000000000000000e+00
0.000000000000000000e+00
0.000000000000000000e+00
0.000000000000000000e+00
0.000000000000000000e+00
0.000000000000000000e+00
0.000000000000000000e+00
0.000000000000000000e+00
0.000000000000000000e+00
0.000000000000000000e+00
0.000000000000000000e+00
0.000000000000000000e+00
0.000000000000000000e+00
0.000000000000000000e+00
0.000000000000000000e+00
0.000000000000000000e+00
0.000000000000000000e+00
0.000000000000000000e+00
0.000000000000000000e+00
