5.255699157714843750e-03
7.372736930847167969e-03
1.182818412780761719e-02
2.074623107910156250e-02
1.203429698944091797e-02
2.016913890838623047e-02
1.961225271224975586e-02
1.255118846893310547e-02
1.607316732406616211e-02
1.229929924011230469e-02
5.867630243301391602e-03
1.344084739685058594e-02
1.542139053344726562e-02
1.749539375305175781e-02
1.571345329284667969e-02
1.555085182189941406e-02
1.805627346038818359e-02
1.629757881164550781e-02
1.852226257324218750e-02
1.389455795288085938e-02
1.314508914947509766e-02
1.548063755035400391e-02
1.616084575653076172e-02
2.692461013793945312e-02
7.390439510345458984e-03
1.452243328094482422e-02
1.493978500366210938e-02
1.140880584716796875e-02
2.007234096527099609e-02
6.613135337829589844e-03
2.953755855560302734e-02
1.629519462585449219e-02
1.207411289215087891e-02
4.124641418457031250e-03
1.788198947906494141e-02
1.289916038513183594e-02
1.750916242599487305e-02
1.359468698501586914e-02
2.697956562042236328e-02
2.263379096984863281e-02
1.568162441253662109e-02
8.724570274353027344e-03
4.405558109283447266e-03
1.725614070892333984e-02
1.159155368804931641e-02
1.944375038146972656e-02
1.656985282897949219e-02
1.354098320007324219e-02
2.472770214080810547e-02
3.538095951080322266e-02
1.476907730102539062e-02
9.443163871765136719e-03
1.754248142242431641e-02
2.874290943145751953e-02
1.351010799407958984e-02
5.807638168334960938e-03
1.306021213531494141e-02
7.095813751220703125e-03
2.097582817077636719e-02
9.758412837982177734e-03
2.441573143005371094e-02
1.534152030944824219e-02
9.759068489074707031e-03
2.371060848236083984e-02
1.110100746154785156e-02
1.304429769515991211e-02
1.324278116226196289e-02
2.324461936950683594e-02
1.721084117889404297e-02
1.221454143524169922e-02
1.542460918426513672e-02
1.800084114074707031e-02
1.622873544692993164e-02
1.699495315551757812e-02
1.557946205139160156e-02
9.055256843566894531e-03
4.891335964202880859e-03
1.876914501190185547e-02
1.766622066497802734e-02
2.005100250244140625e-02
1.127037405967712402e-02
1.335167884826660156e-02
1.324403285980224609e-02
1.911747455596923828e-02
1.493430137634277344e-02
1.452457904815673828e-02
1.174998283386230469e-02
1.675474643707275391e-02
8.212149143218994141e-03
1.910305023193359375e-02
8.162438869476318359e-03
1.241934299468994141e-02
2.461552619934082031e-02
9.124010801315307617e-03
1.648688316345214844e-02
9.296774864196777344e-03
4.187375307083129883e-03
1.985621452331542969e-02
1.167702674865722656e-02
1.295036077499389648e-02
4.128664731979370117e-03
2.039515972137451172e-02
1.479458808898925781e-02
2.238464355468750000e-02
1.200103759765625000e-02
2.289807796478271484e-02
2.083134651184082031e-02
1.539021730422973633e-02
1.735496520996093750e-02
2.265799045562744141e-02
1.890230178833007812e-02
1.841676235198974609e-02
2.158963680267333984e-02
1.478296518325805664e-02
1.651132106781005859e-02
1.697605848312377930e-02
1.083827018737792969e-02
1.052582263946533203e-02
1.937210559844970703e-02
1.805949211120605469e-02
1.674574613571166992e-02
1.105076074600219727e-02
1.515102386474609375e-02
1.922273635864257812e-02
1.517689228057861328e-02
1.336932182312011719e-02
2.058982849121093750e-02
1.331752538681030273e-02
1.004570722579956055e-02
1.796340942382812500e-02
1.530134677886962891e-02
1.629543304443359375e-02
2.330732345581054688e-02
4.876792430877685547e-03
2.069604396820068359e-02
2.355372905731201172e-02
2.633428573608398438e-02
9.426832199096679688e-03
1.904308795928955078e-02
8.181154727935791016e-03
2.675116062164306641e-02
2.749872207641601562e-02
1.321196556091308594e-02
1.033949851989746094e-02
1.370716094970703125e-02
2.001613378524780273e-02
1.174080371856689453e-02
2.053332328796386719e-02
1.678901910781860352e-02
2.218401432037353516e-02
1.660978794097900391e-02
4.748284816741943359e-03
1.163887977600097656e-02
1.012122631072998047e-02
1.943647861480712891e-02
1.459413766860961914e-02
2.438592910766601562e-02
7.471382617950439453e-03
1.858115196228027344e-02
1.497042179107666016e-02
1.161444187164306641e-02
2.081704139709472656e-02
1.945042610168457031e-02
1.534342765808105469e-02
1.788735389709472656e-02
1.853132247924804688e-02
2.032285928726196289e-02
6.684124469757080078e-03
9.431600570678710938e-03
1.311898231506347656e-02
1.629614830017089844e-02
1.936328411102294922e-02
2.520012855529785156e-02
1.311516761779785156e-02
1.305174827575683594e-02
2.591079473495483398e-02
2.252459526062011719e-02
2.008253335952758789e-02
1.693427562713623047e-02
1.538020372390747070e-02
1.415264606475830078e-02
1.716148853302001953e-02
9.315490722656250000e-03
1.313978433609008789e-02
1.174348592758178711e-02
2.115750312805175781e-02
2.620339393615722656e-02
1.185262203216552734e-02
2.733600139617919922e-02
3.114175796508789062e-02
1.458603143692016602e-02
1.556742191314697266e-02
1.858401298522949219e-02
9.663283824920654297e-03
2.352559566497802734e-02
1.345098018646240234e-02
1.227420568466186523e-02
2.211534976959228516e-02
4.897117614746093750e-03
5.205452442169189453e-03
9.646475315093994141e-03
1.039749383926391602e-02
1.147449016571044922e-02
2.407443523406982422e-02
2.932667732238769531e-02
1.797133684158325195e-02
1.235091686248779297e-02
2.710151672363281250e-02
1.529502868652343750e-02
1.561915874481201172e-02
1.926732063293457031e-02
2.730071544647216797e-02
1.778590679168701172e-02
9.475588798522949219e-03
1.211309432983398438e-02
1.775658130645751953e-02
1.221203804016113281e-02
1.325440406799316406e-02
2.206230163574218750e-02
8.527398109436035156e-03
2.288448810577392578e-02
1.295626163482666016e-02
1.672881841659545898e-02
1.371484994888305664e-02
1.879239082336425781e-02
1.924288272857666016e-02
9.542822837829589844e-03
1.082795858383178711e-02
7.640600204467773438e-03
1.796579360961914062e-02
1.439666748046875000e-02
9.842276573181152344e-03
1.906049251556396484e-02
5.954504013061523438e-03
1.274567842483520508e-02
1.992189884185791016e-02
2.162170410156250000e-02
2.147972583770751953e-02
2.328884601593017578e-02
1.335024833679199219e-02
1.492440700531005859e-02
1.936459541320800781e-02
2.341973781585693359e-02
3.978788852691650391e-03
2.202665805816650391e-02
1.902401447296142578e-02
1.395100355148315430e-02
7.934451103210449219e-03
1.684534549713134766e-02
8.366107940673828125e-03
1.431328058242797852e-02
7.106900215148925781e-03
1.349890232086181641e-02
1.237493753433227539e-02
2.163076400756835938e-02
2.040743827819824219e-02
0.000000000000000000e+00
0.000000000000000000e+00
0.000000000000000000e+00
0.000000000000000000e+00
0.000000000000000000e+00
0.000000000000000000e+00
0.000000000000000000e+00
0.000000000000000000e+00
0.000000000000000000e+00
0.000000000000000000e+00
0.000000000000000000e+00
0.000000000000000000e+00
0.000000000000000000e+00
0.000000000000000000e+00
0.000000000000000000e+00
0.000000000000000000e+00
0.000000000000000000e+00
0.000000000000000000e+00
0.000000000000000000e+00
0.000000000000000000e+00
