3.579482436180114746e-04
3.289207816123962402e-03
1.062214374542236328e-03
1.488721370697021484e-02
3.056600689888000488e-05
1.958347856998443604e-04
8.467235602438449860e-06
1.437723636627197266e-02
1.524740457534790039e-02
1.687937974929809570e-02
2.806490659713745117e-02
1.660144329071044922e-02
9.542852640151977539e-04
5.588261410593986511e-05
3.663420677185058594e-03
6.840169429779052734e-03
1.606798171997070312e-02
1.020181179046630859e-02
7.452845573425292969e-03
1.368969678878784180e-02
4.733562469482421875e-03
2.080464363098144531e-02
2.880826592445373535e-03
3.255140036344528198e-04
7.125176489353179932e-05
2.117380499839782715e-03
2.718597650527954102e-03
1.083678007125854492e-02
1.976919174194335938e-02
2.794899046421051025e-04
9.109258651733398438e-03
1.731574535369873047e-02
7.984042167663574219e-04
3.358960151672363281e-03
1.229071617126464844e-02
1.028835773468017578e-02
6.091296672821044922e-03
5.238577723503112793e-04
4.527091979980468750e-03
3.284156322479248047e-03
8.500099182128906250e-03
4.009231925010681152e-04
2.099037170410156250e-02
1.379764080047607422e-02
8.874773979187011719e-03
4.194714128971099854e-04
6.247937679290771484e-03
1.008659601211547852e-04
2.404773235321044922e-02
8.467817679047584534e-05
2.048574388027191162e-04
7.040619850158691406e-03
1.261895895004272461e-02
9.133145213127136230e-04
2.500975131988525391e-02
2.437448501586914062e-02
4.771798849105834961e-04
7.458031177520751953e-04
4.407763481140136719e-03
2.464240789413452148e-02
5.363933742046356201e-04
7.833242416381835938e-04
9.467080235481262207e-04
2.156704664230346680e-03
8.813142776489257812e-04
7.625311613082885742e-03
1.522693783044815063e-04
2.575051784515380859e-02
1.918226480484008789e-03
1.375302672386169434e-04
2.821624279022216797e-02
8.989870548248291016e-04
9.491741657257080078e-04
1.968359947204589844e-02
1.960331201553344727e-02
9.685978293418884277e-04
2.597354352474212646e-03
1.331990957260131836e-02
8.985102176666259766e-03
1.388117671012878418e-03
1.406002044677734375e-02
1.625239849090576172e-03
9.191632270812988281e-03
7.841408252716064453e-03
1.781034469604492188e-02
8.829027414321899414e-03
2.801865339279174805e-03
1.304554939270019531e-02
1.836425065994262695e-02
3.055334091186523438e-04
4.609197378158569336e-03
4.402205348014831543e-03
8.860230445861816406e-05
2.770591527223587036e-04
1.121349632740020752e-03
1.352131366729736328e-04
1.228779554367065430e-02
1.690775156021118164e-03
4.518300294876098633e-03
2.465033531188964844e-02
5.557566881179809570e-03
1.518085598945617676e-03
1.034729182720184326e-03
1.793783903121948242e-02
2.381867170333862305e-02
3.397725522518157959e-04
2.126127481460571289e-03
2.135768532752990723e-03
2.045118808746337891e-02
3.458596765995025635e-04
1.935571432113647461e-03
1.109957695007324219e-03
1.262521743774414062e-02
2.719163894653320312e-03
6.876587867736816406e-03
6.964862346649169922e-03
6.046369671821594238e-04
1.185566186904907227e-03
9.039163589477539062e-03
1.504468917846679688e-02
5.281984806060791016e-03
5.042888224124908447e-04
9.752586483955383301e-04
1.481801271438598633e-02
1.400791108608245850e-03
1.545876264572143555e-03
2.903237938880920410e-03
3.888279199600219727e-03
8.739948272705078125e-03
2.200806140899658203e-02
1.574128866195678711e-02
1.793578267097473145e-03
8.584558963775634766e-05
1.835352182388305664e-02
5.991458892822265625e-04
3.647983074188232422e-03
1.088225841522216797e-02
1.823436468839645386e-04
7.148921489715576172e-03
2.502214908599853516e-02
8.090510964393615723e-04
5.571320652961730957e-04
9.899973869323730469e-03
4.119992256164550781e-03
8.016586303710937500e-03
3.601461648941040039e-04
1.188135147094726562e-02
1.345537602901458740e-03
5.216784775257110596e-04
1.576524972915649414e-02
7.786363363265991211e-03
1.345974206924438477e-02
2.012884616851806641e-02
7.622409611940383911e-05
2.061557769775390625e-02
1.663470268249511719e-02
1.474022865295410156e-04
5.461156368255615234e-03
3.450110554695129395e-03
2.728259563446044922e-02
1.638311147689819336e-02
6.265155971050262451e-04
5.497395992279052734e-03
2.231702208518981934e-03
4.606619477272033691e-04
5.844205617904663086e-03
1.521229743957519531e-02
1.390686631202697754e-02
1.840126514434814453e-02
2.698564529418945312e-02
6.118640303611755371e-04
7.151216268539428711e-03
1.153729856014251709e-03
1.453965902328491211e-03
4.157051444053649902e-04
6.295088678598403931e-05
1.802510023117065430e-02
1.658864319324493408e-03
2.911984920501708984e-02
1.485902070999145508e-02
2.147400379180908203e-02
7.633604109287261963e-04
1.295709609985351562e-02
1.555544137954711914e-02
2.255851030349731445e-02
4.209987819194793701e-04
1.162099838256835938e-02
3.204509615898132324e-03
2.108514308929443359e-02
3.596663475036621094e-03
1.960957050323486328e-02
6.662905216217041016e-04
9.250715374946594238e-04
2.302881330251693726e-04
1.014721393585205078e-02
8.470416069030761719e-03
5.320608615875244141e-03
3.448522090911865234e-02
3.497563302516937256e-04
7.395386695861816406e-03
1.056686043739318848e-03
4.521489143371582031e-03
1.629990339279174805e-02
1.131916046142578125e-02
1.891516149044036865e-03
1.869946718215942383e-03
2.204644680023193359e-02
1.018208265304565430e-02
1.676666736602783203e-02
1.029193401336669922e-03
7.203295826911926270e-04
6.110057234764099121e-03
1.642775535583496094e-02
4.558302462100982666e-04
3.381632268428802490e-04
2.168035507202148438e-02
1.012623310089111328e-03
1.649820804595947266e-02
2.017602324485778809e-03
1.621419191360473633e-02
1.680180430412292480e-03
1.617419719696044922e-02
1.356199383735656738e-02
1.969210803508758545e-03
1.964843273162841797e-02
2.099901437759399414e-03
1.454249024391174316e-03
1.332439482212066650e-03
1.060813665390014648e-04
1.131564378738403320e-03
5.252175033092498779e-04
2.721667289733886719e-03
1.256787776947021484e-02
9.731054306030273438e-03
1.804858446121215820e-03
1.667517423629760742e-02
1.933777332305908203e-02
1.193545758724212646e-03
1.557655632495880127e-03
8.647441864013671875e-03
3.322869539260864258e-03
6.646215915679931641e-03
6.777420639991760254e-04
1.919126510620117188e-02
8.212476968765258789e-04
6.890632212162017822e-04
4.842221736907958984e-03
2.683559432625770569e-05
1.172292232513427734e-02
1.325571537017822266e-02
1.696789264678955078e-02
2.934820950031280518e-04
2.396225929260253906e-02
7.941603660583496094e-03
1.352393627166748047e-02
1.277998089790344238e-03
3.985757939517498016e-05
1.362597942352294922e-02
7.433623075485229492e-03
1.315850019454956055e-02
2.240329980850219727e-03
7.130810990929603577e-05
1.474279165267944336e-02
1.244521141052246094e-02
2.234369516372680664e-03
4.494227468967437744e-04
2.123284339904785156e-02
2.602803707122802734e-02
2.030396461486816406e-02
3.183400630950927734e-02
4.467070102691650391e-04
2.375513315200805664e-03
1.848864555358886719e-02
2.025246620178222656e-02
8.125990629196166992e-03
4.108488559722900391e-03
1.227438449859619141e-02
1.294478774070739746e-03
1.617068052291870117e-02
2.142295241355895996e-03
7.174350321292877197e-05
1.528793573379516602e-02
6.384193897247314453e-03
5.990313366055488586e-05
5.745738744735717773e-04
1.460528373718261719e-02
8.531212806701660156e-04
4.467129707336425781e-03
1.770764589309692383e-03
2.420890331268310547e-02
1.851183176040649414e-02
1.325413584709167480e-03
7.784008979797363281e-03
1.381170004606246948e-04
3.723911941051483154e-04
1.683413982391357422e-03
1.863986253738403320e-03
2.150326967239379883e-03
1.649999618530273438e-02
2.701133489608764648e-04
2.758502960205078125e-04
9.749382734298706055e-04
1.767182350158691406e-02
1.866817474365234375e-02
1.733219623565673828e-02
1.242256164550781250e-02
2.258270978927612305e-03
1.020389795303344727e-02
2.667331695556640625e-02
1.244491338729858398e-02
2.104121446609497070e-02
1.555705070495605469e-02
2.647161483764648438e-03
2.168399095535278320e-02
2.438652515411376953e-02
3.350839018821716309e-03
1.286029815673828125e-02
5.873553454875946045e-04
2.586329355835914612e-05
1.312375068664550781e-02
1.571071334183216095e-05
1.170527935028076172e-02
3.534650802612304688e-02
4.877001047134399414e-03
1.120519638061523438e-02
1.248538494110107422e-02
5.235522985458374023e-04
6.252806633710861206e-05
3.439277410507202148e-03
9.837925434112548828e-03
1.931405067443847656e-02
3.578543663024902344e-03
1.056951284408569336e-02
1.910835504531860352e-03
4.089474678039550781e-04
1.525849103927612305e-03
7.082760334014892578e-03
3.123670816421508789e-03
2.926439046859741211e-03
2.670004963874816895e-03
7.382780313491821289e-03
3.347963094711303711e-03
3.280350938439369202e-05
9.388774633407592773e-04
2.761892974376678467e-04
1.089632511138916016e-02
1.666665077209472656e-02
1.898556947708129883e-03
2.928549051284790039e-02
3.296762704849243164e-03
4.556626081466674805e-04
1.389056444168090820e-02
2.843409776687622070e-03
6.935179233551025391e-03
1.403108239173889160e-03
1.119098067283630371e-02
2.978622913360595703e-03
5.725324153900146484e-04
7.662102580070495605e-04
8.091926574707031250e-03
6.964877247810363770e-04
6.018877029418945312e-04
2.709403634071350098e-04
1.524139195680618286e-03
4.294192790985107422e-02
6.645262241363525391e-03
2.265954017639160156e-02
2.146208286285400391e-02
1.619100570678710938e-02
1.667815446853637695e-02
7.421910762786865234e-03
1.684844493865966797e-03
5.962669849395751953e-03
6.936788558959960938e-03
3.631770610809326172e-03
5.540549755096435547e-04
2.232569456100463867e-02
9.023129940032958984e-03
2.188775688409805298e-04
2.620273828506469727e-02
1.182770729064941406e-02
1.278951764106750488e-03
2.667620778083801270e-03
2.397876977920532227e-02
1.693588495254516602e-02
1.419678330421447754e-03
4.980653524398803711e-03
3.987133502960205078e-03
2.527125179767608643e-04
1.664765179157257080e-03
1.171186566352844238e-02
4.096090793609619141e-03
2.979069948196411133e-03
9.974688291549682617e-04
4.027724266052246094e-03
3.259316086769104004e-03
4.675954580307006836e-03
2.005171775817871094e-02
3.787145018577575684e-03
3.317929804325103760e-04
1.881584525108337402e-03
1.102042198181152344e-02
1.820169389247894287e-03
4.094019532203674316e-04
2.001963555812835693e-03
3.083735704421997070e-03
7.246509194374084473e-04
1.142911612987518311e-03
1.215845346450805664e-02
2.196870744228363037e-03
6.792433559894561768e-04
1.472002267837524414e-02
2.712924033403396606e-04
9.686231613159179688e-03
2.006971836090087891e-02
3.101974725723266602e-03
1.540273427963256836e-02
1.707989722490310669e-04
2.709114551544189453e-02
1.661157608032226562e-02
6.573200225830078125e-03
8.548229932785034180e-03
5.340158939361572266e-03
2.069965004920959473e-03
1.392625272274017334e-03
1.969271898269653320e-02
6.129965186119079590e-04
2.438551187515258789e-02
9.105980396270751953e-03
2.014994621276855469e-03
9.420886635780334473e-05
3.479897975921630859e-03
1.191552728414535522e-04
5.443580448627471924e-04
2.592712640762329102e-02
4.632100462913513184e-04
1.807749271392822266e-03
4.094392061233520508e-03
1.435935497283935547e-03
9.398087859153747559e-04
2.484284341335296631e-04
3.498606383800506592e-05
1.153431367129087448e-05
7.461190223693847656e-03
5.915611982345581055e-03
9.067431092262268066e-04
1.107478141784667969e-02
8.772965520620346069e-05
6.948798894882202148e-03
8.177086710929870605e-04
2.802431583404541016e-03
2.731156349182128906e-02
1.334989070892333984e-02
7.194578647613525391e-04
2.184249460697174072e-04
2.079832553863525391e-02
2.012848854064941406e-03
3.215819597244262695e-04
2.089911140501499176e-05
1.446044445037841797e-02
2.550370991230010986e-04
1.221632957458496094e-02
1.912128925323486328e-02
1.172977685928344727e-02
5.121141672134399414e-03
2.105869352817535400e-04
1.795715093612670898e-02
5.808770656585693359e-04
1.466763019561767578e-02
2.035405486822128296e-04
8.085370063781738281e-04
2.616614103317260742e-03
1.509554684162139893e-03
4.642993211746215820e-03
1.254382729530334473e-02
9.508997201919555664e-03
4.125267267227172852e-03
3.066623210906982422e-02
1.686722040176391602e-02
6.059348583221435547e-03
2.494424581527709961e-02
2.626813948154449463e-04
7.676184177398681641e-04
1.143123954534530640e-04
5.722820758819580078e-03
1.188021898269653320e-02
2.498853206634521484e-02
4.275143146514892578e-05
2.495825290679931641e-03
2.228707075119018555e-03
8.468031883239746094e-04
1.050285995006561279e-03
1.986742019653320312e-02
4.110648296773433685e-05
2.119213342666625977e-03
3.306686878204345703e-03
9.048953652381896973e-04
1.407915353775024414e-02
5.718648433685302734e-03
3.047421574592590332e-03
7.033534348011016846e-04
3.399372100830078125e-03
1.712575554847717285e-03
3.301054239273071289e-03
7.016584277153015137e-05
5.087107419967651367e-03
2.686697244644165039e-02
1.705110073089599609e-03
3.573149442672729492e-04
4.353523254394531250e-04
5.793303251266479492e-03
3.636658191680908203e-03
2.420020103454589844e-02
4.373580217361450195e-03
1.514542102813720703e-02
2.411949634552001953e-02
1.736544072628021240e-04
1.762047410011291504e-03
1.209460198879241943e-03
1.368069648742675781e-02
1.914429664611816406e-02
1.145862042903900146e-03
2.732664346694946289e-03
3.019552677869796753e-04
2.991668879985809326e-04
1.014077663421630859e-02
3.545731306076049805e-03
3.591068089008331299e-04
1.507446169853210449e-03
2.232307195663452148e-02
5.121435970067977905e-05
1.263421773910522461e-02
1.635837554931640625e-02
5.148127675056457520e-04
8.350387215614318848e-04
1.617476344108581543e-03
2.526783943176269531e-02
3.161072731018066406e-03
6.176717579364776611e-04
1.203519105911254883e-02
1.252070069313049316e-03
1.422634720802307129e-02
8.935555815696716309e-04
1.417160034179687500e-02
1.917272806167602539e-03
6.640749052166938782e-05
2.869799733161926270e-03
4.270710051059722900e-04
8.302628993988037109e-03
4.898935556411743164e-03
4.676908254623413086e-03
4.487797617912292480e-03
1.252139918506145477e-05
8.998751640319824219e-03
2.243518829345703125e-02
5.753710865974426270e-05
1.225024461746215820e-02
1.112407445907592773e-02
2.474531531333923340e-03
3.577992320060729980e-04
2.823248505592346191e-04
2.083945274353027344e-02
1.862758398056030273e-02
1.014071702957153320e-02
1.468068361282348633e-02
4.810780286788940430e-03
8.377581834793090820e-04
2.488151192665100098e-03
1.604139804840087891e-02
1.671776175498962402e-03
7.075101137161254883e-03
2.714142203330993652e-03
8.398443460464477539e-04
2.449738979339599609e-02
6.500780582427978516e-04
1.043087244033813477e-02
1.705557107925415039e-03
5.913265049457550049e-04
1.403927803039550781e-03
8.839368820190429688e-04
6.225332617759704590e-04
3.968954086303710938e-03
1.286888122558593750e-02
7.558465003967285156e-03
7.255226373672485352e-03
1.555377244949340820e-02
2.316045761108398438e-02
2.115547657012939453e-03
2.351075410842895508e-03
1.234352588653564453e-02
1.216328144073486328e-02
4.564225673675537109e-03
1.331222057342529297e-02
8.493475615978240967e-05
9.654521942138671875e-03
8.888170123100280762e-05
3.370270133018493652e-04
9.649217128753662109e-03
1.578277349472045898e-02
1.764684915542602539e-03
8.372932672500610352e-03
1.481128856539726257e-05
2.597278356552124023e-02
3.517568111419677734e-04
1.352563500404357910e-03
5.130827426910400391e-03
4.763230681419372559e-04
5.475342273712158203e-03
2.499490976333618164e-03
8.558705449104309082e-04
1.509952545166015625e-02
1.319569349288940430e-02
2.521264553070068359e-02
1.141652464866638184e-04
5.030274391174316406e-03
2.964362502098083496e-04
1.901105046272277832e-03
1.889407634735107422e-02
7.428586483001708984e-03
5.029402673244476318e-04
3.459677100181579590e-03
1.188468933105468750e-02
6.795346736907958984e-03
2.944655716419219971e-04
7.725842297077178955e-04
2.236396074295043945e-03
5.335867404937744141e-03
7.862955331802368164e-03
1.316154375672340393e-04
1.907795667648315430e-03
9.041190147399902344e-03
3.342700004577636719e-02
4.085227847099304199e-04
4.516094923019409180e-04
6.559193134307861328e-03
9.624212980270385742e-03
4.063248634338378906e-04
3.984048962593078613e-04
4.921108484268188477e-05
2.566218376159667969e-02
1.313352584838867188e-02
4.385873675346374512e-03
7.905736565589904785e-04
3.255158662796020508e-03
2.721235156059265137e-03
1.465106010437011719e-02
1.187932491302490234e-02
2.064728736877441406e-02
4.744790494441986084e-04
7.779337465763092041e-04
1.910582184791564941e-03
3.982218913733959198e-05
3.867633640766143799e-04
8.093297481536865234e-03
8.032564073801040649e-05
6.451010704040527344e-04
1.395434141159057617e-02
3.137253224849700928e-05
9.387373924255371094e-03
2.291011810302734375e-02
4.173666238784790039e-04
1.835370063781738281e-02
5.719736218452453613e-04
4.026293754577636719e-03
3.750473260879516602e-04
2.120983600616455078e-02
1.622952520847320557e-03
3.074184060096740723e-03
7.216811180114746094e-03
8.467257022857666016e-03
9.153038263320922852e-05
1.624375581741333008e-04
3.371208906173706055e-03
1.141680404543876648e-04
7.389392703771591187e-05
2.272292971611022949e-03
1.959525048732757568e-03
6.791710853576660156e-03
1.129157841205596924e-03
2.712577581405639648e-03
2.793997526168823242e-03
5.241155624389648438e-03
6.357520818710327148e-03
1.211160421371459961e-02
2.210444211959838867e-02
1.550063490867614746e-03
1.632519066333770752e-03
5.467832088470458984e-03
1.717776060104370117e-02
4.510767757892608643e-04
4.413388669490814209e-04
3.295063972473144531e-02
5.964450538158416748e-04
2.952620387077331543e-03
9.866654872894287109e-03
7.275789976119995117e-03
3.417842090129852295e-04
9.528920054435729980e-05
7.662951946258544922e-03
3.428906202316284180e-04
1.427225768566131592e-03
6.261378526687622070e-03
2.678084373474121094e-02
6.228178739547729492e-03
3.017738461494445801e-03
4.164963960647583008e-03
7.567182183265686035e-05
5.207031965255737305e-03
5.039542913436889648e-03
1.190036535263061523e-03
6.705671548843383789e-04
1.909792423248291016e-03
8.507847785949707031e-03
1.144349575042724609e-03
2.301180362701416016e-02
6.631463766098022461e-03
5.664899945259094238e-04
6.049275398254394531e-03
1.580640673637390137e-04
1.813638955354690552e-04
5.295127630233764648e-03
8.812826126813888550e-05
1.308344304561614990e-03
1.128669828176498413e-04
1.274335384368896484e-02
5.333095788955688477e-03
2.545848488807678223e-03
1.175515353679656982e-03
1.336109638214111328e-02
1.814387738704681396e-03
4.491567611694335938e-03
2.750493586063385010e-04
2.287220954895019531e-02
6.886243820190429688e-03
1.154440641403198242e-02
2.875357866287231445e-03
6.192401051521301270e-04
5.078762769699096680e-03
5.767166614532470703e-03
9.900808334350585938e-03
6.452994421124458313e-05
5.288142710924148560e-05
2.459782361984252930e-02
1.549452543258666992e-03
2.744235098361968994e-04
7.042467594146728516e-03
2.660959959030151367e-03
7.867991924285888672e-03
1.458740234375000000e-02
1.665204763412475586e-03
2.932763099670410156e-02
4.240088164806365967e-04
1.051849126815795898e-02
2.375715970993041992e-02
2.440893650054931641e-02
5.598030984401702881e-04
5.963951349258422852e-03
6.597936153411865234e-04
1.055680215358734131e-03
2.131853252649307251e-04
1.665100455284118652e-03
1.350350677967071533e-03
1.939576864242553711e-02
1.347112655639648438e-02
7.759630680084228516e-04
1.007825136184692383e-03
2.346366643905639648e-03
7.603503763675689697e-04
6.132498383522033691e-04
1.697087287902832031e-02
5.017787218093872070e-03
7.236301898956298828e-04
8.481219410896301270e-04
2.446100115776062012e-03
1.779571175575256348e-04
8.006840944290161133e-04
1.873517036437988281e-02
3.155007958412170410e-03
8.528754115104675293e-04
1.967656612396240234e-02
1.148009300231933594e-02
1.617217063903808594e-02
1.790326833724975586e-02
1.355439424514770508e-02
8.516684174537658691e-04
1.793688535690307617e-02
1.746043562889099121e-03
3.526806831359863281e-04
1.134507358074188232e-03
8.608102798461914062e-04
1.329630613327026367e-04
2.398729324340820312e-02
4.950225353240966797e-03
9.165108203887939453e-03
1.235097646713256836e-02
2.381104230880737305e-02
4.018738865852355957e-03
3.518134355545043945e-03
1.209270954132080078e-02
8.936315774917602539e-03
1.403607428073883057e-03
1.947313547134399414e-02
7.380783557891845703e-03
2.173215150833129883e-03
1.314318180084228516e-02
5.588293075561523438e-03
1.775133609771728516e-02
1.480579376220703125e-03
2.846613526344299316e-03
6.666183471679687500e-04
4.149943590164184570e-03
9.797289967536926270e-04
1.882277429103851318e-04
3.070175647735595703e-03
2.133637666702270508e-03
6.501913070678710938e-03
1.324594020843505859e-02
2.587392926216125488e-03
1.770186424255371094e-02
1.229997724294662476e-04
9.825289249420166016e-03
2.375558018684387207e-03
1.631337404251098633e-02
2.483248710632324219e-03
2.358913421630859375e-02
1.670289784669876099e-04
6.366133689880371094e-03
8.827485144138336182e-04
1.540672779083251953e-02
9.925514459609985352e-04
9.806811809539794922e-03
4.800260066986083984e-03
9.885728359222412109e-04
4.289776086807250977e-03
1.019783318042755127e-03
2.043026685714721680e-02
8.128434419631958008e-03
5.505867302417755127e-04
2.250325679779052734e-02
1.201105117797851562e-02
1.390779018402099609e-02
3.382991999387741089e-04
1.935166120529174805e-02
2.053314447402954102e-02
9.687364101409912109e-03
2.343511581420898438e-02
1.818716526031494141e-02
6.597489118576049805e-04
3.026023507118225098e-03
1.445792615413665771e-03
1.105940341949462891e-02
8.280158042907714844e-03
1.727849245071411133e-02
2.327996492385864258e-02
1.273352652788162231e-03
1.224565505981445312e-02
7.673213258385658264e-05
1.142045855522155762e-02
3.994479775428771973e-04
2.063846588134765625e-02
6.448104977607727051e-04
1.651331782341003418e-03
2.326637506484985352e-02
3.372766077518463135e-04
2.238690853118896484e-02
1.658493280410766602e-02
1.704859733581542969e-02
2.375736832618713379e-03
9.185612201690673828e-03
9.372178465127944946e-05
3.939121961593627930e-04
2.887353301048278809e-03
5.680322647094726562e-04
4.790991544723510742e-03
1.390433311462402344e-02
3.185421228408813477e-03
4.190858453512191772e-05
1.019634306430816650e-03
2.518630027770996094e-02
4.480853676795959473e-04
2.238023281097412109e-02
1.467698812484741211e-02
7.277876138687133789e-03
2.945365849882364273e-06
4.240032285451889038e-05
1.900076866149902344e-03
5.241520702838897705e-04
1.950338482856750488e-04
4.592269659042358398e-03
3.391253948211669922e-02
6.637454032897949219e-03
1.106020808219909668e-02
1.784580945968627930e-02
2.565965056419372559e-03
5.205839872360229492e-03
1.413816213607788086e-02
7.899343967437744141e-03
9.456396102905273438e-03
8.177459239959716797e-04
6.314739584922790527e-05
2.583749592304229736e-04
2.071475982666015625e-02
2.257221937179565430e-02
7.015824317932128906e-03
1.007840037345886230e-02
9.380221366882324219e-03
2.525746822357177734e-03
9.296182543039321899e-05
1.102946698665618896e-03
1.551881432533264160e-03
1.087952405214309692e-04
7.280558347702026367e-04
9.366631507873535156e-03
5.499303340911865234e-03
1.152954995632171631e-03
1.339856535196304321e-04
6.875872611999511719e-03
1.428818702697753906e-02
6.539762020111083984e-03
1.086220145225524902e-04
2.383753657341003418e-03
2.517634630203247070e-02
7.647722959518432617e-04
1.389843225479125977e-02
1.787567138671875000e-02
2.298027276992797852e-02
1.700770854949951172e-02
1.586401462554931641e-02
2.195332199335098267e-04
2.241637557744979858e-04
1.539066433906555176e-03
2.325892448425292969e-02
1.076772809028625488e-03
9.023100137710571289e-04
2.232566475868225098e-03
7.782280445098876953e-04
1.068942248821258545e-03
2.378318458795547485e-04
2.500787377357482910e-03
1.957452297210693359e-02
1.499205827713012695e-03
1.888468861579895020e-03
4.471135139465332031e-02
1.711964607238769531e-03
1.416379213333129883e-02
7.513910531997680664e-05
2.172842621803283691e-03
8.025705814361572266e-03
1.427823305130004883e-02
2.851709723472595215e-04
9.867995977401733398e-04
2.037454396486282349e-05
1.938223838806152344e-03
1.455557346343994141e-02
4.352128505706787109e-02
1.674342155456542969e-02
2.296213060617446899e-04
4.989560693502426147e-05
1.474246382713317871e-04
1.349246501922607422e-02
9.652823209762573242e-03
2.282506227493286133e-02
1.695454120635986328e-04
2.932655811309814453e-02
5.644410848617553711e-04
1.316201686859130859e-02
1.138495281338691711e-04
3.637224435806274414e-03
6.435990333557128906e-03
3.668397665023803711e-03
5.208462476730346680e-03
1.432709395885467529e-04
3.015115857124328613e-03
2.145677804946899414e-03
1.715677976608276367e-02
8.630380034446716309e-04
4.877895116806030273e-03
4.098229110240936279e-04
7.626116275787353516e-03
1.353102922439575195e-02
2.418339252471923828e-02
1.006823778152465820e-02
3.482401371002197266e-05
2.235388755798339844e-02
8.492544293403625488e-05
8.284270763397216797e-03
1.875388622283935547e-02
2.216625213623046875e-02
1.718029379844665527e-04
3.727063536643981934e-03
3.274351358413696289e-03
1.468044519424438477e-02
8.045881986618041992e-04
4.208311438560485840e-04
1.457601785659790039e-03
1.290464401245117188e-02
2.405548095703125000e-02
1.689666509628295898e-02
2.019166946411132812e-03
8.134126663208007812e-03
1.148509979248046875e-02
2.671126276254653931e-05
4.837214946746826172e-03
9.953260421752929688e-03
1.192700862884521484e-02
1.722364686429500580e-05
2.970325946807861328e-02
2.991288900375366211e-03
2.165630459785461426e-03
7.151097059249877930e-03
9.269922971725463867e-03
2.300989627838134766e-02
2.316367626190185547e-02
2.761676907539367676e-03
6.811529397964477539e-03
1.931625604629516602e-02
7.242918014526367188e-03
1.819595694541931152e-03
2.806819975376129150e-05
4.290044307708740234e-03
3.361463546752929688e-03
1.166574656963348389e-04
1.003257930278778076e-03
1.253947615623474121e-03
4.840552806854248047e-03
6.695479154586791992e-03
1.678153872489929199e-03
1.066672801971435547e-02
1.009097322821617126e-04
8.614286780357360840e-04
5.444914102554321289e-03
1.103021204471588135e-03
2.061761915683746338e-04
6.808247417211532593e-05
5.213990807533264160e-04
3.313124179840087891e-04
5.941577255725860596e-04
8.019506931304931641e-04
3.391027450561523438e-03
1.067109405994415283e-04
6.564080715179443359e-03
8.740127086639404297e-03
1.363563537597656250e-02
6.546527147293090820e-04
2.759341150522232056e-04
2.288550138473510742e-03
6.065629422664642334e-04
2.916604280471801758e-03
1.015685498714447021e-03
4.519782960414886475e-04
6.645500659942626953e-03
1.142375171184539795e-03
6.511688232421875000e-03
3.112554550170898438e-04
2.171498537063598633e-02
1.315794885158538818e-03
1.213836669921875000e-02
1.521334052085876465e-03
2.064496278762817383e-03
3.405027091503143311e-04
8.417177014052867889e-06
2.609670162200927734e-03
8.438020944595336914e-03
1.331105828285217285e-03
4.323944449424743652e-04
1.207113265991210938e-03
2.288483083248138428e-04
2.194762229919433594e-02
3.027021884918212891e-04
1.906678080558776855e-03
1.124441623687744141e-04
1.668691635131835938e-03
3.018006682395935059e-04
3.224730491638183594e-03
6.497770547866821289e-03
1.469915732741355896e-04
2.945125102996826172e-03
2.395993471145629883e-02
2.775526046752929688e-02
1.066826283931732178e-03
1.428164541721343994e-03
2.389535307884216309e-03
2.374541759490966797e-02
1.584142446517944336e-04
6.542094051837921143e-04
1.593422889709472656e-02
1.469597220420837402e-03
7.004011422395706177e-05
1.257675886154174805e-02
3.665149211883544922e-03
6.676353514194488525e-04
1.669963821768760681e-04
8.402988314628601074e-04
7.689327001571655273e-03
7.826089859008789062e-04
1.024460792541503906e-02
1.788908243179321289e-02
1.177564263343811035e-04
2.166144549846649170e-04
3.225635737180709839e-04
3.199651837348937988e-04
5.084812641143798828e-03
3.979086875915527344e-03
4.673562943935394287e-04
3.785267472267150879e-03
3.660917282104492188e-03
1.185052096843719482e-04
6.737597286701202393e-04
1.867376267910003662e-04
2.451032400131225586e-03
1.375395059585571289e-02
7.170289754867553711e-04
1.132309436798095703e-02
7.659703493118286133e-03
1.492336392402648926e-03
6.380677223205566406e-04
8.897110819816589355e-04
4.906617105007171631e-04
1.357421278953552246e-03
4.259079694747924805e-03
1.602835953235626221e-03
8.116429671645164490e-05
3.033608198165893555e-03
2.417415380477905273e-03
2.415820956230163574e-03
1.334138214588165283e-03
2.188324928283691406e-03
3.635972738265991211e-03
8.996307849884033203e-03
4.042461514472961426e-04
7.490068674087524414e-04
8.584335446357727051e-04
1.463875174522399902e-03
2.435315400362014771e-04
6.602048873901367188e-03
2.258539199829101562e-03
9.808540344238281250e-04
1.793965697288513184e-03
1.497454941272735596e-04
1.169264316558837891e-03
2.678595483303070068e-04
4.743263125419616699e-04
1.929048448801040649e-04
6.538555026054382324e-04
6.165385246276855469e-03
4.238523542881011963e-04
5.885332822799682617e-03
2.959579229354858398e-03
2.727955579757690430e-03
3.355275839567184448e-04
2.998523414134979248e-04
8.868500590324401855e-04
2.248123288154602051e-03
8.387397974729537964e-05
9.369254112243652344e-04
7.054030895233154297e-03
6.852835416793823242e-03
6.635487079620361328e-03
1.655399799346923828e-03
2.221707254648208618e-04
7.195249199867248535e-04
6.298333406448364258e-03
7.673259824514389038e-05
8.332729339599609375e-04
2.165898680686950684e-03
3.008335828781127930e-03
1.219063997268676758e-02
7.110089063644409180e-04
4.500359296798706055e-03
1.305967569351196289e-02
9.359344840049743652e-04
3.398098051548004150e-04
1.793378591537475586e-02
1.397300511598587036e-04
3.573954105377197266e-03
8.284673094749450684e-04
2.119556069374084473e-03
7.544979453086853027e-04
9.635388851165771484e-04
9.983405470848083496e-04
1.239430904388427734e-02
1.160234212875366211e-02
1.444891095161437988e-03
2.804115414619445801e-03
3.500119782984256744e-05
4.833489656448364258e-03
1.088328659534454346e-03
2.320203930139541626e-04
2.147763967514038086e-03
1.372724771499633789e-02
3.051996231079101562e-03
8.094429969787597656e-03
6.102677434682846069e-05
7.882356643676757812e-03
1.765817403793334961e-02
1.144981384277343750e-02
7.828623056411743164e-04
1.250773668289184570e-03
2.869829535484313965e-03
1.290533691644668579e-04
2.321461215615272522e-05
2.328759431838989258e-02
3.633871674537658691e-04
5.662083625793457031e-03
5.643293261528015137e-04
3.886073827743530273e-03
1.378849148750305176e-03
1.954473555088043213e-03
4.088431596755981445e-04
1.263990998268127441e-03
1.506051048636436462e-04
1.280581951141357422e-02
4.753500223159790039e-03
2.745189704000949860e-05
3.068521618843078613e-03
1.040019094944000244e-03
8.663117885589599609e-03
3.914795815944671631e-04
5.654871463775634766e-03
6.728738546371459961e-03
5.140662193298339844e-03
1.754677295684814453e-02
3.675609827041625977e-03
5.938321352005004883e-03
9.747892618179321289e-04
7.158637046813964844e-03
6.484054028987884521e-04
8.093535900115966797e-03
1.106806099414825439e-03
2.773928642272949219e-02
4.809387028217315674e-04
1.054413616657257080e-03
2.030339092016220093e-04
1.061763614416122437e-04
1.461774110794067383e-03
7.055178284645080566e-04
2.460882067680358887e-03
1.639465335756540298e-05
4.630647599697113037e-04
3.322243690490722656e-03
5.552768707275390625e-03
2.109110355377197266e-04
5.064666271209716797e-03
3.408178687095642090e-03
7.564797997474670410e-04
6.088078022003173828e-03
7.557988166809082031e-03
1.366764307022094727e-03
5.211174488067626953e-03
8.864551782608032227e-04
1.013167202472686768e-03
9.400323033332824707e-04
8.778154850006103516e-03
1.613616943359375000e-03
3.942847251892089844e-03
1.358109712600708008e-02
3.378335386514663696e-04
8.834600448608398438e-04
4.864335060119628906e-04
4.337966442108154297e-03
4.465192556381225586e-03
3.779828548431396484e-04
6.439983844757080078e-04
2.083897590637207031e-03
3.028735518455505371e-04
1.937570050358772278e-05
9.868681430816650391e-03
1.628883183002471924e-03
5.275189876556396484e-03
4.829943180084228516e-03
6.959497928619384766e-03
2.055346965789794922e-02
9.366124868392944336e-03
6.836533546447753906e-03
8.014868944883346558e-05
1.408699899911880493e-04
1.350641250610351562e-02
2.831041812896728516e-03
1.715004444122314453e-03
2.177491784095764160e-03
9.131282567977905273e-03
1.584976911544799805e-03
1.994216442108154297e-02
1.375287771224975586e-02
4.612393677234649658e-04
1.641087234020233154e-03
5.441233515739440918e-04
7.443577051162719727e-04
2.949878573417663574e-03
2.636983990669250488e-04
2.508208155632019043e-03
1.161885261535644531e-02
4.701912403106689453e-04
3.658145666122436523e-03
6.383135914802551270e-04
2.066183090209960938e-02
1.723980903625488281e-02
1.852482557296752930e-03
3.261834383010864258e-03
1.026517152786254883e-02
9.340867400169372559e-04
5.836486816406250000e-04
4.347652196884155273e-03
3.728896379470825195e-03
1.299500465393066406e-03
4.211142659187316895e-04
7.724687457084655762e-04
5.135945975780487061e-04
1.263551414012908936e-03
1.388594508171081543e-03
5.252361297607421875e-03
3.582909703254699707e-03
6.401985883712768555e-04
9.035468101501464844e-04
1.993685960769653320e-03
5.875602364540100098e-04
1.861512660980224609e-03
5.282133817672729492e-03
1.743152737617492676e-03
2.885162830352783203e-03
7.872939109802246094e-03
7.570922374725341797e-03
3.780066967010498047e-03
6.949752569198608398e-03
1.798316836357116699e-03
5.455017089843750000e-03
8.674412965774536133e-04
2.300068736076354980e-04
2.703964710235595703e-03
1.148164272308349609e-02
3.471940755844116211e-03
6.356649100780487061e-05
3.775894641876220703e-03
1.568466424942016602e-03
3.002434968948364258e-03
1.313418149948120117e-03
1.011036336421966553e-03
1.202207058668136597e-04
3.977753221988677979e-04
4.991650581359863281e-03
7.079094648361206055e-04
3.030300140380859375e-04
1.150369644165039062e-03
6.058216094970703125e-04
6.377458572387695312e-03
6.300717592239379883e-03
3.251358866691589355e-03
1.565031707286834717e-04
3.681004047393798828e-03
3.031119704246520996e-04
2.398937940597534180e-04
2.254629135131835938e-02
1.604956388473510742e-02
8.227527141571044922e-04
5.695402622222900391e-03
8.115530014038085938e-03
1.733213663101196289e-03
9.617358446121215820e-04
1.403421163558959961e-03
3.108717501163482666e-04
1.020669937133789062e-03
2.272918820381164551e-03
3.557913005352020264e-04
3.237843513488769531e-03
1.096807420253753662e-03
4.777275025844573975e-04
1.329462975263595581e-04
4.314407706260681152e-04
1.083314418792724609e-03
2.737855911254882812e-02
4.814825952053070068e-04
3.509633243083953857e-04
8.251797407865524292e-05
2.282190322875976562e-02
7.240921258926391602e-04
1.408353447914123535e-03
5.540624260902404785e-05
3.706023097038269043e-03
4.345774650573730469e-04
4.770793020725250244e-04
1.562964171171188354e-04
1.588568091392517090e-03
1.766890287399291992e-02
2.135264873504638672e-02
4.130788147449493408e-04
1.201249659061431885e-03
3.736346960067749023e-03
7.972568273544311523e-04
1.902654767036437988e-03
1.540668308734893799e-04
1.598584651947021484e-02
4.154816269874572754e-04
1.391482353210449219e-02
1.112341880798339844e-02
1.257255673408508301e-03
8.207187056541442871e-04
1.286163926124572754e-03
2.628743648529052734e-03
7.792608812451362610e-05
1.772552728652954102e-03
8.352756500244140625e-03
1.396581530570983887e-03
4.493236541748046875e-03
3.662005066871643066e-03
1.672267913818359375e-03
1.848518848419189453e-03
2.569258213043212891e-03
1.460009813308715820e-02
0.000000000000000000e+00
0.000000000000000000e+00
0.000000000000000000e+00
0.000000000000000000e+00
0.000000000000000000e+00
0.000000000000000000e+00
0.000000000000000000e+00
0.000000000000000000e+00
0.000000000000000000e+00
0.000000000000000000e+00
0.000000000000000000e+00
0.000000000000000000e+00
0.000000000000000000e+00
0.000000000000000000e+00
0.000000000000000000e+00
0.000000000000000000e+00
0.000000000000000000e+00
0.000000000000000000e+00
0.000000000000000000e+00
0.000000000000000000e+00
0.000000000000000000e+00
0.000000000000000000e+00
0.000000000000000000e+00
0.000000000000000000e+00
0.000000000000000000e+00
0.000000000000000000e+00
0.000000000000000000e+00
0.000000000000000000e+00
0.000000000000000000e+00
0.000000000000000000e+00
0.000000000000000000e+00
0.000000000000000000e+00
0.000000000000000000e+00
0.000000000000000000e+00
0.000000000000000000e+00
0.000000000000000000e+00
0.000000000000000000e+00
0.000000000000000000e+00
0.000000000000000000e+00
0.000000000000000000e+00
