1.395070552825927734e-02
1.464140415191650391e-02
1.289665699005126953e-02
1.582241058349609375e-02
8.992671966552734375e-03
1.514673233032226562e-02
2.338230609893798828e-02
5.791366100311279297e-03
2.422320842742919922e-02
1.446866989135742188e-02
7.715165615081787109e-03
1.225805282592773438e-02
1.748180389404296875e-02
1.971840858459472656e-02
1.878035068511962891e-02
1.669073104858398438e-02
1.300215721130371094e-02
1.800584793090820312e-02
7.316172122955322266e-03
1.159679889678955078e-02
1.396900415420532227e-02
8.949518203735351562e-03
2.154421806335449219e-02
1.575535535812377930e-02
1.139980554580688477e-02
1.210236549377441406e-02
1.251351833343505859e-02
8.146405220031738281e-03
1.649808883666992188e-02
2.219581604003906250e-02
2.743840217590332031e-02
1.577448844909667969e-02
1.484727859497070312e-02
9.836077690124511719e-03
1.476919651031494141e-02
1.859641075134277344e-02
7.615625858306884766e-03
3.732502460479736328e-03
1.638150215148925781e-02
1.859784126281738281e-02
1.875829696655273438e-02
1.086759567260742188e-02
1.519632339477539062e-02
1.410710811614990234e-02
1.224386692047119141e-02
1.732480525970458984e-02
1.306879520416259766e-02
8.273065090179443359e-03
2.131116390228271484e-02
3.011023998260498047e-02
2.027654647827148438e-02
7.112860679626464844e-03
1.593136787414550781e-02
2.749800682067871094e-02
1.617777347564697266e-02
5.245685577392578125e-03
1.635169982910156250e-02
1.531738042831420898e-02
2.730751037597656250e-02
2.170383930206298828e-02
1.900213956832885742e-02
2.066862583160400391e-02
6.002664566040039062e-03
1.655328273773193359e-02
1.703131198883056641e-02
9.530305862426757812e-03
1.387810707092285156e-02
1.950001716613769531e-02
1.607239246368408203e-02
7.908105850219726562e-03
2.111124992370605469e-02
2.223181724548339844e-02
2.106928825378417969e-02
1.758253574371337891e-02
1.424551010131835938e-02
1.887714862823486328e-02
6.857037544250488281e-03
1.439046859741210938e-02
2.127438783645629883e-02
2.167820930480957031e-02
1.753866672515869141e-02
1.594483852386474609e-02
2.049052715301513672e-02
1.685249805450439453e-02
1.524555683135986328e-02
1.987588405609130859e-02
1.561748981475830078e-02
2.290511131286621094e-02
1.761335134506225586e-02
1.308983564376831055e-02
1.597905158996582031e-02
1.471483707427978516e-02
2.601683139801025391e-02
2.898454666137695312e-03
1.647818088531494141e-02
2.829879522323608398e-03
6.130337715148925781e-03
1.883763074874877930e-02
2.013778686523437500e-02
1.576364040374755859e-02
9.098410606384277344e-03
1.250058412551879883e-02
1.490068435668945312e-02
2.621853351593017578e-02
1.112496852874755859e-02
2.371478080749511719e-02
1.761710643768310547e-02
1.726531982421875000e-02
2.083528041839599609e-02
1.870429515838623047e-02
2.945995330810546875e-02
1.907837390899658203e-02
2.082765102386474609e-02
1.442003250122070312e-02
1.973032951354980469e-02
2.040034532546997070e-02
1.619702577590942383e-02
1.520216464996337891e-02
1.960569620132446289e-02
1.430594921112060547e-02
2.391934394836425781e-02
1.186567544937133789e-02
1.373124122619628906e-02
1.907157897949218750e-02
1.655375957489013672e-02
8.273005485534667969e-03
2.270507812500000000e-02
1.298779249191284180e-02
1.230263710021972656e-02
2.460777759552001953e-02
1.302635669708251953e-02
2.022671699523925781e-02
2.964448928833007812e-02
9.659290313720703125e-03
1.232647895812988281e-02
2.093458175659179688e-02
2.011466026306152344e-02
1.498067378997802734e-02
1.600182056427001953e-02
4.960983991622924805e-03
2.203375101089477539e-02
1.444923877716064453e-02
1.797699928283691406e-02
2.215099334716796875e-02
1.570653915405273438e-02
2.310132980346679688e-02
2.683043479919433594e-02
1.140046119689941406e-02
1.957023143768310547e-02
2.677226066589355469e-02
1.768130064010620117e-02
6.370186805725097656e-03
1.434564590454101562e-02
9.893059730529785156e-03
2.623206377029418945e-02
1.817131042480468750e-02
1.926958560943603516e-02
7.830321788787841797e-03
1.096287369728088379e-02
1.465845108032226562e-02
1.254808902740478516e-02
1.501905918121337891e-02
2.540361881256103516e-02
1.983666419982910156e-02
1.872825622558593750e-02
1.406395435333251953e-02
1.904535293579101562e-02
1.486194133758544922e-02
1.023328304290771484e-02
1.480674743652343750e-02
1.652503013610839844e-02
1.968359947204589844e-02
2.218222618103027344e-02
1.220440864562988281e-02
1.371657848358154297e-02
2.025467157363891602e-02
2.127808332443237305e-02
2.542233467102050781e-02
1.346164941787719727e-02
2.444815635681152344e-02
1.954340934753417969e-02
2.164542675018310547e-02
1.023185253143310547e-02
1.510584354400634766e-02
8.480846881866455078e-03
2.451610565185546875e-02
1.679182052612304688e-02
1.446080207824707031e-02
2.185559272766113281e-02
3.098881244659423828e-02
1.573133468627929688e-02
1.282489299774169922e-02
1.540207862854003906e-02
1.773786544799804688e-02
1.498687267303466797e-02
1.109659671783447266e-02
1.129937171936035156e-02
2.068507671356201172e-02
5.007684230804443359e-03
8.035540580749511719e-03
1.079803705215454102e-02
9.384632110595703125e-03
1.162838935852050781e-02
1.861691474914550781e-02
2.453637123107910156e-02
8.999586105346679688e-03
7.915735244750976562e-03
1.727616786956787109e-02
1.567721366882324219e-02
1.567757129669189453e-02
2.004539966583251953e-02
1.141202449798583984e-02
1.481854915618896484e-02
4.928827285766601562e-03
1.704406738281250000e-02
2.111899852752685547e-02
1.258373260498046875e-02
1.437067985534667969e-02
1.232236623764038086e-02
7.581114768981933594e-03
1.951789855957031250e-02
1.096010208129882812e-02
1.459264755249023438e-02
1.002514362335205078e-02
2.079260349273681641e-02
1.542389392852783203e-02
5.933880805969238281e-03
1.301813125610351562e-02
1.213526725769042969e-02
2.118694782257080078e-02
1.978254318237304688e-02
1.332938671112060547e-02
1.352620124816894531e-02
5.486965179443359375e-03
1.354187726974487305e-02
1.579618453979492188e-02
1.426446437835693359e-02
2.494370937347412109e-02
1.472187042236328125e-02
1.043128967285156250e-02
8.216321468353271484e-03
1.475465297698974609e-02
2.313148975372314453e-02
3.784596920013427734e-03
1.656305789947509766e-02
1.370143890380859375e-02
1.280194520950317383e-02
1.003825664520263672e-02
1.375395059585571289e-02
6.506800651550292969e-03
2.594098448753356934e-03
7.096648216247558594e-03
1.028406620025634766e-02
1.503276824951171875e-02
1.514232158660888672e-02
1.347780227661132812e-02
0.000000000000000000e+00
0.000000000000000000e+00
0.000000000000000000e+00
0.000000000000000000e+00
0.000000000000000000e+00
0.000000000000000000e+00
0.000000000000000000e+00
0.000000000000000000e+00
0.000000000000000000e+00
0.000000000000000000e+00
0.000000000000000000e+00
0.000000000000000000e+00
0.000000000000000000e+00
0.000000000000000000e+00
0.000000000000000000e+00
0.000000000000000000e+00
0.000000000000000000e+00
0.000000000000000000e+00
0.000000000000000000e+00
0.000000000000000000e+00
