9.761631488800048828e-03
1.125204563140869141e-02
6.642699241638183594e-03
1.960504055023193359e-02
1.214063167572021484e-02
2.156972885131835938e-02
1.133239269256591797e-02
1.213347911834716797e-02
2.097487449645996094e-02
8.430778980255126953e-03
4.298686981201171875e-03
1.491391658782958984e-02
1.594126224517822266e-02
1.514476537704467773e-02
1.298069953918457031e-02
1.322484016418457031e-02
1.815795898437500000e-02
1.258742809295654297e-02
9.031295776367187500e-03
1.716935634613037109e-02
1.128756999969482422e-02
1.332497596740722656e-02
1.478278636932373047e-02
2.476572990417480469e-02
4.288136959075927734e-03
1.791405677795410156e-02
7.675886154174804688e-03
6.485104560852050781e-03
1.520752906799316406e-02
8.612930774688720703e-03
2.207493782043457031e-02
1.870834827423095703e-02
1.239699125289916992e-02
4.289954900741577148e-03
1.804673671722412109e-02
1.855146884918212891e-02
3.740489482879638672e-03
9.876191616058349609e-03
2.363836765289306641e-02
2.021431922912597656e-02
1.150023937225341797e-02
5.553603172302246094e-03
2.147436141967773438e-03
1.988244056701660156e-02
1.308202743530273438e-02
1.283311843872070312e-02
2.292621135711669922e-02
2.168178558349609375e-02
1.794254779815673828e-02
2.693915367126464844e-02
1.338213682174682617e-02
5.397677421569824219e-03
2.215790748596191406e-02
2.854895591735839844e-02
1.197624206542968750e-02
6.084918975830078125e-03
1.616799831390380859e-02
1.738506555557250977e-02
1.642203330993652344e-02
1.206851005554199219e-02
2.425122261047363281e-02
5.808174610137939453e-03
8.814394474029541016e-03
2.438378334045410156e-02
6.487905979156494141e-03
1.205241680145263672e-02
8.429288864135742188e-03
1.163882017135620117e-02
1.312237977981567383e-02
1.121294498443603516e-02
1.811051368713378906e-02
1.960170269012451172e-02
1.003295183181762695e-02
1.031929254531860352e-02
1.244616508483886719e-02
1.303046941757202148e-02
8.547604084014892578e-03
1.686596870422363281e-02
6.996124982833862305e-03
1.463556289672851562e-02
1.943165063858032227e-02
1.129961013793945312e-02
1.409149169921875000e-02
1.305103302001953125e-02
1.446914672851562500e-02
8.865684270858764648e-03
1.082646846771240234e-02
1.943433284759521484e-02
5.400121212005615234e-03
8.486568927764892578e-03
6.584823131561279297e-03
1.078087091445922852e-02
1.998090744018554688e-02
4.493921995162963867e-03
1.048767566680908203e-02
5.487918853759765625e-03
2.267584204673767090e-03
1.793169975280761719e-02
1.029878854751586914e-02
1.225119829177856445e-02
2.968221902847290039e-03
2.014172077178955078e-02
1.595056056976318359e-02
2.200055122375488281e-02
9.372115135192871094e-03
2.023482322692871094e-02
1.774668693542480469e-02
7.519543170928955078e-03
1.701563596725463867e-02
1.863837242126464844e-02
1.244693994522094727e-02
1.918542385101318359e-02
2.172243595123291016e-02
7.936477661132812500e-03
1.429820060729980469e-02
1.135876774787902832e-02
1.308083534240722656e-02
1.024377346038818359e-02
7.097780704498291016e-03
1.452589035034179688e-02
1.213037967681884766e-02
6.326258182525634766e-03
9.684443473815917969e-03
2.112722396850585938e-02
7.450580596923828125e-03
7.299780845642089844e-03
1.859247684478759766e-02
4.017114639282226562e-03
5.903661251068115234e-03
1.417487859725952148e-02
5.469441413879394531e-03
1.117014884948730469e-02
1.823329925537109375e-02
3.027796745300292969e-03
2.132844924926757812e-02
1.999527215957641602e-02
1.745259761810302734e-02
7.351249456405639648e-03
1.134997606277465820e-02
6.713569164276123047e-03
1.548129320144653320e-02
2.578115463256835938e-02
7.890999317169189453e-03
9.338140487670898438e-03
7.906734943389892578e-03
1.186078786849975586e-02
1.710349321365356445e-02
1.608276367187500000e-02
1.190894842147827148e-02
1.133364439010620117e-02
9.701251983642578125e-03
3.329545259475708008e-03
5.221545696258544922e-03
7.552027702331542969e-03
2.117437124252319336e-02
1.163792610168457031e-02
1.797318458557128906e-02
6.565213203430175781e-03
4.546254873275756836e-03
1.467418670654296875e-02
7.907748222351074219e-03
2.001738548278808594e-02
1.879566907882690430e-02
9.221255779266357422e-03
1.963460445404052734e-02
1.951813697814941406e-02
1.087480783462524414e-02
5.821704864501953125e-03
9.708523750305175781e-03
8.594870567321777344e-03
1.022309064865112305e-02
1.029151678085327148e-02
1.840126514434814453e-02
1.314640045166015625e-02
1.077508926391601562e-02
1.662796735763549805e-02
1.794636249542236328e-02
1.723361015319824219e-02
1.111149787902832031e-02
1.472949981689453125e-02
6.845474243164062500e-03
8.792638778686523438e-03
7.538080215454101562e-03
5.126178264617919922e-03
1.133841276168823242e-02
1.988410949707031250e-02
2.267193794250488281e-02
8.633255958557128906e-03
2.239656448364257812e-02
2.647233009338378906e-02
1.550555229187011719e-02
1.639080047607421875e-02
1.417076587677001953e-02
1.390671730041503906e-02
1.905679702758789062e-02
1.491165161132812500e-02
6.966114044189453125e-03
2.204251289367675781e-02
4.959642887115478516e-03
3.211736679077148438e-03
8.253931999206542969e-03
8.592367172241210938e-03
1.071071624755859375e-02
2.135109901428222656e-02
3.236901760101318359e-02
1.269727945327758789e-02
1.063060760498046875e-02
2.041566371917724609e-02
1.626479625701904297e-02
2.534735202789306641e-02
1.297110319137573242e-02
1.733231544494628906e-02
1.718890666961669922e-02
5.997955799102783203e-03
1.423013210296630859e-02
1.914000511169433594e-02
1.317358016967773438e-02
9.381413459777832031e-03
1.335680484771728516e-02
1.443171501159667969e-02
2.181661128997802734e-02
1.398301124572753906e-02
1.333218812942504883e-02
8.872628211975097656e-03
2.020710706710815430e-02
1.532071828842163086e-02
1.411807537078857422e-02
1.105737686157226562e-02
5.633056163787841797e-03
1.547753810882568359e-02
1.719760894775390625e-02
1.313281059265136719e-02
9.391963481903076172e-03
5.916833877563476562e-03
1.254820823669433594e-02
1.829731464385986328e-02
1.686638593673706055e-02
1.843506097793579102e-02
1.649510860443115234e-02
6.114602088928222656e-03
1.143932342529296875e-02
1.858830451965332031e-02
1.839226484298706055e-02
2.639889717102050781e-03
1.797151565551757812e-02
1.845169067382812500e-02
1.402139663696289062e-02
3.712028264999389648e-03
8.106768131256103516e-03
8.789539337158203125e-03
1.031029224395751953e-02
4.194200038909912109e-03
1.096868515014648438e-02
1.570421457290649414e-02
1.352208852767944336e-02
1.580452919006347656e-02
0.000000000000000000e+00
0.000000000000000000e+00
0.000000000000000000e+00
0.000000000000000000e+00
0.000000000000000000e+00
0.000000000000000000e+00
0.000000000000000000e+00
0.000000000000000000e+00
0.000000000000000000e+00
0.000000000000000000e+00
0.000000000000000000e+00
0.000000000000000000e+00
0.000000000000000000e+00
0.000000000000000000e+00
0.000000000000000000e+00
0.000000000000000000e+00
0.000000000000000000e+00
0.000000000000000000e+00
0.000000000000000000e+00
0.000000000000000000e+00
