1.298472285270690918e-03
1.875415444374084473e-03
2.686053514480590820e-02
7.504045963287353516e-03
4.788814112544059753e-05
3.174785524606704712e-05
1.335497945547103882e-04
2.337634563446044922e-02
1.301628351211547852e-02
1.810812950134277344e-02
2.440363168716430664e-04
1.050555706024169922e-02
5.357563495635986328e-04
2.255439758300781250e-03
1.390564441680908203e-02
3.970414400100708008e-03
5.340352654457092285e-04
2.064430713653564453e-02
3.550909459590911865e-04
4.273792728781700134e-05
1.889154314994812012e-03
1.647520065307617188e-02
1.194465160369873047e-02
1.625585556030273438e-02
4.751950502395629883e-03
8.693933486938476562e-04
3.580540418624877930e-03
1.073114573955535889e-03
7.610112428665161133e-03
1.150429248809814453e-02
6.283253431320190430e-03
1.689869165420532227e-02
1.726113259792327881e-04
1.119673252105712891e-03
4.245806485414505005e-05
4.720799624919891357e-04
6.051734089851379395e-04
3.157958388328552246e-03
5.350038409233093262e-04
1.304503530263900757e-05
1.045495271682739258e-02
4.126942157745361328e-02
1.817613840103149414e-03
9.567011147737503052e-05
1.609593629837036133e-03
6.822556257247924805e-03
6.010830402374267578e-04
1.155650615692138672e-02
8.879527449607849121e-04
1.734387874603271484e-02
8.384704589843750000e-03
1.293289661407470703e-02
9.567856788635253906e-03
4.067391157150268555e-03
9.203076362609863281e-03
1.317512989044189453e-02
1.149088144302368164e-03
2.392187714576721191e-03
1.708936691284179688e-02
3.556199371814727783e-04
3.628343343734741211e-03
1.369476318359375000e-02
1.071572303771972656e-03
4.541635513305664062e-03
2.344459295272827148e-03
3.543100319802761078e-05
8.192025125026702881e-04
6.846264004707336426e-04
2.110493183135986328e-02
1.127290725708007812e-02
1.940522342920303345e-04
3.407299518585205078e-04
9.046316146850585938e-03
7.720943540334701538e-05
2.724245190620422363e-03
5.402192473411560059e-04
1.084488630294799805e-02
1.649838685989379883e-02
1.175153255462646484e-02
1.107234507799148560e-03
1.473687589168548584e-04
3.401434421539306641e-02
7.492210716009140015e-05
5.706340074539184570e-03
1.942113041877746582e-03
1.052811741828918457e-03
2.491846680641174316e-03
5.379766225814819336e-04
1.957845687866210938e-02
2.392095327377319336e-02
3.071874380111694336e-03
2.091431617736816406e-02
3.549363464117050171e-04
7.081001996994018555e-03
2.567186951637268066e-03
1.019425690174102783e-05
2.241086959838867188e-02
2.816691994667053223e-03
2.769541740417480469e-02
6.767548620700836182e-05
1.966840028762817383e-02
7.901340723037719727e-04
1.302640885114669800e-04
1.695477962493896484e-02
5.272822454571723938e-05
2.532142400741577148e-02
2.265441417694091797e-02
1.073600724339485168e-04
2.448976039886474609e-02
2.396367490291595459e-04
9.882897138595581055e-04
1.730889081954956055e-03
7.277488708496093750e-03
7.363587617874145508e-03
3.872632980346679688e-03
1.363712549209594727e-02
7.877573370933532715e-04
2.054655551910400391e-02
1.409018039703369141e-02
1.383386552333831787e-04
7.198929786682128906e-03
3.051757812500000000e-04
4.302203655242919922e-03
4.298519343137741089e-04
3.873482346534729004e-04
3.720730543136596680e-03
2.600811421871185303e-04
1.275366544723510742e-02
2.221995964646339417e-05
9.973883628845214844e-03
5.342587828636169434e-04
6.883680820465087891e-03
8.863449096679687500e-03
8.085578680038452148e-03
1.963895559310913086e-02
1.004722435027360916e-05
3.883540630340576172e-03
1.451706886291503906e-02
1.478338241577148438e-02
1.240193843841552734e-02
4.785582423210144043e-03
2.281308174133300781e-02
2.147238701581954956e-04
1.624628901481628418e-03
1.229299232363700867e-05
1.343047618865966797e-02
2.194195985794067383e-04
6.038218736648559570e-03
3.678202629089355469e-03
1.449696719646453857e-04
7.061481475830078125e-03
1.194262504577636719e-02
7.016630843281745911e-05
2.021610736846923828e-02
8.060634136199951172e-04
1.836903393268585205e-04
2.492606639862060547e-03
1.463854312896728516e-02
4.403945058584213257e-05
1.898908615112304688e-02
2.100002765655517578e-02
1.968488097190856934e-03
1.655447483062744141e-02
1.732990145683288574e-03
1.910686492919921875e-03
4.726096987724304199e-03
4.293501377105712891e-03
3.567084670066833496e-03
1.107230782508850098e-03
7.846802473068237305e-03
9.384691715240478516e-03
1.701116561889648438e-02
4.186689853668212891e-03
6.818830966949462891e-03
1.057308912277221680e-02
5.791038274765014648e-03
3.512762486934661865e-04
2.118176780641078949e-05
4.291638731956481934e-03
2.631294727325439453e-02
3.001093864440917969e-04
2.622222900390625000e-02
8.903443813323974609e-03
1.103639602661132812e-03
7.766485214233398438e-04
1.781523227691650391e-03
8.213549852371215820e-03
1.313239336013793945e-03
4.822835326194763184e-04
2.548530697822570801e-03
1.938249915838241577e-04
8.246183395385742188e-03
1.592350006103515625e-02
3.278758376836776733e-04
2.516508102416992188e-03
2.153360843658447266e-02
1.440405845642089844e-02
8.893758058547973633e-04
1.618647575378417969e-02
8.926168084144592285e-04
6.094455718994140625e-03
1.723879575729370117e-02
1.274931430816650391e-02
1.269010826945304871e-04
7.246062159538269043e-04
7.137749344110488892e-05
3.854427486658096313e-04
5.019068717956542969e-03
1.117765903472900391e-02
2.575767040252685547e-02
3.071427345275878906e-03
1.648262143135070801e-03
3.842543810606002808e-05
1.525595784187316895e-03
6.362050771713256836e-05
8.532926440238952637e-04
9.373009204864501953e-03
5.464881658554077148e-03
7.389299571514129639e-05
5.334794521331787109e-03
1.931142807006835938e-02
1.321092247962951660e-03
1.831419765949249268e-03
2.519124746322631836e-02
4.652664065361022949e-04
3.799796104431152344e-03
1.022309064865112305e-03
1.212716102600097656e-03
2.369694411754608154e-04
4.040896892547607422e-03
3.691390156745910645e-04
1.411432027816772461e-02
9.358346462249755859e-03
6.325870752334594727e-03
4.924744367599487305e-03
4.509836435317993164e-04
3.393399715423583984e-02
6.640283390879631042e-05
3.871135413646697998e-04
3.289967775344848633e-03
2.795988321304321289e-02
4.823617637157440186e-04
2.312194555997848511e-04
9.772926568984985352e-03
1.270872354507446289e-02
1.077145338058471680e-03
3.338113427162170410e-03
2.367869019508361816e-04
4.900339990854263306e-05
3.747612237930297852e-03
1.864604651927947998e-03
1.828181743621826172e-02
1.245540380477905273e-02
2.343940734863281250e-02
1.674699783325195312e-02
1.729473471641540527e-03
3.303736448287963867e-03
1.322396099567413330e-03
1.523202657699584961e-02
7.827356457710266113e-04
1.625549793243408203e-02
2.701365947723388672e-02
6.983160972595214844e-03
3.088843077421188354e-04
3.426894545555114746e-03
8.025467395782470703e-03
2.706810832023620605e-03
6.816446781158447266e-03
1.237303018569946289e-02
2.516601234674453735e-04
2.732276916503906250e-03
2.214014530181884766e-03
2.624057233333587646e-04
6.193406879901885986e-04
6.625592708587646484e-03
9.792819619178771973e-04
4.231417551636695862e-05
2.292007207870483398e-03
8.882462978363037109e-03
3.239810466766357422e-03
1.203149557113647461e-03
9.955704212188720703e-03
8.829608559608459473e-04
1.384425163269042969e-02
3.232955932617187500e-03
2.522781491279602051e-03
6.304346024990081787e-04
2.364885807037353516e-02
3.153550624847412109e-02
2.001953125000000000e-02
9.459257125854492188e-04
1.416206359863281250e-04
1.612216234207153320e-03
4.964292049407958984e-03
5.099296569824218750e-03
2.725771628320217133e-05
1.180088147521018982e-04
2.502977848052978516e-03
6.967723369598388672e-03
2.936452627182006836e-02
1.534208655357360840e-03
2.266600728034973145e-03
7.891178131103515625e-03
6.592571735382080078e-03
1.496613025665283203e-02
6.280511617660522461e-03
1.680088043212890625e-02
1.333338022232055664e-02
2.295318990945816040e-04
8.430421352386474609e-03
2.060875296592712402e-03
2.160698175430297852e-02
1.984000205993652344e-02
2.951472997665405273e-03
3.634065389633178711e-03
2.238586544990539551e-03
1.308560371398925781e-02
4.901111125946044922e-03
1.140636205673217773e-02
1.427447795867919922e-02
2.860240638256072998e-04
1.199388504028320312e-02
5.125612020492553711e-03
1.486337184906005859e-02
1.621805131435394287e-03
3.888290375471115112e-04
7.370263338088989258e-04
1.008689403533935547e-02
1.902383565902709961e-02
4.829511046409606934e-03
1.468718051910400391e-03
1.004066318273544312e-03
1.207840442657470703e-02
4.926249384880065918e-04
6.359592080116271973e-04
1.940572261810302734e-02
1.401275396347045898e-03
1.731318235397338867e-02
1.335464417934417725e-03
4.999861121177673340e-04
3.351241350173950195e-03
3.045469522476196289e-03
3.158226609230041504e-04
6.542392075061798096e-04
5.078032612800598145e-03
8.958019316196441650e-05
5.659222602844238281e-03
1.074463129043579102e-03
8.233264088630676270e-04
2.913087606430053711e-03
2.081811428070068359e-02
2.434253692626953125e-03
1.604512333869934082e-03
3.710150718688964844e-03
5.428567528724670410e-04
2.220940589904785156e-02
5.021154880523681641e-03
8.725095540285110474e-05
9.144656360149383545e-04
4.558011889457702637e-03
2.406537532806396484e-03
9.224176406860351562e-03
4.492431879043579102e-03
6.216913461685180664e-03
1.147919893264770508e-02
6.659567356109619141e-03
3.581002354621887207e-03
2.870500087738037109e-02
6.638579070568084717e-04
5.491018295288085938e-03
2.187424898147583008e-02
8.720569312572479248e-04
1.352560520172119141e-02
8.065700531005859375e-03
7.816076278686523438e-03
7.780492305755615234e-04
6.802886724472045898e-03
3.858819603919982910e-03
4.142850637435913086e-03
1.812577247619628906e-03
1.024025678634643555e-02
6.009452044963836670e-04
2.253595739603042603e-04
8.323863148689270020e-04
2.588570117950439453e-03
1.495152711868286133e-02
2.645409107208251953e-02
6.491720676422119141e-03
3.626337274909019470e-05
1.308232545852661133e-02
2.005577087402343750e-03
9.574741125106811523e-04
3.241896629333496094e-04
2.772748470306396484e-03
1.741565763950347900e-03
1.281979680061340332e-02
5.116179585456848145e-03
2.888673543930053711e-02
1.952685415744781494e-03
1.803112030029296875e-02
2.345424145460128784e-04
1.135490834712982178e-03
1.752739772200584412e-04
6.688207387924194336e-03
6.504923105239868164e-03
1.831185817718505859e-02
2.833443880081176758e-02
4.882037639617919922e-03
2.219453454017639160e-03
2.207159996032714844e-03
1.637712121009826660e-03
6.486102938652038574e-05
1.107788085937500000e-02
6.124645471572875977e-03
4.254549741744995117e-03
2.142861485481262207e-03
1.952931284904479980e-03
3.244534134864807129e-03
1.656746864318847656e-02
5.228012800216674805e-03
1.850867271423339844e-02
1.452550292015075684e-03
1.250408589839935303e-03
2.640402317047119141e-02
1.414251327514648438e-02
1.326930522918701172e-02
2.761036157608032227e-03
2.644106745719909668e-03
1.077912747859954834e-04
2.779647707939147949e-03
7.676705718040466309e-04
2.480363845825195312e-02
5.087167024612426758e-03
2.720504999160766602e-03
4.703313112258911133e-03
4.015006124973297119e-04
1.701819896697998047e-02
5.625486373901367188e-03
2.406671643257141113e-03
5.738615989685058594e-03
2.599108219146728516e-02
1.034647226333618164e-03
1.070785522460937500e-02
2.052307128906250000e-03
1.379866153001785278e-04
1.157277822494506836e-02
1.406613737344741821e-04
2.635836601257324219e-02
8.141249418258666992e-04
1.355004310607910156e-02
1.575583219528198242e-02
4.915967583656311035e-04
4.012018442153930664e-03
7.637321949005126953e-03
2.992421388626098633e-03
2.778100967407226562e-02
3.722751140594482422e-02
3.132205456495285034e-04
1.686155796051025391e-03
3.295198082923889160e-03
7.962316274642944336e-03
1.072444021701812744e-03
9.211540222167968750e-03
1.732483506202697754e-03
9.781390428543090820e-03
4.002541303634643555e-03
3.800876438617706299e-04
3.302705287933349609e-02
1.600152254104614258e-02
9.596824645996093750e-03
4.327476024627685547e-03
3.667429089546203613e-03
3.656104207038879395e-03
7.937662303447723389e-05
9.291097521781921387e-04
1.233541965484619141e-02
1.678541302680969238e-03
2.380669116973876953e-03
1.094806194305419922e-02
6.543323397636413574e-04
1.728421449661254883e-02
1.310569047927856445e-02
3.905490040779113770e-03
1.309710741043090820e-02
3.761291503906250000e-03
3.088667988777160645e-03
6.009072065353393555e-03
7.422447204589843750e-03
3.257006406784057617e-03
1.907378435134887695e-03
1.106369495391845703e-02
2.438798546791076660e-03
3.250777721405029297e-03
1.175276935100555420e-03
1.160681247711181641e-03
3.580540418624877930e-03
1.154953241348266602e-02
5.260691046714782715e-03
2.277749776840209961e-02
1.063078641891479492e-02
1.746192574501037598e-04
6.720930337905883789e-03
9.678304195404052734e-03
8.536949753761291504e-04
3.714501857757568359e-03
1.877748966217041016e-02
1.179805397987365723e-02
6.732158362865447998e-04
1.721578836441040039e-02
4.124194383621215820e-04
5.739629268646240234e-04
3.273665904998779297e-03
7.959187030792236328e-03
2.128881216049194336e-02
2.125479280948638916e-03
2.470237016677856445e-02
2.892479300498962402e-03
2.647385001182556152e-03
6.493300199508666992e-03
8.620731532573699951e-04
6.438970565795898438e-03
3.750279545783996582e-03
1.841664314270019531e-02
2.813711762428283691e-03
7.821202278137207031e-03
2.374970912933349609e-02
1.650589704513549805e-02
3.365054726600646973e-03
3.716692328453063965e-03
6.881177425384521484e-03
2.140295505523681641e-02
2.794917672872543335e-04
7.735967636108398438e-03
7.525086402893066406e-04
5.160063505172729492e-03
3.390654921531677246e-03
1.945942640304565430e-04
2.377551794052124023e-02
4.956126213073730469e-03
1.232999563217163086e-02
1.448744535446166992e-02
7.856905460357666016e-03
4.117101430892944336e-03
4.009455442428588867e-04
4.063323140144348145e-03
3.959178924560546875e-03
1.161694526672363281e-02
6.392985582351684570e-03
4.051625728607177734e-03
1.210504770278930664e-02
1.005791127681732178e-03
6.851851940155029297e-04
6.531357765197753906e-03
1.937943696975708008e-02
2.017450332641601562e-02
2.908945083618164062e-03
6.542891263961791992e-03
1.871246099472045898e-02
1.143869012594223022e-04
1.260496675968170166e-03
2.818539738655090332e-03
1.971387863159179688e-02
7.137775421142578125e-03
1.054692268371582031e-02
2.778209745883941650e-04
6.049834191799163818e-04
9.297579526901245117e-04
1.436090469360351562e-02
5.374878644943237305e-03
1.524013280868530273e-02
9.834051132202148438e-03
6.711333990097045898e-04
4.884488880634307861e-04
3.806459903717041016e-02
3.164611756801605225e-03
3.240868449211120605e-03
1.007203012704849243e-03
2.378529310226440430e-02
1.639276742935180664e-03
8.709192276000976562e-03
9.767770767211914062e-03
2.230525016784667969e-03
2.786830067634582520e-03
1.891911029815673828e-03
4.787206649780273438e-03
2.132892608642578125e-03
8.418671786785125732e-04
1.972272992134094238e-03
1.770704984664916992e-03
1.872897148132324219e-02
2.390146255493164062e-03
1.449173688888549805e-02
8.020512759685516357e-04
1.475900411605834961e-03
2.465009689331054688e-02
2.513194084167480469e-02
2.985522150993347168e-03
1.674331724643707275e-03
1.310038566589355469e-02
2.634501457214355469e-02
3.068089485168457031e-03
1.634851098060607910e-03
1.962259411811828613e-03
1.530659198760986328e-02
2.752804756164550781e-02
2.543509006500244141e-03
7.257252931594848633e-03
9.731650352478027344e-04
2.194750308990478516e-02
5.014181137084960938e-03
9.287327527999877930e-03
1.774060726165771484e-02
2.173531055450439453e-02
1.898575574159622192e-04
1.910328865051269531e-03
4.962503910064697266e-03
2.199243754148483276e-04
2.069652080535888672e-03
4.108428955078125000e-03
8.804678916931152344e-03
8.334130048751831055e-03
7.878452539443969727e-03
4.612386226654052734e-03
1.808482408523559570e-02
5.439579486846923828e-03
6.208628416061401367e-03
2.391427755355834961e-03
9.692430496215820312e-03
6.231814622879028320e-04
2.442157268524169922e-02
1.306909322738647461e-02
6.754994392395019531e-04
6.527751684188842773e-03
7.146298885345458984e-03
2.842053771018981934e-03
2.117522060871124268e-03
3.655761480331420898e-03
3.407910466194152832e-03
8.960068225860595703e-04
2.112284302711486816e-03
2.197679132223129272e-04
3.629595041275024414e-03
3.157034516334533691e-03
3.345564007759094238e-03
6.116688251495361328e-03
1.127380132675170898e-02
4.752457141876220703e-03
8.206844329833984375e-03
6.315149366855621338e-04
1.092851161956787109e-03
7.111907005310058594e-03
1.728790998458862305e-02
7.620602846145629883e-04
3.152340650558471680e-04
1.736599951982498169e-04
1.023763418197631836e-02
6.853163242340087891e-03
3.759451210498809814e-04
9.622573852539062500e-03
8.085012435913085938e-03
5.378052592277526855e-04
9.818822145462036133e-04
3.348733298480510712e-05
8.149743080139160156e-03
7.645133882761001587e-05
8.742883801460266113e-05
5.602061748504638672e-03
6.381087005138397217e-04
1.200807094573974609e-02
2.109801769256591797e-02
1.736134290695190430e-03
4.832632839679718018e-04
7.960852235555648804e-05
3.039091825485229492e-03
6.855309009552001953e-03
2.517497539520263672e-02
2.251970767974853516e-02
1.665353775024414062e-02
2.388767898082733154e-04
2.392828464508056641e-04
9.715318679809570312e-03
3.092810511589050293e-03
7.262766361236572266e-03
3.731563687324523926e-03
1.582586765289306641e-02
2.456611394882202148e-02
4.116773605346679688e-03
1.471482217311859131e-03
5.415409803390502930e-03
6.219595670700073242e-04
1.810634136199951172e-02
6.208389997482299805e-03
1.310318708419799805e-03
2.454876899719238281e-03
9.705685079097747803e-05
2.283230423927307129e-04
5.339691415429115295e-05
8.493065834045410156e-03
1.227907836437225342e-03
3.382980823516845703e-03
2.096176147460937500e-03
1.179909706115722656e-02
1.218959689140319824e-03
5.823671817779541016e-04
9.472519159317016602e-03
1.053512096405029297e-02
1.782655715942382812e-02
2.467408776283264160e-04
8.691370487213134766e-03
2.178639173507690430e-03
1.482284069061279297e-02
8.202642202377319336e-04
3.288403153419494629e-03
7.855564355850219727e-03
2.522218227386474609e-02
5.781874060630798340e-04
1.391065120697021484e-02
2.835988998413085938e-03
1.956039667129516602e-02
1.968443393707275391e-02
1.213774085044860840e-03
9.025931358337402344e-04
1.669954508543014526e-04
3.783032298088073730e-04
1.575464010238647461e-02
2.337291836738586426e-03
1.261347532272338867e-02
2.675473690032958984e-03
6.740778684616088867e-03
8.143723011016845703e-03
1.131735742092132568e-03
1.817679405212402344e-02
1.128542423248291016e-02
1.733410358428955078e-02
1.776605844497680664e-02
2.803236246109008789e-03
2.206731587648391724e-04
7.540822029113769531e-03
4.729866981506347656e-03
7.409453392028808594e-03
3.528192639350891113e-03
5.909442901611328125e-03
1.056693494319915771e-03
1.980867236852645874e-04
1.754947006702423096e-03
4.713051021099090576e-04
1.698449254035949707e-03
4.925914108753204346e-04
2.894908189773559570e-03
9.252011775970458984e-03
2.989754080772399902e-03
9.094387292861938477e-03
4.073642194271087646e-04
1.679456233978271484e-02
2.772025763988494873e-04
1.203674077987670898e-02
1.824811100959777832e-03
4.666373133659362793e-04
3.329858183860778809e-03
3.728359937667846680e-03
4.427274689078330994e-05
1.995074748992919922e-02
1.608508825302124023e-02
6.335139274597167969e-03
2.215778827667236328e-02
1.256853342056274414e-03
2.043926715850830078e-02
1.098340749740600586e-02
2.000346779823303223e-03
3.293585777282714844e-02
1.631611585617065430e-02
8.855089545249938965e-04
1.212835311889648438e-02
8.399151265621185303e-04
2.565646171569824219e-02
1.920163631439208984e-03
1.445651054382324219e-02
3.840662539005279541e-04
9.787827730178833008e-05
1.108005642890930176e-03
1.647397875785827637e-03
4.875421524047851562e-03
7.987409830093383789e-03
2.425983548164367676e-03
2.795279026031494141e-03
1.032322645187377930e-02
1.439034938812255859e-02
8.644938468933105469e-03
1.896452158689498901e-04
1.029467582702636719e-02
6.528832018375396729e-04
1.915991306304931641e-02
4.015564918518066406e-04
9.520277380943298340e-04
2.132996916770935059e-03
7.604993879795074463e-04
2.702832221984863281e-03
2.811014652252197266e-02
1.262176036834716797e-02
3.599435091018676758e-03
8.043795824050903320e-03
9.402811527252197266e-03
1.660630106925964355e-03
1.856225728988647461e-02
1.243549585342407227e-02
1.526367664337158203e-02
1.729851961135864258e-02
1.832437515258789062e-02
3.092642873525619507e-04
1.228877902030944824e-02
2.235448360443115234e-02
7.015168666839599609e-03
2.274340391159057617e-02
1.012384891510009766e-04
5.490690469741821289e-03
7.586345076560974121e-03
6.556540727615356445e-03
3.279149532318115234e-02
1.189935207366943359e-02
1.955673098564147949e-03
3.896534442901611328e-03
7.711499929428100586e-04
1.372367143630981445e-02
1.400542259216308594e-02
1.460880041122436523e-02
5.966126918792724609e-03
2.765078097581863403e-04
1.301646232604980469e-03
8.937835693359375000e-03
5.807399749755859375e-03
7.637441158294677734e-04
2.646118402481079102e-03
2.341032028198242188e-03
1.697480678558349609e-02
9.286105632781982422e-03
3.928598016500473022e-05
2.405327558517456055e-02
1.062758266925811768e-03
1.656204462051391602e-03
8.328035473823547363e-04
2.687662839889526367e-03
1.853071153163909912e-04
2.472758293151855469e-03
1.756355166435241699e-03
2.945229411125183105e-03
8.308738470077514648e-04
3.410037606954574585e-05
2.638685703277587891e-02
5.854312330484390259e-04
4.728794097900390625e-03
1.501750946044921875e-02
4.397854208946228027e-04
2.333879470825195312e-02
2.145832777023315430e-02
4.661917686462402344e-03
5.639389157295227051e-03
2.056539058685302734e-03
6.518989801406860352e-03
2.701818943023681641e-03
1.537203788757324219e-02
1.385754346847534180e-02
2.321586012840270996e-03
3.361508250236511230e-03
4.800688475370407104e-05
7.254481315612792969e-04
1.997292041778564453e-02
1.828558743000030518e-04
2.915591001510620117e-03
5.002245306968688965e-04
2.260804176330566406e-02
5.973130464553833008e-03
1.098819077014923096e-03
6.198883056640625000e-03
1.462137699127197266e-02
7.916763424873352051e-04
6.439536809921264648e-03
1.119848340749740601e-03
4.443079233169555664e-04
8.760213851928710938e-03
6.583273410797119141e-03
1.648366451263427734e-02
1.158438622951507568e-03
1.447975635528564453e-02
5.367130041122436523e-03
1.471596956253051758e-02
2.839975059032440186e-05
1.531058549880981445e-02
8.073747158050537109e-03
2.980321645736694336e-03
1.829075813293457031e-02
9.739696979522705078e-04
6.977096199989318848e-04
1.108318567276000977e-02
7.322151213884353638e-05
1.842200756072998047e-02
8.960425853729248047e-03
2.395100891590118408e-04
3.645211458206176758e-03
1.093909144401550293e-03
9.903013706207275391e-03
2.754315733909606934e-03
4.637479782104492188e-03
2.267539501190185547e-02
2.290457487106323242e-04
5.252718925476074219e-03
2.713263034820556641e-03
1.826786994934082031e-02
1.752004027366638184e-04
8.626654744148254395e-04
1.682782173156738281e-02
1.779967546463012695e-02
1.796245574951171875e-03
4.892632365226745605e-03
1.008439064025878906e-02
9.746134281158447266e-03
4.413947463035583496e-04
1.073664426803588867e-02
3.128886222839355469e-03
4.734843969345092773e-03
1.267462968826293945e-02
2.655778080224990845e-04
8.192956447601318359e-03
1.858308911323547363e-03
2.002120018005371094e-03
4.558622837066650391e-03
1.555550098419189453e-02
8.876919746398925781e-04
3.472622483968734741e-04
6.472706794738769531e-03
4.760712385177612305e-03
7.407553493976593018e-05
8.104383945465087891e-03
8.161365985870361328e-04
1.203346252441406250e-02
1.144498586654663086e-02
3.141605854034423828e-02
3.260582685470581055e-03
1.630288362503051758e-02
3.099942207336425781e-02
1.436792314052581787e-03
3.895476460456848145e-03
1.457202434539794922e-02
1.494145393371582031e-02
7.130384445190429688e-03
4.770755767822265625e-04
1.159334182739257812e-02
6.881535053253173828e-03
1.189422607421875000e-02
6.229896098375320435e-05
2.786204218864440918e-03
5.156174302101135254e-04
4.749834537506103516e-03
1.687318086624145508e-02
1.004052162170410156e-02
2.304202318191528320e-02
1.257675886154174805e-02
8.073359727859497070e-03
6.920238956809043884e-05
7.620751857757568359e-04
3.858491778373718262e-03
1.011615991592407227e-02
5.126893520355224609e-03
7.291436195373535156e-03
4.064917564392089844e-03
2.095061540603637695e-02
1.775586605072021484e-02
3.132328391075134277e-03
9.999692440032958984e-03
1.490783691406250000e-02
1.563483476638793945e-02
1.307231187820434570e-02
1.831427216529846191e-03
4.842281341552734375e-04
6.636202335357666016e-03
2.441599965095520020e-03
1.296329498291015625e-02
2.113375812768936157e-04
5.714688450098037720e-05
6.352335214614868164e-03
1.083664596080780029e-03
3.866711631417274475e-05
8.468888700008392334e-04
4.849396646022796631e-05
2.132840454578399658e-04
1.538850367069244385e-03
1.027874648571014404e-03
4.314601421356201172e-03
3.289431333541870117e-04
1.786462962627410889e-04
1.883439719676971436e-03
7.982961833477020264e-04
1.721650362014770508e-03
1.659039407968521118e-04
2.294763922691345215e-03
4.293739795684814453e-03
1.457840204238891602e-03
3.851931542158126831e-04
3.043830394744873047e-03
1.068198680877685547e-02
1.307541131973266602e-02
7.005929946899414062e-03
1.017548143863677979e-03
2.675559371709823608e-04
4.652254283428192139e-04
3.080070018768310547e-03
4.896372556686401367e-04
3.402113914489746094e-03
4.632957279682159424e-04
4.265978932380676270e-04
3.309577703475952148e-03
1.244843006134033203e-04
2.630606293678283691e-03
4.520088434219360352e-03
7.718577980995178223e-04
2.786815166473388672e-03
4.929661750793457031e-03
1.846551895141601562e-04
2.030491828918457031e-02
6.297260522842407227e-03
8.025690913200378418e-04
1.550540328025817871e-03
1.732534170150756836e-02
1.955814659595489502e-04
4.818551242351531982e-04
6.749574095010757446e-05
1.535117626190185547e-03
1.348948478698730469e-02
1.330431550741195679e-04
1.064679026603698730e-02
1.581013202667236328e-04
5.406439304351806641e-03
7.376298308372497559e-04
3.512054681777954102e-04
2.396449446678161621e-03
3.326162695884704590e-03
2.644455432891845703e-02
1.627728343009948730e-04
3.630056977272033691e-03
1.276969909667968750e-03
3.324821591377258301e-04
2.509132027626037598e-04
2.082854509353637695e-03
8.183330297470092773e-03
1.482106745243072510e-04
1.744264736771583557e-04
1.260973513126373291e-04
2.053275704383850098e-03
5.398601293563842773e-03
1.938462257385253906e-02
3.876328468322753906e-03
1.019701361656188965e-03
4.702955484390258789e-04
2.075541019439697266e-02
6.010353565216064453e-03
3.495439887046813965e-04
1.157239079475402832e-03
1.779745798557996750e-05
4.972703754901885986e-04
1.400232315063476562e-03
1.256179809570312500e-02
3.276690840721130371e-03
1.457296311855316162e-04
2.709120512008666992e-03
2.956062555313110352e-03
5.323020741343498230e-05
1.914530992507934570e-03
8.634254336357116699e-04
1.238480210304260254e-03
1.191049814224243164e-03
3.895834088325500488e-03
2.682119607925415039e-03
8.553732186555862427e-06
3.165572881698608398e-03
7.181987166404724121e-04
3.265023231506347656e-03
8.672118186950683594e-03
1.377367973327636719e-02
5.454756319522857666e-04
8.698329329490661621e-04
3.499984741210937500e-04
1.070663332939147949e-03
1.836150884628295898e-03
1.626580953598022461e-03
2.734959125518798828e-04
1.709955930709838867e-02
2.541935443878173828e-02
1.621305942535400391e-03
4.663355648517608643e-04
9.675920009613037109e-04
6.737653166055679321e-05
1.365995407104492188e-02
1.525759696960449219e-03
2.079442143440246582e-03
6.497427821159362793e-04
2.814829349517822266e-04
1.220569014549255371e-03
6.722360849380493164e-04
7.115490734577178955e-05
2.562031149864196777e-04
4.036545753479003906e-03
1.005258411169052124e-03
9.520173072814941406e-03
2.948090434074401855e-03
3.833845257759094238e-04
1.768738031387329102e-03
1.840651035308837891e-03
3.182053565979003906e-03
7.337331771850585938e-04
1.202337443828582764e-03
2.437859773635864258e-03
1.945830881595611572e-04
6.808936595916748047e-04
1.187771558761596680e-03
7.078647613525390625e-04
8.299052715301513672e-03
4.566013813018798828e-03
1.076468825340270996e-02
8.611381053924560547e-05
9.298548102378845215e-04
3.444552421569824219e-04
5.268976092338562012e-04
8.604582399129867554e-05
9.952902793884277344e-03
2.008605003356933594e-02
1.412741839885711670e-04
1.533731818199157715e-03
1.607902348041534424e-03
4.453845322132110596e-04
1.205638051033020020e-03
6.325453519821166992e-03
3.132343292236328125e-03
8.391402661800384521e-05
8.078217506408691406e-04
7.120072841644287109e-04
1.007936894893646240e-03
4.547312855720520020e-04
1.133799552917480469e-02
1.083213090896606445e-02
9.693801403045654297e-03
9.887248277664184570e-03
1.994705200195312500e-02
1.027792692184448242e-03
4.196316003799438477e-03
2.041888236999511719e-02
9.174346923828125000e-04
4.311464726924896240e-04
9.293407201766967773e-04
3.029704093933105469e-04
1.354545354843139648e-03
3.193542361259460449e-03
2.552062273025512695e-03
2.475194633007049561e-04
4.370898008346557617e-03
1.100152730941772461e-04
4.451096057891845703e-03
7.220953702926635742e-04
2.522188425064086914e-02
1.408785581588745117e-02
4.771739244461059570e-03
4.137530922889709473e-04
4.025995731353759766e-04
8.627593517303466797e-03
4.240870475769042969e-03
2.851128578186035156e-03
3.115475177764892578e-03
2.209872007369995117e-03
1.011461019515991211e-02
8.392870426177978516e-03
9.000599384307861328e-04
2.409791946411132812e-02
3.843143582344055176e-03
1.480513811111450195e-02
1.869410276412963867e-02
3.680475056171417236e-04
1.420162618160247803e-03
2.873204648494720459e-04
4.962347447872161865e-04
2.430379390716552734e-03
7.602944970130920410e-05
4.150755703449249268e-04
3.541409969329833984e-04
2.012833952903747559e-03
1.652389764785766602e-03
3.455728292465209961e-03
1.114904880523681641e-03
2.553090453147888184e-04
1.095739006996154785e-02
2.119746059179306030e-04
2.567004412412643433e-04
4.323959350585937500e-03
3.432655334472656250e-02
1.187045127153396606e-04
4.815943539142608643e-04
4.505008459091186523e-03
1.385640352964401245e-04
1.635313034057617188e-02
5.825888365507125854e-05
6.391964852809906006e-04
1.976434141397476196e-04
6.753429770469665527e-04
1.987978816032409668e-03
1.290650106966495514e-05
5.722075700759887695e-03
5.217641592025756836e-03
4.153490066528320312e-03
4.510223865509033203e-03
1.631062477827072144e-04
1.272503286600112915e-04
2.313435077667236328e-02
1.079648733139038086e-03
1.358553767204284668e-03
1.329131424427032471e-03
1.573145389556884766e-03
4.672966897487640381e-04
3.457158803939819336e-03
4.478953778743743896e-04
5.502104759216308594e-03
2.753168344497680664e-03
4.531502723693847656e-03
5.761474370956420898e-03
1.201435923576354980e-03
1.390121877193450928e-03
3.366187214851379395e-03
1.185780763626098633e-02
3.336928784847259521e-04
6.866306066513061523e-04
1.727610826492309570e-02
5.229622125625610352e-03
7.607229053974151611e-05
7.583312690258026123e-04
1.890674233436584473e-03
7.611792534589767456e-05
1.019808650016784668e-02
2.826787531375885010e-04
8.275732398033142090e-05
1.574620604515075684e-03
1.859918236732482910e-03
6.318211555480957031e-03
6.325721740722656250e-03
1.731157302856445312e-02
3.313105553388595581e-04
1.681268215179443359e-03
9.664475917816162109e-03
3.982633352279663086e-04
1.550447195768356323e-04
1.247465610504150391e-03
5.090475082397460938e-03
1.087952405214309692e-04
1.070238649845123291e-03
8.512139320373535156e-04
4.868507385253906250e-03
3.168880939483642578e-03
5.755513906478881836e-03
4.684209823608398438e-03
1.272007822990417480e-03
1.019135117530822754e-03
2.386701107025146484e-02
1.981273293495178223e-03
8.688867092132568359e-03
1.737192273139953613e-03
1.680588722229003906e-02
1.101940870285034180e-03
2.994984388351440430e-03
6.352573633193969727e-03
6.396835669875144958e-05
1.371487975120544434e-03
8.097529411315917969e-03
1.081442460417747498e-04
5.955584347248077393e-04
3.959089517593383789e-04
7.619887590408325195e-03
2.298690378665924072e-04
1.276129484176635742e-02
1.048421859741210938e-02
8.677765727043151855e-04
2.036571502685546875e-02
1.707360148429870605e-03
1.810584217309951782e-04
2.094544470310211182e-04
3.983259201049804688e-03
2.037930488586425781e-02
6.388157606124877930e-03
3.889113664627075195e-03
5.567446351051330566e-04
1.175878569483757019e-04
1.502454280853271484e-03
2.828752622008323669e-05
7.290299981832504272e-05
3.543458878993988037e-04
3.214366734027862549e-04
3.848850727081298828e-03
1.648999750614166260e-05
6.934165954589843750e-03
1.093387603759765625e-03
5.487073212862014771e-05
5.705952644348144531e-03
2.634398639202117920e-03
1.337665319442749023e-02
1.119136810302734375e-02
2.268433570861816406e-03
7.487386465072631836e-03
2.963081002235412598e-03
3.684490919113159180e-03
4.726089537143707275e-04
3.801062703132629395e-03
1.011157035827636719e-02
8.247256278991699219e-03
5.941599607467651367e-03
9.929180145263671875e-03
1.062788069248199463e-03
1.545488834381103516e-02
2.378964424133300781e-02
2.018028497695922852e-02
6.511621177196502686e-05
1.102618873119354248e-03
1.109632849693298340e-02
7.966428995132446289e-03
9.755820035934448242e-03
1.660987734794616699e-03
1.211449503898620605e-03
2.415501512587070465e-05
5.622729659080505371e-04
2.238297462463378906e-02
3.854148089885711670e-04
3.391966223716735840e-03
2.169221639633178711e-03
1.018576323986053467e-03
1.578554511070251465e-03
2.160561084747314453e-02
8.239410817623138428e-05
9.580403566360473633e-04
4.282876849174499512e-03
6.572663784027099609e-03
1.760017871856689453e-02
3.275722265243530273e-04
1.838594675064086914e-03
7.318668067455291748e-04
2.748465538024902344e-02
2.279072999954223633e-03
1.226775348186492920e-03
1.501858234405517578e-03
5.197040736675262451e-04
1.876391470432281494e-04
6.811469793319702148e-04
2.966877073049545288e-04
1.055681705474853516e-02
2.393405884504318237e-04
6.060395389795303345e-05
7.348060607910156250e-04
4.833519458770751953e-03
6.396993994712829590e-04
3.970056772232055664e-03
2.774670720100402832e-04
3.777351230382919312e-04
7.289052009582519531e-04
2.578401565551757812e-02
2.403333783149719238e-04
1.182649284601211548e-04
1.818597316741943359e-03
5.972534418106079102e-04
4.833176732063293457e-03
3.965804353356361389e-05
1.944839954376220703e-03
1.831591129302978516e-02
8.491799235343933105e-04
3.916129469871520996e-03
1.776650547981262207e-03
3.269165754318237305e-03
2.075159549713134766e-02
1.370102167129516602e-03
2.511233091354370117e-03
2.221032977104187012e-03
5.360506474971771240e-04
1.285217702388763428e-03
2.451948821544647217e-04
1.471891999244689941e-03
4.173904657363891602e-03
4.351548850536346436e-04
9.145773947238922119e-05
3.209039568901062012e-03
7.005175575613975525e-05
8.897781372070312500e-03
3.335610032081604004e-03
1.257516443729400635e-03
7.549673318862915039e-05
6.667859852313995361e-04
3.836378455162048340e-04
9.523570537567138672e-03
1.975797116756439209e-03
1.045864820480346680e-02
2.184249460697174072e-04
9.103417396545410156e-04
4.710257053375244141e-03
1.293588429689407349e-04
1.600638031959533691e-03
2.158284187316894531e-04
4.350170493125915527e-03
5.970895290374755859e-04
1.071095466613769531e-03
4.630275070667266846e-04
1.114422082901000977e-02
1.138895750045776367e-03
5.172371864318847656e-03
2.775825560092926025e-04
2.706304192543029785e-03
1.409322023391723633e-02
3.546997904777526855e-03
3.636330366134643555e-04
0.000000000000000000e+00
0.000000000000000000e+00
0.000000000000000000e+00
0.000000000000000000e+00
0.000000000000000000e+00
0.000000000000000000e+00
0.000000000000000000e+00
0.000000000000000000e+00
0.000000000000000000e+00
0.000000000000000000e+00
0.000000000000000000e+00
0.000000000000000000e+00
0.000000000000000000e+00
0.000000000000000000e+00
0.000000000000000000e+00
0.000000000000000000e+00
0.000000000000000000e+00
0.000000000000000000e+00
0.000000000000000000e+00
0.000000000000000000e+00
0.000000000000000000e+00
0.000000000000000000e+00
0.000000000000000000e+00
0.000000000000000000e+00
0.000000000000000000e+00
0.000000000000000000e+00
0.000000000000000000e+00
0.000000000000000000e+00
0.000000000000000000e+00
0.000000000000000000e+00
0.000000000000000000e+00
0.000000000000000000e+00
0.000000000000000000e+00
0.000000000000000000e+00
0.000000000000000000e+00
0.000000000000000000e+00
0.000000000000000000e+00
0.000000000000000000e+00
0.000000000000000000e+00
0.000000000000000000e+00
