2.158534526824951172e-02
8.897390216588973999e-05
3.976613283157348633e-03
1.138353347778320312e-02
1.620578765869140625e-02
5.043536424636840820e-03
5.679973401129245758e-05
1.341834664344787598e-03
3.665521740913391113e-03
1.567471027374267578e-02
1.957035064697265625e-02
1.001134514808654785e-04
4.644155502319335938e-03
2.967685461044311523e-03
7.847473025321960449e-04
4.988670349121093750e-03
6.274878978729248047e-05
7.703781127929687500e-03
6.377786397933959961e-03
1.093363761901855469e-02
8.329510688781738281e-03
5.479305982589721680e-03
1.753389835357666016e-02
1.910555362701416016e-02
2.606630325317382812e-03
1.375782489776611328e-02
1.573488116264343262e-04
1.363837718963623047e-02
7.517710328102111816e-04
1.189064979553222656e-02
1.842882484197616577e-04
1.895785331726074219e-02
1.509821414947509766e-02
1.764702796936035156e-02
5.355011671781539917e-05
4.633247852325439453e-03
8.055508136749267578e-03
1.525461673736572266e-02
3.798194229602813721e-04
7.266141474246978760e-04
4.633516073226928711e-04
7.137298583984375000e-03
1.269817352294921875e-02
1.096469163894653320e-02
2.244031429290771484e-02
1.321202516555786133e-02
8.074373006820678711e-03
1.984781026840209961e-02
4.253163933753967285e-04
2.073526382446289062e-02
7.791556417942047119e-04
1.714140176773071289e-03
5.618482828140258789e-03
9.261727333068847656e-03
1.319873332977294922e-02
1.304119825363159180e-02
4.043802618980407715e-05
8.101791143417358398e-03
4.598379135131835938e-03
1.258719712495803833e-04
2.049291133880615234e-02
3.025904297828674316e-03
1.628214120864868164e-02
1.797831058502197266e-02
4.761010408401489258e-03
2.733096480369567871e-03
1.544719934463500977e-02
1.365587115287780762e-03
2.614235877990722656e-02
7.951378822326660156e-03
2.944320440292358398e-03
7.063485682010650635e-04
4.817724227905273438e-03
3.200098872184753418e-03
1.296259462833404541e-03
1.993969082832336426e-03
2.221882343292236328e-02
1.899683475494384766e-02
7.239997386932373047e-03
1.087136566638946533e-03
5.501061677932739258e-03
1.092749834060668945e-02
1.751244068145751953e-02
3.515720367431640625e-03
1.265549659729003906e-02
1.495945453643798828e-02
7.591217756271362305e-03
8.630305528640747070e-04
1.228064298629760742e-02
2.114796638488769531e-02
1.575279235839843750e-02
4.228893667459487915e-04
1.211306452751159668e-02
5.197584629058837891e-03
1.395004987716674805e-02
2.517431974411010742e-03
5.503416061401367188e-03
6.247431039810180664e-03
8.230745792388916016e-03
3.654003143310546875e-03
1.690551638603210449e-03
4.061490297317504883e-03
2.342209219932556152e-03
1.080882549285888672e-02
9.790837764739990234e-03
1.998580992221832275e-04
1.092469692230224609e-02
2.008169889450073242e-02
2.092969417572021484e-02
1.258945465087890625e-02
4.263430833816528320e-03
4.008412361145019531e-03
4.978358745574951172e-03
3.181114792823791504e-03
1.560497283935546875e-02
1.060205698013305664e-02
5.330294370651245117e-03
5.368918180465698242e-03
2.449989318847656250e-03
1.261049509048461914e-02
9.968578815460205078e-04
4.028797149658203125e-03
2.151533961296081543e-03
7.005259394645690918e-04
1.834118366241455078e-02
1.503169536590576172e-02
1.377415657043457031e-02
1.061081886291503906e-03
1.274853944778442383e-02
8.211195468902587891e-03
8.564323186874389648e-03
3.531686961650848389e-04
5.119979381561279297e-03
2.076453529298305511e-05
1.170195639133453369e-03
2.639591693878173828e-03
1.732611656188964844e-02
7.360614836215972900e-05
1.456344127655029297e-02
2.438500523567199707e-03
1.569128036499023438e-02
3.202021121978759766e-03
1.409742981195449829e-04
1.088523864746093750e-02
1.820117235183715820e-02
1.994341611862182617e-02
4.215002059936523438e-03
6.853699684143066406e-03
1.125389337539672852e-02
8.351653814315795898e-04
1.834575086832046509e-04
9.953230619430541992e-04
1.540809869766235352e-03
6.518423557281494141e-03
2.942711114883422852e-03
3.315247595310211182e-04
6.334036588668823242e-04
7.855743169784545898e-03
2.152509987354278564e-04
2.669468522071838379e-04
2.866256237030029297e-02
1.325488090515136719e-03
1.750785112380981445e-02
5.155652761459350586e-03
2.007937431335449219e-02
2.406144142150878906e-02
9.660795331001281738e-04
2.336069941520690918e-03
6.614848971366882324e-04
1.454466581344604492e-02
1.180842518806457520e-03
1.987022161483764648e-02
1.447528600692749023e-03
1.195244491100311279e-03
1.509398221969604492e-03
7.193773984909057617e-03
9.810179471969604492e-05
1.967884600162506104e-03
1.940548419952392578e-02
7.406234741210937500e-03
6.431281566619873047e-03
1.942276954650878906e-03
1.400217413902282715e-03
1.844942569732666016e-02
1.312625408172607422e-02
1.292878389358520508e-02
2.349857240915298462e-04
1.418781280517578125e-02
4.229590296745300293e-03
9.286403656005859375e-04
1.655250787734985352e-02
6.843581795692443848e-04
3.991872072219848633e-03
1.469886302947998047e-02
9.968876838684082031e-03
1.705253124237060547e-02
1.680642366409301758e-02
1.536309719085693359e-02
6.837636232376098633e-03
1.319900155067443848e-03
8.832588791847229004e-04
3.259435296058654785e-03
9.568601846694946289e-03
2.540111541748046875e-03
1.210045814514160156e-02
1.796811819076538086e-02
7.089525461196899414e-04
8.148252964019775391e-04
8.243262767791748047e-03
1.032340526580810547e-02
1.771956682205200195e-03
1.720654964447021484e-02
9.246110916137695312e-03
7.223367691040039062e-03
2.207887172698974609e-02
1.735007762908935547e-02
1.515066251158714294e-04
2.806496620178222656e-02
9.468570351600646973e-04
1.462954282760620117e-02
2.243125438690185547e-02
2.046152949333190918e-03
3.178453445434570312e-02
6.053298711776733398e-04
1.233153045177459717e-03
1.527720689773559570e-02
9.262934327125549316e-04
1.714259386062622070e-02
1.431077718734741211e-02
3.363072872161865234e-03
1.278203725814819336e-02
1.073956489562988281e-02
6.871484220027923584e-05
3.147527575492858887e-03
1.583099365234375000e-02
3.010742366313934326e-04
7.776618003845214844e-04
9.607791900634765625e-03
1.458746194839477539e-02
1.446622610092163086e-02
1.104697585105895996e-02
1.719236373901367188e-02
5.140379071235656738e-04
2.307251095771789551e-03
1.590251922607421875e-02
2.110391855239868164e-03
2.327989786863327026e-04
1.934301108121871948e-04
1.570045948028564453e-02
1.174712181091308594e-02
1.921612024307250977e-02
1.069122552871704102e-02
1.624500751495361328e-02
1.436173915863037109e-03
1.485757529735565186e-04
2.273821830749511719e-02
1.001209020614624023e-03
1.568458974361419678e-03
3.336519002914428711e-03
1.933795213699340820e-02
1.356971263885498047e-02
5.384206771850585938e-03
1.945304870605468750e-02
1.305863261222839355e-03
1.334667205810546875e-03
3.227329254150390625e-02
7.646739482879638672e-03
5.148828029632568359e-03
1.209676265716552734e-03
8.767962455749511719e-03
4.934549331665039062e-03
2.535760402679443359e-02
1.411372423171997070e-02
5.111455917358398438e-03
5.612820386886596680e-03
1.369041204452514648e-02
1.572275161743164062e-02
8.687943220138549805e-03
2.353191375732421875e-04
4.162997007369995117e-03
1.215822994709014893e-03
5.702376365661621094e-03
1.142349839210510254e-02
4.261359572410583496e-04
1.657336950302124023e-03
1.948750019073486328e-02
4.367887973785400391e-03
7.006078958511352539e-03
8.890330791473388672e-03
8.342564105987548828e-03
4.397779703140258789e-03
2.099764347076416016e-02
2.600684762001037598e-03
1.289942860603332520e-02
9.665071964263916016e-03
2.920880913734436035e-03
1.561760902404785156e-02
2.975553274154663086e-03
1.610630750656127930e-02
1.821702718734741211e-02
1.567614078521728516e-02
1.685965061187744141e-02
1.304155588150024414e-02
7.262706756591796875e-03
2.077147364616394043e-03
5.800724029541015625e-04
7.786870002746582031e-03
1.468974351882934570e-02
2.182886004447937012e-03
2.428412437438964844e-03
5.209356546401977539e-03
1.016026735305786133e-02
6.483960896730422974e-05
1.136845350265502930e-02
1.974195241928100586e-03
2.495670318603515625e-02
1.290500164031982422e-02
7.538378238677978516e-03
1.772195100784301758e-04
7.396519184112548828e-03
1.237028837203979492e-02
1.685962080955505371e-03
3.027781844139099121e-03
3.884822130203247070e-03
1.582533121109008789e-02
4.815787076950073242e-03
1.554965972900390625e-02
1.385200023651123047e-02
3.927484154701232910e-03
1.190078258514404297e-02
3.574982285499572754e-03
1.614367961883544922e-02
4.229575395584106445e-03
3.224647045135498047e-02
5.794405937194824219e-03
7.362430915236473083e-05
1.842486858367919922e-02
1.520086079835891724e-04
4.300832748413085938e-03
3.049656748771667480e-03
6.917715072631835938e-03
4.955768585205078125e-03
1.060682535171508789e-02
2.272859215736389160e-03
1.020079851150512695e-02
1.919031143188476562e-03
1.007854938507080078e-02
5.434989929199218750e-03
9.028792381286621094e-03
1.046514511108398438e-02
1.274359226226806641e-02
4.920721054077148438e-03
7.580742239952087402e-04
1.071357727050781250e-02
1.476526260375976562e-02
2.204149961471557617e-03
1.885014772415161133e-02
1.377159357070922852e-02
1.098513603210449219e-02
6.018579006195068359e-03
1.056718826293945312e-02
3.108203411102294922e-03
6.313920021057128906e-03
4.217594861984252930e-03
1.844912767410278320e-03
5.327165126800537109e-03
2.735748887062072754e-03
5.947470664978027344e-03
3.812909126281738281e-03
3.909200429916381836e-03
9.456016123294830322e-04
6.311573088169097900e-05
1.162383705377578735e-04
1.516145467758178711e-02
2.273678779602050781e-02
9.197741746902465820e-04
3.167837858200073242e-03
5.510672926902770996e-04
1.411801576614379883e-02
3.835521638393402100e-04
1.901224255561828613e-03
3.042537719011306763e-05
1.347708702087402344e-02
6.225192919373512268e-06
3.745794296264648438e-03
4.167318344116210938e-03
6.120264530181884766e-03
2.084583044052124023e-03
4.643768072128295898e-03
1.655295491218566895e-03
9.404495358467102051e-05
6.203830242156982422e-03
1.278924942016601562e-02
1.037728786468505859e-02
1.122260093688964844e-02
2.873927354812622070e-03
3.182934597134590149e-05
4.577428102493286133e-03
1.699697971343994141e-02
3.174751996994018555e-03
3.758701495826244354e-06
1.335456967353820801e-03
3.313362598419189453e-03
7.900059223175048828e-03
3.642469644546508789e-03
1.162588596343994141e-02
1.765221357345581055e-03
1.181095838546752930e-02
2.514809370040893555e-03
6.986737251281738281e-03
7.291078567504882812e-03
2.251744270324707031e-02
1.066811382770538330e-03
2.196505665779113770e-03
1.207627356052398682e-03
1.710772514343261719e-03
4.860624670982360840e-03
1.122914254665374756e-03
1.073628664016723633e-03
6.487742066383361816e-04
1.284253597259521484e-02
1.112967729568481445e-04
6.363034248352050781e-03
1.548343896865844727e-02
8.866965770721435547e-03
9.890832006931304932e-05
1.834869384765625000e-02
1.058094203472137451e-03
1.615297794342041016e-02
3.976300358772277832e-04
6.394907832145690918e-04
1.947581768035888672e-04
8.008003234863281250e-03
2.371054142713546753e-05
4.363864660263061523e-03
1.289397478103637695e-02
4.981756210327148438e-04
5.393065512180328369e-04
2.400390803813934326e-04
1.217234134674072266e-02
4.115775227546691895e-03
2.140104770660400391e-03
7.136642932891845703e-03
1.071348786354064941e-03
8.217692375183105469e-03
3.689646720886230469e-03
1.371634006500244141e-02
3.580689430236816406e-03
5.547642707824707031e-03
1.448258757591247559e-03
4.055872559547424316e-03
1.561227440834045410e-02
1.405912637710571289e-02
3.886483609676361084e-04
9.381920099258422852e-03
3.488451242446899414e-03
8.882343769073486328e-03
2.102196216583251953e-03
2.328664064407348633e-03
5.710422992706298828e-04
4.699546843767166138e-05
3.692537546157836914e-03
3.094881772994995117e-03
2.086006104946136475e-03
2.827905118465423584e-04
9.256508201360702515e-05
1.559275388717651367e-02
8.822157979011535645e-04
8.232086896896362305e-03
9.550392627716064453e-03
1.402038335800170898e-02
6.469860672950744629e-04
2.316460013389587402e-04
2.028033137321472168e-03
9.712457656860351562e-03
1.780688762664794922e-02
6.646692752838134766e-03
1.865159720182418823e-04
1.878976821899414062e-03
6.083771586418151855e-05
8.344560861587524414e-03
9.152948856353759766e-03
5.171969532966613770e-04
9.184718132019042969e-03
5.971163511276245117e-03
3.516897559165954590e-04
2.385524567216634750e-06
1.000538468360900879e-03
4.252865910530090332e-03
9.751841425895690918e-04
3.366433084011077881e-04
7.717251777648925781e-03
1.367181539535522461e-02
1.675781607627868652e-02
7.671952247619628906e-03
2.400636672973632812e-02
6.087481975555419922e-03
4.879325628280639648e-03
1.266455650329589844e-02
6.703659892082214355e-04
9.843613952398300171e-06
6.008714437484741211e-03
2.184897661209106445e-03
7.890388369560241699e-04
6.725341081619262695e-04
3.211140632629394531e-03
2.605095505714416504e-03
6.253160536289215088e-04
4.211708903312683105e-03
1.841336488723754883e-02
3.329887986183166504e-04
1.133969053626060486e-04
6.416179239749908447e-04
7.278591394424438477e-03
1.411959528923034668e-03
1.782178878784179688e-02
4.680529236793518066e-04
2.647101879119873047e-03
8.952170610427856445e-04
2.129691839218139648e-02
4.347264766693115234e-04
4.547417163848876953e-03
1.970052719116210938e-03
1.249301433563232422e-02
4.720568656921386719e-03
1.898556947708129883e-03
3.559350967407226562e-03
5.656406283378601074e-04
1.014970242977142334e-03
1.291334629058837891e-03
1.782327890396118164e-02
6.894290447235107422e-03
6.738245487213134766e-03
2.249038219451904297e-02
2.804286777973175049e-04
1.037612557411193848e-03
1.377016305923461914e-03
5.160689353942871094e-03
1.761758327484130859e-02
3.573209047317504883e-03
3.364868462085723877e-04
2.312630414962768555e-03
7.033854722976684570e-03
6.193295121192932129e-05
1.863703131675720215e-03
1.175291836261749268e-04
3.295898437500000000e-03
1.804128289222717285e-03
4.024915397167205811e-04
2.198368310928344727e-04
3.616034984588623047e-03
1.248675584793090820e-02
4.792273044586181641e-03
1.446679234504699707e-03
4.847627133131027222e-05
2.899587154388427734e-03
5.184620618820190430e-03
1.615893840789794922e-02
4.064813256263732910e-04
8.935153484344482422e-03
4.572063684463500977e-03
1.522168517112731934e-03
1.323651522397994995e-04
1.234695315361022949e-03
2.127826213836669922e-03
8.028000593185424805e-04
1.170657575130462646e-03
8.600801229476928711e-04
1.084113121032714844e-02
9.230941534042358398e-03
1.011180877685546875e-02
1.725792884826660156e-03
1.114261150360107422e-02
1.919679343700408936e-04
6.305705755949020386e-05
1.806274056434631348e-03
1.501035690307617188e-02
8.931905031204223633e-04
1.851946115493774414e-03
1.175194978713989258e-02
1.799762248992919922e-04
2.496540546417236328e-03
2.165406942367553711e-03
2.856791019439697266e-03
2.443218231201171875e-02
1.479297876358032227e-03
1.421980559825897217e-03
1.300081610679626465e-03
9.280502796173095703e-03
9.822368621826171875e-03
3.557711839675903320e-03
2.217385917901992798e-04
4.835519939661026001e-05
2.745568752288818359e-03
9.102225303649902344e-03
1.436844468116760254e-03
1.561564207077026367e-02
5.886256694793701172e-04
1.471020281314849854e-03
4.881531000137329102e-03
8.267462253570556641e-04
6.539225578308105469e-04
5.632266402244567871e-04
3.484375774860382080e-04
6.791681051254272461e-03
4.319846630096435547e-03
1.325690746307373047e-02
1.485931873321533203e-02
3.357648849487304688e-03
8.276849985122680664e-04
1.707985997200012207e-03
1.278990507125854492e-02
1.364257186651229858e-04
6.144642829895019531e-04
2.130001783370971680e-02
1.150399446487426758e-03
1.862168312072753906e-03
1.863837242126464844e-03
2.476219087839126587e-04
7.471768185496330261e-06
9.893298149108886719e-03
2.452701330184936523e-03
8.909940719604492188e-03
5.925774574279785156e-03
3.351131454110145569e-05
4.629611968994140625e-03
9.909659624099731445e-03
2.374839782714843750e-02
3.011137247085571289e-03
1.560412347316741943e-04
2.244159579277038574e-03
1.464599370956420898e-02
9.923487901687622070e-03
1.883947849273681641e-02
4.610717296600341797e-03
4.860848188400268555e-03
1.068949699401855469e-02
2.487763762474060059e-03
3.691390156745910645e-04
1.302808523178100586e-04
5.198866128921508789e-03
1.361034810543060303e-04
1.480698585510253906e-03
5.078539252281188965e-04
2.925172448158264160e-03
3.988407552242279053e-04
2.236264944076538086e-02
1.248359680175781250e-02
3.646105527877807617e-03
1.101267337799072266e-02
1.730352640151977539e-03
1.343004405498504639e-04
1.298524439334869385e-04
1.239769160747528076e-03
3.402456641197204590e-04
1.073229312896728516e-02
1.854058355093002319e-04
1.265686750411987305e-02
4.050791263580322266e-03
1.127380132675170898e-02
1.031917333602905273e-02
8.394062519073486328e-03
3.005517646670341492e-05
1.850709319114685059e-03
1.087641716003417969e-02
7.249340415000915527e-04
8.651837706565856934e-04
1.498073339462280273e-02
2.104885876178741455e-03
3.584116697311401367e-03
1.730304956436157227e-02
8.734345436096191406e-03
2.544656395912170410e-03
2.933040261268615723e-03
1.110062003135681152e-04
6.150603294372558594e-04
3.127247095108032227e-03
4.454664885997772217e-04
1.251548528671264648e-03
7.174372673034667969e-03
2.313429117202758789e-02
5.196303129196166992e-03
1.018005609512329102e-02
9.255766868591308594e-03
1.955240964889526367e-03
6.870478391647338867e-03
1.265209913253784180e-02
6.141841411590576172e-03
4.893332719802856445e-03
1.970320940017700195e-03
2.299472689628601074e-04
8.308887481689453125e-03
6.520077586174011230e-04
6.488054990768432617e-03
2.959206700325012207e-03
6.536170840263366699e-04
3.983490169048309326e-04
2.126256003975868225e-05
4.947930574417114258e-04
1.782417297363281250e-02
4.306100308895111084e-04
8.255004882812500000e-03
9.646639227867126465e-05
1.967191696166992188e-03
1.320600509643554688e-03
5.654454231262207031e-03
5.995184183120727539e-03
1.592207700014114380e-04
2.867496013641357422e-02
1.223132014274597168e-03
2.748340368270874023e-03
1.671665906906127930e-02
6.761759519577026367e-03
1.157772541046142578e-02
3.067729994654655457e-05
7.945448160171508789e-04
1.211781054735183716e-04
4.764080047607421875e-03
3.407120704650878906e-03
5.611870437860488892e-05
8.642673492431640625e-05
9.062811732292175293e-04
4.476606845855712891e-03
4.957765340805053711e-04
1.447641849517822266e-02
6.595104932785034180e-04
2.046421170234680176e-03
1.161134243011474609e-02
6.650798022747039795e-04
9.749457240104675293e-04
4.288911819458007812e-03
7.180511951446533203e-03
2.153478562831878662e-04
2.965983003377914429e-04
5.459506064653396606e-05
2.863943576812744141e-03
7.140357047319412231e-05
7.611215114593505859e-03
1.570302993059158325e-05
6.087273359298706055e-03
1.768809556961059570e-02
1.221305131912231445e-02
1.373812556266784668e-04
1.001637428998947144e-04
3.936886787414550781e-03
9.394139051437377930e-03
2.097725868225097656e-03
1.666605472564697266e-03
2.430617809295654297e-03
2.235233783721923828e-03
8.723378181457519531e-03
5.241855978965759277e-04
1.319885253906250000e-02
5.205124616622924805e-03
9.498596191406250000e-04
2.857714891433715820e-03
6.814062595367431641e-03
1.035202294588088989e-04
1.194930076599121094e-02
4.545152187347412109e-03
3.535822033882141113e-04
3.044791519641876221e-04
2.497881650924682617e-03
4.938215017318725586e-03
1.007065176963806152e-03
1.284494996070861816e-03
1.231953501701354980e-03
1.184009015560150146e-04
3.214105963706970215e-04
5.587249994277954102e-03
5.792528390884399414e-03
8.703675121068954468e-06
1.237428188323974609e-02
2.966254949569702148e-03
1.622772216796875000e-02
1.384243369102478027e-04
7.562041282653808594e-03
2.937596291303634644e-04
3.484457731246948242e-03
3.033608198165893555e-03
3.463355824351310730e-05
4.523605108261108398e-03
1.195812225341796875e-02
1.083472743630409241e-04
1.087278127670288086e-02
3.304213285446166992e-03
2.065651118755340576e-03
9.992197155952453613e-04
8.950680494308471680e-03
1.758441329002380371e-03
1.895427703857421875e-02
9.027957916259765625e-03
1.863941550254821777e-03
3.454238176345825195e-04
2.063207328319549561e-03
6.180778145790100098e-04
1.275438070297241211e-02
2.155840396881103516e-02
8.768141269683837891e-04
1.204349100589752197e-04
1.883909106254577637e-03
5.583427846431732178e-04
1.271493732929229736e-03
4.940599203109741211e-03
5.129516124725341797e-03
7.819756865501403809e-04
4.569888114929199219e-04
6.950616836547851562e-03
6.033718585968017578e-03
1.457277685403823853e-04
1.219898462295532227e-02
3.917396068572998047e-03
3.731227479875087738e-06
2.880534157156944275e-05
2.818852663040161133e-03
2.365067601203918457e-03
1.814112067222595215e-03
9.242355823516845703e-03
1.792453229427337646e-03
3.993511199951171875e-03
3.260979428887367249e-05
5.539387464523315430e-03
4.378496669232845306e-06
4.100725054740905762e-04
8.664093911647796631e-04
1.925390958786010742e-02
2.067402005195617676e-03
8.708611130714416504e-05
2.028350718319416046e-05
2.871945500373840332e-03
2.359487116336822510e-04
4.516504704952239990e-04
1.500320434570312500e-02
7.087886333465576172e-03
5.869977176189422607e-04
8.928835391998291016e-03
7.492080330848693848e-04
3.625527024269104004e-04
4.337683320045471191e-03
4.759803414344787598e-04
1.640492677688598633e-02
1.170778274536132812e-02
6.640050560235977173e-05
8.919369429349899292e-05
3.245547413825988770e-04
6.186842918395996094e-03
9.966313838958740234e-03
9.358897805213928223e-04
3.124386072158813477e-03
8.103966712951660156e-03
1.021072268486022949e-03
1.540601253509521484e-02
1.941551454365253448e-05
3.986731171607971191e-04
5.732893943786621094e-03
3.287911415100097656e-03
2.420693635940551758e-04
1.736834645271301270e-03
8.398890495300292969e-03
1.900270581245422363e-03
1.076358556747436523e-02
1.906204223632812500e-02
2.591639757156372070e-02
3.752857446670532227e-03
2.135448157787322998e-04
9.913086891174316406e-03
9.582377970218658447e-05
1.291424036026000977e-03
4.906132817268371582e-04
4.178613424301147461e-03
9.859681129455566406e-03
5.444496870040893555e-03
1.234817504882812500e-02
6.098806858062744141e-03
5.909681320190429688e-03
1.719760894775390625e-02
3.341883420944213867e-04
1.124942302703857422e-02
6.204470992088317871e-05
2.671062946319580078e-03
1.673027873039245605e-04
7.490627467632293701e-05
4.383642226457595825e-05
2.159142494201660156e-02
1.419642940163612366e-04
9.874820709228515625e-03
3.705114126205444336e-03
4.608482122421264648e-04
2.747356891632080078e-03
1.087063550949096680e-02
4.434084985405206680e-06
1.053732633590698242e-02
1.196600496768951416e-04
1.001134514808654785e-03
2.920422703027725220e-04
1.191979646682739258e-02
5.152821540832519531e-03
1.450979709625244141e-02
7.566809654235839844e-05
8.266270160675048828e-03
7.144898176193237305e-03
1.625567674636840820e-02
1.295733451843261719e-02
6.406754255294799805e-04
7.841736078262329102e-04
1.709014177322387695e-03
3.970533609390258789e-03
3.361515700817108154e-05
9.890422224998474121e-04
4.987195134162902832e-04
7.814232958480715752e-07
4.578411579132080078e-03
1.857310533523559570e-03
2.427205443382263184e-03
5.998849868774414062e-03
3.406517207622528076e-04
2.075964584946632385e-05
9.277582168579101562e-03
2.819210290908813477e-03
1.310151815414428711e-02
2.791821956634521484e-03
6.323456764221191406e-04
3.956675529479980469e-03
3.782725334167480469e-02
1.738160848617553711e-03
7.385730743408203125e-03
3.879427909851074219e-03
1.402068138122558594e-02
1.117873191833496094e-02
3.887459635734558105e-03
1.511836051940917969e-02
5.475506186485290527e-04
1.475334167480468750e-03
1.362591981887817383e-03
7.156193256378173828e-03
6.487667560577392578e-03
8.986145257949829102e-04
2.073392271995544434e-03
3.797709941864013672e-04
5.582645535469055176e-04
7.347436621785163879e-06
6.266951560974121094e-03
1.345604658126831055e-03
3.152862191200256348e-03
1.105323433876037598e-03
1.603376865386962891e-02
6.513267755508422852e-03
1.302249729633331299e-04
1.830995082855224609e-03
8.166283369064331055e-04
1.433715224266052246e-03
1.364313066005706787e-03
1.330327987670898438e-02
2.344176173210144043e-03
1.376813650131225586e-02
6.430074572563171387e-04
3.384053707122802734e-04
1.551061868667602539e-03
1.214277744293212891e-02
1.358613371849060059e-04
1.402032375335693359e-02
3.867253661155700684e-03
2.245828509330749512e-03
1.133918762207031250e-02
1.088634133338928223e-03
1.379644870758056641e-02
1.414197683334350586e-02
1.003675162792205811e-03
4.926472902297973633e-04
1.654922962188720703e-03
1.363688707351684570e-02
2.439558506011962891e-03
6.232410669326782227e-05
1.664653420448303223e-03
8.448839187622070312e-03
6.338879466056823730e-04
4.487037658691406250e-03
8.232444524765014648e-03
6.273500621318817139e-04
1.867711544036865234e-03
2.744439989328384399e-04
4.210732877254486084e-04
1.253855228424072266e-02
5.059897899627685547e-03
2.883940935134887695e-03
9.670913219451904297e-03
1.487791538238525391e-02
8.183047175407409668e-04
1.723468303680419922e-03
1.294333487749099731e-04
2.398520708084106445e-03
1.423084735870361328e-02
2.491921186447143555e-03
1.157462596893310547e-02
8.356958627700805664e-03
1.567286252975463867e-02
5.079120397567749023e-03
1.701247692108154297e-02
1.645982265472412109e-03
2.774130553007125854e-04
2.664759755134582520e-03
4.914961755275726318e-05
1.072585582733154297e-02
8.415430784225463867e-04
1.853302121162414551e-03
1.814648509025573730e-03
2.602785825729370117e-04
2.825021743774414062e-03
1.521813869476318359e-02
1.441657543182373047e-02
6.852522492408752441e-04
1.129679381847381592e-03
7.624998688697814941e-04
8.339941501617431641e-03
8.783698081970214844e-03
4.362776875495910645e-03
3.245264291763305664e-03
2.285875380039215088e-04
1.346826553344726562e-03
3.439672291278839111e-04
1.531764864921569824e-03
1.322515308856964111e-04
1.299232244491577148e-03
2.017402648925781250e-02
6.237067282199859619e-06
2.097450196743011475e-04
1.277720928192138672e-02
6.143823266029357910e-04
3.737717866897583008e-03
5.162730813026428223e-04
4.904091358184814453e-03
1.966152340173721313e-04
1.500648260116577148e-02
1.311246305704116821e-04
6.673410534858703613e-04
4.917979240417480469e-04
1.248598098754882812e-03
4.631102085113525391e-03
9.136974811553955078e-03
1.996792852878570557e-04
1.434504985809326172e-02
2.327300608158111572e-04
6.354391574859619141e-03
2.096951007843017578e-03
1.350873708724975586e-02
8.892655372619628906e-03
1.688048243522644043e-03
2.783745527267456055e-03
1.570224761962890625e-03
4.114121198654174805e-03
6.574206054210662842e-06
3.665715456008911133e-03
5.762130022048950195e-03
5.000174045562744141e-03
4.319489002227783203e-03
9.400427341461181641e-03
4.005402326583862305e-03
9.895622730255126953e-03
1.466304063796997070e-02
8.907198905944824219e-03
6.113052368164062500e-03
1.627492904663085938e-02
8.232891559600830078e-04
1.609683036804199219e-03
1.491099596023559570e-02
6.548911333084106445e-03
2.097934484481811523e-04
1.646596938371658325e-04
2.187825739383697510e-04
1.827776432037353516e-04
1.588612794876098633e-03
1.389265060424804688e-03
2.152442932128906250e-03
2.430272102355957031e-02
1.188658177852630615e-03
5.328983068466186523e-03
1.015119254589080811e-03
6.987988948822021484e-03
2.123540639877319336e-02
1.861527562141418457e-03
2.634882926940917969e-03
9.743645787239074707e-04
1.094925403594970703e-02
4.649817943572998047e-03
1.552462577819824219e-02
6.527360528707504272e-05
1.455415040254592896e-04
3.417611122131347656e-03
1.725584268569946289e-03
1.256275177001953125e-02
5.157589912414550781e-03
1.547247171401977539e-03
1.515805721282958984e-03
5.208849906921386719e-04
1.547962427139282227e-03
1.041395589709281921e-04
2.160761505365371704e-04
2.234615385532379150e-04
9.834170341491699219e-04
1.221525669097900391e-02
3.860443830490112305e-04
7.154107093811035156e-03
1.599881798028945923e-04
3.728643059730529785e-04
4.345411434769630432e-05
4.670545458793640137e-04
4.866778850555419922e-03
7.808655500411987305e-04
5.309134721755981445e-03
5.235448479652404785e-04
3.342330455780029297e-03
5.676746368408203125e-04
8.403837680816650391e-03
3.145039081573486328e-04
1.037210226058959961e-03
9.657740592956542969e-04
1.038670539855957031e-03
6.228219717741012573e-05
1.956045627593994141e-03
1.265549659729003906e-02
1.684818416833877563e-04
5.368292331695556641e-03
4.024416208267211914e-03
1.216399669647216797e-02
2.635940909385681152e-04
5.091652274131774902e-04
1.085996627807617188e-03
1.778060197830200195e-02
2.930350601673126221e-04
4.503950476646423340e-04
9.395405650138854980e-04
1.688897609710693359e-03
1.094631850719451904e-03
1.338630914688110352e-03
4.799991846084594727e-03
6.120242178440093994e-04
2.146184444427490234e-02
2.083063125610351562e-03
6.078183650970458984e-04
1.929188147187232971e-05
3.957487642765045166e-04
1.037739217281341553e-03
1.253068447113037109e-03
3.805905580520629883e-04
4.399061203002929688e-03
1.384049654006958008e-03
1.638209819793701172e-02
2.502486109733581543e-03
3.545105457305908203e-03
1.547606661915779114e-04
5.839802324771881104e-04
9.288281202316284180e-03
1.342095434665679932e-03
6.151292473077774048e-05
1.763384789228439331e-04
4.406452178955078125e-03
3.829985857009887695e-03
7.205130532383918762e-05
3.001540899276733398e-03
1.127636432647705078e-02
5.993008613586425781e-03
2.743527293205261230e-04
1.910957507789134979e-05
3.372430801391601562e-04
1.948192715644836426e-03
4.792958498001098633e-04
3.150291740894317627e-04
2.080604434013366699e-03
1.533496379852294922e-02
7.610246539115905762e-04
2.859950065612792969e-03
3.038823604583740234e-03
9.360432624816894531e-03
8.981488645076751709e-05
1.466058194637298584e-03
1.870077103376388550e-04
4.575252532958984375e-04
4.034876823425292969e-03
2.714507281780242920e-04
1.888632774353027344e-03
2.200394868850708008e-03
1.884195953607559204e-04
2.161450684070587158e-04
2.139180898666381836e-03
4.995286464691162109e-03
1.143634319305419922e-03
1.465559005737304688e-03
4.837453365325927734e-03
3.500103950500488281e-03
4.397891461849212646e-04
1.178588718175888062e-04
1.001171767711639404e-03
3.454014658927917480e-04
1.438122987747192383e-02
3.491714596748352051e-03
1.689761877059936523e-03
1.858435571193695068e-04
4.814714193344116211e-04
2.355265617370605469e-02
3.573030233383178711e-03
1.763198524713516235e-04
2.774342894554138184e-03
7.069334387779235840e-04
1.452946662902832031e-02
6.544366478919982910e-04
1.169937849044799805e-02
2.823658287525177002e-04
1.393854618072509766e-02
1.130796968936920166e-03
2.912729978561401367e-04
5.130678415298461914e-03
1.573309302330017090e-03
1.060135662555694580e-03
4.587173461914062500e-03
2.401977777481079102e-03
1.340277493000030518e-03
5.979761481285095215e-04
7.316470146179199219e-04
7.869601249694824219e-03
1.182453706860542297e-04
1.220278441905975342e-03
2.110826969146728516e-02
1.431703567504882812e-03
1.504555344581604004e-03
2.619549632072448730e-04
1.174919307231903076e-03
3.271132707595825195e-03
1.274846494197845459e-03
2.265535295009613037e-05
5.725413560867309570e-03
3.098040819168090820e-03
4.278235137462615967e-04
1.758015155792236328e-02
1.391515135765075684e-03
1.617646217346191406e-02
3.039002418518066406e-03
2.708077430725097656e-03
1.396173238754272461e-02
4.934310913085937500e-03
4.419445991516113281e-03
1.514747738838195801e-03
7.524609565734863281e-03
1.993983983993530273e-03
1.718610525131225586e-03
5.870699882507324219e-03
5.192644894123077393e-04
7.781237363815307617e-04
2.235479652881622314e-03
1.553818583488464355e-03
2.233311533927917480e-04
2.519774436950683594e-02
9.699836373329162598e-04
1.855313777923583984e-03
2.741441130638122559e-05
2.987552434206008911e-04
6.017796695232391357e-04
8.292019367218017578e-03
2.874480560421943665e-05
4.440359771251678467e-04
1.167841255664825439e-03
1.053908467292785645e-02
1.235991716384887695e-02
1.552000641822814941e-03
8.064582943916320801e-04
8.966505527496337891e-03
1.521691679954528809e-03
1.396104693412780762e-03
1.806348562240600586e-03
3.714650869369506836e-03
6.860792636871337891e-04
6.169021129608154297e-03
7.891207933425903320e-03
7.633119821548461914e-04
1.337658613920211792e-04
1.496799290180206299e-03
6.210282444953918457e-04
4.757225513458251953e-03
2.486407756805419922e-04
7.482320070266723633e-04
1.806076616048812866e-04
7.642835378646850586e-03
5.796372890472412109e-03
1.861184835433959961e-03
2.129599452018737793e-03
3.078252077102661133e-03
1.113459467887878418e-03
9.911321103572845459e-05
2.630576491355895996e-04
3.765508532524108887e-03
1.692123711109161377e-03
5.369186401367187500e-04
7.305219769477844238e-04
5.380436778068542480e-04
1.006838679313659668e-02
2.033952623605728149e-04
7.721424102783203125e-03
1.793563365936279297e-02
1.929208636283874512e-03
1.734226942062377930e-03
9.888932108879089355e-04
4.754625260829925537e-04
2.097368240356445312e-03
2.072691917419433594e-03
3.703497350215911865e-04
1.847243309020996094e-02
1.402288675308227539e-02
7.617473602294921875e-04
1.828540116548538208e-04
2.717599272727966309e-04
3.560364246368408203e-03
2.972856163978576660e-04
1.785360276699066162e-03
1.622110605239868164e-03
4.775255918502807617e-03
4.434026777744293213e-04
4.373118281364440918e-04
2.703368663787841797e-03
6.287306547164916992e-03
1.249656081199645996e-03
2.713039517402648926e-03
5.647063255310058594e-03
7.069669663906097412e-05
2.792272716760635376e-04
6.828308105468750000e-04
1.886360347270965576e-03
6.857607513666152954e-05
1.031711697578430176e-03
2.116095274686813354e-04
1.507562398910522461e-02
2.305936813354492188e-02
1.123610883951187134e-03
1.217162609100341797e-02
9.026527404785156250e-04
1.314505934715270996e-04
5.012452602386474609e-04
3.037899732589721680e-04
1.068916171789169312e-04
3.719598054885864258e-03
1.304387114942073822e-05
4.401743412017822266e-03
6.154239177703857422e-03
1.495167613029479980e-03
1.216924190521240234e-02
2.742409706115722656e-04
7.644295692443847656e-04
4.404276609420776367e-03
7.833689451217651367e-04
1.112526655197143555e-02
1.363843679428100586e-02
1.219040155410766602e-02
9.665936231613159180e-04
1.017820835113525391e-02
2.641249448060989380e-04
2.022590488195419312e-04
1.141166687011718750e-02
1.270323991775512695e-04
2.865266799926757812e-02
9.600996971130371094e-03
1.212477684020996094e-03
2.676829695701599121e-03
5.319043993949890137e-04
3.215372562408447266e-03
2.948194742202758789e-03
2.525262534618377686e-04
1.906558871269226074e-03
1.026079058647155762e-03
3.642439842224121094e-04
2.995818853378295898e-03
8.975341916084289551e-05
1.760467886924743652e-03
1.395389437675476074e-03
2.367570996284484863e-03
2.511888742446899414e-03
9.532496333122253418e-04
1.554796472191810608e-04
1.870289444923400879e-03
2.457737922668457031e-03
1.363128423690795898e-03
5.449494346976280212e-05
1.190656423568725586e-02
3.633856773376464844e-03
7.776767015457153320e-04
1.496031880378723145e-03
1.016358146443963051e-05
7.659792900085449219e-04
4.546493291854858398e-04
5.283564329147338867e-03
1.917219161987304688e-02
1.028202474117279053e-03
1.705855131149291992e-03
2.857036888599395752e-04
3.609269857406616211e-03
3.159224987030029297e-03
4.823226481676101685e-05
8.957982063293457031e-04
2.659186720848083496e-04
2.561405301094055176e-03
4.184246063232421875e-04
2.867318689823150635e-04
2.069268375635147095e-04
8.075013756752014160e-04
1.998990774154663086e-03
3.582164645195007324e-04
5.966145545244216919e-05
8.213892579078674316e-04
1.257508993148803711e-02
4.552841186523437500e-03
8.274689316749572754e-04
0.000000000000000000e+00
0.000000000000000000e+00
0.000000000000000000e+00
0.000000000000000000e+00
0.000000000000000000e+00
0.000000000000000000e+00
0.000000000000000000e+00
0.000000000000000000e+00
0.000000000000000000e+00
0.000000000000000000e+00
0.000000000000000000e+00
0.000000000000000000e+00
0.000000000000000000e+00
0.000000000000000000e+00
0.000000000000000000e+00
0.000000000000000000e+00
0.000000000000000000e+00
0.000000000000000000e+00
0.000000000000000000e+00
0.000000000000000000e+00
0.000000000000000000e+00
0.000000000000000000e+00
0.000000000000000000e+00
0.000000000000000000e+00
0.000000000000000000e+00
0.000000000000000000e+00
0.000000000000000000e+00
0.000000000000000000e+00
0.000000000000000000e+00
0.000000000000000000e+00
0.000000000000000000e+00
0.000000000000000000e+00
0.000000000000000000e+00
0.000000000000000000e+00
0.000000000000000000e+00
0.000000000000000000e+00
0.000000000000000000e+00
0.000000000000000000e+00
0.000000000000000000e+00
0.000000000000000000e+00
