5.328565835952758789e-03
1.154488325119018555e-02
9.811818599700927734e-03
2.514159679412841797e-02
2.185475826263427734e-02
2.253830432891845703e-02
2.190589904785156250e-02
2.004933357238769531e-02
2.676057815551757812e-02
1.423186063766479492e-02
9.448170661926269531e-03
2.193665504455566406e-02
2.057576179504394531e-02
2.087485790252685547e-02
2.142643928527832031e-02
2.164173126220703125e-02
2.452874183654785156e-02
1.722329854965209961e-02
1.350682973861694336e-02
2.297902107238769531e-02
1.888543367385864258e-02
1.874649524688720703e-02
2.555799484252929688e-02
3.277134895324707031e-02
1.109600067138671875e-02
2.757036685943603516e-02
1.717871427536010742e-02
2.092581987380981445e-02
2.503418922424316406e-02
1.602572202682495117e-02
2.923917770385742188e-02
2.548670768737792969e-02
1.455402374267578125e-02
1.142299175262451172e-02
3.051263093948364258e-02
3.164863586425781250e-02
1.883363723754882812e-02
2.300953865051269531e-02
3.947246074676513672e-02
4.160642623901367188e-02
1.833951473236083984e-02
9.714066982269287109e-03
1.072388887405395508e-02
2.447783946990966797e-02
2.072119712829589844e-02
2.643322944641113281e-02
3.690648078918457031e-02
1.758927106857299805e-02
3.017950057983398438e-02
4.904150962829589844e-02
2.106344699859619141e-02
8.452355861663818359e-03
2.916276454925537109e-02
3.630065917968750000e-02
1.350140571594238281e-02
8.053660392761230469e-03
1.597273349761962891e-02
2.024573087692260742e-02
2.630138397216796875e-02
2.119147777557373047e-02
3.275883197784423828e-02
1.767194271087646484e-02
8.971393108367919922e-03
3.705656528472900391e-02
1.839542388916015625e-02
2.200996875762939453e-02
1.937079429626464844e-02
2.020418643951416016e-02
1.712518930435180664e-02
1.232421398162841797e-02
1.724255084991455078e-02
2.270936965942382812e-02
1.425749063491821289e-02
2.310311794281005859e-02
2.400732040405273438e-02
2.423155307769775391e-02
1.884782314300537109e-02
2.098131179809570312e-02
3.220844268798828125e-02
2.436685562133789062e-02
1.013702154159545898e-02
1.383793354034423828e-02
1.772987842559814453e-02
2.161145210266113281e-02
1.412975788116455078e-02
2.151840925216674805e-02
1.995873451232910156e-02
2.843999862670898438e-02
1.135832071304321289e-02
1.011645793914794922e-02
9.108185768127441406e-03
1.563513278961181641e-02
2.840328216552734375e-02
1.378852128982543945e-02
1.833015680313110352e-02
8.495926856994628906e-03
5.511939525604248047e-03
3.278148174285888672e-02
1.217651367187500000e-02
1.298558712005615234e-02
1.112204790115356445e-02
2.293574810028076172e-02
2.069604396820068359e-02
2.666985988616943359e-02
1.509273052215576172e-02
3.786623477935791016e-02
2.579724788665771484e-02
2.258741855621337891e-02
2.167975902557373047e-02
2.883040904998779297e-02
1.259040832519531250e-02
2.538061141967773438e-02
2.677500247955322266e-02
1.491755247116088867e-02
1.981794834136962891e-02
1.791173219680786133e-02
1.509904861450195312e-02
1.339483261108398438e-02
5.556046962738037109e-03
2.006733417510986328e-02
1.580113172531127930e-02
1.299887895584106445e-02
1.554358005523681641e-02
2.202808856964111328e-02
1.817584037780761719e-02
1.015692949295043945e-02
2.917885780334472656e-02
6.085276603698730469e-03
1.040333509445190430e-02
1.554548740386962891e-02
1.304376125335693359e-02
1.649653911590576172e-02
2.740275859832763672e-02
8.204162120819091797e-03
2.438521385192871094e-02
2.978503704071044922e-02
2.384865283966064453e-02
2.322328090667724609e-02
2.298772335052490234e-02
8.761525154113769531e-03
1.942616701126098633e-02
2.138549089431762695e-02
1.877546310424804688e-02
1.730692386627197266e-02
9.277105331420898438e-03
8.241653442382812500e-03
1.166212558746337891e-02
1.505291461944580078e-02
2.511548995971679688e-02
2.500236034393310547e-02
1.127618551254272461e-02
2.097338438034057617e-03
1.009380817413330078e-02
1.076209545135498047e-02
2.050244808197021484e-02
2.413415908813476562e-02
2.342832088470458984e-02
5.319297313690185547e-03
9.586155414581298828e-03
1.850175857543945312e-02
9.842336177825927734e-03
2.529311180114746094e-02
2.490490674972534180e-02
1.348429918289184570e-02
2.058088779449462891e-02
1.759850978851318359e-02
1.934874057769775391e-02
1.339864730834960938e-02
1.356756687164306641e-02
1.221764087677001953e-02
1.402342319488525391e-02
1.385408639907836914e-02
3.467833995819091797e-02
1.939392089843750000e-02
1.375412940979003906e-02
2.697598934173583984e-02
2.457761764526367188e-02
2.179491519927978516e-02
2.550661563873291016e-02
2.020144462585449219e-02
8.308410644531250000e-03
1.738595962524414062e-02
1.128780841827392578e-02
7.856905460357666016e-03
9.814023971557617188e-03
2.474415302276611328e-02
2.725839614868164062e-02
1.247549057006835938e-02
3.442931175231933594e-02
3.090524673461914062e-02
1.983261108398437500e-02
9.177744388580322266e-03
2.332031726837158203e-02
1.089799404144287109e-02
2.611637115478515625e-02
1.633584499359130859e-02
1.913046836853027344e-02
2.457988262176513672e-02
4.139304161071777344e-03
7.703125476837158203e-03
1.207458972930908203e-02
5.593657493591308594e-03
1.756882667541503906e-02
3.168237209320068359e-02
4.400873184204101562e-02
1.313686370849609375e-02
1.123702526092529297e-02
2.945685386657714844e-02
1.774477958679199219e-02
2.522182464599609375e-02
2.053993940353393555e-02
2.441072463989257812e-02
2.101421356201171875e-02
6.767630577087402344e-03
1.590484380722045898e-02
1.619333028793334961e-02
2.123904228210449219e-02
1.713538169860839844e-02
3.087401390075683594e-02
1.584041118621826172e-02
3.015160560607910156e-02
2.298426628112792969e-02
8.684158325195312500e-03
6.048977375030517578e-03
1.965939998626708984e-02
1.608562469482421875e-02
8.604228496551513672e-03
1.245224475860595703e-02
5.871653556823730469e-03
2.362442016601562500e-02
2.283072471618652344e-02
1.469051837921142578e-02
2.607727050781250000e-02
7.414460182189941406e-03
1.830041408538818359e-02
1.791173219680786133e-02
2.169191837310791016e-02
2.236843109130859375e-02
2.909505367279052734e-02
1.191258430480957031e-02
2.033853530883789062e-02
1.819121837615966797e-02
2.595007419586181641e-02
3.284037113189697266e-03
1.854407787322998047e-02
2.225577831268310547e-02
1.755142211914062500e-02
1.580893993377685547e-02
1.664447784423828125e-02
9.648084640502929688e-03
2.073347568511962891e-02
8.182883262634277344e-03
1.929950714111328125e-02
1.669406890869140625e-02
2.572810649871826172e-02
2.148735523223876953e-02
0.000000000000000000e+00
0.000000000000000000e+00
0.000000000000000000e+00
0.000000000000000000e+00
0.000000000000000000e+00
0.000000000000000000e+00
0.000000000000000000e+00
0.000000000000000000e+00
0.000000000000000000e+00
0.000000000000000000e+00
0.000000000000000000e+00
0.000000000000000000e+00
0.000000000000000000e+00
0.000000000000000000e+00
0.000000000000000000e+00
0.000000000000000000e+00
0.000000000000000000e+00
0.000000000000000000e+00
0.000000000000000000e+00
0.000000000000000000e+00
