9.394049644470214844e-03
1.619917154312133789e-02
1.823532581329345703e-02
3.854441642761230469e-02
2.607417106628417969e-02
4.630231857299804688e-02
3.461325168609619141e-02
1.323568820953369141e-02
4.120802879333496094e-02
2.331006526947021484e-02
1.085838675498962402e-02
3.067314624786376953e-02
2.348798513412475586e-02
2.942323684692382812e-02
2.522444725036621094e-02
3.230929374694824219e-02
3.013718128204345703e-02
2.543526887893676758e-02
1.340758800506591797e-02
3.448688983917236328e-02
2.236616611480712891e-02
2.193474769592285156e-02
3.690838813781738281e-02
4.324436187744140625e-02
1.174914836883544922e-02
3.023707866668701172e-02
1.447784900665283203e-02
3.082585334777832031e-02
3.230810165405273438e-02
2.743518352508544922e-02
4.921889305114746094e-02
3.835320472717285156e-02
2.141571044921875000e-02
8.881747722625732422e-03
3.518676757812500000e-02
3.048324584960937500e-02
1.950585842132568359e-02
1.629489660263061523e-02
4.300320148468017578e-02
4.962253570556640625e-02
2.300775051116943359e-02
1.247918605804443359e-02
8.582085371017456055e-03
2.890628576278686523e-02
2.506709098815917969e-02
3.312695026397705078e-02
3.436589241027832031e-02
4.037308692932128906e-02
3.060621023178100586e-02
5.981826782226562500e-02
2.492296695709228516e-02
7.305443286895751953e-03
3.354382514953613281e-02
3.948295116424560547e-02
2.928471565246582031e-02
1.128232479095458984e-02
2.346122264862060547e-02
1.660838723182678223e-02
3.531360626220703125e-02
2.612960338592529297e-02
2.850019931793212891e-02
2.115875482559204102e-02
1.648449897766113281e-02
3.092783689498901367e-02
1.935195922851562500e-02
2.143430709838867188e-02
2.566593885421752930e-02
2.457243204116821289e-02
2.762520313262939453e-02
2.444744110107421875e-02
2.547121047973632812e-02
4.731500148773193359e-02
1.901364326477050781e-02
3.043889999389648438e-02
2.516537904739379883e-02
4.825890064239501953e-02
2.391386032104492188e-02
2.736210823059082031e-02
3.741264343261718750e-02
3.177928924560546875e-02
1.992917060852050781e-02
1.599615812301635742e-02
2.137786149978637695e-02
3.005540370941162109e-02
2.927684783935546875e-02
3.204804658889770508e-02
1.810669898986816406e-02
3.761959075927734375e-02
1.741081476211547852e-02
1.764130592346191406e-02
1.397728919982910156e-02
2.590918540954589844e-02
5.242288112640380859e-02
1.378047466278076172e-02
2.177202701568603516e-02
1.779878139495849609e-02
7.745265960693359375e-03
3.592801094055175781e-02
1.655906438827514648e-02
1.817959547042846680e-02
1.102304458618164062e-02
3.543317317962646484e-02
3.323745727539062500e-02
4.671394824981689453e-02
1.980185508728027344e-02
3.851819038391113281e-02
3.745090961456298828e-02
7.198125123977661133e-03
3.895497322082519531e-02
4.850113391876220703e-02
5.345773696899414062e-02
3.668224811553955078e-02
4.061901569366455078e-02
1.960349082946777344e-02
2.931714057922363281e-02
3.334081172943115234e-02
2.338731288909912109e-02
1.409971714019775391e-02
5.110040307044982910e-03
3.256893157958984375e-02
2.575421333312988281e-02
2.632379531860351562e-02
2.112054824829101562e-02
3.784716129302978516e-02
2.607488632202148438e-02
1.413273811340332031e-02
3.545355796813964844e-02
5.727261304855346680e-03
1.522320508956909180e-02
2.519142627716064453e-02
1.557922363281250000e-02
3.055095672607421875e-02
3.888535499572753906e-02
8.078485727310180664e-03
3.681528568267822266e-02
3.579330444335937500e-02
3.271138668060302734e-02
2.699434757232666016e-02
3.590345382690429688e-02
1.409512758255004883e-02
2.080982923507690430e-02
4.435610771179199219e-02
2.931785583496093750e-02
2.824199199676513672e-02
1.269978284835815430e-02
1.687133312225341797e-02
1.864218711853027344e-02
3.562426567077636719e-02
2.191370725631713867e-02
2.241080999374389648e-02
1.943522691726684570e-02
4.383921623229980469e-03
1.411902904510498047e-02
1.759731769561767578e-02
2.084943652153015137e-02
2.934014797210693359e-02
2.976310253143310547e-02
7.464230060577392578e-03
3.329348564147949219e-02
2.532494068145751953e-02
1.904642581939697266e-02
2.582520246505737305e-02
4.122769832611083984e-02
2.206677198410034180e-02
3.296422958374023438e-02
3.338575363159179688e-02
3.490471839904785156e-02
1.677739620208740234e-02
1.914703845977783203e-02
1.946949958801269531e-02
1.910924911499023438e-02
1.667493581771850586e-02
4.624354839324951172e-02
2.483153343200683594e-02
1.604682207107543945e-02
5.337297916412353516e-02
3.032183647155761719e-02
3.042137622833251953e-02
3.609448671340942383e-02
2.591609954833984375e-02
1.561111211776733398e-02
1.753133535385131836e-02
1.510810852050781250e-02
1.104283332824707031e-02
2.330118417739868164e-02
3.358030319213867188e-02
3.394198417663574219e-02
2.199292182922363281e-02
3.491139411926269531e-02
4.704403877258300781e-02
2.648437023162841797e-02
3.524720668792724609e-02
2.992248535156250000e-02
1.836812496185302734e-02
3.642928600311279297e-02
2.262210845947265625e-02
2.654039859771728516e-02
2.767509222030639648e-02
4.953086376190185547e-03
1.264923810958862305e-02
4.471600055694580078e-03
1.519739627838134766e-02
1.572942733764648438e-02
3.657698631286621094e-02
3.569358587265014648e-02
1.587462425231933594e-02
1.535224914550781250e-02
3.504681587219238281e-02
2.971768379211425781e-02
4.259598255157470703e-02
3.097218275070190430e-02
5.027246475219726562e-02
3.164124488830566406e-02
1.406556367874145508e-02
2.762722969055175781e-02
2.537888288497924805e-02
2.411961555480957031e-02
2.141630649566650391e-02
3.878521919250488281e-02
3.746390342712402344e-02
3.064811229705810547e-02
2.512979507446289062e-02
1.239937543869018555e-02
9.547293186187744141e-03
2.911686897277832031e-02
1.882767677307128906e-02
2.874243259429931641e-02
1.645588874816894531e-02
2.076709270477294922e-02
2.204400300979614258e-02
3.004467487335205078e-02
2.467471361160278320e-02
3.744161128997802734e-02
1.000928878784179688e-02
2.329933643341064453e-02
2.243119478225708008e-02
2.847588062286376953e-02
3.494733572006225586e-02
3.992652893066406250e-02
1.779472827911376953e-02
2.896714210510253906e-02
3.603386878967285156e-02
4.021811485290527344e-02
5.488902330398559570e-03
3.158783912658691406e-02
2.595424652099609375e-02
1.773816347122192383e-02
2.087473869323730469e-02
1.486510038375854492e-02
1.256275177001953125e-02
1.418280601501464844e-02
1.326906681060791016e-02
2.220869064331054688e-02
3.030705451965332031e-02
4.217624664306640625e-02
3.101027011871337891e-02
0.000000000000000000e+00
0.000000000000000000e+00
0.000000000000000000e+00
0.000000000000000000e+00
0.000000000000000000e+00
0.000000000000000000e+00
0.000000000000000000e+00
0.000000000000000000e+00
0.000000000000000000e+00
0.000000000000000000e+00
0.000000000000000000e+00
0.000000000000000000e+00
0.000000000000000000e+00
0.000000000000000000e+00
0.000000000000000000e+00
0.000000000000000000e+00
0.000000000000000000e+00
0.000000000000000000e+00
0.000000000000000000e+00
0.000000000000000000e+00
