2.363562583923339844e-03
3.270059823989868164e-03
1.653110980987548828e-02
5.077689886093139648e-03
2.006459236145019531e-02
4.151344299316406250e-03
1.524019241333007812e-02
8.883476257324218750e-03
1.745855808258056641e-02
1.137101650238037109e-02
6.690502166748046875e-03
4.911020398139953613e-03
1.296377182006835938e-02
1.402342319488525391e-02
1.788407564163208008e-03
1.673746109008789062e-02
2.802297472953796387e-03
1.245278120040893555e-02
5.995556712150573730e-04
6.187483668327331543e-04
2.861887216567993164e-03
2.323359251022338867e-03
9.885668754577636719e-03
2.334266901016235352e-03
1.552611589431762695e-02
1.402747631072998047e-02
9.833812713623046875e-03
2.508178353309631348e-03
1.339554786682128906e-02
2.457916736602783203e-02
1.467061042785644531e-02
8.980184793472290039e-04
1.661825180053710938e-02
7.108271121978759766e-03
8.476316928863525391e-03
9.919613599777221680e-03
1.051230356097221375e-04
1.486700773239135742e-02
1.861917972564697266e-02
1.713529229164123535e-03
5.634248256683349609e-03
3.428086638450622559e-03
8.439511060714721680e-03
2.528101205825805664e-03
1.684820652008056641e-02
2.477884292602539062e-03
1.378875970840454102e-02
1.396262645721435547e-02
3.492891788482666016e-02
1.106873154640197754e-03
5.255416035652160645e-04
2.313464879989624023e-02
2.987205982208251953e-03
1.506340503692626953e-02
1.147925853729248047e-02
2.661591768264770508e-02
1.505687832832336426e-03
3.354513645172119141e-02
7.702410221099853516e-03
1.425629854202270508e-02
2.535927295684814453e-02
1.447033882141113281e-02
4.683546721935272217e-04
4.612579941749572754e-03
1.445606350898742676e-03
8.242689073085784912e-04
2.575427293777465820e-02
8.009731769561767578e-03
5.264818668365478516e-03
8.278846740722656250e-03
1.557484269142150879e-03
3.041937947273254395e-03
2.547800540924072266e-02
2.053546905517578125e-02
1.442529261112213135e-03
1.312899589538574219e-02
2.203875780105590820e-02
1.028805971145629883e-03
2.921432256698608398e-03
2.259975671768188477e-02
4.254832863807678223e-03
3.185719251632690430e-03
1.874685287475585938e-03
2.918791770935058594e-02
4.089504480361938477e-03
5.681335926055908203e-03
1.705363392829895020e-03
3.478050231933593750e-02
4.391878843307495117e-03
2.957955002784729004e-03
7.936775684356689453e-03
1.772248744964599609e-02
1.231360435485839844e-02
1.611256599426269531e-02
4.800558090209960938e-04
3.228187561035156250e-03
5.673557519912719727e-03
1.663541793823242188e-02
1.132316887378692627e-03
2.113193273544311523e-02
5.493015050888061523e-04
7.641077041625976562e-03
1.204663515090942383e-02
3.394091129302978516e-02
2.178919315338134766e-02
1.503795385360717773e-03
8.934497833251953125e-03
5.299896001815795898e-03
1.671016216278076172e-02
3.823153674602508545e-04
1.280868053436279297e-02
1.241916418075561523e-02
1.415604352951049805e-02
2.967983484268188477e-03
1.680850982666015625e-03
6.565265357494354248e-04
1.370763778686523438e-02
1.913785934448242188e-02
9.037218987941741943e-04
1.237624883651733398e-02
4.147589206695556641e-03
2.640962600708007812e-03
1.337516307830810547e-02
1.774495840072631836e-02
3.307834267616271973e-03
1.015841960906982422e-02
1.049381494522094727e-02
7.632553577423095703e-03
1.590937376022338867e-02
7.537633180618286133e-03
8.034333586692810059e-04
2.037113904953002930e-02
4.362195730209350586e-03
2.731420099735260010e-04
1.210719347000122070e-02
1.067632436752319336e-02
8.900403976440429688e-03
5.989521741867065430e-03
8.718848228454589844e-03
4.882067441940307617e-04
1.220148801803588867e-02
1.861131191253662109e-02
1.764073967933654785e-04
4.453003406524658203e-03
2.125692367553710938e-02
6.394863128662109375e-03
6.035476922988891602e-03
1.058983802795410156e-02
2.908146381378173828e-02
8.458733558654785156e-03
2.566143870353698730e-03
1.271903514862060547e-02
6.487071514129638672e-03
4.785358905792236328e-03
2.510562539100646973e-03
9.540021419525146484e-04
2.961724996566772461e-03
2.079093456268310547e-02
2.104967832565307617e-02
1.129817962646484375e-02
1.475465297698974609e-02
1.515507698059082031e-02
1.195120811462402344e-02
9.436905384063720703e-03
2.122420072555541992e-02
1.294577121734619141e-02
1.505255699157714844e-02
6.856098771095275879e-04
4.067748785018920898e-03
1.758289337158203125e-02
3.497786819934844971e-04
1.505398750305175781e-02
1.924157142639160156e-02
9.104758501052856445e-04
4.194825887680053711e-03
1.871013641357421875e-02
1.459020376205444336e-02
7.671087980270385742e-03
2.079677581787109375e-02
1.223944127559661865e-04
2.643966674804687500e-02
2.085566520690917969e-03
8.239388465881347656e-03
3.880321979522705078e-02
1.719260215759277344e-02
3.931850194931030273e-03
5.792647600173950195e-03
2.474874258041381836e-03
3.805086016654968262e-04
4.356294870376586914e-03
1.459538936614990234e-02
3.477722406387329102e-03
3.809854388236999512e-04
1.504945755004882812e-02
7.813632488250732422e-03
2.326631546020507812e-02
1.757055521011352539e-02
1.706278324127197266e-02
5.562305450439453125e-03
2.167582511901855469e-02
1.190048456192016602e-02
9.706407785415649414e-03
7.021009922027587891e-03
7.991015911102294922e-03
5.418151617050170898e-03
2.266609668731689453e-02
2.130568027496337891e-03
2.376359701156616211e-02
1.415330171585083008e-02
1.304423809051513672e-02
1.097863912582397461e-02
3.454178571701049805e-03
3.022813796997070312e-02
3.333374857902526855e-03
1.923471689224243164e-03
1.585051417350769043e-03
7.366150617599487305e-03
7.753521203994750977e-04
2.306413650512695312e-02
1.143085956573486328e-02
1.350396871566772461e-02
1.936292648315429688e-02
8.585214614868164062e-03
1.231145858764648438e-02
1.055818796157836914e-02
1.453346014022827148e-02
1.756131649017333984e-03
3.282234072685241699e-03
4.142373800277709961e-03
2.189451456069946289e-02
2.059847116470336914e-03
1.216721534729003906e-02
3.333419561386108398e-03
9.904384613037109375e-03
5.292713642120361328e-03
1.043033599853515625e-02
9.701699018478393555e-03
5.235970020294189453e-03
1.158934831619262695e-02
2.265036106109619141e-02
2.314150333404541016e-02
6.357133388519287109e-03
8.277982473373413086e-03
7.247239351272583008e-03
1.311510801315307617e-02
5.461871623992919922e-03
2.681970596313476562e-03
1.270455121994018555e-02
1.689356565475463867e-02
2.252542972564697266e-02
1.413625478744506836e-02
1.919627189636230469e-02
4.415541887283325195e-03
5.462735891342163086e-03
1.017250120639801025e-03
5.675144493579864502e-04
1.270735263824462891e-02
1.443408429622650146e-03
8.460581302642822266e-03
2.890193462371826172e-02
3.549158573150634766e-03
1.563251018524169922e-02
1.667082309722900391e-03
1.723492145538330078e-02
1.296705007553100586e-02
1.664811372756958008e-02
8.721292018890380859e-03
5.064845085144042969e-03
5.197316408157348633e-03
2.162396907806396484e-03
8.700430393218994141e-03
2.713906764984130859e-02
2.965614199638366699e-03
8.805990219116210938e-03
2.496138215065002441e-03
2.417147159576416016e-03
1.207776367664337158e-03
8.356928825378417969e-03
6.644964218139648438e-03
2.494025230407714844e-02
1.622921228408813477e-02
1.691466569900512695e-02
1.147133111953735352e-02
1.887476444244384766e-02
5.520403385162353516e-03
5.944594740867614746e-04
2.952307462692260742e-03
5.081668496131896973e-04
2.589710056781768799e-04
6.899416446685791016e-03
1.937020570039749146e-04
2.827584743499755859e-02
1.448971033096313477e-02
1.589572429656982422e-02
2.738282084465026855e-03
1.104047894477844238e-02
6.101578474044799805e-03
4.083812236785888672e-03
1.477020978927612305e-02
2.828967571258544922e-02
6.235450506210327148e-03
4.464492201805114746e-03
1.856684684753417969e-02
2.190053462982177734e-02
1.312267780303955078e-02
1.477998495101928711e-02
4.485785961151123047e-03
1.570791006088256836e-02
1.302838325500488281e-02
2.514564990997314453e-02
1.060140132904052734e-02
8.632570505142211914e-03
1.517915725708007812e-02
2.090968191623687744e-03
2.651691436767578125e-02
1.903891563415527344e-02
3.570705652236938477e-03
2.922618389129638672e-02
1.132450997829437256e-03
1.076972484588623047e-02
1.061940193176269531e-02
7.767766714096069336e-03
9.946346282958984375e-03
1.863330602645874023e-02
6.054759025573730469e-03
6.253242492675781250e-03
6.215386092662811279e-04
1.909643411636352539e-03
2.255886793136596680e-03
2.735659480094909668e-03
2.398067712783813477e-02
8.466184139251708984e-03
7.599711418151855469e-03
5.215406417846679688e-04
2.069580554962158203e-02
5.499452352523803711e-03
6.443247199058532715e-03
8.510649204254150391e-04
9.379446506500244141e-03
4.803985357284545898e-03
2.334177494049072266e-03
1.877844333648681641e-03
2.169549465179443359e-03
2.465754747390747070e-03
7.243096828460693359e-03
3.487467765808105469e-03
1.075480133295059204e-03
1.410499215126037598e-03
4.500284790992736816e-03
1.128807663917541504e-03
2.034115791320800781e-02
1.123416423797607422e-02
1.121109724044799805e-02
1.670873165130615234e-02
4.789829254150390625e-04
8.989274501800537109e-03
2.361387014389038086e-03
4.541218280792236328e-03
5.967468023300170898e-04
9.454637765884399414e-04
1.361304521560668945e-02
7.391065359115600586e-03
1.543611288070678711e-03
5.891062319278717041e-04
2.512708306312561035e-03
1.706445217132568359e-02
2.625495195388793945e-03
9.282529354095458984e-03
7.197558879852294922e-04
6.752759218215942383e-03
1.522815227508544922e-02
3.871306777000427246e-03
1.564392447471618652e-02
1.423162221908569336e-02
7.678940892219543457e-04
5.834877490997314453e-03
2.733981609344482422e-02
6.141126155853271484e-03
2.123916149139404297e-02
6.807923316955566406e-03
3.060805797576904297e-02
1.968824863433837891e-02
1.412665843963623047e-02
6.324619054794311523e-03
2.956199645996093750e-02
5.213975906372070312e-03
1.051187515258789062e-02
2.608978748321533203e-02
1.318213343620300293e-02
7.721722126007080078e-03
4.331499338150024414e-03
4.509568214416503906e-03
6.414502859115600586e-03
4.824519157409667969e-03
8.157074451446533203e-03
3.346771001815795898e-03
1.262879371643066406e-02
1.892697811126708984e-02
5.092173814773559570e-03
6.906867027282714844e-03
1.847279071807861328e-02
8.887827396392822266e-03
7.800340652465820312e-03
7.559657096862792969e-03
1.541340351104736328e-02
1.072093844413757324e-03
2.463948726654052734e-02
1.255068182945251465e-02
2.141582965850830078e-02
7.947593927383422852e-03
2.078878879547119141e-02
1.896071434020996094e-02
1.502260565757751465e-03
1.052784919738769531e-02
1.590746641159057617e-02
4.320681095123291016e-03
6.719708442687988281e-03
5.653202533721923828e-04
3.083366900682449341e-04
5.903124809265136719e-03
1.992717385292053223e-03
2.850800752639770508e-03
3.621667623519897461e-03
1.238381862640380859e-02
4.752010107040405273e-03
4.730299115180969238e-04
5.337549373507499695e-05
2.902835607528686523e-03
9.876608848571777344e-03
9.607616811990737915e-05
1.082134246826171875e-02
1.928323507308959961e-02
1.688742637634277344e-02
1.149833202362060547e-03
1.977961510419845581e-04
6.765797734260559082e-04
1.125776767730712891e-02
1.422351598739624023e-02
9.026527404785156250e-04
4.228670150041580200e-05
5.841195583343505859e-03
1.014068722724914551e-03
6.381034851074218750e-03
3.542453050613403320e-04
1.293241977691650391e-03
6.294965744018554688e-03
3.004431724548339844e-03
3.096610307693481445e-03
1.937434077262878418e-03
9.187385439872741699e-04
1.399743556976318359e-02
1.003050804138183594e-02
3.937333822250366211e-04
6.914734840393066406e-04
5.638748407363891602e-03
2.577789127826690674e-04
1.739189028739929199e-03
9.314268827438354492e-04
2.883189916610717773e-02
2.149380743503570557e-04
1.458454132080078125e-02
1.600795984268188477e-02
9.268045425415039062e-03
1.562041044235229492e-02
2.243906259536743164e-02
6.076335906982421875e-03
6.382949650287628174e-04
2.810746431350708008e-03
2.865362167358398438e-02
3.481328487396240234e-03
3.799498081207275391e-03
1.712429523468017578e-02
1.639246940612792969e-02
1.562230288982391357e-03
8.897632360458374023e-04
2.606016397476196289e-02
2.484512329101562500e-02
1.507177948951721191e-03
5.154222249984741211e-03
2.525186538696289062e-02
3.515660762786865234e-03
8.816540241241455078e-03
2.215346321463584900e-04
1.573044061660766602e-02
3.232151269912719727e-03
5.271285772323608398e-04
1.456782221794128418e-03
4.129916429519653320e-03
2.309754490852355957e-03
4.121437668800354004e-04
1.755350828170776367e-02
3.541074693202972412e-05
9.107768535614013672e-03
1.597084105014801025e-03
4.271805286407470703e-03
1.218998432159423828e-02
4.215344786643981934e-03
1.526102423667907715e-03
7.401853799819946289e-04
7.460564374923706055e-03
4.026547074317932129e-03
1.808889210224151611e-04
6.147846579551696777e-04
3.523409366607666016e-03
5.119651556015014648e-03
1.222306489944458008e-02
4.598826169967651367e-03
2.508580684661865234e-02
2.138242125511169434e-04
3.692001104354858398e-03
1.283717155456542969e-02
1.719594001770019531e-04
9.262681007385253906e-03
3.752648830413818359e-03
4.223853349685668945e-03
1.185369491577148438e-02
1.205161213874816895e-03
3.850847482681274414e-03
1.864790916442871094e-03
6.098151206970214844e-03
3.941170871257781982e-04
5.482435226440429688e-04
3.404505550861358643e-04
9.487420320510864258e-04
1.107984781265258789e-02
2.333865268155932426e-06
1.755744218826293945e-02
8.414462208747863770e-04
2.512391656637191772e-04
1.278206706047058105e-03
1.774460077285766602e-03
2.413094043731689453e-03
3.839999437332153320e-03
8.742213249206542969e-03
9.088635444641113281e-03
1.705300807952880859e-02
1.474153995513916016e-02
3.040850162506103516e-03
7.996648550033569336e-03
8.095055818557739258e-05
4.810273647308349609e-03
6.675049662590026855e-04
1.345252990722656250e-02
2.228468656539916992e-03
1.664185523986816406e-02
5.423575639724731445e-04
1.425325870513916016e-03
1.858061552047729492e-02
1.761567592620849609e-02
1.038825139403343201e-04
1.315042376518249512e-03
3.222040832042694092e-04
3.892600536346435547e-03
8.825734257698059082e-04
2.267765998840332031e-02
1.222938299179077148e-04
5.058169364929199219e-03
1.890167593955993652e-03
1.196712255477905273e-02
2.854526042938232422e-03
9.039700031280517578e-03
9.606853127479553223e-04
8.603334426879882812e-03
1.994580030441284180e-03
9.000420570373535156e-03
1.813960075378417969e-02
2.620555460453033447e-04
1.117289066314697266e-02
1.782906055450439453e-02
6.760746240615844727e-03
1.655444502830505371e-04
9.061753749847412109e-03
5.883052945137023926e-04
6.707131862640380859e-03
2.217618748545646667e-05
1.415386795997619629e-04
4.369765520095825195e-03
5.405813455581665039e-03
4.090309143066406250e-03
2.779141068458557129e-03
2.398304641246795654e-04
4.471421241760253906e-03
5.691826343536376953e-03
1.232214272022247314e-04
5.388736724853515625e-03
5.836546421051025391e-03
4.974603652954101562e-03
3.087431192398071289e-03
4.530046135187149048e-05
3.911882638931274414e-03
1.468181610107421875e-03
1.118904352188110352e-02
2.398192882537841797e-03
5.069822072982788086e-03
4.148632287979125977e-03
5.303680896759033203e-03
6.325811147689819336e-03
5.775034427642822266e-03
2.380818128585815430e-03
3.443956375122070312e-03
7.797539234161376953e-03
8.172750473022460938e-03
3.298893570899963379e-04
1.729652285575866699e-03
1.208208501338958740e-03
8.730962872505187988e-04
7.859706878662109375e-03
2.654343843460083008e-03
6.959680467844009399e-05
1.078498363494873047e-02
3.253117203712463379e-03
1.841261982917785645e-04
2.635195851325988770e-03
8.976578712463378906e-03
1.047909259796142578e-02
2.462342381477355957e-04
1.286298036575317383e-03
1.193803548812866211e-02
2.104139328002929688e-02
6.338536739349365234e-03
7.613077759742736816e-04
2.035930752754211426e-03
2.175092697143554688e-02
1.706376671791076660e-03
8.761525154113769531e-03
7.555782794952392578e-03
4.796832799911499023e-04
3.670781850814819336e-03
4.182666540145874023e-03
3.219783306121826172e-03
1.697912812232971191e-04
4.391551017761230469e-03
2.089470624923706055e-03
8.821636438369750977e-03
4.534959793090820312e-03
6.265819072723388672e-03
1.086783409118652344e-02
5.020946264266967773e-03
2.722635865211486816e-03
1.592397689819335938e-03
5.123823881149291992e-03
1.910418272018432617e-03
9.473562240600585938e-03
2.058506011962890625e-03
3.937348723411560059e-03
1.381598412990570068e-04
3.425180912017822266e-03
4.384011030197143555e-03
2.823874354362487793e-03
1.963153481483459473e-03
1.555323600769042969e-02
9.738653898239135742e-05
3.845803439617156982e-04
1.952528953552246094e-03
2.171665430068969727e-03
1.337617635726928711e-02
9.653210639953613281e-03
2.026408910751342773e-04
4.159855842590332031e-02
7.630772888660430908e-04
3.989532589912414551e-03
7.838547229766845703e-03
7.369548082351684570e-03
1.039785146713256836e-02
5.676001310348510742e-04
7.437076419591903687e-05
1.350156962871551514e-03
2.937540411949157715e-04
8.548498153686523438e-04
2.487897872924804688e-03
7.716178894042968750e-03
4.949688911437988281e-03
1.729624345898628235e-04
1.387342810630798340e-03
3.772854804992675781e-03
2.714157104492187500e-03
4.512578248977661133e-03
8.484661579132080078e-03
4.924684762954711914e-04
5.067437887191772461e-03
2.202367782592773438e-02
2.697801589965820312e-02
9.348466992378234863e-04
6.573975086212158203e-03
2.349650859832763672e-02
5.958735942840576172e-03
8.084103465080261230e-04
2.240520715713500977e-02
4.260726273059844971e-04
2.602303028106689453e-02
1.628153026103973389e-03
2.478075027465820312e-02
1.428914070129394531e-02
1.373022794723510742e-02
1.509469002485275269e-04
8.500814437866210938e-04
1.085534691810607910e-02
3.303736448287963867e-04
3.635317087173461914e-03
1.371604204177856445e-02
2.204224467277526855e-03
1.112854480743408203e-02
5.231559276580810547e-03
7.226943969726562500e-03
1.560807228088378906e-02
1.259267330169677734e-03
2.052977681159973145e-03
9.961664676666259766e-03
9.395182132720947266e-04
2.316838502883911133e-02
1.060152053833007812e-02
1.597322523593902588e-03
2.562850713729858398e-03
1.207128167152404785e-03
1.260951161384582520e-03
4.638582468032836914e-03
4.784315824508666992e-04
7.752999663352966309e-04
1.583278179168701172e-03
5.039006471633911133e-03
3.551125526428222656e-03
1.801896095275878906e-02
2.105973660945892334e-03
7.401973009109497070e-03
5.105525255203247070e-03
9.549930691719055176e-04
8.173227310180664062e-03
4.819519817829132080e-04
3.502905368804931641e-03
9.170770645141601562e-04
2.110585570335388184e-03
3.242064267396926880e-04
4.137188196182250977e-03
5.629658699035644531e-04
2.807825803756713867e-04
1.781389117240905762e-03
2.171561121940612793e-03
3.337059170007705688e-04
3.796175122261047363e-03
9.359121322631835938e-03
1.227170228958129883e-03
1.945346593856811523e-04
1.475512981414794922e-04
5.184948444366455078e-03
2.432707697153091431e-04
6.050378084182739258e-03
4.410790279507637024e-05
9.295642375946044922e-04
1.428119838237762451e-03
1.823455095291137695e-03
1.492530107498168945e-03
2.010405063629150391e-03
8.392155170440673828e-03
6.800681352615356445e-03
2.602458000183105469e-03
2.095945179462432861e-03
2.062916755676269531e-03
1.710750162601470947e-03
2.804204821586608887e-03
1.409405469894409180e-02
1.979976892471313477e-03
1.691979169845581055e-02
4.095241427421569824e-03
8.783340454101562500e-04
3.665447235107421875e-03
4.480592906475067139e-04
4.087164998054504395e-04
1.140499114990234375e-02
3.039717674255371094e-03
1.595234870910644531e-02
3.840476274490356445e-04
8.588880300521850586e-04
9.528964757919311523e-03
2.631843090057373047e-03
1.684069633483886719e-02
4.005581140518188477e-04
1.352522522211074829e-04
6.543248891830444336e-04
5.618110299110412598e-04
6.322115659713745117e-04
3.612428903579711914e-03
6.127124652266502380e-05
1.766979694366455078e-03
9.929984807968139648e-04
9.476020932197570801e-04
5.276575684547424316e-04
2.337172627449035645e-03
7.345806807279586792e-05
2.187937498092651367e-03
2.424108982086181641e-02
1.625329256057739258e-03
1.521920785307884216e-04
9.455442428588867188e-03
6.177663803100585938e-03
9.858573321253061295e-06
8.507609367370605469e-03
1.846289634704589844e-02
6.681084632873535156e-03
2.759043127298355103e-04
4.540801048278808594e-03
8.152484893798828125e-03
2.955079078674316406e-03
7.576122879981994629e-04
1.752749085426330566e-03
7.735192775726318359e-04
3.708168864250183105e-03
3.774128854274749756e-04
6.364956498146057129e-04
4.039406776428222656e-03
2.498403191566467285e-03
2.067694440484046936e-04
3.022998571395874023e-03
1.662984490394592285e-03
2.248942852020263672e-03
3.018617630004882812e-03
1.648324728012084961e-02
3.336928784847259521e-06
9.269416332244873047e-04
1.770555973052978516e-03
1.075223088264465332e-03
1.756930351257324219e-02
1.529358327388763428e-03
2.474635839462280273e-03
1.572534441947937012e-03
1.121148467063903809e-03
2.383410930633544922e-03
2.008497714996337891e-03
6.891489028930664062e-04
7.091239094734191895e-04
2.681873738765716553e-04
3.383576869964599609e-03
3.560543060302734375e-03
3.337301313877105713e-04
1.313515007495880127e-03
2.823042869567871094e-02
3.570884466171264648e-03
7.095128297805786133e-03
5.918264389038085938e-03
1.724824309349060059e-03
2.859309315681457520e-04
8.638668805360794067e-05
9.726703166961669922e-03
1.756064593791961670e-03
4.823863506317138672e-03
2.050071954727172852e-03
6.887137889862060547e-03
4.183053970336914062e-03
3.112047910690307617e-02
9.186789393424987793e-04
2.775728702545166016e-03
2.827256917953491211e-03
1.760326325893402100e-03
8.454084396362304688e-03
1.958483457565307617e-02
1.779049634933471680e-03
1.635730266571044922e-02
1.871913671493530273e-03
4.062335938215255737e-04
1.847183704376220703e-02
2.381086349487304688e-03
1.346689462661743164e-02
5.710721015930175781e-04
3.743201494216918945e-03
5.289852619171142578e-03
4.750072956085205078e-03
3.381017595529556274e-04
1.924800872802734375e-02
4.488408565521240234e-03
1.486098766326904297e-02
2.204334735870361328e-02
1.291441917419433594e-02
1.220688223838806152e-03
5.493462085723876953e-03
8.063614368438720703e-04
1.309767365455627441e-03
1.350879669189453125e-03
1.260496675968170166e-03
2.650707028806209564e-05
1.480896025896072388e-04
4.322975873947143555e-03
2.820163965225219727e-03
3.839582204818725586e-04
9.011030197143554688e-04
5.431473255157470703e-04
1.068681478500366211e-03
1.763594150543212891e-02
7.778078317642211914e-03
3.213137388229370117e-03
1.868056133389472961e-04
1.014265418052673340e-02
3.588497638702392578e-03
2.830028533935546875e-03
9.964555501937866211e-04
2.502131462097167969e-02
1.963391900062561035e-03
1.641881465911865234e-02
1.271061599254608154e-03
1.557275652885437012e-03
3.242105245590209961e-03
2.965748310089111328e-03
3.591850399971008301e-04
1.222148537635803223e-03
3.385350108146667480e-03
2.629365772008895874e-04
1.632854342460632324e-03
9.429128840565681458e-05
9.790956974029541016e-04
7.722713053226470947e-04
5.184173583984375000e-03
5.296647548675537109e-03
1.243278384208679199e-04
4.045665264129638672e-04
8.577331900596618652e-04
1.707047224044799805e-03
2.892032265663146973e-03
2.528447657823562622e-05
2.334982156753540039e-02
1.736916601657867432e-04
9.584203362464904785e-04
1.110553741455078125e-02
1.177981495857238770e-03
2.684086561203002930e-03
1.182901859283447266e-02
9.290188550949096680e-03
3.937110304832458496e-04
2.455070614814758301e-03
7.994979619979858398e-03
1.133590936660766602e-03
4.256725311279296875e-03
2.325661480426788330e-04
1.686461269855499268e-03
7.005296647548675537e-04
4.221886396408081055e-03
2.658337354660034180e-03
5.301495548337697983e-06
6.946265697479248047e-03
2.216041088104248047e-03
1.957416534423828125e-03
1.096017658710479736e-04
1.134589314460754395e-03
1.318149268627166748e-03
1.084923744201660156e-02
2.879261970520019531e-03
2.738043665885925293e-03
2.250209450721740723e-03
1.951724290847778320e-03
2.203971147537231445e-03
1.171566545963287354e-04
5.987823009490966797e-03
1.189434528350830078e-02
2.929657697677612305e-03
2.797704935073852539e-02
5.021281540393829346e-04
4.292801022529602051e-04
8.134841918945312500e-04
4.900060594081878662e-05
9.149499237537384033e-05
4.153400659561157227e-03
4.719436168670654297e-03
1.236483454704284668e-03
3.530442714691162109e-03
4.596024751663208008e-03
2.043679356575012207e-03
3.711804747581481934e-04
1.188814640045166016e-02
1.102507114410400391e-03
4.163756966590881348e-03
9.613215923309326172e-03
7.968023419380187988e-04
1.873616129159927368e-04
6.804540753364562988e-04
7.371604442596435547e-04
2.842862159013748169e-04
3.728754818439483643e-04
9.432792663574218750e-03
6.127431988716125488e-04
2.136135101318359375e-02
3.353506326675415039e-03
4.098698496818542480e-03
2.221047878265380859e-03
1.673191785812377930e-02
9.101271629333496094e-03
1.832731068134307861e-04
1.125514507293701172e-03
2.380684018135070801e-04
5.489103496074676514e-04
9.493112564086914062e-03
1.975372433662414551e-04
5.668029189109802246e-04
2.120107412338256836e-03
2.309933304786682129e-03
1.885015517473220825e-04
5.986094474792480469e-03
1.749262213706970215e-03
1.635318994522094727e-02
6.029009819030761719e-05
1.101231575012207031e-02
3.372922539710998535e-03
3.311440348625183105e-03
2.432778477668762207e-03
8.510768413543701172e-03
9.050548076629638672e-03
1.075610518455505371e-02
9.650969877839088440e-05
8.298933506011962891e-03
1.347914338111877441e-03
5.395382642745971680e-03
1.558768749237060547e-02
2.095437049865722656e-02
6.420165300369262695e-04
3.808997571468353271e-04
1.352652907371520996e-04
2.026930451393127441e-03
4.188582301139831543e-03
1.233553886413574219e-02
1.124784350395202637e-03
2.463087439537048340e-04
1.113429665565490723e-03
2.261653542518615723e-03
2.642393112182617188e-03
2.914592623710632324e-04
1.863747835159301758e-03
3.385424613952636719e-03
2.207428216934204102e-03
5.398131906986236572e-05
9.668558835983276367e-03
1.501545310020446777e-03
4.177652299404144287e-04
7.789075374603271484e-03
2.100020647048950195e-03
8.969306945800781250e-04
3.141444176435470581e-04
2.542662620544433594e-02
4.822641611099243164e-03
1.940473914146423340e-03
1.238480210304260254e-03
3.102028369903564453e-02
2.954155206680297852e-03
7.774010300636291504e-04
9.144306182861328125e-03
1.630485057830810547e-03
1.232698559761047363e-03
5.076639354228973389e-05
3.663152456283569336e-03
1.267516613006591797e-02
1.934900879859924316e-03
5.103051662445068359e-03
7.154166698455810547e-03
4.588868468999862671e-04
2.250120043754577637e-03
6.194233894348144531e-03
1.859664916992187500e-03
2.235502004623413086e-03
4.889905452728271484e-03
5.952775478363037109e-03
2.238959074020385742e-03
5.914941430091857910e-04
2.043601125478744507e-04
2.682935446500778198e-04
4.930496215820312500e-03
4.418045282363891602e-04
4.025310277938842773e-03
1.464318484067916870e-04
6.999224424362182617e-04
2.536863088607788086e-03
5.939826369285583496e-04
6.984442472457885742e-03
1.127332448959350586e-02
6.518691778182983398e-03
1.434333622455596924e-03
3.167241811752319336e-03
2.532660961151123047e-03
3.708064556121826172e-03
2.825886011123657227e-03
2.068132162094116211e-03
9.901123121380805969e-05
4.972279071807861328e-03
4.220813512802124023e-03
1.753395795822143555e-02
2.053290605545043945e-03
2.062633633613586426e-03
5.787700414657592773e-03
3.585014492273330688e-04
8.702635765075683594e-03
4.625499248504638672e-03
2.277985215187072754e-03
5.608052015304565430e-05
2.685725688934326172e-03
4.223823547363281250e-03
2.475291490554809570e-03
1.387929916381835938e-02
1.971356570720672607e-03
1.990422606468200684e-03
2.994596958160400391e-03
1.078687608242034912e-03
2.717697620391845703e-02
4.412867128849029541e-04
4.880800843238830566e-04
8.507907390594482422e-03
1.422502100467681885e-04
6.468206644058227539e-03
6.414651870727539062e-03
4.747092723846435547e-03
9.621381759643554688e-04
8.099019527435302734e-03
3.753602504730224609e-04
4.201829433441162109e-03
8.979365229606628418e-04
1.371169090270996094e-02
9.167268872261047363e-04
2.349177375435829163e-04
2.134591341018676758e-03
2.842336893081665039e-03
8.337110280990600586e-03
3.508813679218292236e-04
9.914487600326538086e-05
2.635240554809570312e-03
5.797855556011199951e-05
1.372657716274261475e-04
4.106275737285614014e-04
1.604892313480377197e-04
1.299325376749038696e-04
1.048310659825801849e-04
1.652687788009643555e-03
6.116032600402832031e-04
8.763894438743591309e-04
6.914436817169189453e-03
9.504631161689758301e-04
1.572638750076293945e-03
4.048883914947509766e-03
6.758496165275573730e-04
5.046069622039794922e-03
4.128068685531616211e-03
1.591694355010986328e-02
2.200663089752197266e-02
2.526235766708850861e-05
8.133286610245704651e-05
4.327207803726196289e-03
7.137656211853027344e-04
2.552986145019531250e-03
3.010153770446777344e-03
7.667094469070434570e-04
9.005874395370483398e-03
1.066558063030242920e-03
4.787817597389221191e-04
1.206904649734497070e-03
9.648919105529785156e-03
2.592518925666809082e-03
8.766204118728637695e-04
1.858375966548919678e-03
5.459450185298919678e-04
2.712354063987731934e-03
8.498318493366241455e-05
1.914352178573608398e-04
1.773208379745483398e-03
7.781982421875000000e-04
7.285270839929580688e-05
1.355916261672973633e-03
4.943534731864929199e-04
6.304681301116943359e-04
1.697108149528503418e-03
2.375483512878417969e-03
8.277267217636108398e-03
1.253998279571533203e-02
1.590833067893981934e-03
6.320774555206298828e-04
1.880666241049766541e-05
1.551397144794464111e-03
2.112798392772674561e-05
1.447446644306182861e-03
7.698237895965576172e-04
2.028509974479675293e-03
7.460236549377441406e-03
1.346850395202636719e-02
1.226156949996948242e-03
3.990009427070617676e-04
1.533269882202148438e-03
1.017404720187187195e-04
6.325662136077880859e-03
1.843944191932678223e-03
3.239847719669342041e-04
1.140803098678588867e-03
2.293474972248077393e-05
1.469045877456665039e-03
1.008993387222290039e-02
8.839517831802368164e-03
1.901701092720031738e-03
7.355242967605590820e-03
2.132683992385864258e-03
2.182734012603759766e-02
1.301169395446777344e-03
3.631860017776489258e-04
1.626229286193847656e-02
3.183782100677490234e-03
1.710599660873413086e-02
5.344361066818237305e-03
3.596335649490356445e-03
3.040805459022521973e-04
2.983026206493377686e-04
2.003180980682373047e-02
1.089155673980712891e-02
7.186532020568847656e-04
1.153662800788879395e-03
6.862282752990722656e-04
4.503643140196800232e-05
1.218505203723907471e-03
2.092421054840087891e-04
3.787465393543243408e-04
7.918030023574829102e-04
6.248578429222106934e-04
2.517253160476684570e-03
2.804454416036605835e-04
1.105993986129760742e-03
4.258053377270698547e-05
3.861308097839355469e-03
1.032151281833648682e-03
7.328212261199951172e-03
1.564085483551025391e-02
3.804340958595275879e-04
1.024208962917327881e-03
2.420768141746520996e-03
7.432252168655395508e-03
8.225142955780029297e-03
4.429519176483154297e-03
5.058467388153076172e-03
8.114099502563476562e-03
1.803715713322162628e-05
1.505106687545776367e-03
2.079033851623535156e-02
8.566856384277343750e-03
1.571998000144958496e-03
7.322654128074645996e-04
1.293581724166870117e-02
1.301970332860946655e-04
2.160853147506713867e-02
4.530558362603187561e-05
1.966897398233413696e-04
3.381341695785522461e-03
8.905082941055297852e-04
2.787351608276367188e-03
2.227909862995147705e-04
1.911759376525878906e-03
8.318871259689331055e-04
2.803385257720947266e-03
2.916455268859863281e-04
1.853817701339721680e-02
4.032641649246215820e-03
4.768550395965576172e-03
4.037559032440185547e-03
3.533080220222473145e-03
4.965849220752716064e-04
2.070277929306030273e-03
4.901438951492309570e-04
4.614233970642089844e-03
2.535507082939147949e-04
1.088702678680419922e-02
7.089339196681976318e-04
1.881971955299377441e-03
7.325261831283569336e-04
3.780201077461242676e-03
1.027844846248626709e-04
3.450028598308563232e-04
9.455084800720214844e-04
4.790991544723510742e-03
2.041459083557128906e-02
2.369165420532226562e-03
1.978695392608642578e-03
2.338036894798278809e-03
1.604311168193817139e-03
1.084941625595092773e-02
4.356503486633300781e-03
3.031834959983825684e-03
2.245336771011352539e-03
2.455282956361770630e-04
3.129735589027404785e-03
2.778507769107818604e-05
2.460271120071411133e-03
2.059501409530639648e-02
8.133232593536376953e-03
5.163311958312988281e-03
2.408906817436218262e-03
3.515221178531646729e-04
3.123357892036437988e-03
2.399712800979614258e-03
1.510888338088989258e-03
8.643493056297302246e-04
4.930078983306884766e-03
8.127778768539428711e-03
2.607945352792739868e-04
3.846511244773864746e-04
1.772403717041015625e-02
4.996597766876220703e-03
8.727848529815673828e-03
2.234689891338348389e-04
2.836391329765319824e-03
9.634047746658325195e-03
3.396943211555480957e-04
4.033058881759643555e-03
9.866058826446533203e-05
1.535147428512573242e-03
2.983078360557556152e-03
3.474503755569458008e-04
6.597876548767089844e-03
5.601108074188232422e-03
1.240801066160202026e-04
7.886737585067749023e-04
5.783140659332275391e-04
4.058703780174255371e-04
3.575980663299560547e-04
3.517478704452514648e-03
6.801903247833251953e-03
1.866042613983154297e-03
1.760587096214294434e-03
1.724939793348312378e-04
1.424878835678100586e-03
1.651104539632797241e-04
6.675660610198974609e-03
5.267560482025146484e-04
1.761838793754577637e-03
1.510798931121826172e-02
1.287102699279785156e-02
8.899390697479248047e-03
6.907463073730468750e-03
2.067223191261291504e-03
4.602253437042236328e-03
1.171618700027465820e-03
7.839202880859375000e-03
7.729604840278625488e-04
6.326615810394287109e-03
2.308003604412078857e-04
5.803350359201431274e-05
1.201242208480834961e-03
7.456839084625244141e-03
7.437542080879211426e-04
4.176348447799682617e-03
3.806948661804199219e-04
5.313530564308166504e-04
1.254892349243164062e-02
1.232862472534179688e-02
2.506542950868606567e-04
2.053126692771911621e-03
5.981951951980590820e-03
1.167744398117065430e-03
5.719184875488281250e-03
1.520887017250061035e-03
4.773773252964019775e-05
2.337351441383361816e-03
5.936652421951293945e-03
3.247112035751342773e-03
9.546875953674316406e-04
6.886005401611328125e-03
8.591979742050170898e-03
3.244519233703613281e-03
5.574226379394531250e-03
6.192456930875778198e-05
1.705422997474670410e-03
3.019928932189941406e-03
1.038169860839843750e-02
2.004712820053100586e-03
4.126697778701782227e-03
3.921873867511749268e-04
5.962938070297241211e-03
4.714846611022949219e-03
8.213996887207031250e-03
1.176282763481140137e-03
4.844069480895996094e-04
7.949918508529663086e-04
9.143292903900146484e-03
1.311421394348144531e-03
2.352058887481689453e-03
2.267304807901382446e-04
9.448468685150146484e-03
1.886747777462005615e-04
5.778461694717407227e-03
2.565104514360427856e-04
1.079440116882324219e-02
5.831047892570495605e-04
7.015705108642578125e-03
2.849817276000976562e-03
7.695257663726806641e-04
6.947636604309082031e-03
2.986520528793334961e-03
1.008547842502593994e-03
2.514541149139404297e-03
6.642378866672515869e-05
3.447383642196655273e-03
1.020663976669311523e-02
2.553090453147888184e-04
9.322240948677062988e-04
8.328109979629516602e-04
2.433478832244873047e-03
5.313217639923095703e-03
7.639378309249877930e-04
1.257315278053283691e-03
8.801966905593872070e-04
3.175996243953704834e-04
2.070397138595581055e-03
2.601044252514839172e-05
7.391422986984252930e-03
3.620162606239318848e-04
1.888796687126159668e-03
3.873825073242187500e-03
2.106457948684692383e-02
4.972219467163085938e-03
1.863673329353332520e-03
1.885980367660522461e-03
6.256401538848876953e-03
8.847936987876892090e-04
0.000000000000000000e+00
0.000000000000000000e+00
0.000000000000000000e+00
0.000000000000000000e+00
0.000000000000000000e+00
0.000000000000000000e+00
0.000000000000000000e+00
0.000000000000000000e+00
0.000000000000000000e+00
0.000000000000000000e+00
0.000000000000000000e+00
0.000000000000000000e+00
0.000000000000000000e+00
0.000000000000000000e+00
0.000000000000000000e+00
0.000000000000000000e+00
0.000000000000000000e+00
0.000000000000000000e+00
0.000000000000000000e+00
0.000000000000000000e+00
0.000000000000000000e+00
0.000000000000000000e+00
0.000000000000000000e+00
0.000000000000000000e+00
0.000000000000000000e+00
0.000000000000000000e+00
0.000000000000000000e+00
0.000000000000000000e+00
0.000000000000000000e+00
0.000000000000000000e+00
0.000000000000000000e+00
0.000000000000000000e+00
0.000000000000000000e+00
0.000000000000000000e+00
0.000000000000000000e+00
0.000000000000000000e+00
0.000000000000000000e+00
0.000000000000000000e+00
0.000000000000000000e+00
0.000000000000000000e+00
