8.623540401458740234e-03
2.009731531143188477e-02
1.870238780975341797e-02
1.022681593894958496e-02
5.222320556640625000e-03
3.733299672603607178e-04
7.186174392700195312e-03
1.684373617172241211e-02
5.308106541633605957e-03
1.798796653747558594e-02
4.449054598808288574e-03
7.817447185516357422e-03
9.594827890396118164e-03
2.092766761779785156e-02
3.707148134708404541e-04
1.017740368843078613e-02
7.175803184509277344e-04
1.512780785560607910e-03
1.989692449569702148e-03
1.506358385086059570e-02
1.099830865859985352e-02
1.309567689895629883e-02
2.027124166488647461e-03
8.167445659637451172e-03
6.047099828720092773e-03
3.263235092163085938e-02
1.974925398826599121e-03
1.445341110229492188e-02
1.314774155616760254e-03
1.809132099151611328e-02
1.158612966537475586e-02
1.631632447242736816e-03
2.308227121829986572e-04
1.880478858947753906e-02
2.425807714462280273e-02
2.772545814514160156e-02
4.263371229171752930e-03
6.378501653671264648e-03
1.070484519004821777e-02
1.744455099105834961e-02
1.026222109794616699e-02
5.730092525482177734e-03
9.247899055480957031e-03
1.189517974853515625e-02
3.256380558013916016e-02
7.057458162307739258e-03
2.658456563949584961e-02
5.696937441825866699e-04
9.477436542510986328e-04
4.871115088462829590e-04
2.266258001327514648e-02
1.578027009963989258e-02
2.315801382064819336e-02
1.538537442684173584e-03
2.000367641448974609e-02
2.172011137008666992e-02
1.857265830039978027e-03
1.826333999633789062e-02
1.590967178344726562e-03
3.331780433654785156e-03
4.901736974716186523e-03
1.172296702861785889e-03
1.062965393066406250e-02
2.499308902770280838e-05
1.174664497375488281e-02
5.712270736694335938e-03
5.742460489273071289e-03
3.978416323661804199e-03
2.527868747711181641e-02
7.722303271293640137e-04
2.976059913635253906e-04
4.606366157531738281e-03
5.780696868896484375e-03
2.595841884613037109e-03
1.024357974529266357e-03
1.111412048339843750e-02
1.975595951080322266e-03
3.521955013275146484e-02
7.945090532302856445e-03
6.080955266952514648e-03
6.253153085708618164e-03
4.224860668182373047e-02
4.261329770088195801e-03
1.098904013633728027e-02
1.961845159530639648e-02
1.999688148498535156e-02
5.500949919223785400e-04
2.091005444526672363e-03
2.277225255966186523e-03
1.485067605972290039e-02
1.758021116256713867e-02
4.038326442241668701e-04
1.997530460357666016e-02
2.555213868618011475e-04
1.257580518722534180e-02
2.243536710739135742e-02
1.104211807250976562e-02
6.164550781250000000e-03
8.814394474029541016e-03
1.474283635616302490e-04
8.048862218856811523e-03
1.880007982254028320e-02
2.052938938140869141e-02
2.015393972396850586e-02
2.774983644485473633e-03
3.370344638824462891e-03
2.308613061904907227e-02
3.448283672332763672e-02
2.477139234542846680e-03
7.264643907546997070e-03
1.041680574417114258e-03
6.586670875549316406e-03
1.710611581802368164e-02
1.447620987892150879e-02
8.834898471832275391e-03
8.903801441192626953e-03
2.143037319183349609e-02
5.158767104148864746e-03
1.772075891494750977e-02
1.361966133117675781e-03
3.094255924224853516e-03
1.079669594764709473e-02
5.338370800018310547e-03
2.770170569419860840e-03
4.925310611724853516e-03
9.196162223815917969e-03
2.564215660095214844e-02
3.205865621566772461e-03
2.879357337951660156e-02
2.206492424011230469e-02
2.018499374389648438e-02
1.089027523994445801e-02
3.339961171150207520e-03
1.945596933364868164e-02
8.651763200759887695e-04
1.663434505462646484e-02
1.270055770874023438e-02
2.178966999053955078e-02
1.586854457855224609e-02
4.339480400085449219e-02
3.325641155242919922e-02
8.629083633422851562e-03
2.012354135513305664e-02
1.568341255187988281e-02
1.959556341171264648e-02
1.429155468940734863e-03
1.046895980834960938e-02
1.544356346130371094e-04
1.053851842880249023e-02
1.098155975341796875e-03
2.003347873687744141e-02
1.909863948822021484e-02
3.694856166839599609e-02
1.679152250289916992e-02
1.211035996675491333e-04
1.795306801795959473e-03
2.273213863372802734e-02
2.680581808090209961e-02
2.344149351119995117e-02
1.301491260528564453e-02
2.660036087036132812e-03
2.938330173492431641e-03
2.028584480285644531e-02
9.778290987014770508e-04
7.415451109409332275e-04
6.071180105209350586e-03
1.233436167240142822e-03
1.341991126537322998e-03
2.335655689239501953e-02
3.710418939590454102e-03
2.483004331588745117e-02
1.130402088165283203e-02
8.123606443405151367e-03
2.518272399902343750e-02
3.962442278861999512e-04
2.977049350738525391e-02
2.711594104766845703e-03
2.539467811584472656e-02
2.700233459472656250e-02
2.720844745635986328e-02
6.039217114448547363e-03
2.059198915958404541e-03
1.637022942304611206e-04
1.755690574645996094e-02
6.284952163696289062e-03
1.638233661651611328e-04
1.529473066329956055e-02
1.709961891174316406e-02
1.211255788803100586e-03
2.783703804016113281e-02
1.454898715019226074e-02
1.286619901657104492e-02
2.070623636245727539e-02
2.405434846878051758e-02
1.051175594329833984e-02
1.603358983993530273e-02
5.838096141815185547e-03
7.236190140247344971e-04
1.330339908599853516e-02
1.616024971008300781e-02
2.444660663604736328e-02
1.197451353073120117e-02
1.591004431247711182e-03
4.794150590896606445e-03
5.539387464523315430e-03
9.385272860527038574e-04
1.294660568237304688e-02
5.828440189361572266e-03
2.990025281906127930e-02
4.583448171615600586e-04
2.190208435058593750e-02
2.110505104064941406e-02
1.167319715023040771e-03
3.296768665313720703e-02
2.208024263381958008e-02
1.699578762054443359e-02
2.105191349983215332e-03
1.103270053863525391e-02
8.271150290966033936e-04
4.565179347991943359e-03
1.205131411552429199e-03
8.292764425277709961e-03
1.944863796234130859e-02
1.044970750808715820e-02
1.714289188385009766e-03
2.458572387695312500e-02
1.385658979415893555e-02
2.686887979507446289e-03
9.630993008613586426e-05
2.082979679107666016e-02
3.004884719848632812e-02
6.320238113403320312e-03
1.865291595458984375e-02
9.199798107147216797e-03
1.049035787582397461e-02
2.087801694869995117e-02
7.924959063529968262e-04
2.125605940818786621e-03
2.112820744514465332e-03
1.812016963958740234e-02
1.797926425933837891e-02
2.297997474670410156e-02
3.016972541809082031e-02
1.145893335342407227e-02
2.174937725067138672e-02
2.759873867034912109e-03
3.904655575752258301e-03
2.211540937423706055e-02
3.561358898878097534e-04
1.292371749877929688e-02
6.957709789276123047e-03
1.368671655654907227e-04
6.938874721527099609e-04
2.145969867706298828e-02
1.775139570236206055e-02
1.555961370468139648e-02
1.496833562850952148e-02
1.449519768357276917e-04
1.289692521095275879e-02
2.067452669143676758e-02
4.139050841331481934e-03
3.092184662818908691e-03
1.915836334228515625e-02
7.549002766609191895e-04
1.791730523109436035e-03
1.089912652969360352e-02
3.586202859878540039e-03
3.838330507278442383e-03
1.134246587753295898e-02
2.238526940345764160e-03
1.157271862030029297e-02
2.305972576141357422e-02
1.872184872627258301e-02
7.160454988479614258e-03
1.927500963211059570e-02
1.906044781208038330e-04
2.440512180328369141e-02
1.022335886955261230e-02
1.486748456954956055e-03
3.179341554641723633e-03
5.577877163887023926e-04
8.850917220115661621e-05
1.208281517028808594e-02
1.071736216545104980e-03
3.488529473543167114e-04
2.548944950103759766e-02
1.021992415189743042e-03
2.280455827713012695e-02
1.489984989166259766e-02
4.564851522445678711e-03
1.774328947067260742e-02
1.648396253585815430e-02
6.955742835998535156e-03
7.847473025321960449e-04
2.967432141304016113e-03
3.076732158660888672e-02
1.484614610671997070e-02
2.375692129135131836e-03
8.684933185577392578e-03
1.836240291595458984e-02
2.573847770690917969e-02
1.641464233398437500e-02
1.748335361480712891e-02
1.803851127624511719e-02
1.032549142837524414e-02
1.992613077163696289e-03
1.423096656799316406e-02
2.028417587280273438e-02
1.473200321197509766e-02
1.769715547561645508e-02
2.220515161752700806e-04
2.591538429260253906e-02
3.196370601654052734e-02
3.785848617553710938e-03
9.277686476707458496e-04
9.833015501499176025e-04
1.047238707542419434e-03
1.754868030548095703e-02
1.569062471389770508e-02
1.219654083251953125e-02
1.285111904144287109e-02
7.661819458007812500e-03
3.534838557243347168e-03
8.892893791198730469e-03
1.607608795166015625e-02
1.416355371475219727e-02
2.126461267471313477e-02
1.944690942764282227e-03
3.472462296485900879e-03
2.501666545867919922e-02
1.476621627807617188e-02
3.351330757141113281e-03
6.741911172866821289e-03
1.089590787887573242e-02
9.115755558013916016e-03
4.171147942543029785e-03
1.264500617980957031e-02
7.258921861648559570e-03
1.541429758071899414e-02
8.282572031021118164e-03
2.260833978652954102e-03
5.459617823362350464e-04
1.269510388374328613e-02
1.644700765609741211e-03
2.611458301544189453e-02
2.192997932434082031e-02
7.095709443092346191e-04
2.039968967437744141e-03
1.427108049392700195e-02
1.850384473800659180e-02
1.757478713989257812e-02
6.766095757484436035e-04
4.592873156070709229e-04
4.305720329284667969e-03
1.786295324563980103e-04
8.037179708480834961e-03
1.078091561794281006e-03
2.034312486648559570e-02
1.377302408218383789e-02
2.058902755379676819e-04
1.193657517433166504e-03
2.532564103603363037e-04
1.860749721527099609e-02
9.082078933715820312e-03
1.449537277221679688e-02
1.434579491615295410e-03
7.095903158187866211e-03
1.868605613708496094e-02
1.851332187652587891e-02
1.943379640579223633e-03
1.496601104736328125e-02
1.457475125789642334e-03
9.974956512451171875e-03
1.416921615600585938e-03
1.080983877182006836e-02
2.020156383514404297e-02
3.058850765228271484e-03
1.909667253494262695e-02
6.367802619934082031e-03
7.817357778549194336e-03
1.455955207347869873e-04
5.529344081878662109e-03
1.931595802307128906e-02
3.464147448539733887e-05
1.412835717201232910e-02
8.502788841724395752e-04
1.926207542419433594e-02
5.862817168235778809e-03
5.598470568656921387e-03
8.696541190147399902e-04
3.031149506568908691e-03
3.905594348907470703e-04
1.854771375656127930e-02
1.083093881607055664e-02
6.625324487686157227e-03
8.588671684265136719e-03
1.259940862655639648e-02
2.443194389343261719e-02
1.340866088867187500e-02
2.722990512847900391e-02
2.390080690383911133e-02
7.513850927352905273e-03
2.052730321884155273e-02
1.522547006607055664e-02
2.698767185211181641e-02
4.541724920272827148e-03
2.876114845275878906e-02
1.097849011421203613e-02
2.864217758178710938e-02
3.640800714492797852e-04
2.019858360290527344e-02
6.208002567291259766e-03
5.382210016250610352e-03
7.486492395401000977e-04
3.980100154876708984e-04
1.146933063864707947e-04
1.399904489517211914e-03
1.171725988388061523e-02
3.913551568984985352e-03
1.634722948074340820e-02
9.069025516510009766e-03
5.367845296859741211e-04
9.077072143554687500e-03
3.772467374801635742e-03
7.756873965263366699e-04
9.152770042419433594e-03
5.781680345535278320e-03
1.288652420043945312e-03
3.560334444046020508e-04
4.644729197025299072e-04
2.463722229003906250e-02
2.528089284896850586e-02
4.963129758834838867e-04
1.565003395080566406e-02
1.648956537246704102e-02
2.030655741691589355e-03
1.696598529815673828e-02
2.366578578948974609e-02
4.298567771911621094e-03
1.613426208496093750e-02
1.033908128738403320e-02
2.138137817382812500e-03
7.131606340408325195e-03
5.820155143737792969e-03
1.279950141906738281e-02
3.915742039680480957e-03
4.936829209327697754e-04
2.052769064903259277e-03
2.284967899322509766e-02
1.173779368400573730e-03
2.881795167922973633e-03
1.955270767211914062e-03
9.465068578720092773e-04
6.937794387340545654e-04
6.765313446521759033e-04
9.957328438758850098e-04
4.698142409324645996e-03
1.389965415000915527e-03
1.594051718711853027e-03
1.701009273529052734e-02
3.113336861133575439e-04
1.984667778015136719e-02
1.528239250183105469e-02
1.081517338752746582e-02
7.724881172180175781e-03
1.349818706512451172e-02
2.737802267074584961e-02
5.980402231216430664e-03
5.964487791061401367e-03
8.108347654342651367e-03
7.319897413253784180e-03
1.763021945953369141e-02
5.423948168754577637e-04
3.593862056732177734e-03
2.052590250968933105e-03
2.718126773834228516e-02
4.636526107788085938e-03
1.305845379829406738e-02
8.981108665466308594e-03
2.872580289840698242e-02
2.339914441108703613e-03
5.935654044151306152e-04
5.817860364913940430e-04
1.533858478069305420e-03
1.727586984634399414e-02
7.016658782958984375e-03
1.366680860519409180e-02
3.469496965408325195e-03
5.576431751251220703e-03
1.822328567504882812e-02
1.734507083892822266e-02
4.510238766670227051e-03
1.123976707458496094e-02
5.331575870513916016e-03
5.041614174842834473e-03
5.409449338912963867e-03
5.992352962493896484e-04
6.843298673629760742e-03
1.944065093994140625e-02
2.119556069374084473e-03
1.949095726013183594e-02
4.610776901245117188e-03
2.390764653682708740e-03
2.345427870750427246e-03
1.543059945106506348e-03
1.715607941150665283e-04
1.827888190746307373e-03
2.825371921062469482e-04
7.430091500282287598e-04
7.098495960235595703e-03
6.407409906387329102e-03
5.983740091323852539e-03
3.412216901779174805e-03
7.176995277404785156e-04
1.753705739974975586e-02
5.597388371825218201e-05
7.781565189361572266e-03
1.693762838840484619e-03
3.025680780410766602e-04
9.234361350536346436e-04
2.595037221908569336e-03
3.705084323883056641e-03
1.384693384170532227e-02
1.514875888824462891e-02
1.931631565093994141e-02
1.267480850219726562e-02
7.408082485198974609e-03
1.299124956130981445e-02
1.647852361202239990e-03
1.360094547271728516e-02
8.030533790588378906e-04
2.185511589050292969e-02
3.435224294662475586e-03
3.049284219741821289e-03
2.963155508041381836e-03
1.893961429595947266e-02
7.054030895233154297e-03
2.638801932334899902e-03
5.050897598266601562e-03
6.157934665679931641e-03
9.009480476379394531e-03
5.678743124008178711e-03
5.706429481506347656e-03
2.797710895538330078e-02
2.785362303256988525e-04
1.471853256225585938e-02
1.801446080207824707e-03
1.106607913970947266e-02
2.088320255279541016e-02
1.634931564331054688e-02
1.088574528694152832e-03
1.755392551422119141e-02
5.345135927200317383e-03
2.936758100986480713e-04
6.811082363128662109e-03
1.091492176055908203e-02
1.315906643867492676e-03
8.654475212097167969e-03
2.092003822326660156e-02
2.660945057868957520e-03
1.385366916656494141e-02
1.286542415618896484e-02
4.234979860484600067e-05
2.654290199279785156e-02
5.943268537521362305e-03
1.419395208358764648e-02
1.292568445205688477e-02
6.572961807250976562e-03
2.726304531097412109e-02
1.130568981170654297e-02
1.816034317016601562e-02
1.011800765991210938e-02
4.957690834999084473e-04
1.488767564296722412e-03
7.943093776702880859e-03
4.090154170989990234e-02
6.684452295303344727e-03
1.047396659851074219e-02
1.279032230377197266e-02
5.670264363288879395e-04
2.417378127574920654e-04
2.190411090850830078e-03
1.314467191696166992e-02
1.116374135017395020e-02
1.247000694274902344e-02
1.993668079376220703e-02
1.986280083656311035e-03
1.235678791999816895e-04
1.377028226852416992e-02
2.084627747535705566e-03
8.835792541503906250e-03
9.261429309844970703e-03
1.713502407073974609e-02
2.426967024803161621e-03
5.979277193546295166e-04
1.272016763687133789e-02
6.477653980255126953e-03
5.272291600704193115e-04
2.500683069229125977e-02
1.892298460006713867e-03
7.396563887596130371e-05
2.726495265960693359e-03
2.506636083126068115e-04
2.397924661636352539e-03
1.490220427513122559e-03
4.464834928512573242e-04
9.436979889869689941e-04
2.743589878082275391e-02
8.154004812240600586e-03
5.750656127929687500e-03
9.242296218872070312e-03
1.642262935638427734e-02
5.023241043090820312e-03
3.437817096710205078e-03
1.110881567001342773e-03
1.148454844951629639e-03
1.784443855285644531e-02
9.263277053833007812e-03
2.741858363151550293e-03
1.096352934837341309e-03
1.219177246093750000e-02
1.260690391063690186e-03
9.893655776977539062e-03
1.424826681613922119e-03
7.123053073883056641e-04
1.450645923614501953e-02
1.204228401184082031e-02
1.992583274841308594e-02
1.043432950973510742e-02
1.810967922210693359e-02
3.888100385665893555e-03
1.159168779850006104e-03
1.214820146560668945e-02
5.449727177619934082e-04
9.753525257110595703e-03
1.018226146697998047e-02
5.954474210739135742e-03
1.029342412948608398e-02
2.490907907485961914e-03
1.274549961090087891e-02
9.520709514617919922e-03
4.854127764701843262e-04
1.203738152980804443e-03
1.353424787521362305e-02
5.248725414276123047e-03
1.930762082338333130e-04
9.914547204971313477e-03
1.566350460052490234e-02
8.855313062667846680e-04
6.074100732803344727e-03
4.447996616363525391e-03
3.354668617248535156e-03
1.318466663360595703e-02
3.027126193046569824e-03
3.150328993797302246e-04
1.657623052597045898e-02
6.812572479248046875e-03
8.303463459014892578e-03
2.227544784545898438e-03
6.677098572254180908e-04
2.103820443153381348e-03
3.265619277954101562e-02
4.144720733165740967e-04
3.246232867240905762e-03
5.063056945800781250e-03
1.518532633781433105e-03
3.526329994201660156e-03
1.529520750045776367e-02
1.161254942417144775e-03
3.077704459428787231e-04
1.343181356787681580e-04
1.573503017425537109e-02
1.177944242954254150e-03
2.443850040435791016e-03
3.616988658905029297e-03
1.424455642700195312e-02
1.042351126670837402e-03
7.136672735214233398e-03
2.082213759422302246e-03
1.686245203018188477e-02
3.309190273284912109e-03
5.720555782318115234e-03
1.760527491569519043e-03
2.037271857261657715e-03
5.463600158691406250e-03
1.270268112421035767e-04
8.715808391571044922e-03
5.619786679744720459e-04
1.797062158584594727e-02
2.003192901611328125e-03
2.059102058410644531e-03
3.419589996337890625e-02
1.025386154651641846e-03
2.019181847572326660e-04
1.608937978744506836e-03
2.541661262512207031e-03
7.077818736433982849e-05
3.779157996177673340e-04
6.107240915298461914e-03
6.255954504013061523e-04
9.743869304656982422e-03
1.965510845184326172e-02
4.514947533607482910e-03
1.713407039642333984e-02
6.968230009078979492e-04
5.338907241821289062e-03
1.559752225875854492e-02
2.500092983245849609e-02
1.217305660247802734e-02
3.258049488067626953e-02
2.278044819831848145e-03
5.140304565429687500e-03
1.091527938842773438e-02
6.852656602859497070e-03
1.479238271713256836e-03
5.189865827560424805e-03
3.625713288784027100e-04
7.618039846420288086e-03
9.526848793029785156e-03
1.624280214309692383e-02
3.593444824218750000e-03
2.825795672833919525e-05
4.854500293731689453e-03
2.058887481689453125e-02
7.436841726303100586e-03
4.449069499969482422e-03
9.581983089447021484e-03
1.069088466465473175e-04
2.455055713653564453e-03
1.331269741058349609e-02
4.473417997360229492e-03
2.040243148803710938e-02
2.412676811218261719e-03
7.697671651840209961e-03
1.333278417587280273e-02
1.089525222778320312e-02
2.742445468902587891e-02
3.929913043975830078e-03
1.282162964344024658e-03
5.929738283157348633e-03
2.694308757781982422e-03
1.655057072639465332e-03
2.489972114562988281e-02
2.319410443305969238e-03
1.824237406253814697e-04
4.902809858322143555e-03
2.284045331180095673e-05
1.034185290336608887e-03
3.399431705474853516e-03
6.407219916582107544e-05
6.759822368621826172e-03
3.147609531879425049e-04
2.012157440185546875e-02
1.260375976562500000e-02
8.886605501174926758e-04
5.309820175170898438e-03
1.412057876586914062e-02
4.062019288539886475e-04
4.111111164093017578e-03
1.342691481113433838e-03
2.146854996681213379e-03
2.967491745948791504e-04
1.382566988468170166e-04
3.926858305931091309e-03
1.838617026805877686e-04
2.793848514556884766e-03
1.732990145683288574e-03
3.248900175094604492e-04
4.156649112701416016e-03
1.525527238845825195e-02
1.733951270580291748e-03
1.446455717086791992e-03
4.819959402084350586e-03
9.086966514587402344e-03
2.486109733581542969e-02
1.384243369102478027e-03
4.574447870254516602e-03
1.174819469451904297e-02
2.486872673034667969e-02
7.810369133949279785e-04
3.827929496765136719e-03
2.228006720542907715e-03
9.555090218782424927e-05
1.146808266639709473e-03
1.504987478256225586e-03
2.414584159851074219e-02
7.469765841960906982e-05
2.193614840507507324e-03
4.325032234191894531e-03
6.182901561260223389e-04
5.792260169982910156e-03
8.322119712829589844e-03
1.439027488231658936e-03
9.912908077239990234e-03
2.629324793815612793e-03
1.141041517257690430e-03
3.897070884704589844e-03
1.749402284622192383e-02
9.594708681106567383e-04
5.236595869064331055e-03
2.966672182083129883e-03
2.871230244636535645e-04
2.362411469221115112e-04
1.228496432304382324e-03
1.405465602874755859e-02
1.642405986785888672e-03
4.318412393331527710e-04
8.586272597312927246e-04
1.785099506378173828e-03
3.738701343536376953e-03
1.175612211227416992e-03
2.724617719650268555e-03
6.123865023255348206e-05
6.546545773744583130e-05
2.467513084411621094e-03
2.971962094306945801e-03
7.322907447814941406e-03
2.641379833221435547e-04
2.345514297485351562e-02
3.369420766830444336e-03
2.046263217926025391e-02
8.558332920074462891e-03
1.277744770050048828e-03
5.019232630729675293e-04
1.774162054061889648e-02
6.498873233795166016e-03
1.277536153793334961e-03
5.306571722030639648e-03
1.451559364795684814e-03
2.843156456947326660e-03
1.648426055908203125e-03
2.565786242485046387e-03
6.353110074996948242e-04
4.693754017353057861e-04
7.859356701374053955e-04
1.086974143981933594e-02
2.303868532180786133e-04
5.180627107620239258e-03
8.166357874870300293e-04
2.719092369079589844e-02
8.927136659622192383e-04
4.646703600883483887e-04
3.165036439895629883e-03
1.248300075531005859e-03
7.095560431480407715e-05
9.389370679855346680e-04
1.368135213851928711e-02
2.382427453994750977e-03
4.531085491180419922e-03
1.432305574417114258e-02
1.410551369190216064e-03
8.672196418046951294e-05
3.362610936164855957e-03
9.326189756393432617e-04
7.725268602371215820e-03
9.456872940063476562e-04
1.937603950500488281e-02
6.721355020999908447e-04
3.288519382476806641e-02
8.172273635864257812e-03
8.549168705940246582e-05
5.858251824975013733e-05
9.680390357971191406e-04
3.895461559295654297e-04
1.221561431884765625e-02
2.579241991043090820e-04
3.578424453735351562e-03
1.472836732864379883e-02
1.196539402008056641e-02
5.622178316116333008e-03
1.455098390579223633e-03
1.519358158111572266e-02
6.400234997272491455e-04
1.369595527648925781e-03
2.207028865814208984e-02
7.220869883894920349e-05
3.994330763816833496e-04
1.678848266601562500e-02
2.013877034187316895e-03
4.129335284233093262e-04
1.708090305328369141e-03
9.330175817012786865e-05
2.945028245449066162e-05
8.042976260185241699e-04
2.142727375030517578e-03
3.478452563285827637e-04
3.279209136962890625e-03
2.482738345861434937e-04
1.225858926773071289e-02
2.604746259748935699e-05
3.807365894317626953e-03
1.428604125976562500e-02
5.039125680923461914e-03
1.273587346076965332e-03
5.374029278755187988e-04
8.968532085418701172e-03
5.482183769345283508e-05
3.305882215499877930e-03
3.293558955192565918e-03
1.606360077857971191e-03
2.645663917064666748e-04
5.207248032093048096e-04
2.643838524818420410e-03
4.510521888732910156e-03
5.399361252784729004e-04
9.493231773376464844e-04
3.316438198089599609e-02
8.595809340476989746e-04
4.029721021652221680e-03
1.905673742294311523e-02
1.453012228012084961e-03
7.491111755371093750e-04
2.142310142517089844e-03
1.802310347557067871e-03
6.353259086608886719e-04
9.215921163558959961e-03
3.143861889839172363e-03
1.599556207656860352e-02
1.536458730697631836e-03
3.577135503292083740e-04
6.111264228820800781e-03
1.472693681716918945e-02
6.993502378463745117e-03
1.712702214717864990e-04
7.184892892837524414e-04
1.283377408981323242e-02
7.337749004364013672e-03
2.998605370521545410e-03
9.421557188034057617e-04
1.177024096250534058e-04
9.473145008087158203e-03
2.973473072052001953e-02
1.419395208358764648e-03
7.197111845016479492e-04
1.923048496246337891e-02
1.198120415210723877e-03
3.545492887496948242e-03
7.369443774223327637e-04
2.183124423027038574e-03
2.018079161643981934e-03
1.092236489057540894e-04
7.635802030563354492e-04
2.446211874485015869e-04
1.824181526899337769e-04
7.811456918716430664e-03
3.433614969253540039e-03
1.665490865707397461e-02
1.286387443542480469e-03
1.307152211666107178e-03
1.619905233383178711e-04
8.343905210494995117e-04
1.151062548160552979e-03
2.635002136230468750e-03
5.775749683380126953e-03
9.790286421775817871e-04
3.913849592208862305e-03
5.959644913673400879e-04
3.278702497482299805e-03
2.266876399517059326e-04
1.112893223762512207e-03
5.855083465576171875e-03
1.179826259613037109e-02
2.436590194702148438e-02
1.914091408252716064e-03
1.186288893222808838e-03
2.358276396989822388e-04
2.238780260086059570e-03
2.951130270957946777e-03
1.096684485673904419e-03
1.531344652175903320e-02
6.151616573333740234e-03
5.151003599166870117e-03
1.124419271945953369e-03
2.630259841680526733e-04
1.221317797899246216e-04
5.295723676681518555e-04
2.126350998878479004e-03
2.425983548164367676e-03
2.653658390045166016e-03
2.528947591781616211e-02
8.892774581909179688e-03
7.258392870426177979e-04
1.688282936811447144e-04
1.222252845764160156e-03
2.054631710052490234e-02
2.705955505371093750e-02
3.439206629991531372e-04
9.300470352172851562e-03
1.110887527465820312e-02
2.013102173805236816e-03
1.037463545799255371e-03
1.155707240104675293e-02
2.132201194763183594e-02
7.229447364807128906e-04
1.006495952606201172e-02
5.799233913421630859e-04
1.796197891235351562e-02
1.133519411087036133e-02
1.806271076202392578e-02
1.682573556900024414e-02
1.194603741168975830e-03
5.115456879138946533e-04
9.263493120670318604e-05
9.864389896392822266e-03
5.226470530033111572e-04
2.951234579086303711e-03
5.287349224090576172e-03
1.473408937454223633e-02
3.053635358810424805e-03
1.449745893478393555e-02
2.065245062112808228e-04
1.024164259433746338e-03
9.648174047470092773e-03
1.182869076728820801e-03
1.516711711883544922e-02
1.279485225677490234e-02
1.306161284446716309e-03
2.010077238082885742e-03
6.675422191619873047e-04
1.720339059829711914e-04
6.363064050674438477e-03
1.603633165359497070e-03
1.473259180784225464e-04
9.741544723510742188e-03
1.178093254566192627e-03
3.941506147384643555e-04
2.821117639541625977e-03
9.892042726278305054e-05
6.201863288879394531e-03
8.167862892150878906e-03
7.782280445098876953e-04
5.700699985027313232e-04
2.419925294816493988e-05
3.911089152097702026e-05
4.468373954296112061e-04
7.453337311744689941e-04
1.045782119035720825e-04
2.552922815084457397e-04
1.368308067321777344e-02
1.256880350410938263e-04
5.139112472534179688e-04
3.593191504478454590e-04
1.625232398509979248e-04
9.131848812103271484e-03
2.524524927139282227e-03
2.524703741073608398e-03
3.884732723236083984e-04
3.922164440155029297e-03
9.459406137466430664e-03
1.298114657402038574e-03
2.060569822788238525e-04
7.915258407592773438e-03
5.491673946380615234e-03
1.212395727634429932e-04
8.904784917831420898e-04
1.046564429998397827e-04
1.654457300901412964e-04
1.039874553680419922e-02
1.153506338596343994e-03
1.971304416656494141e-03
2.324938774108886719e-02
1.177316904067993164e-02
1.722157001495361328e-03
4.240348935127258301e-04
9.377151727676391602e-04
4.033386707305908203e-03
2.786442637443542480e-03
1.166510581970214844e-02
9.559467434883117676e-05
1.050496101379394531e-02
1.912359148263931274e-04
8.543208241462707520e-05
1.039773225784301758e-03
2.976767718791961670e-04
4.172548651695251465e-04
1.175850629806518555e-04
1.852624118328094482e-04
3.862325102090835571e-04
1.262885332107543945e-02
2.101100981235504150e-04
3.361761569976806641e-03
5.653277039527893066e-04
2.122133970260620117e-03
2.625539898872375488e-03
1.065060496330261230e-03
1.649838685989379883e-02
2.387501299381256104e-04
2.041265368461608887e-03
3.573074936866760254e-04
1.568552106618881226e-04
1.388847827911376953e-03
1.380068063735961914e-02
3.307610750198364258e-04
2.858899533748626709e-04
8.270889520645141602e-04
4.259357228875160217e-05
6.801396608352661133e-03
4.117041826248168945e-03
6.393432617187500000e-03
8.686110377311706543e-04
3.395986557006835938e-02
1.534998416900634766e-03
2.166494727134704590e-03
2.467489242553710938e-02
1.435905694961547852e-03
5.374968051910400391e-03
1.435868442058563232e-03
8.653640747070312500e-03
6.324172019958496094e-03
6.825953722000122070e-03
1.845702528953552246e-03
2.013361454010009766e-02
3.234446048736572266e-03
2.544745802879333496e-03
3.640532493591308594e-03
1.166068017482757568e-03
1.144930720329284668e-03
2.436023205518722534e-04
2.167552709579467773e-03
7.782950997352600098e-04
1.691475510597229004e-03
1.065149903297424316e-03
4.238225519657135010e-04
2.832472324371337891e-03
1.853494904935359955e-05
1.593977212905883789e-03
8.964985609054565430e-04
7.022440433502197266e-03
5.604848265647888184e-04
4.278682172298431396e-04
5.315124988555908203e-03
7.931739091873168945e-04
5.517899990081787109e-03
1.458646729588508606e-04
1.758491992950439453e-02
4.150420427322387695e-04
3.651738166809082031e-03
1.508370041847229004e-03
1.642038114368915558e-05
1.448816061019897461e-02
1.720333099365234375e-02
1.504880189895629883e-02
2.526454627513885498e-04
1.438015699386596680e-02
1.360368728637695312e-02
1.085084676742553711e-02
3.557838499546051025e-04
3.484115004539489746e-04
3.990381956100463867e-04
2.033573389053344727e-02
3.870688378810882568e-04
3.031734377145767212e-05
3.413390368223190308e-04
2.772221341729164124e-04
3.429174423217773438e-03
3.249853849411010742e-03
1.305183395743370056e-04
1.097835600376129150e-03
1.301899552345275879e-03
1.397714018821716309e-03
1.778267323970794678e-04
1.300722360610961914e-04
1.920856535434722900e-03
1.438762992620468140e-04
4.646480083465576172e-04
2.906322479248046875e-03
5.109310150146484375e-04
1.999661326408386230e-04
1.008754968643188477e-02
8.799647912383079529e-05
2.503581345081329346e-04
2.330429852008819580e-04
4.716485738754272461e-03
3.757104277610778809e-04
1.279413700103759766e-04
1.378560066223144531e-02
8.293334394693374634e-05
1.136091351509094238e-02
8.139491081237792969e-03
2.267253398895263672e-02
1.750681549310684204e-04
8.934922516345977783e-05
1.002781093120574951e-03
5.548000335693359375e-04
9.294807910919189453e-03
1.456815749406814575e-03
4.040598869323730469e-03
1.034945249557495117e-03
3.872439265251159668e-03
4.366517066955566406e-03
6.472393870353698730e-04
1.091855764389038086e-02
2.727419137954711914e-03
2.224302291870117188e-02
7.366389036178588867e-03
1.596309244632720947e-03
1.798145473003387451e-03
4.800260066986083984e-03
1.720990985631942749e-04
5.788914859294891357e-04
2.810359001159667969e-04
2.218112349510192871e-04
1.557040214538574219e-02
1.043044030666351318e-04
3.109537065029144287e-04
5.113966763019561768e-04
7.859438657760620117e-03
4.197001457214355469e-03
6.932586431503295898e-03
1.061692833900451660e-03
1.866650581359863281e-02
1.830533146858215332e-04
1.513612270355224609e-02
1.615953445434570312e-02
7.105678319931030273e-03
2.010005712509155273e-02
2.001695334911346436e-03
2.058088779449462891e-02
2.916380763053894043e-03
2.101108431816101074e-03
9.398236870765686035e-04
3.394687175750732422e-02
2.566546201705932617e-03
1.553587615489959717e-03
1.906633377075195312e-02
5.551278591156005859e-04
3.603361546993255615e-04
1.481082290410995483e-04
7.670998573303222656e-03
2.049505710601806641e-04
2.112425863742828369e-04
1.347996294498443604e-03
3.282263875007629395e-03
3.025494515895843506e-04
8.250121027231216431e-05
1.243121922016143799e-03
1.473098993301391602e-03
8.957739919424057007e-05
2.136938273906707764e-04
1.653414219617843628e-04
2.200043201446533203e-02
8.560419082641601562e-04
1.369066536426544189e-03
1.166991889476776123e-03
7.312700152397155762e-03
1.745820045471191406e-04
3.045517951250076294e-05
6.407499313354492188e-05
2.186104655265808105e-03
2.474442124366760254e-03
1.633271574974060059e-03
1.015521585941314697e-03
1.135319471359252930e-04
5.205199122428894043e-04
1.017558574676513672e-02
3.817789256572723389e-04
3.931611776351928711e-03
3.861919045448303223e-03
7.069319486618041992e-03
6.548687815666198730e-04
2.052988857030868530e-04
2.601578831672668457e-03
9.898960590362548828e-03
8.765980601310729980e-04
4.536107182502746582e-03
9.032152593135833740e-04
6.058871746063232422e-03
2.207092940807342529e-03
1.594680547714233398e-02
2.860464155673980713e-04
2.477616071701049805e-03
6.336569786071777344e-04
1.355051994323730469e-02
1.607760787010192871e-04
2.184915542602539062e-02
7.101520895957946777e-05
1.472532749176025391e-04
2.826705574989318848e-03
1.047112047672271729e-03
1.043397933244705200e-04
4.386827349662780762e-04
2.936609089374542236e-04
3.373861312866210938e-03
4.748702049255371094e-04
9.160041809082031250e-03
3.292579203844070435e-04
3.639720380306243896e-04
3.706011921167373657e-05
5.792453885078430176e-05
3.291785717010498047e-03
1.419913768768310547e-02
1.836895942687988281e-02
1.903913915157318115e-03
1.239538192749023438e-03
2.754360437393188477e-03
3.379523754119873047e-03
7.887184619903564453e-04
2.110898494720458984e-03
5.410350859165191650e-04
6.359070539474487305e-04
5.340456962585449219e-03
1.363164186477661133e-02
2.011883258819580078e-02
2.843707799911499023e-03
1.179623603820800781e-02
3.774046897888183594e-03
1.408971846103668213e-03
3.877487033605575562e-04
4.512183368206024170e-04
9.699106216430664062e-03
1.525394618511199951e-04
6.708502769470214844e-04
4.571378231048583984e-03
1.237797737121582031e-02
1.209154725074768066e-04
7.979273796081542969e-04
2.175122499465942383e-04
9.663701057434082031e-04
3.641797229647636414e-05
8.934259414672851562e-03
5.908217281103134155e-05
8.318647742271423340e-04
8.640810847282409668e-04
1.074117608368396759e-05
2.508703619241714478e-04
1.698166131973266602e-03
4.209876060485839844e-03
2.163922786712646484e-02
4.094354808330535889e-04
4.212766885757446289e-03
1.458823680877685547e-02
1.025485992431640625e-02
4.899024963378906250e-03
1.204657554626464844e-02
1.616227626800537109e-02
5.503296852111816406e-04
7.675727829337120056e-05
1.399838924407958984e-02
1.760544255375862122e-04
3.181695938110351562e-04
5.454331636428833008e-03
1.718223094940185547e-02
3.300653770565986633e-05
3.814622759819030762e-04
3.530867397785186768e-04
3.774166107177734375e-04
3.568470478057861328e-03
5.704313516616821289e-04
4.868730902671813965e-04
1.648172736167907715e-03
2.482116222381591797e-03
7.388107478618621826e-04
6.406120955944061279e-04
1.361090689897537231e-04
6.490480154752731323e-05
4.699617624282836914e-03
1.493543386459350586e-04
2.137050032615661621e-04
1.020795106887817383e-02
1.010429859161376953e-02
8.199140429496765137e-04
1.055791974067687988e-03
4.259608685970306396e-04
7.464066147804260254e-04
1.449358463287353516e-02
5.138456821441650391e-03
3.739744424819946289e-04
3.372251987457275391e-02
2.324935048818588257e-04
1.755375415086746216e-04
1.842334866523742676e-03
1.094136387109756470e-04
6.870180368423461914e-04
1.625823974609375000e-02
2.795785665512084961e-03
7.811039686203002930e-04
1.021258533000946045e-03
1.735314726829528809e-04
4.285909235477447510e-04
2.717673778533935547e-03
3.428831696510314941e-04
1.042746007442474365e-04
1.506024599075317383e-02
5.958527326583862305e-03
5.247183144092559814e-04
7.332339882850646973e-04
1.804068684577941895e-03
6.435252726078033447e-05
5.702599883079528809e-04
1.673609018325805664e-03
7.484197616577148438e-03
1.122429966926574707e-04
2.667400985956192017e-04
1.228386163711547852e-02
2.130299806594848633e-03
7.311925292015075684e-04
7.830739021301269531e-03
4.688873887062072754e-04
2.771317958831787109e-04
8.215188980102539062e-03
4.620440304279327393e-04
1.067174598574638367e-04
6.972365081310272217e-04
2.357009798288345337e-04
7.159888744354248047e-03
8.819252252578735352e-04
1.861058175563812256e-03
4.447810351848602295e-04
0.000000000000000000e+00
0.000000000000000000e+00
0.000000000000000000e+00
0.000000000000000000e+00
0.000000000000000000e+00
0.000000000000000000e+00
0.000000000000000000e+00
0.000000000000000000e+00
0.000000000000000000e+00
0.000000000000000000e+00
0.000000000000000000e+00
0.000000000000000000e+00
0.000000000000000000e+00
0.000000000000000000e+00
0.000000000000000000e+00
0.000000000000000000e+00
0.000000000000000000e+00
0.000000000000000000e+00
0.000000000000000000e+00
0.000000000000000000e+00
0.000000000000000000e+00
0.000000000000000000e+00
0.000000000000000000e+00
0.000000000000000000e+00
0.000000000000000000e+00
0.000000000000000000e+00
0.000000000000000000e+00
0.000000000000000000e+00
0.000000000000000000e+00
0.000000000000000000e+00
0.000000000000000000e+00
0.000000000000000000e+00
0.000000000000000000e+00
0.000000000000000000e+00
0.000000000000000000e+00
0.000000000000000000e+00
0.000000000000000000e+00
0.000000000000000000e+00
0.000000000000000000e+00
0.000000000000000000e+00
