1.722139120101928711e-02
6.434768438339233398e-03
1.013977453112602234e-04
2.500832080841064453e-03
1.695275306701660156e-02
1.440597698092460632e-04
1.006078720092773438e-02
2.714157104492187500e-02
2.790600061416625977e-03
1.187242567539215088e-03
3.659486770629882812e-03
6.569251418113708496e-04
1.054713502526283264e-04
3.053367137908935547e-03
1.059803366661071777e-02
8.326140232384204865e-06
4.530549049377441406e-03
3.103196620941162109e-03
4.025220870971679688e-03
2.449452877044677734e-03
6.904214620590209961e-03
6.075985729694366455e-04
1.134508848190307617e-02
2.722889184951782227e-03
2.630844712257385254e-03
3.414893150329589844e-02
1.035827398300170898e-02
8.155265823006629944e-05
5.231320858001708984e-03
1.397532224655151367e-02
3.641426563262939453e-03
4.878174513578414917e-05
2.152335643768310547e-02
6.609642878174781799e-05
5.871146917343139648e-03
1.817286014556884766e-02
7.378160953521728516e-03
4.812389612197875977e-03
8.446753025054931641e-03
1.903104782104492188e-02
3.239071369171142578e-02
3.444981575012207031e-02
8.189976215362548828e-03
3.394126892089843750e-03
1.067280769348144531e-03
2.002346515655517578e-02
5.087584257125854492e-03
1.817017793655395508e-03
1.665443181991577148e-02
5.098775029182434082e-03
2.233311533927917480e-04
4.719980061054229736e-04
1.562967896461486816e-03
6.143897771835327148e-03
7.420778274536132812e-03
8.335590362548828125e-03
1.854384317994117737e-04
6.558485329151153564e-04
1.074886322021484375e-02
1.264162361621856689e-03
8.307443931698799133e-05
1.052972674369812012e-02
2.862527966499328613e-03
2.350115776062011719e-02
4.336424171924591064e-04
9.920969605445861816e-04
1.140706241130828857e-03
1.287003979086875916e-04
1.152640581130981445e-02
1.972797326743602753e-05
2.579391002655029297e-03
2.431526780128479004e-03
3.431951999664306641e-02
1.056496053934097290e-03
3.127455711364746094e-03
1.263223588466644287e-03
1.216500997543334961e-03
3.635168075561523438e-03
2.846829593181610107e-03
5.329065024852752686e-04
3.939494490623474121e-03
4.583448171615600586e-03
3.389716148376464844e-02
1.059734821319580078e-02
1.503348350524902344e-03
4.640787839889526367e-03
1.253181695938110352e-02
1.373296976089477539e-02
9.234011173248291016e-03
8.561074733734130859e-03
1.423291862010955811e-03
3.382954746484756470e-04
5.768179893493652344e-03
2.227318286895751953e-02
1.094015315175056458e-04
1.800316572189331055e-02
1.494416594505310059e-02
6.843596696853637695e-03
4.640907049179077148e-03
1.976504921913146973e-03
3.436326980590820312e-03
5.052611231803894043e-04
1.475763320922851562e-02
8.474960923194885254e-04
4.152983427047729492e-03
8.683837950229644775e-04
3.977930545806884766e-02
2.301558852195739746e-04
6.060510873794555664e-03
1.779341697692871094e-02
3.067255020141601562e-02
2.772524952888488770e-03
3.182701766490936279e-04
1.665568561293184757e-06
4.436634480953216553e-04
3.459826111793518066e-03
7.475800812244415283e-04
2.012729644775390625e-03
2.498322725296020508e-02
3.060072660446166992e-03
8.621886372566223145e-04
2.801823616027832031e-02
5.166262388229370117e-03
2.076812088489532471e-04
1.694053411483764648e-02
1.333028078079223633e-02
2.036899328231811523e-02
6.247222423553466797e-03
5.889058113098144531e-03
5.446374416351318359e-05
5.306750535964965820e-03
7.849603891372680664e-03
1.956410706043243408e-04
5.115598440170288086e-03
5.224764347076416016e-03
3.781318664550781250e-03
7.642179727554321289e-03
2.087742090225219727e-03
1.379117369651794434e-03
1.121342182159423828e-03
1.331873238086700439e-03
1.593405008316040039e-02
2.891737967729568481e-04
5.236379802227020264e-04
5.361676216125488281e-03
8.450686931610107422e-03
3.968596458435058594e-03
1.840338110923767090e-03
5.638450384140014648e-04
1.107193529605865479e-03
8.109286427497863770e-04
9.298324584960937500e-04
2.869591116905212402e-04
9.569942951202392578e-03
2.426445484161376953e-03
7.231146097183227539e-03
2.221509814262390137e-03
1.029419898986816406e-02
1.734113693237304688e-02
6.300136446952819824e-04
6.345845758914947510e-04
2.041673660278320312e-02
1.418404281139373779e-04
3.162658214569091797e-02
1.807987689971923828e-03
2.414906024932861328e-02
9.362995624542236328e-03
7.560178637504577637e-04
5.015879869461059570e-03
4.926398396492004395e-03
5.297899246215820312e-03
2.733850479125976562e-02
2.732016146183013916e-04
1.496881246566772461e-03
8.837357163429260254e-04
5.862683057785034180e-03
1.697555184364318848e-03
7.404774427413940430e-03
2.628818154335021973e-03
1.896575093269348145e-03
1.066792011260986328e-02
2.560526132583618164e-03
6.789900362491607666e-05
2.770566940307617188e-02
1.493811607360839844e-02
2.527320384979248047e-02
5.795538425445556641e-03
1.282021403312683105e-03
3.377767279744148254e-05
1.854038238525390625e-02
1.219563186168670654e-03
2.346172928810119629e-03
1.074373722076416016e-03
1.490378379821777344e-02
1.576727628707885742e-02
7.608592510223388672e-03
1.716017723083496094e-03
2.991035580635070801e-03
1.770585775375366211e-03
1.310601830482482910e-03
9.575128555297851562e-03
5.738347768783569336e-03
3.844648599624633789e-03
2.647489309310913086e-03
3.948450088500976562e-03
3.147944808006286621e-03
3.607738018035888672e-02
1.362884044647216797e-02
4.651039838790893555e-03
1.273751258850097656e-02
9.635746479034423828e-03
8.723931387066841125e-05
1.221887767314910889e-03
1.409268379211425781e-02
3.708600997924804688e-02
5.277879536151885986e-04
1.480722427368164062e-02
1.683503389358520508e-02
3.597229719161987305e-03
5.954325199127197266e-03
1.520562171936035156e-02
1.346752047538757324e-03
3.395742177963256836e-02
3.143441677093505859e-02
3.338977694511413574e-04
7.420718669891357422e-03
9.786598384380340576e-04
1.867526769638061523e-02
7.748156785964965820e-04
6.473690271377563477e-03
1.935386657714843750e-02
4.564523696899414062e-03
2.687025070190429688e-02
6.585001945495605469e-03
5.405545234680175781e-04
2.030026912689208984e-02
3.045365214347839355e-03
3.088600933551788330e-04
3.855705261230468750e-03
1.698052883148193359e-02
4.735253751277923584e-04
2.619421482086181641e-02
4.546970129013061523e-03
1.616403460502624512e-03
1.199968159198760986e-03
7.759958505630493164e-03
1.660031080245971680e-02
3.177285194396972656e-02
2.960525453090667725e-04
1.322606205940246582e-02
1.586154103279113770e-03
6.355166435241699219e-03
8.044034242630004883e-03
4.199668765068054199e-04
1.365357637405395508e-02
1.107639074325561523e-02
4.901185631752014160e-03
2.599394321441650391e-02
6.300210952758789062e-04
1.878201961517333984e-03
6.848901510238647461e-03
2.013516426086425781e-02
4.227072000503540039e-03
3.855466842651367188e-03
2.656507492065429688e-02
8.482411503791809082e-04
2.962082624435424805e-03
2.496808767318725586e-03
8.753538131713867188e-03
1.646423339843750000e-02
1.784235239028930664e-03
1.635141670703887939e-03
1.281000673770904541e-03
9.911041706800460815e-05
1.098468899726867676e-03
1.918017864227294922e-03
5.062133073806762695e-03
1.139909029006958008e-02
1.532539725303649902e-03
1.608228683471679688e-02
9.428799152374267578e-03
8.150748908519744873e-05
1.424737274646759033e-04
3.678485751152038574e-03
1.742929220199584961e-03
1.928174495697021484e-02
2.266848087310791016e-02
8.652061223983764648e-04
8.857518434524536133e-03
8.131787180900573730e-04
1.633301377296447754e-03
1.345193386077880859e-02
1.041576266288757324e-03
9.858548641204833984e-03
8.143007755279541016e-03
2.633765339851379395e-03
3.781281411647796631e-04
3.577679395675659180e-03
8.068203926086425781e-03
2.799630165100097656e-03
4.745602607727050781e-03
6.267912685871124268e-04
5.214661359786987305e-03
7.698759436607360840e-04
1.098600029945373535e-02
1.162117719650268555e-02
1.328569650650024414e-02
5.827933549880981445e-03
3.195077180862426758e-03
1.201653480529785156e-02
1.178640127182006836e-02
9.473487734794616699e-04
3.285109996795654297e-03
3.750193864107131958e-04
5.417242646217346191e-03
5.111709237098693848e-03
7.832720875740051270e-04
1.381045579910278320e-02
5.805566906929016113e-04
1.894009113311767578e-02
1.193219795823097229e-04
5.756199359893798828e-03
2.906903624534606934e-03
7.623545825481414795e-04
1.429080963134765625e-03
2.870038151741027832e-03
1.441198587417602539e-02
1.083737611770629883e-02
2.291613817214965820e-02
1.773633062839508057e-03
1.642930507659912109e-02
5.588829517364501953e-04
4.853874444961547852e-03
2.169132232666015625e-03
2.974942326545715332e-04
4.915446043014526367e-03
5.983293056488037109e-03
1.114763319492340088e-03
6.805323064327239990e-04
1.550936698913574219e-02
6.326250731945037842e-04
2.546310424804687500e-03
1.471877098083496094e-03
3.337040543556213379e-03
4.312872886657714844e-03
3.650948405265808105e-03
5.571335554122924805e-03
5.909770727157592773e-03
1.854461431503295898e-02
8.709132671356201172e-04
3.702968358993530273e-03
1.635468006134033203e-02
2.239364385604858398e-02
2.045318484306335449e-03
6.303079426288604736e-04
3.708720207214355469e-03
1.266710460186004639e-04
5.057379603385925293e-04
1.632046699523925781e-02
1.611836254596710205e-03
2.111464738845825195e-03
1.447433233261108398e-02
1.741313934326171875e-02
2.767276018857955933e-04
1.842938363552093506e-03
1.837694644927978516e-02
1.963734626770019531e-03
3.033742308616638184e-03
2.556815743446350098e-04
9.779095649719238281e-03
4.802107810974121094e-03
1.575875282287597656e-02
1.284722238779067993e-04
1.718394923955202103e-05
8.190609514713287354e-04
8.834190666675567627e-04
1.107238233089447021e-03
2.383917570114135742e-03
4.348665475845336914e-03
9.641647338867187500e-03
5.350768566131591797e-03
5.487561225891113281e-03
3.868728876113891602e-03
1.239493489265441895e-03
5.660392343997955322e-04
2.065670490264892578e-02
3.049904108047485352e-02
8.618384599685668945e-04
2.393424510955810547e-02
4.050999879837036133e-03
3.303128480911254883e-02
1.609671115875244141e-02
7.415056228637695312e-03
1.461040973663330078e-02
2.370685338973999023e-03
1.258719712495803833e-04
3.247857093811035156e-04
2.123473677784204483e-06
2.359524369239807129e-03
1.510351896286010742e-03
3.651595115661621094e-02
1.093566417694091797e-02
1.459610462188720703e-02
2.734339796006679535e-05
2.596572041511535645e-03
2.208125591278076172e-02
8.470937609672546387e-05
1.138515770435333252e-03
3.238296508789062500e-02
2.873891592025756836e-02
2.621829509735107422e-02
2.064093947410583496e-03
2.710533142089843750e-02
1.412820816040039062e-02
2.552181482315063477e-03
9.341329336166381836e-03
3.776177763938903809e-04
2.806246280670166016e-02
9.121119976043701172e-03
7.213771343231201172e-03
7.548779249191284180e-03
7.071748375892639160e-03
4.216060042381286621e-04
1.237490773200988770e-02
1.473975181579589844e-02
7.592933252453804016e-05
1.777678728103637695e-03
5.971908569335937500e-03
2.176530659198760986e-03
1.357249857392162085e-06
1.569829881191253662e-03
3.830473870038986206e-04
3.408992290496826172e-02
1.120427623391151428e-04
3.622353076934814453e-03
8.077360689640045166e-05
5.910210311412811279e-04
9.441450238227844238e-04
9.530991315841674805e-03
2.046531438827514648e-02
7.476150989532470703e-03
7.989227771759033203e-03
8.173823356628417969e-03
1.139845699071884155e-04
3.360891342163085938e-02
6.748875603079795837e-05
1.585972309112548828e-02
1.299366354942321777e-03
1.465827226638793945e-02
1.355397701263427734e-02
1.468127965927124023e-02
5.330257117748260498e-04
6.801575422286987305e-03
2.072371542453765869e-03
2.761816978454589844e-02
1.151770353317260742e-02
1.301044225692749023e-02
9.615020826458930969e-05
5.812644958496093750e-03
2.332592010498046875e-02
1.177474856376647949e-03
2.042222023010253906e-02
3.815069794654846191e-03
2.464962005615234375e-02
1.519336365163326263e-05
5.207955837249755859e-03
1.721721887588500977e-02
1.161688566207885742e-02
1.053236424922943115e-03
1.674222946166992188e-02
2.058035135269165039e-02
1.606136560440063477e-02
1.925873756408691406e-02
2.117121219635009766e-02
6.244815886020660400e-04
2.117842435836791992e-02
6.360514089465141296e-05
1.225724816322326660e-03
1.708620786666870117e-02
9.361207485198974609e-03
1.103407144546508789e-02
1.290276646614074707e-03
1.321488618850708008e-02
1.144215464591979980e-03
1.337838172912597656e-02
1.011580228805541992e-03
2.588212490081787109e-02
9.103771299123764038e-05
2.315455675125122070e-02
5.456432700157165527e-05
1.331819221377372742e-04
4.598438739776611328e-03
5.154535174369812012e-04
1.237578690052032471e-04
5.033463239669799805e-04
1.408243179321289062e-02
5.672860424965620041e-06
2.665799856185913086e-02
2.525583840906620026e-05
6.572250276803970337e-05
1.043803989887237549e-03
1.583588123321533203e-02
1.566004753112792969e-02
3.057920932769775391e-02
7.264047861099243164e-03
9.266316890716552734e-03
9.287834167480468750e-03
1.777392625808715820e-02
2.897813916206359863e-03
9.177019819617271423e-05
7.706582546234130859e-04
2.955291420221328735e-04
6.216287147253751755e-07
1.426321268081665039e-02
1.928973197937011719e-02
3.578141331672668457e-05
3.430858254432678223e-03
1.447573304176330566e-03
6.904602050781250000e-03
2.402752637863159180e-03
1.951593160629272461e-02
9.980648756027221680e-04
1.544165611267089844e-02
6.778836250305175781e-03
3.851540386676788330e-04
1.515394449234008789e-02
4.172131419181823730e-03
5.570113658905029297e-03
2.303168177604675293e-03
2.433378249406814575e-04
6.520072929561138153e-06
5.442798137664794922e-03
1.833885908126831055e-03
2.518355846405029297e-03
2.786308526992797852e-03
1.481674611568450928e-03
5.133599042892456055e-04
1.861371099948883057e-03
1.122391223907470703e-02
2.398437261581420898e-02
2.851083874702453613e-03
9.002208709716796875e-03
4.856556653976440430e-03
1.137530803680419922e-02
1.443651318550109863e-02
1.999086141586303711e-02
1.254230737686157227e-03
3.054785728454589844e-02
2.943158149719238281e-03
2.320092916488647461e-02
3.325909376144409180e-03
2.344977110624313354e-04
4.057809710502624512e-04
1.380652189254760742e-03
1.354104280471801758e-02
2.113893628120422363e-03
7.080063223838806152e-04
2.179555594921112061e-03
2.031862735748291016e-03
7.607741281390190125e-05
6.712734699249267578e-03
6.315708160400390625e-03
8.452117443084716797e-03
1.886630058288574219e-02
9.998917579650878906e-03
6.797552108764648438e-03
5.650818347930908203e-03
2.219808101654052734e-02
7.172720506787300110e-05
8.081868290901184082e-04
8.490309119224548340e-05
2.673816680908203125e-02
2.016180753707885742e-02
1.510111615061759949e-04
2.259254455566406250e-03
3.693938255310058594e-02
4.235794767737388611e-05
5.397170782089233398e-03
5.142092704772949219e-03
7.028356194496154785e-04
1.549180597066879272e-04
6.535008549690246582e-03
2.623426914215087891e-02
3.902278840541839600e-04
2.401494979858398438e-02
3.019228577613830566e-03
4.217326641082763672e-04
1.317411661148071289e-02
1.057144254446029663e-04
3.750517964363098145e-03
7.767498493194580078e-03
1.517260074615478516e-02
1.321742311120033264e-04
1.139931380748748779e-03
2.305805683135986328e-02
7.403999567031860352e-03
1.160621643066406250e-02
1.253023743629455566e-03
1.128137111663818359e-03
1.944798231124877930e-02
3.241807222366333008e-03
2.189880609512329102e-02
2.339732646942138672e-02
7.345248013734817505e-05
4.296541213989257812e-03
7.513016462326049805e-04
5.373954772949218750e-03
1.974081993103027344e-02
3.710612654685974121e-04
2.694857120513916016e-02
1.363875344395637512e-04
7.505808025598526001e-05
2.326238155364990234e-02
1.405477523803710938e-02
6.775647401809692383e-03
1.330995559692382812e-02
6.834596395492553711e-03
5.632936954498291016e-03
1.654577255249023438e-02
1.099342107772827148e-02
2.443883568048477173e-05
1.043739914894104004e-02
2.585679292678833008e-03
2.035617828369140625e-02
8.647620677947998047e-03
1.091241836547851562e-02
1.093029975891113281e-02
2.592563629150390625e-02
9.636640548706054688e-03
1.716476678848266602e-02
1.387804746627807617e-03
2.135711908340454102e-02
5.347698926925659180e-03
2.754598855972290039e-03
4.162520170211791992e-03
2.593129873275756836e-03
1.600801944732666016e-03
7.272791117429733276e-05
9.997412562370300293e-04
3.208285570144653320e-02
1.263236999511718750e-02
2.742898464202880859e-02
1.506134867668151855e-03
3.948569297790527344e-03
1.055292785167694092e-03
5.677118897438049316e-04
1.339876651763916016e-02
5.224883556365966797e-03
1.910209655761718750e-02
9.325504302978515625e-03
3.720015287399291992e-03
1.067703962326049805e-02
1.248780637979507446e-03
3.738366067409515381e-04
9.826496243476867676e-04
7.103383541107177734e-03
1.355987042188644409e-04
1.615874469280242920e-03
3.449231386184692383e-03
1.594436168670654297e-02
2.661701291799545288e-04
1.699602603912353516e-02
9.452700614929199219e-03
5.473643541336059570e-04
1.872777938842773438e-03
1.481939107179641724e-04
1.446127891540527344e-02
9.439960122108459473e-04
1.106381416320800781e-02
1.854456961154937744e-03
1.632070541381835938e-02
1.694643497467041016e-02
9.866282343864440918e-04
2.901963889598846436e-04
7.915377616882324219e-03
1.590818166732788086e-02
2.490758895874023438e-02
2.626132965087890625e-02
1.431629061698913574e-04
5.123227834701538086e-03
5.922019481658935547e-03
7.940083742141723633e-04
4.301834851503372192e-04
1.740530133247375488e-03
3.452718257904052734e-03
1.782074570655822754e-03
1.502037048339843750e-02
5.411714315414428711e-03
1.485568284988403320e-02
1.562583446502685547e-02
7.144868373870849609e-03
1.207485795021057129e-03
1.322138309478759766e-02
1.993453502655029297e-02
1.729792356491088867e-02
8.038401603698730469e-03
1.548565924167633057e-03
1.750707626342773438e-03
4.229545593261718750e-04
1.404911279678344727e-02
1.605726778507232666e-03
3.575570881366729736e-04
6.753087043762207031e-03
1.074787974357604980e-02
2.669945359230041504e-03
7.791221141815185547e-04
3.241151571273803711e-03
1.234516501426696777e-03
7.813662290573120117e-03
2.296455204486846924e-03
1.144641637802124023e-02
4.207861423492431641e-02
6.384551525115966797e-04
1.472234725952148438e-02
1.867592334747314453e-02
2.491450309753417969e-02
9.431019425392150879e-04
1.093246042728424072e-03
1.872861385345458984e-02
5.959212779998779297e-03
9.100914001464843750e-03
9.958371520042419434e-04
3.832757472991943359e-02
9.616374969482421875e-03
2.835333347320556641e-03
6.352946162223815918e-03
1.574635505676269531e-02
1.404976844787597656e-02
1.292493194341659546e-03
1.615993678569793701e-04
1.773792505264282227e-02
2.113819122314453125e-02
2.571946382522583008e-02
1.665450632572174072e-03
1.996755599975585938e-03
1.924967765808105469e-02
1.943552494049072266e-02
1.500475406646728516e-02
3.005489706993103027e-03
1.019835472106933594e-02
1.774168014526367188e-02
9.681507945060729980e-04
9.352639317512512207e-04
6.431490182876586914e-04
1.857453584671020508e-02
7.361918687820434570e-03
1.267854124307632446e-03
2.759620547294616699e-04
5.306750535964965820e-03
2.726662158966064453e-02
4.328742623329162598e-03
8.821964263916015625e-03
4.116535186767578125e-03
1.394701004028320312e-02
2.869147062301635742e-02
7.801987230777740479e-04
1.097939908504486084e-03
1.132756471633911133e-03
4.342108964920043945e-03
1.349270343780517578e-02
2.246171236038208008e-02
4.642933607101440430e-03
2.927407622337341309e-03
4.186719655990600586e-03
2.004396915435791016e-02
9.236574172973632812e-03
1.472902297973632812e-02
1.508489251136779785e-03
1.170223951339721680e-02
1.262284815311431885e-03
2.601861953735351562e-03
4.292696714401245117e-03
1.306004822254180908e-03
1.516801118850708008e-02
3.296941518783569336e-03
4.052966833114624023e-03
6.233245134353637695e-03
1.692377030849456787e-03
3.134250640869140625e-03
8.269667625427246094e-03
2.051517367362976074e-03
3.468230366706848145e-03
1.192219555377960205e-03
2.414219081401824951e-03
5.709752440452575684e-04
1.206129789352416992e-02
1.605615019798278809e-03
3.918051719665527344e-02
6.338655948638916016e-04
3.011509776115417480e-03
7.359653711318969727e-03
3.664363175630569458e-04
7.254004478454589844e-03
2.073597908020019531e-02
1.752293109893798828e-02
5.477070808410644531e-03
3.296174108982086182e-04
3.261595964431762695e-03
2.405643463134765625e-03
2.643740177154541016e-02
1.851451396942138672e-02
9.246282279491424561e-04
2.578467130661010742e-03
2.931535243988037109e-02
8.976161479949951172e-04
2.289965748786926270e-03
1.198834180831909180e-02
1.298505812883377075e-04
1.769095659255981445e-03
8.669883012771606445e-03
9.620964527130126953e-03
1.461672782897949219e-02
8.179014548659324646e-05
6.914585828781127930e-03
1.030552387237548828e-02
3.220009803771972656e-02
1.688277721405029297e-02
1.260913908481597900e-03
4.326760768890380859e-03
6.142765283584594727e-03
1.362949609756469727e-02
2.708482742309570312e-02
8.691608905792236328e-03
1.131677627563476562e-02
1.334154605865478516e-02
8.073866367340087891e-03
2.952784299850463867e-03
7.194966077804565430e-03
1.951646804809570312e-02
2.271816134452819824e-03
1.699960231781005859e-02
7.893703877925872803e-04
3.602027893066406250e-03
7.531791925430297852e-04
6.900310516357421875e-03
2.389535307884216309e-03
1.932904124259948730e-03
6.170332431793212891e-03
3.313159942626953125e-02
1.039862632751464844e-02
5.114525556564331055e-03
5.738377571105957031e-03
2.513248473405838013e-04
5.841583013534545898e-03
8.279263973236083984e-03
2.388525009155273438e-02
1.338928937911987305e-03
1.211029291152954102e-02
3.541372716426849365e-04
1.325672864913940430e-02
8.915215730667114258e-03
6.199240684509277344e-03
1.099956035614013672e-02
1.103353500366210938e-02
2.087339758872985840e-03
1.744025945663452148e-02
6.307810544967651367e-03
9.163796901702880859e-03
7.576018571853637695e-03
2.242708206176757812e-02
1.705002784729003906e-02
4.586763679981231689e-04
4.690289497375488281e-03
1.113486289978027344e-02
2.307128906250000000e-02
1.379661262035369873e-03
9.825080633163452148e-05
1.146429777145385742e-02
9.739398956298828125e-03
3.811776638031005859e-03
3.435701131820678711e-03
3.241479396820068359e-03
1.601171493530273438e-02
1.667302846908569336e-02
1.832550764083862305e-02
1.517549157142639160e-03
1.476073265075683594e-02
1.699429750442504883e-02
1.521843671798706055e-02
5.324304103851318359e-03
2.559721469879150391e-03
1.740366220474243164e-02
1.076549291610717773e-02
1.273527741432189941e-04
7.103979587554931641e-03
6.698459386825561523e-03
7.097870111465454102e-03
2.796784043312072754e-03
3.510341048240661621e-04
2.221608161926269531e-02
1.345604658126831055e-03
3.225818276405334473e-03
1.060239970684051514e-03
1.025855541229248047e-02
2.617180347442626953e-03
8.141156286001205444e-05
2.298706769943237305e-02
2.253556251525878906e-02
1.513645052909851074e-03
2.130374312400817871e-03
8.058607578277587891e-03
1.549363136291503906e-02
9.804695844650268555e-03
1.165801286697387695e-02
4.952549934387207031e-04
1.337908208370208740e-03
2.175414562225341797e-02
2.787142992019653320e-03
1.536506414413452148e-02
1.726961135864257812e-02
6.929755210876464844e-03
2.345353364944458008e-03
1.705437898635864258e-02
6.229072809219360352e-03
1.657253503799438477e-02
1.568758487701416016e-02
3.483965992927551270e-03
1.036524772644042969e-02
1.013207435607910156e-02
6.523728370666503906e-03
1.531034708023071289e-02
4.496142268180847168e-03
2.257883548736572266e-02
4.444509744644165039e-03
1.022154092788696289e-02
1.681456342339515686e-04
3.784969449043273926e-03
2.126944065093994141e-02
2.178978174924850464e-04
2.985328435897827148e-03
4.963614046573638916e-04
1.493329182267189026e-04
1.592224836349487305e-02
3.845900297164916992e-03
1.522672176361083984e-02
2.557635307312011719e-03
6.407141685485839844e-03
5.524218082427978516e-03
2.670332789421081543e-03
1.601618528366088867e-02
3.910988569259643555e-03
2.141762524843215942e-05
3.816679120063781738e-03
7.363796234130859375e-03
1.655769348144531250e-02
9.010024368762969971e-04
1.358425617218017578e-02
7.275521755218505859e-03
1.673644781112670898e-02
2.847537398338317871e-03
9.633958339691162109e-03
2.127921581268310547e-02
1.191294193267822266e-02
1.440030336380004883e-02
1.727980375289916992e-02
2.780401706695556641e-02
2.127386629581451416e-03
1.371318101882934570e-02
1.592654734849929810e-04
1.323771476745605469e-02
3.625035285949707031e-03
9.429454803466796875e-03
3.073108196258544922e-02
3.810226917266845703e-03
1.067638397216796875e-02
9.206324815750122070e-03
2.983078360557556152e-03
1.120841503143310547e-02
2.213835716247558594e-02
2.322965860366821289e-02
8.047312498092651367e-03
1.475530862808227539e-02
2.327449619770050049e-04
1.366567611694335938e-02
1.570838689804077148e-02
2.013283967971801758e-02
4.519820213317871094e-03
6.600022315979003906e-03
2.063727378845214844e-02
6.985142827033996582e-04
4.354596138000488281e-03
2.077400684356689453e-03
7.357001304626464844e-04
4.943847656250000000e-03
1.247954368591308594e-02
4.788041114807128906e-03
1.133613288402557373e-03
4.292026162147521973e-03
2.222514152526855469e-02
1.191452145576477051e-03
5.757540464401245117e-03
8.152246475219726562e-03
2.564662694931030273e-02
8.477866649627685547e-04
2.494663000106811523e-03
7.726520299911499023e-03
2.300798892974853516e-02
2.206414937973022461e-04
2.137839794158935547e-03
2.575433254241943359e-02
1.289218664169311523e-02
8.963495492935180664e-04
8.194744586944580078e-03
4.168152809143066406e-04
1.022624969482421875e-02
5.690932273864746094e-03
4.217624664306640625e-03
9.166775271296501160e-06
2.093091607093811035e-03
5.980044603347778320e-03
4.160746932029724121e-03
1.461356878280639648e-02
2.743721008300781250e-03
7.580935955047607422e-03
1.722529530525207520e-03
1.089876890182495117e-02
1.182347536087036133e-02
5.715489387512207031e-03
5.941987037658691406e-03
1.871332526206970215e-03
2.326101064682006836e-03
5.428463220596313477e-03
6.677269935607910156e-03
9.020030498504638672e-03
9.209252893924713135e-04
1.381151378154754639e-04
1.596048474311828613e-03
1.682716608047485352e-02
1.150256395339965820e-02
2.078187465667724609e-02
2.486467361450195312e-02
1.779037714004516602e-02
6.706833839416503906e-03
2.396488189697265625e-02
4.567235708236694336e-03
2.781614661216735840e-03
2.504777908325195312e-02
1.741766929626464844e-02
1.653206348419189453e-02
6.583809852600097656e-03
1.686745882034301758e-02
1.310217380523681641e-02
2.137780189514160156e-02
6.842091679573059082e-04
2.530246973037719727e-03
3.837682306766510010e-04
4.839673638343811035e-04
7.137358188629150391e-04
4.103869199752807617e-03
1.152420043945312500e-02
7.679462432861328125e-03
1.257264614105224609e-02
2.569591999053955078e-02
1.848928630352020264e-03
1.247209310531616211e-02
1.869678497314453125e-02
7.091127336025238037e-04
5.695402622222900391e-03
2.782702445983886719e-02
1.021742820739746094e-02
1.923942565917968750e-02
1.893401145935058594e-02
8.704930543899536133e-03
3.602817654609680176e-03
4.772283136844635010e-04
2.949699759483337402e-03
1.945763826370239258e-02
1.901370286941528320e-02
1.623678207397460938e-02
2.048534154891967773e-02
2.329349517822265625e-04
3.245435655117034912e-04
2.162456512451171875e-03
5.868077278137207031e-04
5.683690309524536133e-03
4.030168056488037109e-03
1.560026407241821289e-02
1.846954226493835449e-03
2.322569489479064941e-04
9.040068835020065308e-05
1.004153490066528320e-02
3.949165344238281250e-03
3.745242953300476074e-03
1.209471374750137329e-04
1.115109771490097046e-04
1.495108008384704590e-04
2.907514572143554688e-03
2.878189086914062500e-03
1.417275052517652512e-05
1.097202301025390625e-03
4.628486931324005127e-04
5.198121070861816406e-04
1.241870224475860596e-03
6.393343210220336914e-03
4.251785576343536377e-04
1.109677553176879883e-02
1.928471028804779053e-04
1.599615812301635742e-02
1.979805529117584229e-05
6.726458668708801270e-04
3.869727253913879395e-03
2.487018704414367676e-03
9.021997451782226562e-03
4.823848605155944824e-03
8.139982819557189941e-04
2.198100090026855469e-03
7.277578115463256836e-03
6.592690944671630859e-03
7.937997579574584961e-04
3.241896629333496094e-04
1.846581697463989258e-02
1.565746963024139404e-03
6.305947899818420410e-04
2.086803317070007324e-03
1.211121678352355957e-03
1.621954143047332764e-04
9.977370500564575195e-03
1.146048307418823242e-04
5.819082260131835938e-03
4.873657599091529846e-05
9.957589209079742432e-04
2.647280693054199219e-03
2.980753779411315918e-03
2.603419125080108643e-04
3.234177827835083008e-03
2.906210720539093018e-04
4.742965102195739746e-04
3.337159752845764160e-03
8.329376578330993652e-04
7.534138858318328857e-04
5.014911293983459473e-04
4.505086690187454224e-05
1.937054097652435303e-03
1.776695251464843750e-02
7.507689297199249268e-04
2.160966396331787109e-02
7.715895771980285645e-04
2.426391839981079102e-02
2.514258027076721191e-03
1.978397369384765625e-03
1.617399975657463074e-04
3.544658422470092773e-03
1.124089956283569336e-02
1.045143604278564453e-02
3.552138805389404297e-03
2.473726868629455566e-03
1.107804477214813232e-03
2.109192311763763428e-03
5.194218829274177551e-05
5.161613225936889648e-03
1.463860273361206055e-03
2.232879400253295898e-03
3.323033452033996582e-04
1.306101679801940918e-03
1.543253660202026367e-03
1.326017081737518311e-03
2.349898219108581543e-03
4.813849925994873047e-03
8.579157292842864990e-05
4.084631800651550293e-04
1.502025127410888672e-02
2.708071470260620117e-02
2.233433723449707031e-02
2.654984593391418457e-03
1.667749881744384766e-02
6.023645401000976562e-04
1.698762178421020508e-03
8.169561624526977539e-04
8.949413895606994629e-04
4.199333488941192627e-04
8.165478706359863281e-03
1.022240519523620605e-02
3.548443317413330078e-03
1.469254493713378906e-03
2.575758844614028931e-04
5.365759134292602539e-04
4.834085702896118164e-04
4.135561175644397736e-05
2.292647957801818848e-03
3.814771771430969238e-04
1.302786171436309814e-03
2.727150917053222656e-03
1.058310270309448242e-03
2.005994319915771484e-03
4.306621849536895752e-04
3.218613564968109131e-04
9.015575051307678223e-04
1.514889299869537354e-03
2.547949552536010742e-03
2.767249941825866699e-03
8.128941059112548828e-03
2.578850835561752319e-04
5.693942308425903320e-03
1.628259196877479553e-04
1.416966319084167480e-03
8.767932653427124023e-03
1.079365611076354980e-03
2.327151596546173096e-04
1.302242279052734375e-02
2.180859446525573730e-03
5.601458251476287842e-04
3.182530403137207031e-03
2.232980728149414062e-02
2.183094620704650879e-04
1.888498663902282715e-03
1.345276832580566406e-03
2.226203680038452148e-03
2.018705010414123535e-03
1.071777194738388062e-03
7.285237312316894531e-03
5.349516868591308594e-03
5.243808031082153320e-03
1.848369836807250977e-02
9.661257266998291016e-03
2.218247391283512115e-05
1.343689858913421631e-03
2.392446994781494141e-02
2.073454856872558594e-02
2.650082111358642578e-03
6.099849939346313477e-03
7.625743746757507324e-04
9.986907243728637695e-04
4.365667700767517090e-04
8.333427831530570984e-05
2.150273323059082031e-02
1.440267078578472137e-05
1.522317528724670410e-03
3.914505243301391602e-03
2.390444278717041016e-04
6.821751594543457031e-03
1.207590103149414062e-03
6.325282156467437744e-04
1.730316877365112305e-02
5.204379558563232422e-03
2.844646573066711426e-03
5.888044834136962891e-03
8.906517177820205688e-05
2.900135517120361328e-02
2.424687147140502930e-03
5.002208054065704346e-04
3.672122955322265625e-03
2.020996809005737305e-02
1.427516341209411621e-03
2.875179052352905273e-03
2.044662833213806152e-04
8.448436856269836426e-04
1.364815980195999146e-04
3.082584589719772339e-04
7.681697607040405273e-04
2.000585198402404785e-03
6.633549928665161133e-04
2.816487103700637817e-04
1.088008284568786621e-03
9.955167770385742188e-03
3.553666174411773682e-04
1.772874593734741211e-02
1.757770776748657227e-03
2.182930707931518555e-03
4.069507122039794922e-04
4.526078701019287109e-04
2.901889383792877197e-04
4.298351705074310303e-04
2.816289663314819336e-03
5.201190710067749023e-03
1.229038462042808533e-04
6.177090108394622803e-04
1.844507642090320587e-05
1.134738326072692871e-03
1.192674040794372559e-02
8.718252182006835938e-03
1.424539834260940552e-03
2.197541296482086182e-03
7.313229143619537354e-04
2.502763271331787109e-02
1.109875738620758057e-03
2.385564148426055908e-04
1.069390773773193359e-02
1.675799489021301270e-03
7.603988051414489746e-04
3.061518073081970215e-03
3.946080803871154785e-03
2.328872680664062500e-03
5.341410636901855469e-03
2.998411655426025391e-04
4.096999764442443848e-04
1.674801111221313477e-03
1.366379857063293457e-02
3.368854522705078125e-04
9.596139192581176758e-03
1.495573669672012329e-04
1.972112804651260376e-04
2.202600240707397461e-03
8.316636085510253906e-04
1.115169376134872437e-03
2.974811941385269165e-04
5.109608173370361328e-03
1.826539635658264160e-03
1.776674762368202209e-04
1.797676086425781250e-04
2.902597188949584961e-04
4.589483141899108887e-04
1.740492880344390869e-04
3.431946039199829102e-03
1.095116138458251953e-03
4.733204841613769531e-04
4.877120256423950195e-03
6.682813167572021484e-03
2.132505178451538086e-03
3.016918897628784180e-03
5.540281534194946289e-03
1.360058784484863281e-03
6.866514682769775391e-03
2.426169812679290771e-03
2.903610467910766602e-03
2.162069082260131836e-03
4.719123244285583496e-04
5.545392632484436035e-04
4.393942654132843018e-04
7.794983685016632080e-05
3.317132592201232910e-03
1.373231410980224609e-03
1.441931724548339844e-02
8.267238736152648926e-04
4.698298871517181396e-04
9.867176413536071777e-04
2.023056149482727051e-03
2.278536558151245117e-04
6.801187992095947266e-03
1.074010506272315979e-04
1.045826077461242676e-02
1.011695712804794312e-04
1.623198390007019043e-03
2.421453595161437988e-03
1.085765659809112549e-03
7.280614227056503296e-05
1.226738095283508301e-04
2.714246511459350586e-03
1.143521070480346680e-02
1.721367239952087402e-03
1.046173274517059326e-03
2.483105659484863281e-02
7.738113403320312500e-03
1.249325275421142578e-02
1.133993268013000488e-03
9.749680757522583008e-04
3.756284713745117188e-03
2.224528789520263672e-02
3.199577331542968750e-04
2.027340233325958252e-04
1.961186528205871582e-03
1.100048422813415527e-03
1.241225004196166992e-02
1.419380307197570801e-03
1.291066408157348633e-03
2.544999122619628906e-03
6.909146904945373535e-04
2.522900700569152832e-03
2.045094966888427734e-03
3.036335110664367676e-04
1.013062894344329834e-03
1.056529581546783447e-03
1.486408710479736328e-02
1.874621957540512085e-04
2.916932106018066406e-03
1.204252243041992188e-03
9.407922625541687012e-04
6.996095180511474609e-04
1.900815963745117188e-02
7.037520408630371094e-04
1.614376902580261230e-03
4.827690124511718750e-02
8.903592824935913086e-04
4.288665950298309326e-04
2.416945062577724457e-05
6.861388683319091797e-04
9.186327457427978516e-03
3.949813544750213623e-04
3.278046846389770508e-03
3.070253878831863403e-04
1.289528608322143555e-02
9.166985750198364258e-03
1.923926174640655518e-04
1.397675275802612305e-02
1.472160220146179199e-03
3.670901060104370117e-03
4.724748432636260986e-04
2.004668116569519043e-03
5.049586296081542969e-03
1.327693462371826172e-03
7.462874054908752441e-05
2.814196050167083740e-04
4.674792289733886719e-03
8.956372737884521484e-03
1.094397902488708496e-02
7.008165121078491211e-03
2.230286598205566406e-03
1.195058226585388184e-03
4.407465457916259766e-04
2.408111095428466797e-02
1.331374049186706543e-03
2.675373107194900513e-04
5.697347223758697510e-04
1.919791102409362793e-03
2.828532457351684570e-02
2.030968666076660156e-03
8.438378572463989258e-04
1.757100224494934082e-03
1.380518078804016113e-03
0.000000000000000000e+00
0.000000000000000000e+00
0.000000000000000000e+00
0.000000000000000000e+00
0.000000000000000000e+00
0.000000000000000000e+00
0.000000000000000000e+00
0.000000000000000000e+00
0.000000000000000000e+00
0.000000000000000000e+00
0.000000000000000000e+00
0.000000000000000000e+00
0.000000000000000000e+00
0.000000000000000000e+00
0.000000000000000000e+00
0.000000000000000000e+00
0.000000000000000000e+00
0.000000000000000000e+00
0.000000000000000000e+00
0.000000000000000000e+00
0.000000000000000000e+00
0.000000000000000000e+00
0.000000000000000000e+00
0.000000000000000000e+00
0.000000000000000000e+00
0.000000000000000000e+00
0.000000000000000000e+00
0.000000000000000000e+00
0.000000000000000000e+00
0.000000000000000000e+00
0.000000000000000000e+00
0.000000000000000000e+00
0.000000000000000000e+00
0.000000000000000000e+00
0.000000000000000000e+00
0.000000000000000000e+00
0.000000000000000000e+00
0.000000000000000000e+00
0.000000000000000000e+00
0.000000000000000000e+00
