1.012839376926422119e-03
1.236993074417114258e-02
1.983806490898132324e-03
1.431636512279510498e-03
2.454483509063720703e-02
2.669084072113037109e-02
1.962423324584960938e-02
8.589550852775573730e-04
6.112396717071533203e-03
2.378988265991210938e-02
1.316756010055541992e-02
5.261264741420745850e-04
1.022738218307495117e-02
1.065185666084289551e-02
4.058599472045898438e-03
2.009697258472442627e-03
1.615241169929504395e-03
9.456090629100799561e-05
1.404219865798950195e-02
1.588046550750732422e-02
4.431217908859252930e-03
3.828823566436767578e-03
2.150997519493103027e-03
2.722680568695068359e-03
5.224436521530151367e-03
3.752112388610839844e-03
1.849228143692016602e-02
1.502454280853271484e-02
2.893918752670288086e-02
2.094000577926635742e-02
6.476640701293945312e-04
6.623908877372741699e-03
1.623618602752685547e-02
3.203660249710083008e-03
2.002082765102386475e-04
2.255904674530029297e-02
5.158901214599609375e-03
4.668086767196655273e-03
4.904136061668395996e-03
3.051781654357910156e-02
6.506172940135002136e-05
3.402233123779296875e-04
3.116524219512939453e-02
7.142931222915649414e-03
2.370849251747131348e-03
2.218133211135864258e-02
4.094764590263366699e-04
7.836341857910156250e-03
8.457392454147338867e-03
8.269950747489929199e-03
2.210772037506103516e-02
9.112983942031860352e-03
1.977592706680297852e-03
1.517021656036376953e-02
9.470641613006591797e-03
7.970005273818969727e-03
6.922081112861633301e-03
7.655359804630279541e-04
3.406792879104614258e-03
2.807050943374633789e-03
4.063874483108520508e-03
1.166152954101562500e-02
3.084808588027954102e-03
4.514229297637939453e-02
2.468466758728027344e-02
3.301635384559631348e-03
2.256453037261962891e-02
6.143331527709960938e-03
1.221612095832824707e-03
5.630925297737121582e-03
3.055763244628906250e-02
3.993260860443115234e-02
1.115357875823974609e-02
2.680405974388122559e-03
2.732360363006591797e-02
3.710359334945678711e-03
2.186059951782226562e-03
2.575710415840148926e-03
1.595968008041381836e-02
9.094983339309692383e-03
2.531901001930236816e-03
7.892012596130371094e-03
1.497924327850341797e-02
1.508396863937377930e-02
1.345179975032806396e-03
1.789465546607971191e-03
2.054774761199951172e-02
1.227915287017822266e-02
1.724183559417724609e-02
4.507929086685180664e-03
3.492498397827148438e-02
2.771750092506408691e-03
2.241671085357666016e-03
1.232862472534179688e-03
4.023611545562744141e-04
1.044523715972900391e-02
4.904717206954956055e-05
1.483234763145446777e-02
3.389537334442138672e-03
6.428547203540802002e-04
4.576370120048522949e-04
3.594899177551269531e-02
8.125275373458862305e-03
1.375192403793334961e-02
2.633929252624511719e-03
2.204097807407379150e-03
2.000465989112854004e-03
1.185232400894165039e-02
8.174538612365722656e-03
4.530876874923706055e-03
9.127229452133178711e-03
4.162907600402832031e-03
1.477569341659545898e-03
1.119232177734375000e-02
1.488542556762695312e-02
2.323353290557861328e-02
3.180801868438720703e-03
3.422535955905914307e-04
1.825660467147827148e-03
1.700542867183685303e-03
1.370215415954589844e-02
2.232748270034790039e-02
1.434528827667236328e-02
8.448839187622070312e-03
3.555762767791748047e-02
2.336966991424560547e-02
6.344988942146301270e-04
2.534896135330200195e-03
1.359766721725463867e-02
1.482391357421875000e-02
4.600703716278076172e-03
1.693647354841232300e-04
1.012593507766723633e-02
2.299800515174865723e-03
4.621833562850952148e-03
7.112137973308563232e-04
1.090693473815917969e-02
1.008015871047973633e-02
9.195148944854736328e-03
8.923321962356567383e-03
1.368474960327148438e-02
4.978418350219726562e-03
6.111524999141693115e-04
1.844272017478942871e-03
1.433640718460083008e-03
6.613850593566894531e-03
1.265466213226318359e-02
1.314550638198852539e-02
1.420810818672180176e-03
4.967421293258666992e-03
1.520060002803802490e-03
2.402231097221374512e-03
7.395088672637939453e-03
9.297788143157958984e-03
1.069045066833496094e-02
2.237731218338012695e-02
4.695970565080642700e-04
1.381707191467285156e-02
4.826813936233520508e-03
2.056223154067993164e-02
1.137601211667060852e-04
3.323540091514587402e-03
2.581685781478881836e-02
4.462122917175292969e-03
3.564006090164184570e-02
2.592749893665313721e-03
2.098485827445983887e-03
2.815115451812744141e-02
4.306092858314514160e-03
4.048037528991699219e-02
2.428132295608520508e-02
2.964586019515991211e-04
1.211839914321899414e-02
1.269513368606567383e-02
1.440268754959106445e-02
2.118967473506927490e-03
9.389966726303100586e-03
1.636229455471038818e-03
1.524019241333007812e-02
3.454107791185379028e-04
3.804251551628112793e-03
2.582383155822753906e-02
1.143240928649902344e-02
3.063738346099853516e-03
1.439911127090454102e-02
1.724398136138916016e-02
6.574094295501708984e-03
5.383742973208427429e-05
2.919808030128479004e-03
2.250328660011291504e-03
7.654875516891479492e-04
1.289603114128112793e-02
7.110625505447387695e-03
8.433461189270019531e-03
1.391136646270751953e-02
9.833574295043945312e-03
2.645984292030334473e-03
2.286329865455627441e-03
1.403146982192993164e-02
9.835287928581237793e-04
9.186416864395141602e-03
2.503257989883422852e-02
9.002909064292907715e-04
1.654613018035888672e-02
6.747543811798095703e-03
8.656799793243408203e-03
1.828300952911376953e-02
6.380558013916015625e-03
1.853302121162414551e-03
2.541929483413696289e-03
4.883572459220886230e-03
1.693880558013916016e-02
3.574222326278686523e-03
1.638203859329223633e-02
7.035471498966217041e-04
1.080003380775451660e-02
1.292037963867187500e-02
5.399957299232482910e-04
1.759111881256103516e-02
2.011060714721679688e-02
1.226097345352172852e-03
5.974680185317993164e-03
1.934522390365600586e-02
6.258845329284667969e-03
2.813160419464111328e-03
2.874457836151123047e-02
2.958159893751144409e-04
3.416609764099121094e-02
1.431085169315338135e-03
1.824599504470825195e-02
2.513065934181213379e-03
1.774096488952636719e-02
2.035796642303466797e-03
1.565349102020263672e-02
2.177989482879638672e-02
1.036530733108520508e-02
3.964990377426147461e-03
4.302896559238433838e-04
2.942204475402832031e-03
3.014221787452697754e-03
4.313960671424865723e-03
2.664256095886230469e-02
1.730024814605712891e-02
1.114189624786376953e-02
2.896666526794433594e-03
7.470518350601196289e-03
4.426404833793640137e-03
2.301350235939025879e-03
7.113397121429443359e-03
1.147180795669555664e-02
4.473865032196044922e-03
3.130137920379638672e-04
2.130103111267089844e-02
1.552301645278930664e-02
1.026219129562377930e-02
2.183862030506134033e-03
1.482874155044555664e-02
4.746049642562866211e-03
1.533114910125732422e-02
8.594363927841186523e-03
2.349484711885452271e-04
1.367449760437011719e-03
2.655988931655883789e-02
5.422495305538177490e-04
2.202630043029785156e-03
1.669406890869140625e-02
2.706497907638549805e-03
1.014274358749389648e-02
1.375249028205871582e-02
4.982069134712219238e-03
1.754403114318847656e-02
3.272080421447753906e-02
7.088840007781982422e-03
6.314992904663085938e-03
2.045631408691406250e-03
1.283872127532958984e-02
1.694336533546447754e-03
4.946261644363403320e-03
4.420205950736999512e-03
1.721762120723724365e-03
1.105695962905883789e-02
8.966177701950073242e-03
1.998603343963623047e-02
8.496791124343872070e-03
2.120202779769897461e-02
3.384239971637725830e-04
6.103456020355224609e-02
4.460453987121582031e-03
1.883238554000854492e-02
1.932555437088012695e-02
2.753242850303649902e-03
3.204643726348876953e-02
2.657413482666015625e-03
2.183762192726135254e-02
1.799571514129638672e-02
1.808658242225646973e-03
2.638900279998779297e-02
3.669828176498413086e-03
8.255839347839355469e-04
2.173423767089843750e-02
1.204925775527954102e-02
2.556574344635009766e-02
1.858872175216674805e-02
7.461458444595336914e-03
2.775532007217407227e-02
1.955993473529815674e-03
1.787897199392318726e-04
1.586160063743591309e-02
1.084804534912109375e-02
1.323747634887695312e-02
1.882195472717285156e-03
9.034425020217895508e-04
8.584916591644287109e-03
1.937061548233032227e-03
3.450107574462890625e-02
1.720800995826721191e-03
5.685597658157348633e-03
4.085242748260498047e-03
2.106532454490661621e-03
4.264438152313232422e-02
1.808786392211914062e-02
6.846860051155090332e-04
7.044821977615356445e-03
6.087757647037506104e-04
3.318637609481811523e-03
2.432644367218017578e-03
2.974886447191238403e-04
4.077672958374023438e-02
2.049416303634643555e-03
2.545639872550964355e-03
1.122456789016723633e-02
1.075392961502075195e-02
2.393257617950439453e-02
2.563142776489257812e-02
1.886956393718719482e-03
3.739333152770996094e-02
1.592323184013366699e-03
2.557885646820068359e-02
8.241117000579833984e-03
2.557921409606933594e-02
2.728289365768432617e-02
1.380398869514465332e-03
1.320850849151611328e-02
3.727060556411743164e-02
2.835893630981445312e-02
2.259594202041625977e-02
1.953005790710449219e-03
2.279989421367645264e-04
5.232021212577819824e-04
1.880848407745361328e-02
8.464269340038299561e-04
2.199512720108032227e-02
1.849204301834106445e-02
2.497360110282897949e-03
1.826554536819458008e-02
3.962516784667968750e-03
2.241754531860351562e-02
3.997012972831726074e-04
7.340729236602783203e-03
2.012145519256591797e-02
9.429782629013061523e-03
5.724132061004638672e-03
1.183745265007019043e-02
1.255929470062255859e-03
1.325273513793945312e-02
2.399069070816040039e-02
1.699246466159820557e-03
1.168988645076751709e-03
1.297423243522644043e-02
2.322480082511901855e-03
2.491846680641174316e-03
7.162272930145263672e-03
3.587394952774047852e-03
3.461763262748718262e-03
3.308176994323730469e-02
2.798989415168762207e-03
7.863342761993408203e-04
2.700459957122802734e-02
1.752024888992309570e-02
3.419831395149230957e-03
4.173964262008666992e-03
9.896606206893920898e-04
2.650791406631469727e-02
2.380192279815673828e-03
5.852580070495605469e-03
9.917169809341430664e-03
2.682402729988098145e-03
2.972692251205444336e-03
4.530340433120727539e-03
3.858402371406555176e-03
1.002058386802673340e-02
7.830709218978881836e-03
1.480513811111450195e-02
3.503382205963134766e-03
3.246307373046875000e-03
1.256936788558959961e-02
2.296233177185058594e-02
1.230770349502563477e-02
4.501879215240478516e-03
1.491314172744750977e-02
6.122827529907226562e-03
1.317983865737915039e-02
1.059585809707641602e-02
1.402862370014190674e-03
1.038295030593872070e-02
1.240313053131103516e-03
7.227003574371337891e-03
8.454918861389160156e-03
4.825830459594726562e-03
1.190358400344848633e-02
2.729572355747222900e-03
8.931756019592285156e-04
4.468023777008056641e-03
1.138621568679809570e-02
1.157033443450927734e-02
1.694869995117187500e-02
1.211456954479217529e-03
1.138079166412353516e-02
2.399347722530364990e-03
2.550101280212402344e-02
4.434660077095031738e-04
2.122044563293457031e-02
2.993717789649963379e-03
5.992770195007324219e-03
1.144021749496459961e-03
1.236838102340698242e-02
3.310900926589965820e-02
3.444835543632507324e-03
1.114889979362487793e-02
4.281848669052124023e-03
1.443761587142944336e-02
2.393759787082672119e-04
7.943421602249145508e-03
1.744157075881958008e-02
1.464039087295532227e-02
3.008073568344116211e-02
4.237577319145202637e-03
1.917764544486999512e-03
1.378759741783142090e-03
1.022824645042419434e-02
1.471358537673950195e-02
1.739069819450378418e-03
1.143786311149597168e-02
3.267094492912292480e-03
2.743947505950927734e-02
1.326775550842285156e-02
1.847416162490844727e-03
1.804061233997344971e-03
5.194529891014099121e-03
1.385562121868133545e-03
7.674634456634521484e-03
2.508968114852905273e-03
1.659607887268066406e-02
5.378052592277526855e-04
1.148119568824768066e-02
3.622099757194519043e-03
1.742842793464660645e-02
2.127623558044433594e-02
3.323540091514587402e-03
1.479081809520721436e-03
2.671372890472412109e-02
3.388762474060058594e-03
1.902210712432861328e-02
1.064327359199523926e-02
1.991820335388183594e-02
3.393137454986572266e-02
1.366715878248214722e-04
4.863291978836059570e-03
3.761500120162963867e-02
5.536116659641265869e-04
4.419684410095214844e-04
1.669019460678100586e-03
7.389754056930541992e-03
9.978175163269042969e-03
5.001239478588104248e-04
1.210060715675354004e-02
1.753710210323333740e-03
7.889270782470703125e-03
1.909293234348297119e-03
2.809846401214599609e-02
1.375820487737655640e-03
4.039144515991210938e-02
2.048481255769729614e-04
1.262120902538299561e-03
3.132283687591552734e-03
2.234261482954025269e-04
3.420516848564147949e-03
2.678328752517700195e-02
1.431989669799804688e-02
2.231800556182861328e-02
2.459621429443359375e-02
2.258378267288208008e-02
2.633321285247802734e-02
1.287722587585449219e-02
2.603620290756225586e-02
2.322304248809814453e-02
9.076893329620361328e-04
1.598012447357177734e-02
8.944630622863769531e-03
4.503816366195678711e-03
6.881535053253173828e-03
1.176419854164123535e-02
1.947999000549316406e-02
3.857105970382690430e-03
2.390027046203613281e-02
1.734524965286254883e-02
2.118572592735290527e-04
2.459669113159179688e-02
8.231788873672485352e-03
3.963664174079895020e-03
3.622516989707946777e-03
1.880127191543579102e-02
1.344227790832519531e-02
2.350229024887084961e-02
6.649434566497802734e-03
2.364313602447509766e-02
6.616443395614624023e-03
4.061847925186157227e-03
2.608227729797363281e-02
3.885614871978759766e-02
2.640947699546813965e-03
2.291786670684814453e-02
5.244597792625427246e-03
2.922758460044860840e-03
7.486104965209960938e-03
2.556759119033813477e-02
4.772007465362548828e-02
2.744495868682861328e-02
5.742371082305908203e-03
4.583582282066345215e-03
2.147829532623291016e-02
2.805575728416442871e-03
2.019822597503662109e-02
2.021890878677368164e-02
2.949309349060058594e-02
6.949663162231445312e-03
6.809800863265991211e-03
3.038561344146728516e-02
2.105212211608886719e-02
9.775720536708831787e-04
1.980179548263549805e-02
1.421284675598144531e-02
9.998202323913574219e-03
2.164244651794433594e-02
4.487425088882446289e-03
1.975983381271362305e-02
2.222859859466552734e-02
2.582633495330810547e-02
5.785226821899414062e-03
4.471078515052795410e-03
2.150095999240875244e-03
3.573730587959289551e-03
4.358533769845962524e-04
1.056241989135742188e-02
1.226609945297241211e-02
7.800459861755371094e-03
2.809077501296997070e-03
2.545759081840515137e-03
1.497054100036621094e-02
5.042934417724609375e-02
1.296746730804443359e-02
2.992246299982070923e-04
2.283853292465209961e-02
2.086687088012695312e-02
3.160935640335083008e-02
3.777563571929931641e-03
1.770436763763427734e-02
3.476417064666748047e-02
1.733303070068359375e-02
5.480840802192687988e-03
3.337502479553222656e-02
2.522361278533935547e-02
1.299732923507690430e-02
1.013547182083129883e-02
8.687525987625122070e-03
6.520599126815795898e-03
3.172075748443603516e-02
2.292430400848388672e-02
1.381531357765197754e-03
5.945235490798950195e-03
2.949994802474975586e-02
6.386637687683105469e-03
4.381686449050903320e-04
2.481025457382202148e-02
1.478850841522216797e-03
3.344386816024780273e-02
1.072093844413757324e-03
1.525637507438659668e-02
1.762396097183227539e-02
1.855176687240600586e-02
7.762074470520019531e-03
2.841562032699584961e-02
3.501176834106445312e-03
2.616417407989501953e-02
2.125811576843261719e-02
2.875578403472900391e-02
2.439481019973754883e-02
3.572940826416015625e-03
6.490111351013183594e-03
1.990330219268798828e-02
2.775919437408447266e-02
3.058236837387084961e-02
1.963490247726440430e-02
3.794193267822265625e-02
8.508563041687011719e-03
3.218561410903930664e-03
2.425420284271240234e-02
4.392847418785095215e-03
1.382134854793548584e-03
1.055210828781127930e-03
3.454256057739257812e-02
1.192438602447509766e-02
1.998102664947509766e-02
2.257668972015380859e-02
2.568602561950683594e-03
8.825093507766723633e-03
2.254533767700195312e-02
1.877307891845703125e-02
3.298930823802947998e-04
1.295041292905807495e-04
2.111238241195678711e-02
3.227367997169494629e-04
2.087998390197753906e-02
1.234322786331176758e-03
2.412147819995880127e-03
2.807587385177612305e-02
1.619261503219604492e-02
4.590958356857299805e-03
4.376828670501708984e-02
6.580770015716552734e-03
2.079331874847412109e-02
1.830063760280609131e-03
1.671409606933593750e-02
3.371095657348632812e-02
4.115986824035644531e-02
1.488971710205078125e-02
2.633836120367050171e-04
3.446745872497558594e-02
2.159619331359863281e-02
1.268722116947174072e-03
3.585964441299438477e-03
2.979326248168945312e-02
2.721500396728515625e-02
3.148126602172851562e-02
2.016322687268257141e-04
1.383796334266662598e-04
3.144729137420654297e-02
5.772933363914489746e-03
4.962295293807983398e-03
1.872968673706054688e-02
3.286346793174743652e-03
3.748297691345214844e-03
3.950670361518859863e-04
7.193505764007568359e-03
1.314753293991088867e-02
1.611185073852539062e-02
1.276743412017822266e-02
2.794057130813598633e-03
1.339706778526306152e-02
2.485847473144531250e-02
7.689967751502990723e-04
1.050055027008056641e-02
8.859395980834960938e-03
2.960272133350372314e-03
9.858429431915283203e-03
1.703703403472900391e-02
3.913983702659606934e-03
2.316987514495849609e-02
9.626716375350952148e-03
1.024205237627029419e-03
1.083064079284667969e-02
2.052843570709228516e-03
1.910910010337829590e-03
1.320630311965942383e-03
5.778789520263671875e-03
7.670730352401733398e-03
2.202844619750976562e-02
1.328682899475097656e-02
2.442046999931335449e-03
1.415550708770751953e-03
1.141303777694702148e-02
1.419723033905029297e-02
1.871961355209350586e-02
1.108759641647338867e-02
2.530968189239501953e-02
1.810157299041748047e-02
8.152246475219726562e-03
1.281291246414184570e-02
5.878470838069915771e-04
1.211464405059814453e-02
4.426193237304687500e-02
6.457976996898651123e-04
1.536655426025390625e-02
9.950816631317138672e-03
1.777285337448120117e-02
7.543921470642089844e-03
3.011858463287353516e-02
1.249524950981140137e-02
1.362249255180358887e-02
7.054656744003295898e-03
3.837943077087402344e-03
1.277483999729156494e-03
1.376040279865264893e-03
2.507400512695312500e-02
6.978243589401245117e-03
1.779204607009887695e-02
5.190730094909667969e-03
7.649153470993041992e-03
1.114404201507568359e-02
1.065072417259216309e-02
9.442925453186035156e-03
9.935274720191955566e-04
3.585517406463623047e-04
4.493951797485351562e-03
1.988703012466430664e-02
1.675409078598022461e-02
4.339903593063354492e-03
2.006685733795166016e-02
6.771117448806762695e-03
2.191168069839477539e-02
8.231759071350097656e-03
2.985435724258422852e-02
1.330412924289703369e-03
4.357352852821350098e-03
6.321519613265991211e-03
5.186408758163452148e-03
4.830956459045410156e-03
3.469514846801757812e-02
2.597838640213012695e-02
3.054463863372802734e-02
2.844646573066711426e-03
3.125593066215515137e-04
8.094251155853271484e-03
1.556277275085449219e-02
3.195941448211669922e-02
3.535971045494079590e-03
2.054607868194580078e-02
1.049578189849853516e-02
3.602728247642517090e-04
4.377579689025878906e-02
2.031171321868896484e-02
9.676635265350341797e-03
1.669339835643768311e-03
5.416452884674072266e-03
5.979865789413452148e-03
1.873219013214111328e-02
4.552257061004638672e-02
2.808016538619995117e-02
2.131587266921997070e-02
1.586341857910156250e-02
2.017885446548461914e-03
1.054286956787109375e-02
2.386614680290222168e-03
6.433159112930297852e-03
1.707494258880615234e-03
2.417504787445068359e-02
1.474568247795104980e-02
1.406437158584594727e-02
3.487363457679748535e-03
3.208771347999572754e-03
1.573154330253601074e-02
4.789769649505615234e-03
2.117264270782470703e-02
1.650363206863403320e-02
2.078860998153686523e-04
4.330072551965713501e-04
1.197546720504760742e-02
4.407703876495361328e-03
3.790664672851562500e-02
3.279842436313629150e-03
7.745102047920227051e-04
2.635192871093750000e-02
1.907533407211303711e-02
9.433031082153320312e-03
5.659200251102447510e-04
2.860099077224731445e-02
1.562976837158203125e-02
2.526640892028808594e-02
2.318865060806274414e-02
9.669400751590728760e-04
5.324661731719970703e-03
2.971589565277099609e-02
3.430283069610595703e-02
1.598179340362548828e-03
1.655465364456176758e-02
1.305797696113586426e-02
1.035124063491821289e-03
2.786237001419067383e-02
8.015424013137817383e-03
2.785140275955200195e-02
2.574956417083740234e-02
3.911063075065612793e-03
3.045034408569335938e-02
1.425576210021972656e-02
2.889251708984375000e-02
1.524277031421661377e-03
2.978235483169555664e-03
1.356042921543121338e-04
4.113149642944335938e-02
3.025722503662109375e-02
1.278865337371826172e-02
5.634382367134094238e-03
7.195383310317993164e-03
1.531779766082763672e-02
1.073054969310760498e-03
1.091964542865753174e-03
1.315228641033172607e-03
3.060990571975708008e-02
3.151297569274902344e-02
2.075672149658203125e-03
4.489775747060775757e-04
2.888172864913940430e-03
1.565283536911010742e-02
1.944929361343383789e-03
5.556046962738037109e-04
2.528464794158935547e-02
3.003239631652832031e-02
1.322068274021148682e-03
2.525758743286132812e-02
3.398346900939941406e-02
4.044130444526672363e-03
2.637892961502075195e-02
5.113452672958374023e-03
3.210306167602539062e-03
7.414609193801879883e-03
1.149845123291015625e-02
1.781308650970458984e-02
2.136176824569702148e-02
7.626600563526153564e-04
7.936656475067138672e-03
2.674061059951782227e-02
1.027011871337890625e-02
2.852231264114379883e-03
2.227239310741424561e-04
9.186752140522003174e-05
4.858300089836120605e-04
9.763181209564208984e-03
2.219043672084808350e-04
9.240284562110900879e-04
5.137771368026733398e-03
2.332441508769989014e-04
1.077753305435180664e-02
3.430235385894775391e-02
1.157829537987709045e-04
1.641914248466491699e-03
2.849847078323364258e-03
3.661260008811950684e-03
2.564966678619384766e-03
9.927332401275634766e-03
5.192216485738754272e-05
1.567131280899047852e-02
1.307455822825431824e-04
1.854307949542999268e-03
9.344965219497680664e-04
3.621733188629150391e-02
7.258020341396331787e-04
7.458589971065521240e-04
1.848302781581878662e-04
1.492798328399658203e-02
2.120435237884521484e-03
6.280392408370971680e-03
1.518264412879943848e-03
1.441631466150283813e-04
2.156347036361694336e-03
4.853993654251098633e-03
2.009516954421997070e-02
9.216926991939544678e-05
3.517214208841323853e-04
3.198422491550445557e-04
4.343036562204360962e-04
1.571163535118103027e-03
2.221482992172241211e-02
1.586973667144775391e-04
1.508945226669311523e-02
2.592489123344421387e-03
9.002983570098876953e-04
5.203217267990112305e-03
3.615319728851318359e-04
6.139725446701049805e-03
5.079305171966552734e-02
4.535943269729614258e-03
1.079949736595153809e-02
1.783423125743865967e-03
1.359814405441284180e-02
1.724612712860107422e-02
4.039481282234191895e-04
3.337991237640380859e-02
2.795428037643432617e-03
5.582012236118316650e-04
1.580171287059783936e-03
3.439001739025115967e-04
1.825513318181037903e-04
5.136966705322265625e-03
1.183685660362243652e-02
5.366057157516479492e-04
1.375347375869750977e-03
1.159864664077758789e-02
6.762146949768066406e-04
2.559117972850799561e-03
2.070814371109008789e-02
5.039684474468231201e-04
2.795124053955078125e-02
3.168249130249023438e-02
9.482577443122863770e-04
2.467120066285133362e-05
1.492172479629516602e-03
4.943519830703735352e-03
8.662790060043334961e-03
2.907603979110717773e-03
8.517503738403320312e-05
4.633143544197082520e-04
1.615015789866447449e-04
2.058688551187515259e-04
1.015782356262207031e-03
4.022419452667236328e-04
3.087464720010757446e-04
1.585122942924499512e-02
2.196818590164184570e-03
9.319245815277099609e-03
8.939296007156372070e-03
4.180632531642913818e-04
1.289695501327514648e-02
1.048501580953598022e-03
1.535630226135253906e-02
2.249735593795776367e-02
6.411030888557434082e-03
2.247804403305053711e-02
2.870634198188781738e-04
3.282148391008377075e-04
1.514695584774017334e-03
4.267975687980651855e-03
4.951417446136474609e-03
2.024769783020019531e-02
1.126000285148620605e-02
4.414133727550506592e-04
2.104383707046508789e-02
2.269938588142395020e-03
1.794006675481796265e-04
1.759201288223266602e-03
2.521288394927978516e-02
1.658374071121215820e-02
1.704978942871093750e-02
8.511394262313842773e-04
2.642560005187988281e-02
3.406610339879989624e-04
1.380974054336547852e-02
1.032277941703796387e-05
3.015458583831787109e-03
1.181997358798980713e-03
2.365186810493469238e-03
1.795619726181030273e-03
3.123432397842407227e-03
1.413792371749877930e-02
2.251970767974853516e-02
1.974657177925109863e-03
2.479875087738037109e-02
1.015726476907730103e-03
6.835833191871643066e-04
1.217620447278022766e-04
1.707017421722412109e-02
1.080775260925292969e-02
1.153528690338134766e-03
2.674892544746398926e-03
1.775652170181274414e-02
7.242597639560699463e-04
1.388296484947204590e-03
3.649282455444335938e-02
4.059708118438720703e-02
2.181649208068847656e-03
1.476392149925231934e-03
6.171613931655883789e-03
2.861350774765014648e-03
2.121284604072570801e-03
1.539969444274902344e-02
3.935173153877258301e-03
1.661086082458496094e-02
9.185522794723510742e-03
3.086611628532409668e-03
1.213699579238891602e-04
1.395314931869506836e-03
9.449664503335952759e-05
2.816957235336303711e-02
3.374621272087097168e-03
5.490213632583618164e-03
2.601063251495361328e-02
1.931414008140563965e-04
2.163818478584289551e-02
4.367679357528686523e-03
3.183746337890625000e-02
5.519241094589233398e-04
8.009672164916992188e-04
2.319753170013427734e-03
3.093346953392028809e-03
1.577660441398620605e-03
1.136264204978942871e-02
5.026847124099731445e-03
7.281959056854248047e-03
1.359879970550537109e-04
5.079545080661773682e-04
1.801693439483642578e-02
1.213356852531433105e-03
4.770314693450927734e-02
4.542768001556396484e-03
2.112105488777160645e-03
9.595528244972229004e-04
2.164289355278015137e-03
1.042479276657104492e-02
4.859000444412231445e-03
8.106604218482971191e-04
1.782077550888061523e-02
3.065932542085647583e-04
1.369647681713104248e-03
1.871190965175628662e-03
4.293873906135559082e-03
5.065836012363433838e-04
3.394782543182373047e-03
7.182620465755462646e-04
4.841238260269165039e-04
2.747382968664169312e-04
2.539746463298797607e-03
3.008246421813964844e-02
1.535010337829589844e-02
2.902820706367492676e-03
2.636778354644775391e-02
7.938653230667114258e-03
3.123581409454345703e-03
1.489150524139404297e-02
5.653277039527893066e-04
6.927877664566040039e-03
8.229613304138183594e-04
7.909536361694335938e-03
4.451185464859008789e-03
8.124828338623046875e-03
2.483651041984558105e-03
1.756474375724792480e-04
3.082435578107833862e-04
2.604350447654724121e-04
1.805782318115234375e-02
1.177069544792175293e-02
8.611291646957397461e-03
1.875553280115127563e-04
1.334667205810546875e-02
9.250521659851074219e-03
4.961229860782623291e-04
5.082413554191589355e-04
3.285527229309082031e-02
6.916746497154235840e-04
1.634269952774047852e-03
6.697624921798706055e-04
1.055020838975906372e-04
1.319542527198791504e-03
5.276799201965332031e-03
2.041709423065185547e-02
3.885328769683837891e-04
7.914364337921142578e-03
4.228815436363220215e-03
6.375253200531005859e-03
2.548709511756896973e-03
5.274303257465362549e-04
1.464515924453735352e-03
3.513395786285400391e-03
1.454681158065795898e-03
1.578658819198608398e-03
1.460671424865722656e-03
9.261578321456909180e-03
9.619966149330139160e-04
3.380067646503448486e-04
2.907991409301757812e-02
1.112826168537139893e-03
4.767626523971557617e-05
6.960004568099975586e-03
3.069281578063964844e-03
3.190860152244567871e-04
6.723895668983459473e-03
2.034828066825866699e-03
8.536595851182937622e-05
1.491808891296386719e-02
1.267263293266296387e-02
1.455897092819213867e-02
4.162285476922988892e-04
1.134797930717468262e-02
3.653034567832946777e-03
1.538190990686416626e-04
9.386509656906127930e-03
1.031279563903808594e-02
1.218810677528381348e-03
5.316063761711120605e-04
1.475080847740173340e-03
4.536233842372894287e-03
3.348775207996368408e-04
1.537299156188964844e-02
8.143857121467590332e-05
1.474402844905853271e-03
7.366295903921127319e-05
4.084691405296325684e-03
3.454722464084625244e-04
1.006248593330383301e-02
2.992671728134155273e-02
1.479379832744598389e-03
3.154333680868148804e-04
5.677491426467895508e-04
2.599507570266723633e-03
2.109131310135126114e-05
2.342408895492553711e-02
1.833029091358184814e-04
1.990634202957153320e-02
9.872138500213623047e-03
1.892022788524627686e-03
2.053153514862060547e-02
7.355362176895141602e-04
9.093135595321655273e-03
4.202187061309814453e-03
3.610128164291381836e-02
3.414601087570190430e-03
6.678253412246704102e-03
2.221077680587768555e-03
4.081845283508300781e-03
8.252188563346862793e-04
3.092989325523376465e-03
3.062710165977478027e-04
8.871346712112426758e-03
2.480018138885498047e-02
8.818268775939941406e-03
5.884934216737747192e-05
3.466289490461349487e-04
2.932965755462646484e-03
1.957044005393981934e-03
7.675066590309143066e-04
1.784491539001464844e-02
1.007306575775146484e-02
8.669674396514892578e-03
1.672148704528808594e-03
2.034567296504974365e-05
1.709982752799987793e-03
3.761425614356994629e-04
1.617759466171264648e-03
5.468934774398803711e-03
5.826577544212341309e-03
2.951398491859436035e-04
8.664801716804504395e-04
1.727008819580078125e-02
6.264731287956237793e-03
8.931338787078857422e-03
1.895710825920104980e-03
1.832956075668334961e-02
2.586597204208374023e-02
5.071938037872314453e-03
4.763752222061157227e-04
1.266002655029296875e-03
1.263338327407836914e-02
2.936422824859619141e-04
5.377665162086486816e-03
2.382159233093261719e-03
2.806589007377624512e-03
9.683519601821899414e-05
9.278431534767150879e-04
3.728852607309818268e-05
1.072578132152557373e-03
1.374833285808563232e-03
4.147514700889587402e-04
1.030582189559936523e-02
2.635791897773742676e-03
9.709268808364868164e-03
2.092495560646057129e-04
2.984046936035156250e-03
1.921569928526878357e-04
1.166403293609619141e-03
2.347566187381744385e-04
1.147753000259399414e-02
7.886029779911041260e-04
7.747747004032135010e-04
1.719640567898750305e-04
4.944372922182083130e-04
2.166712656617164612e-04
2.728745341300964355e-03
1.565769314765930176e-03
2.295184135437011719e-02
1.063093543052673340e-03
1.090639829635620117e-02
6.052330136299133301e-04
1.707859337329864502e-04
2.161189913749694824e-04
1.187659800052642822e-03
2.354815602302551270e-03
1.186639070510864258e-03
1.574441790580749512e-03
2.178624272346496582e-03
2.336353063583374023e-03
7.085911929607391357e-04
4.212521016597747803e-04
6.609231233596801758e-03
6.576538085937500000e-03
1.296792179346084595e-04
3.664940595626831055e-04
1.726858317852020264e-04
1.175723969936370850e-03
1.879781484603881836e-04
4.841804504394531250e-03
1.035302877426147461e-03
5.407750606536865234e-03
2.351067960262298584e-04
1.995349302887916565e-04
3.166869282722473145e-05
3.397941589355468750e-03
7.775088306516408920e-06
3.315329551696777344e-03
5.959495902061462402e-04
2.673286944627761841e-04
2.446398138999938965e-03
4.085414111614227295e-04
2.261549234390258789e-03
3.490950912237167358e-04
8.109509944915771484e-04
2.224184572696685791e-04
1.032999157905578613e-02
9.536817669868469238e-04
2.055354416370391846e-04
1.605764031410217285e-03
9.499073028564453125e-03
1.584142446517944336e-03
1.618098467588424683e-04
6.924942135810852051e-04
1.194208860397338867e-03
2.639466524124145508e-02
5.747854709625244141e-03
3.185868263244628906e-04
8.103158324956893921e-05
1.435913145542144775e-04
1.422710716724395752e-03
1.311242580413818359e-03
5.136162042617797852e-03
5.099344998598098755e-04
7.901415228843688965e-04
4.099816083908081055e-03
7.683876901865005493e-05
5.643129348754882812e-03
1.323044300079345703e-02
2.417154610157012939e-04
2.149958163499832153e-04
7.321164011955261230e-04
3.287529945373535156e-02
1.293299719691276550e-04
1.117259263992309570e-03
7.231235504150390625e-04
2.354294061660766602e-03
4.721403121948242188e-03
1.068052649497985840e-02
3.332309424877166748e-04
4.561878740787506104e-04
5.365349352359771729e-04
1.090560108423233032e-03
5.116805434226989746e-03
1.431636512279510498e-03
1.882083714008331299e-03
1.997053623199462891e-03
8.887089788913726807e-04
5.733706057071685791e-04
1.203222200274467468e-04
7.759407162666320801e-04
2.625912427902221680e-03
3.783162683248519897e-04
1.740911975502967834e-04
1.411601901054382324e-03
2.436056733131408691e-03
1.098982989788055420e-03
2.360588312149047852e-02
3.731083124876022339e-04
1.393055915832519531e-02
2.200877666473388672e-02
4.482418298721313477e-03
3.776866942644119263e-04
4.794791340827941895e-03
8.237063884735107422e-04
1.123584806919097900e-03
2.841819077730178833e-04
2.267081290483474731e-04
9.442269802093505859e-04
8.044302463531494141e-03
2.522077411413192749e-04
6.016269326210021973e-04
5.135938525199890137e-03
3.754153847694396973e-03
5.102120339870452881e-04
1.062393188476562500e-03
5.665868520736694336e-04
5.103107541799545288e-04
1.199524849653244019e-03
3.144075162708759308e-05
2.512242645025253296e-04
8.220225572586059570e-05
7.811598479747772217e-04
6.673723459243774414e-03
6.803311407566070557e-05
1.387983560562133789e-03
6.261751055717468262e-03
7.433533668518066406e-03
1.373499631881713867e-03
1.032310724258422852e-02
1.689549535512924194e-04
5.754142999649047852e-03
5.021654069423675537e-04
9.365491569042205811e-04
1.314226537942886353e-04
5.257993936538696289e-03
1.162160187959671021e-04
2.975106239318847656e-03
5.346983671188354492e-04
2.262100577354431152e-03
4.883203655481338501e-05
1.583492755889892578e-02
5.721487104892730713e-04
2.056155353784561157e-04
4.662759602069854736e-05
1.769435405731201172e-02
6.784975528717041016e-03
5.080066621303558350e-04
2.951063215732574463e-04
2.333082258701324463e-03
1.467745751142501831e-04
1.045145094394683838e-03
5.043774843215942383e-03
1.612037420272827148e-03
7.283002138137817383e-03
5.882158875465393066e-04
7.574260234832763672e-05
5.745887756347656250e-04
1.356184482574462891e-02
1.091182231903076172e-03
1.088371500372886658e-04
7.367134094238281250e-05
2.362474799156188965e-03
4.089549183845520020e-04
2.825289964675903320e-03
9.249113500118255615e-04
3.000319004058837891e-03
7.633656263351440430e-03
9.919852018356323242e-04
2.878770232200622559e-03
1.214686036109924316e-02
1.596231013536453247e-04
2.058357000350952148e-02
4.718437790870666504e-03
1.616645604372024536e-04
7.014572620391845703e-04
5.877274088561534882e-05
3.589950501918792725e-04
8.646547794342041016e-04
1.389635726809501648e-04
8.716061711311340332e-04
8.810639381408691406e-03
4.054922610521316528e-04
1.068238168954849243e-03
5.260445177555084229e-04
2.791666984558105469e-02
6.028153002262115479e-04
1.418781280517578125e-02
1.749880611896514893e-03
2.294588088989257812e-02
6.247133016586303711e-03
1.351788640022277832e-03
1.195874065160751343e-04
2.372875809669494629e-03
2.638474106788635254e-04
4.484485834836959839e-04
7.450859993696212769e-05
5.842652171850204468e-05
2.599112689495086670e-03
6.051510572433471680e-04
4.074089229106903076e-04
1.171737909317016602e-03
1.298293471336364746e-03
2.372592687606811523e-03
1.313775777816772461e-03
5.031317472457885742e-03
7.696628570556640625e-03
1.458752900362014771e-03
3.424495458602905273e-03
1.030512154102325439e-03
2.063500881195068359e-02
4.666671156883239746e-04
1.356527209281921387e-04
8.071847259998321533e-04
1.216396689414978027e-03
3.077000379562377930e-03
3.188494592905044556e-04
1.459240913391113281e-03
1.388438045978546143e-03
2.965033054351806641e-04
1.711748540401458740e-03
2.796307206153869629e-03
1.374632120132446289e-03
7.993012666702270508e-03
5.805879831314086914e-03
1.926444470882415771e-03
2.791643142700195312e-03
1.744866371154785156e-03
3.936998546123504639e-04
2.111559733748435974e-04
8.504912257194519043e-04
3.906935453414916992e-04
6.563887000083923340e-04
2.433329820632934570e-03
1.261837780475616455e-03
4.098527133464813232e-04
1.585975289344787598e-03
4.032487049698829651e-05
2.338290214538574219e-04
1.728355884552001953e-03
0.000000000000000000e+00
0.000000000000000000e+00
0.000000000000000000e+00
0.000000000000000000e+00
0.000000000000000000e+00
0.000000000000000000e+00
0.000000000000000000e+00
0.000000000000000000e+00
0.000000000000000000e+00
0.000000000000000000e+00
0.000000000000000000e+00
0.000000000000000000e+00
0.000000000000000000e+00
0.000000000000000000e+00
0.000000000000000000e+00
0.000000000000000000e+00
0.000000000000000000e+00
0.000000000000000000e+00
0.000000000000000000e+00
0.000000000000000000e+00
0.000000000000000000e+00
0.000000000000000000e+00
0.000000000000000000e+00
0.000000000000000000e+00
0.000000000000000000e+00
0.000000000000000000e+00
0.000000000000000000e+00
0.000000000000000000e+00
0.000000000000000000e+00
0.000000000000000000e+00
0.000000000000000000e+00
0.000000000000000000e+00
0.000000000000000000e+00
0.000000000000000000e+00
0.000000000000000000e+00
0.000000000000000000e+00
0.000000000000000000e+00
0.000000000000000000e+00
0.000000000000000000e+00
0.000000000000000000e+00
