1.314187049865722656e-02
1.057289540767669678e-03
3.197431564331054688e-03
1.025617122650146484e-03
7.361292839050292969e-03
3.919959068298339844e-03
5.421265959739685059e-04
1.139521598815917969e-03
2.192750573158264160e-03
5.195140838623046875e-03
2.685666084289550781e-03
4.864148795604705811e-04
9.241402149200439453e-04
1.158460974693298340e-03
7.863342761993408203e-05
1.879587769508361816e-03
1.814678311347961426e-03
3.269642591476440430e-03
1.806437969207763672e-03
1.123115420341491699e-03
2.289080619812011719e-02
1.328933238983154297e-02
8.817464113235473633e-04
1.774817705154418945e-03
5.475103855133056641e-03
8.747875690460205078e-03
8.156895637512207031e-05
3.797948360443115234e-03
6.436526775360107422e-03
1.078742742538452148e-02
1.250922679901123047e-03
2.351269125938415527e-03
5.710154771804809570e-03
1.033926010131835938e-02
4.351567476987838745e-04
4.309639334678649902e-04
1.223996281623840332e-03
5.098283290863037109e-03
3.680307418107986450e-05
1.781082153320312500e-02
6.078988313674926758e-03
8.798949420452117920e-05
8.101314306259155273e-04
1.359188556671142578e-02
1.012317836284637451e-03
8.033692836761474609e-03
5.271360278129577637e-04
1.850321888923645020e-03
1.043820381164550781e-02
3.605395555496215820e-03
4.076421260833740234e-03
1.340463757514953613e-03
5.819559097290039062e-03
1.032464206218719482e-03
5.532234907150268555e-03
1.146191358566284180e-02
1.295380294322967529e-03
2.171155065298080444e-04
7.700994610786437988e-04
2.273678779602050781e-03
1.145854592323303223e-03
1.527893543243408203e-02
1.237422227859497070e-03
1.453310251235961914e-03
1.253195106983184814e-03
2.706386148929595947e-04
1.430973410606384277e-03
1.211667060852050781e-02
8.506979793310165405e-05
4.922240972518920898e-03
6.366670131683349609e-03
6.851777434349060059e-04
4.791945219039916992e-03
1.165457069873809814e-04
7.256746292114257812e-03
6.108582019805908203e-03
4.900336265563964844e-03
1.448953151702880859e-02
6.942301988601684570e-04
1.005774736404418945e-02
2.950802445411682129e-04
4.758864641189575195e-03
1.879390329122543335e-04
3.485202789306640625e-03
1.202583312988281250e-03
5.214869976043701172e-03
3.507882356643676758e-03
7.789433002471923828e-04
3.278255462646484375e-03
4.602298140525817871e-04
8.587911725044250488e-04
1.097787171602249146e-04
2.056375145912170410e-03
2.876907587051391602e-03
9.401500225067138672e-03
2.099764347076416016e-02
1.713037490844726562e-03
2.915617078542709351e-04
1.723951101303100586e-02
4.305332899093627930e-03
9.360194206237792969e-03
5.536556243896484375e-03
1.820111274719238281e-02
9.460598230361938477e-04
3.778226673603057861e-04
4.064977169036865234e-03
1.136893033981323242e-02
3.335550427436828613e-04
6.218373775482177734e-03
1.206088066101074219e-02
1.598134636878967285e-03
1.740664243698120117e-03
1.198872923851013184e-04
1.305833458900451660e-03
3.468230366706848145e-03
4.584461450576782227e-03
5.159020423889160156e-03
9.233504533767700195e-04
2.074927091598510742e-03
8.023679256439208984e-03
1.006114482879638672e-02
1.359120011329650879e-03
4.055321216583251953e-03
4.751414060592651367e-03
3.269985318183898926e-04
4.529505968093872070e-04
4.433304071426391602e-03
2.681463956832885742e-04
1.777723431587219238e-03
6.568916141986846924e-04
7.184594869613647461e-04
1.486791297793388367e-04
1.162719726562500000e-02
1.904256641864776611e-04
3.107301890850067139e-04
2.291524410247802734e-02
9.815990924835205078e-04
2.004519104957580566e-03
1.058107614517211914e-02
1.375794410705566406e-03
5.664750933647155762e-04
6.563663482666015625e-03
4.009157419204711914e-04
3.050372004508972168e-03
2.321588993072509766e-02
9.792577475309371948e-05
1.990568637847900391e-02
1.314952969551086426e-04
3.759860992431640625e-04
4.461228847503662109e-03
3.586560487747192383e-04
1.145160198211669922e-02
6.560564041137695312e-03
4.804313182830810547e-03
4.680156707763671875e-03
2.136147022247314453e-02
7.499277591705322266e-03
2.988964319229125977e-03
2.247132360935211182e-04
2.714190632104873657e-04
1.004981994628906250e-02
1.650184392929077148e-03
2.347445115447044373e-05
4.010982811450958252e-04
3.434598445892333984e-03
1.024812459945678711e-02
8.855938911437988281e-03
8.771568536758422852e-03
7.253348827362060547e-03
3.437697887420654297e-04
7.691159844398498535e-04
1.300215721130371094e-03
1.387935876846313477e-02
9.239837527275085449e-04
3.440171480178833008e-03
1.153385639190673828e-02
2.128630876541137695e-03
2.777859568595886230e-03
5.899779498577117920e-04
6.732285022735595703e-03
2.235904335975646973e-03
1.319038867950439453e-02
5.876541137695312500e-03
1.528203487396240234e-03
1.406925916671752930e-02
1.288168132305145264e-04
3.269717097282409668e-03
1.554274559020996094e-02
5.171060562133789062e-03
8.870184421539306641e-03
4.120953381061553955e-04
9.106278419494628906e-03
2.347850799560546875e-02
4.603341221809387207e-04
7.750630378723144531e-03
3.697097301483154297e-03
4.744946956634521484e-03
2.682715654373168945e-03
1.089948415756225586e-02
3.572553396224975586e-03
6.225198507308959961e-03
1.389533281326293945e-03
1.263737678527832031e-03
8.244365453720092773e-04
7.753610610961914062e-03
2.190673351287841797e-02
5.794391036033630371e-04
1.060232520103454590e-03
3.058761358261108398e-03
1.017272472381591797e-02
2.344086766242980957e-03
9.571984410285949707e-04
2.840682864189147949e-03
5.183666944503784180e-03
1.354151964187622070e-02
4.265569150447845459e-04
2.497993409633636475e-04
1.574695110321044922e-03
6.744325160980224609e-03
6.803512573242187500e-03
1.165293157100677490e-03
1.807010173797607422e-02
1.603096723556518555e-02
1.824229955673217773e-03
6.378695368766784668e-03
3.393948078155517578e-03
1.046723127365112305e-02
7.903575897216796875e-04
2.567410469055175781e-03
1.686885952949523926e-03
1.106798648834228516e-02
2.072620391845703125e-02
1.671150326728820801e-03
1.346731185913085938e-02
1.222327351570129395e-03
2.118363976478576660e-03
7.653892040252685547e-03
1.131278276443481445e-02
3.012716770172119141e-04
1.170918345451354980e-03
1.223236322402954102e-04
7.117807865142822266e-03
2.781599760055541992e-04
5.459710955619812012e-04
5.501508712768554688e-04
1.254850625991821289e-02
4.750579595565795898e-03
9.775906801223754883e-04
5.834937095642089844e-03
1.277595758438110352e-02
1.983582973480224609e-03
6.055116653442382812e-03
3.565877676010131836e-03
1.184237003326416016e-02
5.497813224792480469e-03
1.986436545848846436e-04
2.053648233413696289e-03
5.839005112648010254e-03
5.982778966426849365e-04
2.559915184974670410e-03
3.567636013031005859e-03
2.043887972831726074e-03
4.977375268936157227e-03
1.643013954162597656e-02
1.772969961166381836e-03
6.733596324920654297e-03
1.308284699916839600e-04
7.785931229591369629e-04
5.083829164505004883e-03
2.372741699218750000e-02
2.380371093750000000e-03
9.975552558898925781e-03
3.747548907995223999e-05
2.366110682487487793e-03
2.739965915679931641e-03
3.203496336936950684e-03
8.311718702316284180e-04
6.957873702049255371e-04
7.679760456085205078e-04
3.401517868041992188e-02
2.853557467460632324e-03
1.247233152389526367e-02
5.908697843551635742e-03
2.196216583251953125e-02
4.340171813964843750e-03
5.813837051391601562e-04
2.957740798592567444e-05
1.325500011444091797e-02
1.086366176605224609e-02
6.516575813293457031e-03
7.001250982284545898e-03
1.339882612228393555e-03
6.226077675819396973e-04
2.638965845108032227e-03
1.606428623199462891e-02
2.564117312431335449e-03
6.615340709686279297e-03
5.705393850803375244e-04
1.260608434677124023e-03
4.579359665513038635e-05
4.374057054519653320e-03
3.447771072387695312e-03
1.363858580589294434e-03
1.814603805541992188e-03
1.415026187896728516e-02
3.368873149156570435e-05
6.111532449722290039e-03
3.760904073715209961e-03
1.300966739654541016e-02
2.068191766738891602e-03
2.218142151832580566e-03
2.580285072326660156e-03
1.177108287811279297e-02
1.725768670439720154e-04
4.411265254020690918e-04
3.022670745849609375e-03
7.475614547729492188e-03
2.650126814842224121e-03
3.468673676252365112e-04
1.902736723423004150e-03
2.146866172552108765e-04
5.429890006780624390e-05
6.928235292434692383e-03
3.983527421951293945e-04
4.483610391616821289e-03
1.203161478042602539e-02
9.468644857406616211e-04
1.775011420249938965e-03
2.181410789489746094e-02
1.909524202346801758e-03
7.699728012084960938e-03
2.292215824127197266e-03
7.545650005340576172e-04
2.542100846767425537e-04
1.675218343734741211e-03
1.352483034133911133e-02
1.134127378463745117e-04
5.900502204895019531e-03
5.819201469421386719e-03
1.114830374717712402e-03
8.837878704071044922e-03
1.169160008430480957e-03
1.596212387084960938e-03
7.130146026611328125e-03
2.208948135375976562e-03
1.298481225967407227e-02
1.861500740051269531e-02
3.488928079605102539e-03
2.592444419860839844e-03
1.428693532943725586e-03
3.814175724983215332e-04
1.437641680240631104e-03
1.044517755508422852e-02
1.818127930164337158e-04
2.132177352905273438e-03
2.956092357635498047e-03
3.142103552818298340e-03
2.081394195556640625e-04
4.733294248580932617e-03
2.201402187347412109e-02
3.673911094665527344e-03
2.413302659988403320e-03
2.487611770629882812e-02
9.429097175598144531e-03
7.469505071640014648e-04
1.231950521469116211e-02
3.036350011825561523e-03
2.488350868225097656e-02
8.400380611419677734e-04
5.986690521240234375e-04
2.405121922492980957e-03
1.391947269439697266e-03
7.053278386592864990e-04
2.354085445404052734e-03
1.867935061454772949e-03
2.991735935211181641e-03
2.332448959350585938e-02
3.498792648315429688e-04
1.277610659599304199e-03
3.186076879501342773e-03
1.723074913024902344e-02
1.516890525817871094e-02
3.794491291046142578e-03
1.291060447692871094e-02
1.340195536613464355e-03
7.077455520629882812e-03
1.924562454223632812e-02
7.875591516494750977e-03
2.760857343673706055e-03
1.743561029434204102e-02
6.766140460968017578e-03
8.500277996063232422e-03
1.118607819080352783e-03
1.755368709564208984e-02
1.088726520538330078e-02
8.151918649673461914e-03
2.936631441116333008e-03
7.016658782958984375e-03
4.203706979751586914e-03
7.942840456962585449e-04
7.048726081848144531e-03
6.157755851745605469e-03
3.539174795150756836e-04
6.689846515655517578e-03
2.746567130088806152e-03
3.009289503097534180e-03
3.574527800083160400e-04
3.171801567077636719e-03
1.935157924890518188e-04
2.700239419937133789e-03
9.654462337493896484e-03
2.194464206695556641e-03
1.865029335021972656e-03
1.277589797973632812e-02
5.317240953445434570e-03
4.317998886108398438e-03
9.339451789855957031e-04
1.995399594306945801e-03
2.250105142593383789e-03
7.151812314987182617e-04
1.998901367187500000e-03
4.014261066913604736e-04
1.356810331344604492e-02
2.619028091430664062e-03
2.339079976081848145e-03
1.652926206588745117e-03
2.684772014617919922e-03
2.964451909065246582e-03
1.331079006195068359e-02
4.285633563995361328e-03
2.289462089538574219e-02
4.737973213195800781e-04
2.129733562469482422e-03
4.853717982769012451e-04
1.102350652217864990e-03
8.823201060295104980e-04
6.366163492202758789e-03
2.513572573661804199e-03
4.864037036895751953e-03
2.515614032745361328e-02
1.955717802047729492e-03
2.681344747543334961e-03
9.321928024291992188e-03
7.643923163414001465e-04
2.225756645202636719e-03
6.015866994857788086e-03
1.048892736434936523e-03
1.138401031494140625e-02
1.512631773948669434e-03
7.444098591804504395e-04
1.344420015811920166e-03
2.303332090377807617e-03
3.988713026046752930e-03
3.906637430191040039e-04
7.554054260253906250e-03
3.237426280975341797e-03
8.153766393661499023e-04
7.817298173904418945e-04
1.320838928222656250e-02
8.645327761769294739e-05
1.090860366821289062e-02
5.590736865997314453e-03
1.219695806503295898e-02
4.433125257492065430e-03
7.934063673019409180e-03
4.181116819381713867e-04
4.126399755477905273e-03
6.528407335281372070e-03
5.187481641769409180e-03
2.488151192665100098e-03
1.969468593597412109e-02
9.503494948148727417e-05
4.953861236572265625e-03
1.911556720733642578e-02
7.116973400115966797e-03
7.162243127822875977e-03
1.048636436462402344e-02
3.936171531677246094e-03
2.097114920616149902e-03
1.921039074659347534e-04
1.397274434566497803e-03
2.508699893951416016e-03
8.042082190513610840e-04
1.220083236694335938e-02
1.056313514709472656e-03
1.305001974105834961e-02
2.810865640640258789e-03
1.864230632781982422e-02
5.847588181495666504e-04
1.392507553100585938e-02
1.596719026565551758e-03
1.571345329284667969e-02
7.062464952468872070e-03
2.327933907508850098e-04
3.178447484970092773e-03
1.762239262461662292e-04
4.186213016510009766e-03
6.316363811492919922e-03
1.917213201522827148e-03
1.944792270660400391e-02
2.087807655334472656e-02
4.398860037326812744e-04
8.470416069030761719e-03
1.554563641548156738e-03
2.314239740371704102e-03
7.285594940185546875e-03
1.685488224029541016e-02
5.248546600341796875e-03
5.714148283004760742e-03
3.328964114189147949e-03
1.492011547088623047e-02
1.100158691406250000e-02
2.832859754562377930e-04
1.013284921646118164e-02
1.307624578475952148e-02
1.253753900527954102e-03
5.033642053604125977e-03
1.599508523941040039e-02
1.888632774353027344e-03
1.914262771606445312e-02
4.129335284233093262e-03
1.840186119079589844e-02
1.201376318931579590e-03
1.638168096542358398e-02
1.273494958877563477e-02
1.956766843795776367e-02
5.329027771949768066e-04
1.243457198143005371e-03
2.694845199584960938e-03
5.780965089797973633e-03
3.198176622390747070e-03
2.141565084457397461e-03
2.027928829193115234e-03
1.546610146760940552e-04
2.823680639266967773e-03
1.259368658065795898e-02
5.347579717636108398e-04
9.578824043273925781e-03
3.569737076759338379e-03
4.372566938400268555e-03
1.401014626026153564e-03
1.120656728744506836e-02
3.629386425018310547e-03
2.146773040294647217e-04
6.682515144348144531e-03
3.064081072807312012e-03
1.024046540260314941e-02
4.495769739151000977e-03
3.094851970672607422e-03
1.398158073425292969e-02
7.975578308105468750e-03
2.676755189895629883e-03
7.187604904174804688e-03
1.644074916839599609e-02
2.091705799102783203e-03
7.397383451461791992e-04
4.698485136032104492e-03
3.625154495239257812e-03
6.450414657592773438e-03
2.451437711715698242e-02
1.005485653877258301e-03
1.512891054153442383e-02
1.574359834194183350e-03
3.617957234382629395e-03
7.094800472259521484e-03
1.638114452362060547e-03
8.035033941268920898e-03
1.440823078155517578e-03
2.119429409503936768e-04
1.343584060668945312e-02
4.382282495498657227e-03
1.177787780761718750e-03
9.167730808258056641e-03
1.525953412055969238e-03
8.533775806427001953e-03
1.938089728355407715e-03
1.508332788944244385e-03
1.521104574203491211e-02
2.187132835388183594e-03
4.630893468856811523e-03
2.281870692968368530e-04
2.639554440975189209e-04
4.815578460693359375e-03
1.199162006378173828e-02
2.565056085586547852e-03
2.335235476493835449e-03
4.340946674346923828e-03
1.674938201904296875e-02
2.029359340667724609e-03
7.035076618194580078e-03
6.871998310089111328e-03
1.849085092544555664e-03
5.211323499679565430e-03
5.048364400863647461e-04
8.180141448974609375e-04
1.988276839256286621e-03
7.378645241260528564e-04
2.122864127159118652e-03
1.431833952665328979e-04
3.340646624565124512e-03
1.183718442916870117e-02
4.259496927261352539e-03
1.220607757568359375e-02
1.191872358322143555e-02
2.812281250953674316e-03
2.068683505058288574e-03
1.113164424896240234e-02
1.678711175918579102e-02
4.135012626647949219e-03
7.334589958190917969e-03
1.647591590881347656e-02
4.811584949493408203e-03
1.391726732254028320e-02
4.018068313598632812e-03
1.258309930562973022e-04
7.751584053039550781e-03
1.388024538755416870e-04
1.163795590400695801e-03
1.460480690002441406e-02
8.187815546989440918e-04
1.350200176239013672e-02
2.044811844825744629e-03
2.221032977104187012e-03
2.219863235950469971e-04
1.528859138488769531e-02
3.921836614608764648e-03
3.017917275428771973e-03
2.993077039718627930e-03
2.084761857986450195e-03
1.285813748836517334e-03
1.408934593200683594e-03
6.589293479919433594e-03
6.823211908340454102e-03
1.065647602081298828e-02
3.088250756263732910e-03
8.829981088638305664e-03
1.054510474205017090e-03
1.017935574054718018e-03
8.219838142395019531e-03
2.722129225730895996e-03
1.187741756439208984e-03
4.988051950931549072e-04
1.225486397743225098e-03
1.683688163757324219e-02
2.898007631301879883e-03
1.826450228691101074e-03
2.256594598293304443e-04
2.415850758552551270e-03
1.715179532766342163e-04
2.372756600379943848e-03
4.229545593261718750e-03
1.219087839126586914e-02
1.243352890014648438e-02
2.750441431999206543e-03
1.678824424743652344e-02
9.795039892196655273e-03
9.746551513671875000e-04
6.862282752990722656e-03
4.236757755279541016e-03
9.634852409362792969e-03
3.554672002792358398e-03
2.548944950103759766e-02
1.086108386516571045e-03
4.838049411773681641e-03
7.130861282348632812e-03
2.054959535598754883e-03
1.622861623764038086e-02
2.504205703735351562e-02
4.076272249221801758e-03
1.225775480270385742e-02
2.922669053077697754e-03
2.006864547729492188e-02
2.189785242080688477e-03
3.603667020797729492e-03
5.118288099765777588e-04
1.141691207885742188e-02
1.969210803508758545e-03
5.958750844001770020e-04
4.384033381938934326e-04
4.229247570037841797e-03
2.327799797058105469e-03
6.177723407745361328e-03
1.626253128051757812e-03
2.479076385498046875e-03
7.029235363006591797e-03
6.489485502243041992e-03
1.066064834594726562e-02
2.027980983257293701e-03
2.199783921241760254e-03
1.620984077453613281e-02
1.389753818511962891e-02
5.665905773639678955e-04
3.130793571472167969e-03
1.160216331481933594e-02
5.175083875656127930e-03
8.230447769165039062e-03
1.084081828594207764e-03
2.808663994073867798e-04
6.201088428497314453e-03
2.163827419281005859e-03
2.633944153785705566e-03
1.782402396202087402e-03
2.116537094116210938e-02
1.449412107467651367e-02
1.703947782516479492e-03
4.029080271720886230e-03
3.700375556945800781e-03
2.066880464553833008e-03
1.219153404235839844e-03
1.396872103214263916e-03
6.609708070755004883e-04
1.094329357147216797e-02
2.512365579605102539e-03
5.173422396183013916e-04
3.127634525299072266e-03
2.224862575531005859e-03
8.442997932434082031e-04
9.498894214630126953e-04
9.983658790588378906e-03
1.659393310546875000e-04
4.189312458038330078e-04
1.850330829620361328e-02
4.988647997379302979e-04
2.444371581077575684e-03
3.899008035659790039e-03
4.135772585868835449e-03
2.095198631286621094e-02
2.816498279571533203e-03
7.030606269836425781e-03
3.681868314743041992e-03
2.591788768768310547e-03
9.595453739166259766e-03
1.127030700445175171e-04
3.764443099498748779e-04
3.032311797142028809e-03
4.031449556350708008e-03
8.875250816345214844e-03
1.193404197692871094e-02
9.904280304908752441e-04
1.488351821899414062e-02
1.194059848785400391e-03
3.251656889915466309e-03
3.136813640594482422e-03
3.514066338539123535e-04
1.047676801681518555e-02
8.276671171188354492e-03
1.119107007980346680e-02
3.987491130828857422e-03
8.644908666610717773e-05
1.839682459831237793e-03
5.279108881950378418e-04
9.819865226745605469e-03
2.946764230728149414e-03
6.742358207702636719e-03
1.647639274597167969e-02
5.849078297615051270e-04
7.713913917541503906e-03
6.258964538574218750e-03
8.830875158309936523e-04
8.415654301643371582e-04
6.563067436218261719e-03
6.954185664653778076e-04
1.156203448772430420e-03
7.660537958145141602e-04
1.232564449310302734e-02
2.027153968811035156e-03
7.229298353195190430e-04
2.628825604915618896e-04
1.095724105834960938e-02
1.170605421066284180e-03
1.515227556228637695e-02
1.620888710021972656e-02
4.219710826873779297e-03
5.155801773071289062e-03
4.284195601940155029e-04
8.328408002853393555e-04
1.983726024627685547e-02
1.894086599349975586e-04
2.729475498199462891e-03
1.704975962638854980e-03
5.347840487957000732e-04
1.951098442077636719e-03
1.930040121078491211e-02
2.309978008270263672e-04
1.508873701095581055e-02
4.680901765823364258e-03
3.072249889373779297e-02
2.490907907485961914e-03
5.483180284500122070e-03
2.735048532485961914e-03
3.405064344406127930e-04
9.019732475280761719e-03
5.092740058898925781e-03
2.043604850769042969e-03
2.149367332458496094e-02
3.077417612075805664e-03
1.564174890518188477e-02
4.627227783203125000e-03
5.267441272735595703e-03
3.233283758163452148e-03
1.533317565917968750e-02
1.660361886024475098e-03
1.045897603034973145e-03
8.435428142547607422e-03
7.313489913940429688e-03
8.761763572692871094e-03
1.998335123062133789e-03
6.696581840515136719e-04
1.210205256938934326e-03
9.517312049865722656e-03
1.140636205673217773e-02
8.461475372314453125e-03
1.090973615646362305e-03
3.767624497413635254e-03
3.247186541557312012e-04
1.725330948829650879e-03
2.432823181152343750e-02
1.980543136596679688e-03
1.587063074111938477e-03
3.742039203643798828e-03
6.857305765151977539e-03
2.487361431121826172e-03
3.587663173675537109e-03
8.097767829895019531e-03
3.586506843566894531e-02
2.405062317848205566e-03
6.859838962554931641e-03
3.749534487724304199e-03
4.170686006546020508e-03
1.306521892547607422e-02
6.005465984344482422e-03
3.300845623016357422e-03
4.512369632720947266e-03
2.148956060409545898e-03
1.762372255325317383e-02
2.683684229850769043e-03
1.461815834045410156e-02
4.983752965927124023e-03
3.080684691667556763e-04
1.112625002861022949e-03
7.405221462249755859e-03
8.217930793762207031e-03
3.764793276786804199e-03
3.117859363555908203e-03
1.556587219238281250e-02
1.008570194244384766e-02
6.352424621582031250e-03
3.761321306228637695e-03
7.963359355926513672e-03
2.032071352005004883e-03
1.340293884277343750e-02
2.703055739402770996e-03
1.080477237701416016e-02
3.061592578887939453e-04
1.322305202484130859e-02
5.237996578216552734e-03
2.291887998580932617e-03
1.496690511703491211e-02
4.071265459060668945e-03
2.521502971649169922e-02
3.262236714363098145e-04
3.866478800773620605e-04
2.021029591560363770e-03
1.515559852123260498e-04
1.006793975830078125e-02
1.509320735931396484e-02
1.190447807312011719e-02
9.725809097290039062e-03
2.755254507064819336e-03
1.356810331344604492e-02
1.149475574493408203e-02
1.109385490417480469e-02
2.484336495399475098e-03
1.610410213470458984e-02
1.518404483795166016e-02
4.179164767265319824e-03
8.225023746490478516e-03
2.498269081115722656e-02
1.235395669937133789e-03
3.840215504169464111e-04
1.062029600143432617e-02
3.640279173851013184e-04
1.214134693145751953e-02
2.422153949737548828e-03
2.333149313926696777e-04
1.611357927322387695e-02
2.019125223159790039e-02
3.783881664276123047e-03
1.390105485916137695e-02
1.175302267074584961e-02
5.629211664199829102e-03
1.921677589416503906e-02
9.476423263549804688e-03
1.479834318161010742e-02
4.802674055099487305e-03
2.230882644653320312e-03
5.059450864791870117e-03
1.579773426055908203e-02
1.012158393859863281e-02
3.083944320678710938e-03
1.147478818893432617e-03
7.568120956420898438e-03
7.622599601745605469e-03
5.637228488922119141e-03
2.587449550628662109e-02
3.069043159484863281e-03
3.597438335418701172e-03
1.177474856376647949e-03
9.749293327331542969e-03
7.582902908325195312e-04
6.712049245834350586e-03
1.379638910293579102e-03
1.703643798828125000e-02
3.390669822692871094e-03
9.111225605010986328e-03
2.212032675743103027e-03
3.720551729202270508e-03
1.284557580947875977e-02
5.199074745178222656e-03
1.663225889205932617e-02
1.755356788635253906e-02
7.179677486419677734e-03
5.519866943359375000e-03
9.121060371398925781e-03
8.174240589141845703e-03
2.093672752380371094e-03
1.426416635513305664e-02
9.484365582466125488e-04
8.776456117630004883e-03
4.249513149261474609e-04
4.512667655944824219e-04
1.482999324798583984e-02
1.556152105331420898e-02
2.538084983825683594e-03
8.155345916748046875e-03
2.510499954223632812e-02
9.083747863769531250e-04
1.723363995552062988e-03
1.282066106796264648e-03
5.871236324310302734e-03
1.218885183334350586e-03
1.100337505340576172e-02
1.280224323272705078e-02
1.857250928878784180e-03
1.095366477966308594e-02
9.234368801116943359e-03
8.120834827423095703e-03
2.907902002334594727e-03
1.399949193000793457e-03
4.418641328811645508e-03
4.079639911651611328e-03
1.673512160778045654e-04
2.114105224609375000e-02
1.113899052143096924e-03
9.656071662902832031e-03
2.393275499343872070e-03
7.404267787933349609e-03
5.294904112815856934e-04
3.051236271858215332e-04
1.532852649688720703e-03
1.205044984817504883e-02
1.620985567569732666e-04
2.876631915569305420e-04
1.541006565093994141e-02
1.450920104980468750e-02
1.730382442474365234e-02
2.531170845031738281e-03
8.630394935607910156e-03
6.488263607025146484e-03
1.487946510314941406e-02
3.600835800170898438e-03
1.503527164459228516e-02
1.567542552947998047e-03
3.709763288497924805e-03
1.816844940185546875e-02
1.565098762512207031e-02
1.406842470169067383e-02
1.508283615112304688e-02
1.257300376892089844e-03
4.738241434097290039e-03
1.143640279769897461e-02
1.356279850006103516e-02
1.391565799713134766e-02
4.615932703018188477e-03
1.003950834274291992e-02
8.005440235137939453e-03
8.453354239463806152e-04
6.863534450531005859e-03
6.527364253997802734e-03
1.000010967254638672e-02
4.055231809616088867e-03
2.300947904586791992e-02
1.582771539688110352e-03
1.932337880134582520e-03
3.329217433929443359e-04
8.753035217523574829e-05
1.445400714874267578e-02
1.109242439270019531e-03
5.015656352043151855e-04
1.012933254241943359e-02
5.316972732543945312e-03
6.819784641265869141e-03
5.052834749221801758e-03
1.330709457397460938e-02
5.020052194595336914e-04
1.787886023521423340e-03
8.900284767150878906e-03
6.580293178558349609e-03
7.750652730464935303e-05
1.272851228713989258e-02
9.770929813385009766e-03
1.253628730773925781e-02
1.790195703506469727e-03
3.500908613204956055e-03
6.283909082412719727e-03
1.766967773437500000e-02
4.122734069824218750e-03
1.072418689727783203e-02
1.437842845916748047e-02
1.392382383346557617e-02
7.209599018096923828e-03
1.256996393203735352e-02
2.949416637420654297e-03
3.873705863952636719e-03
7.508039474487304688e-03
1.649484038352966309e-04
9.156823158264160156e-03
3.706142306327819824e-04
5.852639675140380859e-03
2.743303775787353516e-02
1.189142465591430664e-03
2.196830511093139648e-02
4.574537277221679688e-03
2.535209059715270996e-03
1.356238126754760742e-02
1.655006408691406250e-02
1.325540244579315186e-03
1.039288938045501709e-03
4.025608301162719727e-03
5.522221326828002930e-04
1.098400354385375977e-02
1.532429456710815430e-02
5.807608366012573242e-03
8.772909641265869141e-04
3.905057907104492188e-03
1.305466890335083008e-02
1.701921224594116211e-03
7.108524441719055176e-04
4.910290241241455078e-03
1.255832612514495850e-04
7.855057716369628906e-03
6.541192531585693359e-03
2.745278179645538330e-04
1.243673264980316162e-03
5.832672119140625000e-03
7.067620754241943359e-03
7.277727127075195312e-03
5.948871374130249023e-03
1.498305797576904297e-02
2.128288149833679199e-03
7.765233516693115234e-03
7.500112056732177734e-03
7.762640714645385742e-03
1.221120357513427734e-03
4.732236266136169434e-04
5.616158246994018555e-03
8.117794990539550781e-03
2.813458442687988281e-03
2.522945404052734375e-03
8.319988846778869629e-04
4.343748092651367188e-03
3.357887268066406250e-03
1.809611916542053223e-03
2.455607056617736816e-03
3.034509718418121338e-04
2.046059817075729370e-04
2.503171563148498535e-03
6.156414747238159180e-04
4.848718643188476562e-03
1.439601182937622070e-02
1.091131567955017090e-02
8.243024349212646484e-03
1.133835315704345703e-02
1.260869204998016357e-03
5.420148372650146484e-03
1.400768756866455078e-03
1.580283045768737793e-03
5.402088165283203125e-03
2.132356166839599609e-04
3.871768712997436523e-03
8.952200412750244141e-03
1.823708415031433105e-03
5.593374371528625488e-04
8.860111236572265625e-03
5.787551403045654297e-03
4.064977169036865234e-03
1.239210367202758789e-02
1.057744026184082031e-02
6.693273782730102539e-03
9.141415357589721680e-04
2.773082256317138672e-02
1.410275697708129883e-02
2.094531059265136719e-02
1.211367547512054443e-03
6.083130836486816406e-03
9.854614734649658203e-03
1.849114894866943359e-03
1.378938555717468262e-03
1.996737718582153320e-02
1.315888762474060059e-02
1.185275614261627197e-03
9.296715259552001953e-03
5.820512771606445312e-03
1.441240310668945312e-03
3.945156931877136230e-04
2.133995294570922852e-03
1.026690006256103516e-02
1.300346851348876953e-02
8.129701018333435059e-04
1.440870761871337891e-02
1.179623603820800781e-02
5.468189716339111328e-03
8.713901042938232422e-04
1.012253761291503906e-02
1.857757568359375000e-03
1.802630722522735596e-04
2.059376239776611328e-02
1.242890954017639160e-03
1.947897672653198242e-02
5.698561668395996094e-03
1.447862386703491211e-02
1.074850559234619141e-03
5.862861871719360352e-04
1.837337017059326172e-02
2.533659338951110840e-03
9.112775325775146484e-03
2.761453390121459961e-03
7.861912250518798828e-03
2.040758728981018066e-03
5.414128303527832031e-03
4.041194915771484375e-03
2.472445368766784668e-03
2.697296440601348877e-04
1.643079519271850586e-02
1.403674483299255371e-03
2.984069287776947021e-04
4.759244620800018311e-04
9.701177477836608887e-04
1.034826040267944336e-03
5.521252751350402832e-05
1.223776489496231079e-04
6.354674696922302246e-04
4.112953320145606995e-05
2.254351973533630371e-03
3.965795040130615234e-03
8.581280708312988281e-03
1.367604732513427734e-02
3.270283341407775879e-04
2.231061458587646484e-03
2.795353531837463379e-03
1.316338777542114258e-02
6.451994180679321289e-03
7.171779870986938477e-04
5.223006010055541992e-04
1.350808143615722656e-02
7.680058479309082031e-05
9.811818599700927734e-04
3.830529749393463135e-04
2.456337213516235352e-03
2.983406186103820801e-03
9.496286511421203613e-04
8.063971996307373047e-03
1.906841993331909180e-03
4.835315048694610596e-04
6.124973297119140625e-03
2.676278352737426758e-03
1.475252211093902588e-04
3.506951034069061279e-04
2.479091286659240723e-03
9.398221969604492188e-03
4.489719867706298828e-04
1.478996127843856812e-04
3.474652767181396484e-04
6.292983889579772949e-04
1.598194241523742676e-03
1.987576484680175781e-03
4.721105098724365234e-03
2.360552549362182617e-03
6.035923957824707031e-03
4.370287060737609863e-04
4.981979727745056152e-04
1.094462350010871887e-04
3.682285547256469727e-03
3.589659929275512695e-03
3.547444939613342285e-04
1.567706465721130371e-03
1.837462186813354492e-03
1.525599509477615356e-05
4.370480775833129883e-03
3.330945968627929688e-03
3.720857203006744385e-04
3.400035202503204346e-04
2.487480640411376953e-03
1.527126878499984741e-04
8.610188961029052734e-04
1.170419156551361084e-03
1.226663589477539062e-03
3.862120211124420166e-04
2.087265253067016602e-03
3.775566816329956055e-03
9.440332651138305664e-04
1.202132552862167358e-04
2.076447010040283203e-03
6.602630019187927246e-04
1.545816659927368164e-02
1.557821035385131836e-02
4.242211580276489258e-04
1.893006265163421631e-04
2.803578972816467285e-04
1.332199573516845703e-02
1.592427492141723633e-02
1.282906532287597656e-02
5.297333002090454102e-03
9.232200682163238525e-05
1.934580504894256592e-04
1.450795680284500122e-04
9.041815996170043945e-03
1.059246063232421875e-02
1.877680420875549316e-03
8.646845817565917969e-04
9.711980819702148438e-04
2.064138650894165039e-02
2.503082156181335449e-03
1.898318529129028320e-03
3.512799739837646484e-04
1.463770866394042969e-03
3.139221668243408203e-02
1.770630478858947754e-04
4.453539848327636719e-03
1.681083440780639648e-02
1.649931073188781738e-03
5.444884300231933594e-04
3.719255328178405762e-04
9.164139628410339355e-04
3.672003746032714844e-03
1.289927959442138672e-02
8.301287889480590820e-04
5.150824785232543945e-03
1.235336065292358398e-03
1.702845096588134766e-02
2.389669418334960938e-03
1.076631247997283936e-03
1.227390021085739136e-04
1.403951644897460938e-02
4.311185330152511597e-05
1.231908798217773438e-03
1.294039189815521240e-03
1.541987061500549316e-03
9.786188602447509766e-04
1.417286694049835205e-04
1.425653696060180664e-03
4.312187433242797852e-03
5.538389086723327637e-04
2.292382717132568359e-02
9.152479469776153564e-05
4.633009433746337891e-03
1.008480787277221680e-02
7.925257086753845215e-04
3.238022327423095703e-03
8.650422096252441406e-04
5.230098962783813477e-03
3.573715686798095703e-03
3.702342510223388672e-04
8.172541856765747070e-05
1.080119609832763672e-02
1.683253794908523560e-04
4.353195428848266602e-03
2.257414162158966064e-04
4.764124751091003418e-04
3.437399864196777344e-04
3.203190863132476807e-04
1.601919531822204590e-03
1.474544405937194824e-04
5.324840545654296875e-03
1.847445964813232422e-04
1.526117324829101562e-03
3.595799207687377930e-04
1.396119594573974609e-02
2.050939947366714478e-04
8.740946650505065918e-04
6.214529275894165039e-05
9.344518184661865234e-04
4.747331142425537109e-03
3.127730451524257660e-05
4.451572895050048828e-03
2.535171806812286377e-04
9.562373161315917969e-04
3.655254840850830078e-03
1.332506537437438965e-03
1.775711774826049805e-03
1.081317663192749023e-03
2.439498901367187500e-03
2.298161387443542480e-03
4.366815090179443359e-03
5.793832242488861084e-04
3.183066844940185547e-03
9.425505995750427246e-04
6.383895874023437500e-03
1.951865851879119873e-04
1.941531896591186523e-03
1.288697123527526855e-03
1.138269901275634766e-02
6.159603595733642578e-03
7.970631122589111328e-04
1.256787776947021484e-02
2.086520195007324219e-03
7.146000862121582031e-03
1.730136573314666748e-03
4.756934940814971924e-04
2.713501453399658203e-04
1.779664307832717896e-04
7.790997624397277832e-04
3.286957740783691406e-03
1.286679506301879883e-02
7.555484771728515625e-04
1.623360440135002136e-04
8.593082427978515625e-03
3.969632089138031006e-04
3.109835088253021240e-04
5.168616771697998047e-04
3.191009163856506348e-04
2.622619271278381348e-03
1.299142837524414062e-03
9.289011359214782715e-04
1.072131097316741943e-03
2.506935596466064453e-02
3.982372581958770752e-04
2.832785248756408691e-04
3.158301115036010742e-03
1.396834850311279297e-03
8.415523916482925415e-05
4.419475793838500977e-03
4.313327372074127197e-04
7.338449358940124512e-04
1.862980425357818604e-04
3.766492009162902832e-04
1.223886013031005859e-02
6.936527788639068604e-04
1.760229468345642090e-03
1.938080787658691406e-02
1.428917050361633301e-03
5.305334925651550293e-04
2.138331532478332520e-03
1.696753501892089844e-02
7.459402084350585938e-03
2.006813883781433105e-04
2.272538840770721436e-04
1.293420791625976562e-02
2.173483371734619141e-04
4.162676632404327393e-04
5.620270967483520508e-04
7.017143070697784424e-05
8.780777454376220703e-03
1.631174236536026001e-04
5.327105522155761719e-03
5.111172795295715332e-03
3.907203674316406250e-03
1.460552215576171875e-03
3.493219614028930664e-03
1.708433032035827637e-03
6.427943706512451172e-03
1.718804240226745605e-03
5.507022142410278320e-03
1.333761215209960938e-02
2.907738089561462402e-04
1.804023981094360352e-03
1.232826709747314453e-02
1.357644796371459961e-04
4.599429666996002197e-04
1.964960247278213501e-04
2.462610602378845215e-03
5.770206451416015625e-03
2.182409167289733887e-03
1.950228214263916016e-02
1.872509717941284180e-03
2.383738756179809570e-04
1.067385077476501465e-03
1.726578921079635620e-04
4.058301448822021484e-03
1.447215676307678223e-03
1.622724533081054688e-02
4.254505038261413574e-04
7.532313466072082520e-04
4.655003547668457031e-03
5.505457520484924316e-04
1.347862184047698975e-03
6.291955709457397461e-03
8.561983704566955566e-04
1.696437597274780273e-03
5.916804075241088867e-04
7.843673229217529297e-04
1.058965921401977539e-03
6.816163659095764160e-05
4.545412957668304443e-04
3.514826297760009766e-03
3.893315792083740234e-03
1.433240249752998352e-04
4.212930798530578613e-04
0.000000000000000000e+00
0.000000000000000000e+00
0.000000000000000000e+00
0.000000000000000000e+00
0.000000000000000000e+00
0.000000000000000000e+00
0.000000000000000000e+00
0.000000000000000000e+00
0.000000000000000000e+00
0.000000000000000000e+00
0.000000000000000000e+00
0.000000000000000000e+00
0.000000000000000000e+00
0.000000000000000000e+00
0.000000000000000000e+00
0.000000000000000000e+00
0.000000000000000000e+00
0.000000000000000000e+00
0.000000000000000000e+00
0.000000000000000000e+00
0.000000000000000000e+00
0.000000000000000000e+00
0.000000000000000000e+00
0.000000000000000000e+00
0.000000000000000000e+00
0.000000000000000000e+00
0.000000000000000000e+00
0.000000000000000000e+00
0.000000000000000000e+00
0.000000000000000000e+00
0.000000000000000000e+00
0.000000000000000000e+00
0.000000000000000000e+00
0.000000000000000000e+00
0.000000000000000000e+00
0.000000000000000000e+00
0.000000000000000000e+00
0.000000000000000000e+00
0.000000000000000000e+00
0.000000000000000000e+00
