8.358716964721679688e-03
1.126050949096679688e-02
1.094526052474975586e-02
1.822984218597412109e-02
1.856315135955810547e-02
1.600980758666992188e-02
1.692968606948852539e-02
1.680755615234375000e-02
2.871477603912353516e-02
1.253920793533325195e-02
1.244598627090454102e-02
1.756489276885986328e-02
1.678931713104248047e-02
1.979070901870727539e-02
2.234148979187011719e-02
2.140700817108154297e-02
2.442884445190429688e-02
2.575552463531494141e-02
7.788956165313720703e-03
2.535843849182128906e-02
1.829171180725097656e-02
1.799356937408447266e-02
2.844262123107910156e-02
3.138482570648193359e-02
7.728278636932373047e-03
2.547013759613037109e-02
1.408243179321289062e-02
1.603680849075317383e-02
1.912999153137207031e-02
2.501654624938964844e-02
3.578674793243408203e-02
1.799929141998291016e-02
1.544684171676635742e-02
1.330661773681640625e-02
1.466977596282958984e-02
2.526533603668212891e-02
1.365983486175537109e-02
2.045840024948120117e-03
2.173089981079101562e-02
2.237099409103393555e-02
1.918041706085205078e-02
7.930874824523925781e-03
5.956858396530151367e-03
1.648366451263427734e-02
1.750195026397705078e-02
2.303791046142578125e-02
1.645678281784057617e-02
2.401340007781982422e-02
2.871048450469970703e-02
4.438710212707519531e-02
2.388846874237060547e-02
8.405625820159912109e-03
1.585245132446289062e-02
2.554190158843994141e-02
2.244985103607177734e-02
7.394552230834960938e-03
2.593612670898437500e-02
2.093034982681274414e-02
2.376997470855712891e-02
2.001750469207763672e-02
2.880990505218505859e-02
1.550120115280151367e-02
5.491912364959716797e-03
7.724732160568237305e-03
1.697492599487304688e-02
6.271839141845703125e-03
1.070314645767211914e-02
1.678621768951416016e-02
1.342332363128662109e-02
9.683489799499511719e-03
2.082693576812744141e-02
2.172982692718505859e-02
1.248556375503540039e-02
1.690363883972167969e-02
1.643121242523193359e-02
1.719963550567626953e-02
1.262360811233520508e-02
1.648259162902832031e-02
2.099752426147460938e-02
1.749694347381591797e-02
2.189314365386962891e-02
1.228964328765869141e-02
1.660919189453125000e-02
1.629734039306640625e-02
1.654267311096191406e-02
1.731872558593750000e-02
1.217436790466308594e-02
2.173078060150146484e-02
6.989121437072753906e-03
1.633030176162719727e-02
9.043037891387939453e-03
1.301336288452148438e-02
2.666699886322021484e-02
4.040896892547607422e-03
1.401203870773315430e-02
9.008288383483886719e-03
4.685461521148681641e-03
2.087950706481933594e-02
1.411646604537963867e-02
1.509433984756469727e-02
6.799042224884033203e-03
1.851642131805419922e-02
1.377296447753906250e-02
2.289867401123046875e-02
1.024472713470458984e-02
2.767980098724365234e-02
1.726788282394409180e-02
1.015549898147583008e-02
2.104008197784423828e-02
1.908028125762939453e-02
2.903592586517333984e-02
2.188050746917724609e-02
2.224397659301757812e-02
1.420569419860839844e-02
1.436775922775268555e-02
1.574975252151489258e-02
1.255846023559570312e-02
9.894073009490966797e-03
5.769848823547363281e-03
1.905322074890136719e-02
2.244508266448974609e-02
1.248401403427124023e-02
6.866216659545898438e-03
2.167010307312011719e-02
1.586508750915527344e-02
9.212672710418701172e-03
1.999545097351074219e-02
2.388596534729003906e-03
8.168339729309082031e-03
1.830071210861206055e-02
1.441216468811035156e-02
1.662111282348632812e-02
1.952481269836425781e-02
6.176710128784179688e-03
2.163195610046386719e-02
2.787578105926513672e-02
2.444767951965332031e-02
1.432734727859497070e-02
2.043986320495605469e-02
7.559448480606079102e-03
2.136081457138061523e-02
2.468609809875488281e-02
1.804065704345703125e-02
1.212942600250244141e-02
1.230823993682861328e-02
1.126950979232788086e-02
1.693344116210937500e-02
1.895046234130859375e-02
2.110928297042846680e-02
1.497036218643188477e-02
1.069438457489013672e-02
1.709550619125366211e-03
6.311893463134765625e-03
1.089966297149658203e-02
2.223682403564453125e-02
1.702499389648437500e-02
2.082538604736328125e-02
5.790948867797851562e-03
1.182162761688232422e-02
1.840281486511230469e-02
1.262718439102172852e-02
1.623129844665527344e-02
2.944326400756835938e-02
1.152354478836059570e-02
2.422535419464111328e-02
2.736723423004150391e-02
1.613318920135498047e-02
9.723782539367675781e-03
1.586854457855224609e-02
1.109981536865234375e-02
1.504290103912353516e-02
1.833593845367431641e-02
3.041648864746093750e-02
1.690804958343505859e-02
1.375854015350341797e-02
3.232997655868530273e-02
2.596068382263183594e-02
2.094745635986328125e-02
2.190434932708740234e-02
1.753687858581542969e-02
1.333433389663696289e-02
1.630651950836181641e-02
1.368737220764160156e-02
1.094591617584228516e-02
1.307630538940429688e-02
2.298021316528320312e-02
2.284574508666992188e-02
1.241481304168701172e-02
2.241241931915283203e-02
3.831791877746582031e-02
1.740628480911254883e-02
1.652026176452636719e-02
2.264881134033203125e-02
2.121293544769287109e-02
2.199566364288330078e-02
1.884448528289794922e-02
1.388704776763916016e-02
2.133011817932128906e-02
5.023300647735595703e-03
7.217168807983398438e-03
8.937776088714599609e-03
8.809030055999755859e-03
1.720917224884033203e-02
1.725482940673828125e-02
3.923964500427246094e-02
2.055341005325317383e-02
1.466679573059082031e-02
2.918803691864013672e-02
1.940059661865234375e-02
2.672743797302246094e-02
1.933705806732177734e-02
2.458339929580688477e-02
1.944470405578613281e-02
8.058369159698486328e-03
1.590526103973388672e-02
1.498341560363769531e-02
1.089423894882202148e-02
2.408522367477416992e-02
2.803862094879150391e-02
1.883542537689208984e-02
2.883279323577880859e-02
1.100951433181762695e-02
1.978337764739990234e-02
7.540702819824218750e-03
2.103590965270996094e-02
1.938545703887939453e-02
1.690363883972167969e-02
1.565146446228027344e-02
1.118004322052001953e-02
1.541256904602050781e-02
2.394533157348632812e-02
1.774716377258300781e-02
2.562594413757324219e-02
7.778644561767578125e-03
1.828265190124511719e-02
2.335727214813232422e-02
2.133172750473022461e-02
2.569770812988281250e-02
2.086007595062255859e-02
1.200079917907714844e-02
2.190279960632324219e-02
2.006721496582031250e-02
2.296566963195800781e-02
5.432695150375366211e-03
2.208447456359863281e-02
1.783692836761474609e-02
1.938056945800781250e-02
1.309102773666381836e-02
1.973164081573486328e-02
1.079416275024414062e-02
1.762712001800537109e-02
8.638203144073486328e-03
1.495361328125000000e-02
1.906931400299072266e-02
1.613926887512207031e-02
2.350986003875732422e-02
0.000000000000000000e+00
0.000000000000000000e+00
0.000000000000000000e+00
0.000000000000000000e+00
0.000000000000000000e+00
0.000000000000000000e+00
0.000000000000000000e+00
0.000000000000000000e+00
0.000000000000000000e+00
0.000000000000000000e+00
0.000000000000000000e+00
0.000000000000000000e+00
0.000000000000000000e+00
0.000000000000000000e+00
0.000000000000000000e+00
0.000000000000000000e+00
0.000000000000000000e+00
0.000000000000000000e+00
0.000000000000000000e+00
0.000000000000000000e+00
