1.163274049758911133e-02
1.610481739044189453e-02
1.474505662918090820e-02
2.764654159545898438e-02
1.656293869018554688e-02
3.000521659851074219e-02
2.004122734069824219e-02
1.320374011993408203e-02
2.254474163055419922e-02
1.223742961883544922e-02
1.640909910202026367e-02
2.111434936523437500e-02
2.013385295867919922e-02
1.579421758651733398e-02
1.747155189514160156e-02
1.534056663513183594e-02
2.358496189117431641e-02
2.660465240478515625e-02
1.739305257797241211e-02
2.196526527404785156e-02
1.735544204711914062e-02
1.895022392272949219e-02
2.106761932373046875e-02
3.129363059997558594e-02
1.354688405990600586e-02
2.245008945465087891e-02
2.214765548706054688e-02
1.446712017059326172e-02
1.835572719573974609e-02
2.154123783111572266e-02
2.485418319702148438e-02
1.729148626327514648e-02
1.248860359191894531e-02
1.391148567199707031e-02
2.439296245574951172e-02
2.092301845550537109e-02
9.191572666168212891e-03
6.653726100921630859e-03
1.945167779922485352e-02
2.986967563629150391e-02
1.273477077484130859e-02
1.036024093627929688e-02
2.021062374114990234e-02
2.218651771545410156e-02
1.643967628479003906e-02
2.597093582153320312e-02
2.374780178070068359e-02
2.411049604415893555e-02
2.062666416168212891e-02
3.966808319091796875e-02
1.762795448303222656e-02
1.287221908569335938e-02
1.900309324264526367e-02
3.304815292358398438e-02
2.616143226623535156e-02
8.986949920654296875e-03
2.385270595550537109e-02
1.574218273162841797e-02
2.240169048309326172e-02
1.405596733093261719e-02
1.743412017822265625e-02
2.292752265930175781e-02
7.457375526428222656e-03
2.600133419036865234e-02
2.040183544158935547e-02
1.165968179702758789e-02
2.442777156829833984e-02
3.192782402038574219e-02
1.919072866439819336e-02
2.214550971984863281e-02
1.886272430419921875e-02
2.817428112030029297e-02
2.476191520690917969e-02
2.464365959167480469e-02
2.088618278503417969e-02
2.567774057388305664e-02
2.154719829559326172e-02
2.608919143676757812e-02
1.749128103256225586e-02
1.937794685363769531e-02
1.289665699005126953e-02
1.707410812377929688e-02
1.933908462524414062e-02
2.728855609893798828e-02
2.227842807769775391e-02
2.054697275161743164e-02
2.560019493103027344e-02
2.901935577392578125e-02
2.438986301422119141e-02
1.980489492416381836e-02
2.506458759307861328e-02
1.871562004089355469e-02
3.632020950317382812e-02
3.397002816200256348e-03
2.275836467742919922e-02
6.501793861389160156e-03
8.333146572113037109e-03
2.968448400497436523e-02
2.678942680358886719e-02
1.244616508483886719e-02
1.102912425994873047e-02
2.436280250549316406e-02
2.107882499694824219e-02
3.187417984008789062e-02
1.615810394287109375e-02
3.387856483459472656e-02
3.169572353363037109e-02
1.767420768737792969e-02
2.705800533294677734e-02
2.816796302795410156e-02
4.185068607330322266e-02
2.589952945709228516e-02
2.151393890380859375e-02
2.757942676544189453e-02
2.412527799606323242e-02
1.999586820602416992e-02
2.475047111511230469e-02
1.974642276763916016e-02
2.802014350891113281e-02
2.425110340118408203e-02
2.205193042755126953e-02
1.920747756958007812e-02
1.819419860839843750e-02
3.642117977142333984e-02
2.425348758697509766e-02
2.270436286926269531e-02
2.668297290802001953e-02
1.865351200103759766e-02
7.867336273193359375e-03
1.679241657257080078e-02
1.928269863128662109e-02
2.107965946197509766e-02
2.267527580261230469e-02
1.458185911178588867e-02
1.669919490814208984e-02
2.765572071075439453e-02
2.438271045684814453e-02
1.483142375946044922e-02
1.636958122253417969e-02
3.638207912445068359e-03
1.799756288528442383e-02
3.463315963745117188e-02
1.960885524749755859e-02
1.456999778747558594e-02
1.475429534912109375e-02
1.905941963195800781e-02
1.655054092407226562e-02
2.120518684387207031e-02
3.081727027893066406e-02
2.198553085327148438e-02
2.548003196716308594e-02
7.138252258300781250e-03
1.069957017898559570e-02
1.492416858673095703e-02
3.283530473709106445e-02
1.482802629470825195e-02
1.895070075988769531e-02
8.936643600463867188e-03
3.323137760162353516e-03
1.957404613494873047e-02
2.199196815490722656e-02
1.932746171951293945e-02
2.505385875701904297e-02
1.355415582656860352e-02
2.640986442565917969e-02
2.333486080169677734e-02
1.918172836303710938e-02
1.653778553009033203e-02
1.389145851135253906e-02
1.321661472320556641e-02
2.048277854919433594e-02
2.004587650299072266e-02
2.800703048706054688e-02
1.755881309509277344e-02
1.271021366119384766e-02
2.895903587341308594e-02
1.942819356918334961e-02
1.594686508178710938e-02
1.359415054321289062e-02
1.270502805709838867e-02
1.402455568313598633e-02
2.979159355163574219e-02
1.200795173645019531e-02
1.317155361175537109e-02
1.721143722534179688e-02
2.567279338836669922e-02
3.267681598663330078e-02
1.904678344726562500e-02
2.856802940368652344e-02
3.221142292022705078e-02
2.303993701934814453e-02
1.859712600708007812e-02
2.630162239074707031e-02
1.245707273483276367e-02
2.348506450653076172e-02
1.892364025115966797e-02
1.341545581817626953e-02
2.044486999511718750e-02
9.433448314666748047e-03
1.356303691864013672e-02
2.080059051513671875e-02
2.380895614624023438e-02
1.817202568054199219e-02
2.851915359497070312e-02
3.914427757263183594e-02
2.744054794311523438e-02
1.467418670654296875e-02
2.630209922790527344e-02
2.318668365478515625e-02
2.887541055679321289e-02
1.649916172027587891e-02
3.065329790115356445e-02
1.929640769958496094e-02
9.161710739135742188e-03
2.096271514892578125e-02
1.238155364990234375e-02
2.219986915588378906e-02
2.661395072937011719e-02
2.780282497406005859e-02
3.110659122467041016e-02
2.509760856628417969e-02
1.711225509643554688e-02
2.458852529525756836e-02
1.838111877441406250e-02
1.793360710144042969e-02
1.771569252014160156e-02
1.487660408020019531e-02
1.909279823303222656e-02
2.131533622741699219e-02
1.532912254333496094e-02
2.240717411041259766e-02
1.888799667358398438e-02
1.739937067031860352e-02
9.303808212280273438e-03
2.121329307556152344e-02
2.789533138275146484e-02
3.398180007934570312e-02
2.574175596237182617e-02
1.453882455825805664e-02
1.474606990814208984e-02
1.725888252258300781e-02
2.323603630065917969e-02
2.121400833129882812e-02
1.580870151519775391e-02
2.915942668914794922e-02
2.517974376678466797e-02
1.298367977142333984e-02
2.123308181762695312e-02
2.099281549453735352e-02
1.119232177734375000e-02
1.436030864715576172e-02
1.179218292236328125e-02
1.755177974700927734e-02
1.974999904632568359e-02
2.835226058959960938e-02
2.587175369262695312e-02
0.000000000000000000e+00
0.000000000000000000e+00
0.000000000000000000e+00
0.000000000000000000e+00
0.000000000000000000e+00
0.000000000000000000e+00
0.000000000000000000e+00
0.000000000000000000e+00
0.000000000000000000e+00
0.000000000000000000e+00
0.000000000000000000e+00
0.000000000000000000e+00
0.000000000000000000e+00
0.000000000000000000e+00
0.000000000000000000e+00
0.000000000000000000e+00
0.000000000000000000e+00
0.000000000000000000e+00
0.000000000000000000e+00
0.000000000000000000e+00
