1.096594333648681641e-02
1.679295301437377930e-02
9.909629821777343750e-03
1.710724830627441406e-02
1.364958286285400391e-02
1.340001821517944336e-02
1.602852344512939453e-02
1.097989082336425781e-02
2.653861045837402344e-02
1.358163356781005859e-02
6.410747766494750977e-03
1.768040657043457031e-02
1.782250404357910156e-02
1.771539449691772461e-02
2.310740947723388672e-02
1.786983013153076172e-02
1.856422424316406250e-02
1.718294620513916016e-02
6.730943918228149414e-03
1.594918966293334961e-02
1.232320070266723633e-02
1.875305175781250000e-02
2.215933799743652344e-02
1.741921901702880859e-02
1.368147134780883789e-02
1.938688755035400391e-02
1.406633853912353516e-02
7.495284080505371094e-03
1.812136173248291016e-02
1.630926132202148438e-02
2.226763963699340820e-02
2.115917205810546875e-02
1.725375652313232422e-02
1.144850254058837891e-02
1.987886428833007812e-02
2.210545539855957031e-02
4.649162292480468750e-03
1.312547922134399414e-02
2.487683296203613281e-02
2.689874172210693359e-02
1.730120182037353516e-02
8.668601512908935547e-03
1.694762706756591797e-02
1.750755310058593750e-02
1.702010631561279297e-02
2.638709545135498047e-02
2.456045150756835938e-02
8.467376232147216797e-03
2.285748720169067383e-02
2.973496913909912109e-02
2.225840091705322266e-02
9.279787540435791016e-03
1.022803783416748047e-02
2.334177494049072266e-02
1.733118295669555664e-02
8.122324943542480469e-03
2.043980360031127930e-02
2.243804931640625000e-02
2.472007274627685547e-02
1.494014263153076172e-02
3.159189224243164062e-02
9.650528430938720703e-03
1.399421691894531250e-02
3.036201000213623047e-02
1.332139968872070312e-02
1.311701536178588867e-02
1.253139972686767578e-02
1.763439178466796875e-02
1.121616363525390625e-02
7.178544998168945312e-03
1.660788059234619141e-02
1.820373535156250000e-02
1.116019487380981445e-02
1.210248470306396484e-02
1.947271823883056641e-02
1.396113634109497070e-02
5.461722612380981445e-03
1.767694950103759766e-02
5.896776914596557617e-03
1.433008909225463867e-02
1.710873842239379883e-02
1.134890317916870117e-02
1.602828502655029297e-02
1.722562313079833984e-02
1.595574617385864258e-02
1.834589242935180664e-02
1.291513442993164062e-02
1.609534025192260742e-02
1.009720563888549805e-02
1.125210523605346680e-02
1.148027181625366211e-02
1.117366552352905273e-02
2.409017086029052734e-02
1.335954666137695312e-02
1.730966567993164062e-02
3.789424896240234375e-03
4.261434078216552734e-03
2.099454402923583984e-02
1.139754056930541992e-02
1.393324136734008789e-02
6.753861904144287109e-03
2.007973194122314453e-02
1.541602611541748047e-02
2.570867538452148438e-02
1.442492008209228516e-02
2.763295173645019531e-02
2.240860462188720703e-02
1.546174287796020508e-02
1.600241661071777344e-02
2.200233936309814453e-02
1.365578174591064453e-02
2.068364620208740234e-02
1.911890506744384766e-02
1.262962818145751953e-02
1.886379718780517578e-02
1.862227916717529297e-02
4.335179924964904785e-03
1.128578186035156250e-02
2.269458770751953125e-02
1.878094673156738281e-02
1.996040344238281250e-02
5.745440721511840820e-03
1.025724411010742188e-02
1.552402973175048828e-02
1.339292526245117188e-02
6.813406944274902344e-03
1.999831199645996094e-02
3.131106495857238770e-03
1.070207357406616211e-02
1.919400691986083984e-02
1.147538423538208008e-02
1.674294471740722656e-02
1.402300596237182617e-02
1.042991876602172852e-02
1.695322990417480469e-02
1.447850465774536133e-02
1.658046245574951172e-02
1.420217752456665039e-02
8.757293224334716797e-03
2.881720662117004395e-03
2.525317668914794922e-02
1.764243841171264648e-02
1.437664031982421875e-02
1.514136791229248047e-02
1.213824748992919922e-02
1.697462797164916992e-02
1.860839128494262695e-02
1.460796594619750977e-02
1.749223470687866211e-02
1.981234550476074219e-02
1.182425022125244141e-02
2.471059560775756836e-03
1.033782958984375000e-02
7.969915866851806641e-03
2.023959159851074219e-02
2.519547939300537109e-02
1.821351051330566406e-02
3.560662269592285156e-03
1.001864671707153320e-03
9.911119937896728516e-03
1.394331455230712891e-02
2.209126949310302734e-02
2.184408903121948242e-02
1.384645700454711914e-02
1.426637172698974609e-02
1.677250862121582031e-02
1.286917924880981445e-02
1.134765148162841797e-02
7.695913314819335938e-03
9.919404983520507812e-03
1.402127742767333984e-02
1.575946807861328125e-02
1.918959617614746094e-02
1.449799537658691406e-02
1.468753814697265625e-02
8.864700794219970703e-03
1.845568418502807617e-02
1.995754241943359375e-02
1.360559463500976562e-02
1.933085918426513672e-02
1.400756835937500000e-02
2.083593606948852539e-02
8.296489715576171875e-03
1.054817438125610352e-02
9.126186370849609375e-03
2.438342571258544922e-02
2.171754837036132812e-02
1.061528921127319336e-02
2.198362350463867188e-02
3.155291080474853516e-02
1.653301715850830078e-02
8.949398994445800781e-03
1.638239622116088867e-02
1.109367609024047852e-02
1.857948303222656250e-02
1.188081502914428711e-02
7.601201534271240234e-03
2.115082740783691406e-02
6.732642650604248047e-03
9.181678295135498047e-03
1.835155487060546875e-02
1.269042491912841797e-02
1.404309272766113281e-02
2.350127696990966797e-02
2.253872156143188477e-02
1.700675487518310547e-02
1.301431655883789062e-02
2.289474010467529297e-02
2.096080780029296875e-02
7.714778184890747070e-03
1.533603668212890625e-02
7.217466831207275391e-03
1.840853691101074219e-02
3.797292709350585938e-03
7.843405008316040039e-03
1.743280887603759766e-02
1.243150234222412109e-02
1.447153091430664062e-02
2.184152603149414062e-02
4.816472530364990234e-03
2.913784980773925781e-02
1.975607872009277344e-02
1.633739471435546875e-02
7.817506790161132812e-03
2.134001255035400391e-02
1.644670963287353516e-02
6.414413452148437500e-03
1.248276233673095703e-02
1.164495944976806641e-02
1.887106895446777344e-02
2.049291133880615234e-02
1.205331087112426758e-02
9.434163570404052734e-03
7.596611976623535156e-03
9.040951728820800781e-03
1.766693592071533203e-02
1.898109912872314453e-02
2.750051021575927734e-02
2.546119689941406250e-02
1.034712791442871094e-02
6.890773773193359375e-03
1.859843730926513672e-02
1.837682723999023438e-02
3.508955240249633789e-03
1.905417442321777344e-02
2.048635482788085938e-02
1.204860210418701172e-02
8.269369602203369141e-03
1.936304569244384766e-02
1.083993911743164062e-02
2.784639596939086914e-03
5.831301212310791016e-03
1.285630464553833008e-02
1.549482345581054688e-02
2.197217941284179688e-02
1.744616031646728516e-02
0.000000000000000000e+00
0.000000000000000000e+00
0.000000000000000000e+00
0.000000000000000000e+00
0.000000000000000000e+00
0.000000000000000000e+00
0.000000000000000000e+00
0.000000000000000000e+00
0.000000000000000000e+00
0.000000000000000000e+00
0.000000000000000000e+00
0.000000000000000000e+00
0.000000000000000000e+00
0.000000000000000000e+00
0.000000000000000000e+00
0.000000000000000000e+00
0.000000000000000000e+00
0.000000000000000000e+00
0.000000000000000000e+00
0.000000000000000000e+00
