1.234656810760498047e+01
1.172787170410156250e+02
6.931901454925537109e+00
3.750485229492187500e+01
1.440636596679687500e+02
4.284833145141601562e+01
1.477346706390380859e+01
1.684192504882812500e+02
4.997055053710937500e+01
6.505172729492187500e+00
4.917697906494140625e+00
2.483481788635253906e+01
2.855003833770751953e+00
3.585478591918945312e+01
1.401925659179687500e+02
1.924136924743652344e+01
5.437008857727050781e+00
1.300530090332031250e+02
5.850779533386230469e+00
7.385809898376464844e+00
1.878270912170410156e+01
2.455397415161132812e+01
3.614811401367187500e+02
5.375298309326171875e+01
1.104266662597656250e+02
2.575397729873657227e+00
8.355112075805664062e+00
7.356228828430175781e+00
7.785749816894531250e+01
2.851509857177734375e+01
5.604780960083007812e+01
1.463048744201660156e+01
1.120191383361816406e+01
7.410649108886718750e+01
3.319286727905273438e+01
8.695391082763671875e+01
1.882909202575683594e+01
1.120274639129638672e+01
5.756724357604980469e+00
4.333047790527343750e+02
3.343094825744628906e+00
1.872735786437988281e+01
3.188977241516113281e+01
1.236612892150878906e+01
5.525487661361694336e-01
7.938784027099609375e+01
2.084011268615722656e+01
7.973660945892333984e+00
1.483150634765625000e+02
1.303322906494140625e+02
2.206055068969726562e+01
1.206156387329101562e+02
2.040466690063476562e+01
4.718328857421875000e+01
4.658475875854492188e+00
2.208157920837402344e+01
1.155113503336906433e-01
2.276831054687500000e+01
9.341743469238281250e+01
2.467414474487304688e+01
1.057765350341796875e+02
1.103957901000976562e+02
3.900497436523437500e+01
6.502125549316406250e+01
5.969537353515625000e+01
2.340641021728515625e+01
1.648273773193359375e+02
2.413602828979492188e+01
4.474168777465820312e+00
5.551088333129882812e+01
1.485542449951171875e+02
2.857278442382812500e+02
8.856681060791015625e+01
4.989709377288818359e+00
8.577913665771484375e+01
4.497422695159912109e+00
4.319033432006835938e+01
2.294659233093261719e+01
7.697497558593750000e+01
1.226599421352148056e-02
5.096693801879882812e+01
6.430204010009765625e+01
8.588962554931640625e+00
1.682300806045532227e+00
9.905770301818847656e+00
1.244818568229675293e-01
1.422667980194091797e+01
1.315372657775878906e+01
2.724237670898437500e+02
4.136461181640625000e+02
1.762161254882812500e+00
3.590471982955932617e+00
2.252364397048950195e+00
1.891716003417968750e+02
2.671933770179748535e-01
3.412910766601562500e+02
8.530275726318359375e+01
4.775226593017578125e+01
8.290039002895355225e-02
4.403016090393066406e+00
7.704187774658203125e+01
4.217579650878906250e+01
2.755489158630371094e+01
6.968962097167968750e+01
4.368988800048828125e+01
1.456361694335937500e+02
4.402299880981445312e+00
1.862950592041015625e+02
7.810176849365234375e+01
1.480345535278320312e+01
3.260607910156250000e+01
1.575362548828125000e+02
1.333135528564453125e+02
2.298618164062500000e+02
9.138146972656250000e+01
1.584915733337402344e+01
4.159870910644531250e+01
8.248018646240234375e+01
1.339995956420898438e+01
1.015801086425781250e+02
1.131505737304687500e+02
1.263321228027343750e+02
4.280362548828125000e+02
3.140442848205566406e+01
1.077125244140625000e+02
1.694596290588378906e+01
1.737743186950683594e+01
1.000131511688232422e+01
2.730160217285156250e+02
2.778975486755371094e+00
1.724785003662109375e+02
2.863171386718750000e+02
4.457754516601562500e+01
3.432744979858398438e+01
7.172072410583496094e+00
5.303943252563476562e+01
1.233368301391601562e+01
3.819915008544921875e+01
1.845387725830078125e+02
6.858452758789062500e+02
1.094767761230468750e+01
2.599276924133300781e+01
5.260598754882812500e+01
4.560945510864257812e+01
4.266331195831298828e+00
4.525454711914062500e+02
1.024062957763671875e+02
3.535692596435546875e+01
3.318017578125000000e+01
1.686846160888671875e+02
1.678660278320312500e+02
7.589034271240234375e+01
2.713896179199218750e+02
7.000031280517578125e+01
1.279804992675781250e+02
1.401976165771484375e+02
4.313327026367187500e+01
2.144812927246093750e+02
1.389038085937500000e+02
1.080702114105224609e+01
3.685071563720703125e+01
2.636235961914062500e+02
3.169042358398437500e+02
2.701347656250000000e+02
3.164683532714843750e+02
8.071680450439453125e+01
5.012468566894531250e+02
5.048521423339843750e+01
6.179957580566406250e+01
7.087245941162109375e+01
9.922399139404296875e+01
4.210065078735351562e+01
1.002108825683593750e+03
3.827302551269531250e+01
1.706787261962890625e+02
1.142254066467285156e+01
1.311673259735107422e+01
1.317523002624511719e+01
4.790574951171875000e+02
2.354658603668212891e+00
6.320631027221679688e+01
1.979659576416015625e+02
7.503651428222656250e+01
2.158920288085937500e+02
1.400025081634521484e+01
2.503031921386718750e+01
1.382896881103515625e+02
4.253618240356445312e+00
2.181545562744140625e+02
9.836456909179687500e+02
1.004338455200195312e+01
8.983742713928222656e+00
3.437382507324218750e+01
5.068622970581054688e+01
3.846972942352294922e+00
7.304828491210937500e+02
6.286912536621093750e+01
1.532093963623046875e+02
7.184962463378906250e+01
6.043100357055664062e+01
2.795928955078125000e+02
6.052249908447265625e+01
1.951937103271484375e+01
3.663089990615844727e+00
5.173765563964843750e+01
6.472364664077758789e-01
6.197579383850097656e+00
3.264614486694335938e+01
5.051007080078125000e+02
1.061353874206542969e+01
1.111091690063476562e+02
7.284462738037109375e+01
1.454270324707031250e+02
4.243570327758789062e+01
1.480935478210449219e+01
1.556163501739501953e+01
2.295113220214843750e+02
8.081153869628906250e+01
1.242105770111083984e+01
2.363416862487792969e+01
9.029956054687500000e+01
9.027238464355468750e+01
9.738173217773437500e+02
3.098737525939941406e+01
1.601634216308593750e+02
8.516386413574218750e+01
7.082429504394531250e+01
3.492474794387817383e+00
1.114879798889160156e+01
4.276114654541015625e+01
1.087730102539062500e+02
1.217795181274414062e+01
3.009529113769531250e+01
1.539415645599365234e+01
2.579113960266113281e+01
4.748910427093505859e+00
7.505167961120605469e+00
2.900106239318847656e+01
1.553572082519531250e+02
4.452656250000000000e+02
1.953774642944335938e+01
3.449113464355468750e+01
5.070663928985595703e+00
1.490038757324218750e+02
1.333102583885192871e-01
1.708752441406250000e+02
3.472633361816406250e+02
2.572320175170898438e+01
4.444628524780273438e+01
1.831023406982421875e+02
3.797084808349609375e+01
1.980493469238281250e+02
2.003054199218750000e+02
3.692140960693359375e+01
2.240470581054687500e+02
4.377523422241210938e+01
6.743507385253906250e+01
1.507382812500000000e+02
1.370941619873046875e+02
4.031314849853515625e+01
3.982963943481445312e+01
8.134195709228515625e+01
7.022507476806640625e+01
5.144127273559570312e+01
2.751973571777343750e+02
2.631014709472656250e+02
3.508232421875000000e+02
6.573830413818359375e+01
9.739732360839843750e+01
1.691954498291015625e+02
7.426837158203125000e+01
3.245148468017578125e+01
9.387424316406250000e+02
1.079705524444580078e+01
3.123983459472656250e+02
2.777355575561523438e+01
1.558122062683105469e+01
2.579807472229003906e+01
3.021150207519531250e+02
1.426244258880615234e+01
6.237559509277343750e+01
8.876341247558593750e+01
5.455194473266601562e+01
1.802509460449218750e+02
5.263433837890625000e+01
2.166497421264648438e+01
2.262728271484375000e+02
2.567576026916503906e+01
8.221620178222656250e+01
7.640144653320312500e+02
7.287215232849121094e+00
3.150197029113769531e+01
2.450777816772460938e+01
6.292160034179687500e+01
8.754147291183471680e-01
2.033700408935546875e+02
1.230076065063476562e+02
1.184364013671875000e+02
7.197538757324218750e+01
5.475391387939453125e+01
5.985432624816894531e+00
2.095544586181640625e+02
6.940669536590576172e+00
2.659905433654785156e+01
2.812839660644531250e+02
2.040195274353027344e+01
2.322256851196289062e+01
6.988636779785156250e+01
3.505429458618164062e+01
3.636951208114624023e+00
7.283279418945312500e+00
2.815343475341796875e+01
2.040433883666992188e+01
3.791632461547851562e+01
1.275374908447265625e+02
1.285554046630859375e+02
3.882673645019531250e+01
1.458701019287109375e+02
2.708624601364135742e+00
1.231205291748046875e+02
5.988375854492187500e+01
2.668878936767578125e+01
4.631694335937500000e+02
4.192473983764648438e+01
3.159713134765625000e+02
1.423122978210449219e+01
2.140976333618164062e+01
2.253357124328613281e+01
7.779164123535156250e+01
1.804251670837402344e+01
1.448593597412109375e+02
1.108928012847900391e+01
1.246287536621093750e+01
3.018742752075195312e+01
4.133500099182128906e+00
4.220919418334960938e+01
7.797212982177734375e+01
4.152581691741943359e+00
6.394657897949218750e+01
5.076521911621093750e+02
1.012222862243652344e+01
1.802136421203613281e+01
1.230959224700927734e+01
7.083887481689453125e+01
7.776699960231781006e-02
4.448324584960937500e+01
1.921865539550781250e+02
4.798859596252441406e+00
9.350822448730468750e+01
1.441475524902343750e+02
3.535177307128906250e+02
1.915678405761718750e+01
1.713274955749511719e+01
4.365472030639648438e+01
2.832008361816406250e+01
3.391688156127929688e+01
8.252340316772460938e+00
2.251601219177246094e+01
3.428522338867187500e+02
1.571671199798583984e+01
1.859023132324218750e+02
2.570878906250000000e+02
1.672755126953125000e+02
1.475806121826171875e+02
2.162890815734863281e+01
2.725231933593750000e+01
1.113402938842773438e+02
8.875612640380859375e+01
7.055206298828125000e+01
3.062584114074707031e+01
3.572688293457031250e+01
2.113914031982421875e+02
4.831423339843750000e+02
4.529487228393554688e+01
5.789248275756835938e+01
1.819503021240234375e+01
3.499021530151367188e+01
1.388351440429687500e+01
5.828529739379882812e+01
4.279775238037109375e+01
5.103274536132812500e+01
2.317677001953125000e+02
3.925224304199218750e+01
2.558916664123535156e+01
1.211252822875976562e+02
1.333063030242919922e+01
1.177650642395019531e+01
4.186693191528320312e+01
2.475516815185546875e+02
5.668579101562500000e+02
1.124771118164062500e+01
2.583634376525878906e+01
9.832805633544921875e+00
3.901874542236328125e+01
1.929605722427368164e+00
5.245348510742187500e+02
5.638799667358398438e+01
4.090147018432617188e+01
6.519996643066406250e+01
4.283831024169921875e+01
9.806088256835937500e+01
2.397746429443359375e+02
7.920227813720703125e+01
8.908022880554199219e+00
9.857910156250000000e+01
6.541889953613281250e+01
2.325038146972656250e+01
3.523887939453125000e+02
2.282203369140625000e+02
4.423040390014648438e+01
4.502579116821289062e+01
1.316411437988281250e+02
2.031879119873046875e+02
1.411158142089843750e+02
1.190525512695312500e+02
1.181218643188476562e+02
3.474423522949218750e+02
5.736414718627929688e+01
7.076763153076171875e+01
2.340689544677734375e+02
1.623401641845703125e+02
2.826278686523437500e+02
1.318733154296875000e+03
1.246345138549804688e+01
4.446121215820312500e+02
1.894897460937500000e+01
2.590480613708496094e+01
1.340580272674560547e+01
2.311017913818359375e+02
1.729362487792968750e+00
9.798991394042968750e+01
1.752245330810546875e+02
1.634041976928710938e+01
9.193354034423828125e+01
7.242727279663085938e+00
3.017665100097656250e+01
3.119667434692382812e+01
1.870034217834472656e+01
3.945994567871093750e+02
1.511770874023437500e+03
2.401511907577514648e+00
4.822427368164062500e+01
3.046480178833007812e+01
1.344652862548828125e+02
8.142038583755493164e-01
8.617571411132812500e+02
1.522922668457031250e+02
2.406368637084960938e+01
5.854852294921875000e+01
4.623637390136718750e+01
5.692665405273437500e+02
3.888552474975585938e+01
1.415910339355468750e+02
1.769999504089355469e+01
3.863676452636718750e+01
3.175430870056152344e+01
2.813367843627929688e+01
4.254966354370117188e+01
7.579080810546875000e+02
1.021533966064453125e+01
2.288069610595703125e+02
2.166030731201171875e+02
3.115251159667968750e+02
1.707293128967285156e+01
6.116262435913085938e+01
8.302337646484375000e+01
4.702835998535156250e+02
1.185014572143554688e+02
9.164499664306640625e+01
7.240510559082031250e+01
1.265246429443359375e+02
1.529944915771484375e+02
1.760095458984375000e+03
4.041862106323242188e+01
1.274218444824218750e+02
7.556423950195312500e+01
4.968123626708984375e+01
8.692787170410156250e+00
6.815206909179687500e+01
6.145471572875976562e+01
3.229560470581054688e+01
7.039156341552734375e+01
6.395303726196289062e+01
9.217922210693359375e+01
1.068682937622070312e+02
2.573822021484375000e+01
3.150031089782714844e+01
1.957609748840332031e+01
2.481493835449218750e+02
1.230435913085937500e+03
1.133071136474609375e+01
2.603289794921875000e+01
9.641744613647460938e+00
6.484387969970703125e+01
6.413534283638000488e-01
5.930378417968750000e+02
2.688248901367187500e+02
3.694704055786132812e+01
1.273131637573242188e+02
1.540610351562500000e+02
