1.686614304780960083e-01
4.652410507202148438e+01
3.837077026367187500e+02
2.104802876710891724e-01
1.158274459838867188e+02
8.233640670776367188e+00
3.712039794921875000e+02
1.017515640258789062e+02
2.261456108093261719e+01
5.990646972656250000e+02
8.017715454101562500e+00
1.056839656829833984e+01
2.208057880401611328e+00
5.727637481689453125e+01
2.958104705810546875e+01
6.085744094848632812e+01
1.098281250000000000e+02
2.234066426753997803e-01
1.261019210815429688e+02
1.571497678756713867e+00
1.494936981201171875e+02
8.555708312988281250e+01
1.819263305664062500e+02
1.590513896942138672e+01
1.450350952148437500e+02
1.182514114379882812e+02
3.040135383605957031e+01
6.217394471168518066e-01
5.294498920440673828e+00
2.896768188476562500e+01
2.052490806579589844e+01
5.110300903320312500e+02
3.330342769622802734e-01
4.285781383514404297e-01
5.969609985351562500e+02
1.776152402162551880e-01
5.503179931640625000e+02
4.060754776000976562e+01
4.468863677978515625e+01
1.574189960956573486e-01
2.196300811767578125e+02
1.455620727539062500e+02
7.060268402099609375e+01
1.067474842071533203e+01
6.182530879974365234e+00
1.080984573364257812e+02
5.009017944335937500e+00
1.006653308868408203e+01
1.123931884765625000e+02
2.139640599489212036e-02
8.871494233608245850e-02
1.612144622802734375e+02
1.644460296630859375e+02
2.913199961185455322e-01
1.950587005615234375e+02
4.998754882812500000e+01
1.104243316650390625e+02
2.125437927246093750e+01
1.873196363449096680e+00
2.720809221267700195e+00
8.263906860351562500e+01
3.403166961669921875e+01
2.383318901062011719e+00
3.191843414306640625e+01
1.362124023437500000e+02
2.301423788070678711e+00
1.582680816650390625e+02
1.848291307687759399e-01
2.349427604675292969e+01
7.504959869384765625e+01
1.404513740539550781e+01
1.662638282775878906e+01
1.695192565917968750e+02
8.867615509033203125e+01
1.386336517333984375e+02
2.705736541748046875e+01
5.997754516601562500e+02
6.121750175952911377e-02
3.310345153808593750e+02
2.713417663574218750e+02
4.909989166259765625e+01
9.323019027709960938e+00
1.002036854624748230e-01
1.056758346557617188e+02
3.670707464218139648e+00
6.234893798828125000e+00
1.827768554687500000e+03
8.522126770019531250e+01
2.589536666870117188e+01
1.466897249221801758e+00
1.755188226699829102e+00
5.598200988769531250e+01
1.128334045410156250e+01
1.204210815429687500e+02
7.747665405273437500e+01
3.135379314422607422e+00
1.448916053771972656e+01
9.165181732177734375e+01
2.407480478286743164e-01
1.374753117561340332e-01
9.285629540681838989e-02
9.166726074218750000e+02
3.366012878417968750e+02
2.783336639404296875e-01
7.226512451171875000e+02
1.481781196594238281e+01
2.130643920898437500e+02
1.761116943359375000e+02
6.451028347015380859e+00
2.013139343261718750e+02
8.273100280761718750e+01
2.502939300537109375e+02
4.327908515930175781e+00
5.798342132568359375e+01
1.150869064331054688e+02
2.317661285400390625e+01
2.986244506835937500e+02
3.289940357208251953e-01
4.677122879028320312e+01
7.328044891357421875e+00
2.348500061035156250e+02
3.291395263671875000e+02
4.463396301269531250e+02
1.505462036132812500e+02
6.323418579101562500e+02
4.662542114257812500e+02
4.701875915527343750e+02
4.361729621887207031e-01
6.786077117919921875e+01
4.500494384765625000e+02
4.798906326293945312e+01
1.599419708251953125e+02
1.571057438850402832e-01
1.609981155395507812e+01
5.169727783203125000e+02
1.082519531250000000e+00
2.146925048828125000e+03
6.063681640625000000e+02
7.625661468505859375e+01
7.936268448829650879e-01
2.975952148437500000e+01
6.745390625000000000e+02
5.520883560180664062e+01
2.148858070373535156e+01
1.002837371826171875e+01
3.943019714355468750e+02
5.963371276855468750e+00
6.619794464111328125e+01
1.529695129394531250e+01
1.553435921669006348e-01
1.063451915979385376e-01
6.257549438476562500e+02
1.932157897949218750e+02
3.329514563083648682e-01
1.693732543945312500e+03
1.438076782226562500e+02
7.253915405273437500e+02
1.410586242675781250e+02
4.331563186645507812e+01
2.792270812988281250e+02
3.764981842041015625e+01
7.471768798828125000e+02
2.825033569335937500e+01
3.452495117187500000e+02
1.252141799926757812e+02
7.478003692626953125e+01
1.807265319824218750e+02
1.390490680932998657e-01
1.995856475830078125e+02
1.947566032409667969e+01
1.459321594238281250e+02
6.055867767333984375e+01
6.005221557617187500e+02
1.854348297119140625e+02
2.141204589843750000e+03
7.263751220703125000e+01
5.177336425781250000e+02
2.319307923316955566e-01
4.118088150024414062e+01
1.309720153808593750e+02
3.494315490722656250e+02
2.207056274414062500e+02
3.925766348838806152e-01
1.332159709930419922e+01
1.637785034179687500e+02
8.663239479064941406e-01
3.854508544921875000e+03
3.372335815429687500e+02
4.594602584838867188e+01
5.807918906211853027e-01
1.385227966308593750e+01
7.968518066406250000e+02
3.310235214233398438e+01
8.559983520507812500e+02
8.317941665649414062e+00
7.215859222412109375e+01
1.005846786499023438e+02
2.717637023925781250e+02
1.537713527679443359e+01
1.687326729297637939e-01
1.252017915248870850e-01
1.189408683776855469e+01
2.102917175292968750e+02
4.639882594347000122e-02
7.544995307922363281e+00
1.197239379882812500e+03
3.492217254638671875e+01
6.427430629730224609e+00
2.788276481628417969e+01
7.687802124023437500e+02
3.233472108840942383e+00
1.485369873046875000e+02
1.297114968299865723e+00
5.921157455444335938e+01
4.275838012695312500e+02
6.089336395263671875e+01
1.425951690673828125e+02
4.983315169811248779e-01
1.431092262268066406e+01
1.588466033935546875e+02
4.247555732727050781e+00
2.469831085205078125e+02
2.576675781250000000e+03
4.195228195190429688e+01
3.778239440917968750e+02
1.013898986816406250e+03
5.168640136718750000e+02
1.301457166671752930e+00
1.430039062500000000e+02
9.034253120422363281e+00
3.569892883300781250e+01
1.378238525390625000e+02
1.760411411523818970e-01
1.349538135528564453e+01
1.403252105712890625e+02
4.656338393688201904e-01
2.768809570312500000e+03
1.701635932922363281e+01
7.049707031250000000e+01
3.560328483581542969e-01
5.346416015625000000e+02
4.960126953125000000e+02
1.443726043701171875e+02
3.028918151855468750e+02
7.521510314941406250e+01
8.948517456054687500e+02
1.194017314910888672e+01
3.396426391601562500e+01
7.945064544677734375e+01
3.219509124755859375e-02
2.110770344734191895e-01
3.742631530761718750e+01
3.220318908691406250e+02
4.126296639442443848e-01
1.120698120117187500e+03
2.920470886230468750e+02
1.139322998046875000e+03
4.606916046142578125e+01
1.163769226074218750e+02
4.452529296875000000e+02
1.234662818908691406e+01
1.427704467773437500e+02
2.550693130493164062e+01
1.118669311523437500e+03
8.228244018554687500e+01
2.096746826171875000e+02
2.632396545410156250e+02
3.106479346752166748e-01
3.426634826660156250e+02
1.231752967834472656e+01
1.908225097656250000e+02
4.511802291870117188e+01
4.062651367187500000e+02
9.097747039794921875e+01
1.337138549804687500e+03
3.141949768066406250e+02
1.926600799560546875e+02
4.051874876022338867e-01
3.498286437988281250e+01
1.284730834960937500e+02
3.199945373535156250e+02
2.947905273437500000e+02
4.881232380867004395e-01
2.194828033447265625e+01
1.304544067382812500e+02
8.023889064788818359e-01
3.036341308593750000e+03
5.676543045043945312e+01
1.020303192138671875e+02
9.212191104888916016e-01
5.597692871093750000e+01
9.059001159667968750e+01
2.067102966308593750e+02
7.246013793945312500e+02
3.635911941528320312e+01
2.920421142578125000e+02
8.912510681152343750e+01
1.058311233520507812e+02
6.715419006347656250e+01
9.155430644750595093e-02
1.281631439924240112e-01
6.180706405639648438e+01
5.408316650390625000e+02
1.342650204896926880e-01
1.434861450195312500e+02
2.389785957336425781e+01
2.004922790527343750e+02
2.894079399108886719e+01
4.617001724243164062e+01
3.758260803222656250e+02
4.069702625274658203e+00
1.043410587310791016e+01
2.065296649932861328e+00
7.281685180664062500e+02
9.328655242919921875e+01
5.794096469879150391e+00
4.864453125000000000e+02
1.850110143423080444e-01
9.994149017333984375e+01
4.412558078765869141e+00
8.057115936279296875e+01
2.373777008056640625e+02
1.898191986083984375e+02
3.585578918457031250e+01
1.517065277099609375e+02
5.770982666015625000e+02
3.340202941894531250e+02
6.178622245788574219e-01
2.178804779052734375e+01
1.565612945556640625e+02
2.004260253906250000e+01
4.602374572753906250e+02
1.232151016592979431e-01
2.646615791320800781e+01
2.260544281005859375e+02
4.091849327087402344e-01
1.074505981445312500e+03
6.011017799377441406e+00
4.051615905761718750e+01
4.929389059543609619e-01
3.198448791503906250e+02
4.061114501953125000e+01
1.616379165649414062e+01
1.194346618652343750e+01
1.931505012512207031e+01
3.405336608886718750e+02
4.389935493469238281e+00
3.663133621215820312e+00
2.188282966613769531e+01
5.325383692979812622e-02
1.628466546535491943e-01
3.535350952148437500e+02
7.036278533935546875e+01
2.184429913759231567e-01
2.247750091552734375e+01
4.188204956054687500e+02
7.923725891113281250e+01
2.719322586059570312e+01
1.933183479309082031e+01
3.893592529296875000e+02
7.095269775390625000e+01
5.994170532226562500e+02
2.832376241683959961e+00
1.348470973968505859e+01
1.449954528808593750e+02
2.757367248535156250e+02
7.210252380371093750e+01
2.516682744026184082e-01
7.663488006591796875e+01
1.294191284179687500e+02
8.046282958984375000e+01
4.104911041259765625e+01
1.996600219726562500e+03
7.603423309326171875e+01
2.852611999511718750e+02
9.130543518066406250e+01
2.956015014648437500e+02
5.427423119544982910e-01
2.791325988769531250e+02
1.258724689483642578e+01
2.677845001220703125e+01
8.152925872802734375e+01
7.507393360137939453e-01
1.185720539093017578e+01
6.749229431152343750e+01
3.289990186691284180e+00
2.441051513671875000e+03
7.101917114257812500e+02
3.450056076049804688e+01
5.717501044273376465e-01
2.475103759765625000e+02
8.346641235351562500e+02
2.634078063964843750e+02
2.142843017578125000e+02
4.364762878417968750e+01
1.213545150756835938e+02
1.520520782470703125e+01
5.260760498046875000e+01
1.791271514892578125e+02
4.290077835321426392e-02
1.045768857002258301e-01
4.115423889160156250e+02
9.144010620117187500e+02
2.308689504861831665e-01
2.786618957519531250e+02
4.430104675292968750e+02
7.469104003906250000e+02
9.582263946533203125e+01
3.279218673706054688e+01
3.970787048339843750e+02
6.106784820556640625e+01
2.769219970703125000e+02
5.260061740875244141e+00
3.585101623535156250e+02
2.349553680419921875e+02
1.032557373046875000e+02
1.858279571533203125e+02
3.542214035987854004e-01
8.800112152099609375e+01
3.236708068847656250e+01
2.215804443359375000e+02
3.774548721313476562e+01
6.899230346679687500e+02
5.825609970092773438e+01
1.839088378906250000e+03
1.987567901611328125e+02
4.422737121582031250e+02
2.181029021739959717e-01
2.542238006591796875e+02
2.614315795898437500e+02
3.313271484375000000e+02
1.934460906982421875e+02
1.276246458292007446e-01
5.460128021240234375e+01
2.693274536132812500e+02
2.313401460647583008e+00
6.991244628906250000e+03
1.889647979736328125e+02
4.100428009033203125e+01
1.037816882133483887e+00
2.628446388244628906e+01
8.968161010742187500e+02
1.033500747680664062e+02
2.419982147216796875e+02
4.615507888793945312e+01
3.998945617675781250e+02
2.149321746826171875e+01
1.046760559082031250e+02
8.634294509887695312e+00
1.279035955667495728e-01
1.395121514797210693e-01
5.691697692871093750e+01
3.392262573242187500e+02
5.624204128980636597e-02
4.857275772094726562e+01
1.575105590820312500e+03
1.115900650024414062e+02
5.257926559448242188e+01
5.062150192260742188e+01
1.297970703125000000e+03
8.737263679504394531e+00
5.219067993164062500e+02
4.684588432312011719e+00
1.516816406250000000e+02
2.668687744140625000e+02
3.256477050781250000e+02
4.322853469848632812e+01
5.389240980148315430e-01
9.881642150878906250e+01
2.469114379882812500e+02
5.447989273071289062e+01
5.608575820922851562e+01
3.886282714843750000e+03
9.653570556640625000e+01
1.065404418945312500e+03
6.064957885742187500e+02
3.568674926757812500e+02
8.623398542404174805e-01
3.031496887207031250e+02
1.708761596679687500e+01
1.037965927124023438e+02
1.704202270507812500e+02
5.087320208549499512e-01
1.588305091857910156e+01
1.863063354492187500e+02
7.541691064834594727e-01
5.426686523437500000e+03
2.615368347167968750e+02
2.205321121215820312e+01
3.884608745574951172e-01
3.860159301757812500e+02
1.477605712890625000e+03
1.938937377929687500e+02
7.812664794921875000e+02
4.920234298706054688e+01
9.580277099609375000e+02
3.830860900878906250e+01
8.994287872314453125e+01
1.331723022460937500e+02
3.833768516778945923e-02
