4.225613474845886230e-01
6.616461944580078125e+01
4.271587219238281250e+02
1.609002828598022461e+00
1.084178390502929688e+02
3.753936004638671875e+01
4.236285705566406250e+02
6.634383678436279297e+00
4.292223358154296875e+01
2.631088867187500000e+02
5.396988391876220703e+00
2.116544151306152344e+01
2.056404590606689453e+00
8.877414703369140625e+01
4.079327106475830078e+00
9.874227905273437500e+01
9.150991821289062500e+01
4.127101898193359375e-01
1.938784942626953125e+02
2.289231866598129272e-01
3.002516784667968750e+02
1.139673156738281250e+02
1.649356842041015625e+02
2.144693613052368164e+00
4.146724853515625000e+02
1.316574401855468750e+02
2.042841911315917969e+01
1.159855842590332031e+00
9.195812940597534180e-01
3.371004581451416016e+00
1.156516494750976562e+02
6.380617065429687500e+02
1.049198746681213379e+00
1.459313869476318359e+00
4.274337158203125000e+02
5.761699676513671875e-01
2.584045715332031250e+02
2.990148544311523438e+01
5.850481986999511719e+00
5.393018126487731934e-01
9.934853363037109375e+01
1.087620620727539062e+02
7.537802124023437500e+01
2.542778778076171875e+01
8.975854873657226562e+00
1.759741668701171875e+02
4.445399284362792969e+00
1.444471740722656250e+01
1.390065917968750000e+02
3.747623264789581299e-01
4.683357179164886475e-01
1.719220581054687500e+02
9.479785156250000000e+01
8.584640026092529297e-01
1.738114166259765625e+02
1.145665359497070312e+02
3.521734237670898438e+01
1.336328744888305664e+00
6.512577533721923828e-01
2.705329418182373047e+00
1.130814590454101562e+02
3.946791076660156250e+01
7.381935119628906250e-01
1.752227592468261719e+01
7.824412536621093750e+01
4.432573795318603516e+00
2.359592742919921875e+02
6.439785361289978027e-01
5.758743286132812500e+00
2.740841150283813477e+00
9.424866676330566406e+00
1.759111022949218750e+01
1.207101058959960938e+02
6.700923156738281250e+01
2.569881591796875000e+02
3.878564834594726562e+01
4.596369018554687500e+02
5.712543725967407227e-01
1.619231414794921875e+02
1.876964569091796875e+02
6.425697326660156250e+01
3.988773107528686523e+00
4.902896583080291748e-01
1.930696716308593750e+02
2.015729188919067383e+00
5.364677906036376953e+00
1.410700683593750000e+03
7.228697204589843750e+01
1.015032577514648438e+01
3.519028902053833008e+00
3.542526483535766602e+00
1.924992179870605469e+01
1.513357257843017578e+01
2.461107025146484375e+02
1.237052536010742188e+02
9.583137512207031250e+00
1.406964206695556641e+01
2.377375793457031250e+02
4.740303158760070801e-01
9.331763982772827148e-01
5.757743716239929199e-01
1.398370117187500000e+03
5.390219726562500000e+02
1.498175621032714844e+00
7.060046997070312500e+02
6.627645874023437500e+01
2.188007049560546875e+02
1.249725532531738281e+01
1.096175575256347656e+01
1.688481140136718750e+02
1.377370758056640625e+02
2.226128234863281250e+02
3.067389488220214844e+00
5.603745651245117188e+01
1.138872222900390625e+02
1.437602329254150391e+01
6.670626220703125000e+02
1.085386514663696289e+00
3.705645751953125000e+01
8.192321658134460449e-01
2.931531066894531250e+02
5.885336914062500000e+02
5.302497558593750000e+02
7.624965667724609375e+01
3.047262207031250000e+03
9.857904663085937500e+02
7.898233032226562500e+02
1.454758524894714355e+00
3.814417648315429688e+01
2.443896179199218750e+02
1.269758224487304688e+02
2.072107086181640625e+02
1.021014928817749023e+00
3.798746871948242188e+01
3.064582214355468750e+02
2.022860050201416016e+00
1.661227172851562500e+03
5.915634765625000000e+02
9.868784904479980469e+00
2.393914222717285156e+00
5.005546569824218750e+01
4.218800354003906250e+02
6.384306716918945312e+01
3.475549316406250000e+01
2.529008865356445312e+01
1.092799926757812500e+03
6.290237426757812500e+00
1.820662536621093750e+02
1.680267715454101562e+01
2.404663324356079102e+00
6.537382602691650391e-01
8.010325927734375000e+02
2.284015502929687500e+02
1.337888002395629883e+00
1.917227539062500000e+03
2.288854827880859375e+02
3.925050354003906250e+02
1.074169921875000000e+01
3.071224021911621094e+01
1.348272399902343750e+02
5.113974761962890625e+01
6.436702880859375000e+02
5.751595973968505859e+00
4.597814636230468750e+02
3.678236389160156250e+01
8.751345825195312500e+01
2.233808288574218750e+02
3.188215494155883789e-01
2.017336578369140625e+02
2.427406311035156250e+00
2.068546905517578125e+02
5.163222503662109375e+01
5.343179931640625000e+02
4.868028259277343750e+01
5.474433105468750000e+03
6.198042297363281250e+01
4.160945129394531250e+02
1.213845849037170410e+00
2.303264427185058594e+01
7.135602569580078125e+01
7.311472167968750000e+02
3.010612487792968750e+02
2.505831956863403320e+00
4.190051269531250000e+01
8.978882598876953125e+01
1.237173199653625488e+00
2.146280029296875000e+03
3.193619384765625000e+02
3.605159997940063477e+00
2.295786857604980469e+00
2.728584861755371094e+01
3.842327575683593750e+02
2.040272712707519531e+01
8.301746215820312500e+02
1.031242370605468750e+01
2.028754272460937500e+02
4.017887496948242188e+01
5.910183105468750000e+02
2.122967338562011719e+01
2.129625797271728516e+00
5.367227196693420410e-01
3.160630607604980469e+01
3.059356384277343750e+02
7.901589870452880859e-01
1.929488754272460938e+01
2.817827392578125000e+03
8.554216003417968750e+01
8.106304407119750977e-01
1.339621448516845703e+01
4.476135559082031250e+02
7.931704998016357422e+00
9.148998260498046875e+01
9.074376225471496582e-01
5.715548324584960938e+01
4.062941284179687500e+02
9.966416168212890625e+01
1.882635498046875000e+02
7.388682961463928223e-01
3.584759521484375000e+01
6.289179801940917969e+00
1.330850696563720703e+01
2.622443847656250000e+02
3.507934570312500000e+03
1.240756988525390625e+01
5.202569580078125000e+02
1.832128295898437500e+03
4.247691650390625000e+02
1.267303705215454102e+00
4.633189773559570312e+01
3.704629182815551758e+00
1.131870269775390625e+02
1.036125488281250000e+02
7.055801153182983398e-01
1.326987743377685547e+01
1.014310836791992188e+02
6.842449903488159180e-01
2.005956054687500000e+03
2.816013908386230469e+01
1.551365661621093750e+01
1.518983721733093262e+00
4.220798645019531250e+02
4.171693725585937500e+02
1.572229614257812500e+02
1.062498901367187500e+03
7.512422180175781250e+01
2.433312011718750000e+03
6.340693473815917969e+00
5.805592346191406250e+01
5.046883773803710938e+01
6.483077406883239746e-01
1.010421752929687500e+00
6.826717376708984375e+01
3.912367248535156250e+02
2.823015689849853516e+00
1.377223144531250000e+03
7.446665649414062500e+02
9.156719970703125000e+02
4.733126640319824219e+00
7.768219757080078125e+01
3.196842041015625000e+02
2.350772857666015625e+01
1.322120819091796875e+02
6.297760486602783203e+00
1.045579467773437500e+03
3.579499816894531250e+01
3.147039489746093750e+02
3.418224792480468750e+02
6.861217617988586426e-01
4.391706848144531250e+02
2.092974901199340820e+00
4.622742309570312500e+02
9.802990722656250000e+01
4.405376586914062500e+02
3.094663047790527344e+01
3.406774169921875000e+03
3.580669250488281250e+02
1.772284393310546875e+02
1.940582275390625000e+00
1.539446735382080078e+01
1.901053237915039062e+01
9.236026611328125000e+02
5.309492797851562500e+02
2.328889846801757812e+00
5.290225982666015625e+01
1.407816772460937500e+02
2.480508565902709961e+00
2.546244384765625000e+03
3.980940246582031250e+01
2.533866500854492188e+01
3.296849012374877930e+00
6.972970581054687500e+01
8.330879211425781250e+01
2.626027832031250000e+02
9.756184082031250000e+02
1.204979248046875000e+02
6.907991943359375000e+02
3.746990585327148438e+01
2.125159912109375000e+02
9.418788146972656250e+01
1.729884028434753418e+00
3.921759724617004395e-01
1.111605834960937500e+02
7.206972656250000000e+02
8.329420685768127441e-01
1.751584472656250000e+02
9.269035339355468750e+01
1.189355392456054688e+02
3.590245962142944336e+00
2.198748207092285156e+01
2.401695556640625000e+02
6.195957660675048828e+00
8.788581848144531250e+00
1.741613745689392090e+00
4.868633422851562500e+02
1.066539459228515625e+02
5.164392471313476562e+00
9.018629760742187500e+02
5.648621916770935059e-01
9.254135894775390625e+01
4.432478547096252441e-01
1.126246643066406250e+02
5.267839965820312500e+02
1.832275848388671875e+02
3.134616088867187500e+01
4.288949279785156250e+02
1.197704589843750000e+03
6.919410400390625000e+02
7.689900994300842285e-01
1.020205783843994141e+01
3.552576446533203125e+01
2.797504043579101562e+01
4.528750915527343750e+02
4.452525377273559570e-01
5.348539733886718750e+01
1.703342437744140625e+02
5.201959609985351562e-01
5.982680053710937500e+02
1.495753479003906250e+01
6.659926891326904297e+00
1.964505553245544434e+00
2.775896301269531250e+02
6.293786239624023438e+01
3.223447036743164062e+01
4.182956695556640625e+01
2.444435119628906250e+01
1.151600830078125000e+03
2.013623237609863281e+00
8.490396499633789062e+00
2.152193832397460938e+01
1.029120087623596191e+00
6.729097962379455566e-01
4.075479125976562500e+02
4.501070404052734375e+01
1.223185539245605469e+00
3.981654739379882812e+01
8.720202636718750000e+02
1.223653564453125000e+02
2.041352510452270508e+00
1.043523025512695312e+01
1.405029907226562500e+02
1.419836883544921875e+02
5.974006347656250000e+02
1.194007635116577148e+00
9.194451332092285156e+00
5.438646316528320312e+01
5.140236816406250000e+02
2.713007354736328125e+01
4.476277530193328857e-01
4.274709320068359375e+01
7.618022441864013672e+00
5.552322769165039062e+01
1.889768600463867188e+01
3.028320800781250000e+03
1.382627391815185547e+01
3.441573486328125000e+02
1.109268264770507812e+02
1.476305694580078125e+02
1.375539302825927734e+00
1.065919113159179688e+02
2.186072731018066406e+01
4.241109466552734375e+01
8.661361694335937500e+01
2.680248260498046875e+00
1.763519668579101562e+01
4.317385101318359375e+01
4.537673950195312500e+00
1.337559692382812500e+03
7.154273681640625000e+02
7.272518157958984375e+00
1.291521549224853516e+00
1.599722595214843750e+02
5.800557250976562500e+02
3.185181579589843750e+02
6.767509155273437500e+02
5.988016128540039062e+01
1.426491546630859375e+02
6.761549472808837891e+00
1.502701568603515625e+02
1.528620147705078125e+02
6.331948637962341309e-01
5.564815998077392578e-01
5.824375000000000000e+02
8.999901733398437500e+02
8.765420913696289062e-01
2.462235107421875000e+02
7.297571411132812500e+02
3.690205383300781250e+02
3.882192134857177734e+00
1.891365432739257812e+01
1.921384429931640625e+02
7.916655731201171875e+01
1.653953094482421875e+02
1.574689507484436035e+00
1.873295898437500000e+02
1.189499816894531250e+02
6.473341369628906250e+01
2.136775512695312500e+02
9.000938534736633301e-01
7.437097930908203125e+01
1.907662153244018555e+00
3.290059204101562500e+02
4.383745574951171875e+01
6.746466064453125000e+02
4.107352447509765625e+01
3.925255126953125000e+03
2.318256530761718750e+02
2.867133483886718750e+02
9.138794541358947754e-01
8.411985015869140625e+01
1.552910461425781250e+02
6.740774536132812500e+02
1.790339660644531250e+02
7.286784648895263672e-01
8.342910003662109375e+01
8.215899658203125000e+01
2.711054801940917969e+00
5.980654296875000000e+03
1.280040435791015625e+02
9.442047119140625000e+00
2.777793407440185547e+00
2.035976600646972656e+01
3.979069213867187500e+02
5.489666366577148438e+01
4.165782470703125000e+02
7.477147674560546875e+01
8.742772827148437500e+02
1.341953945159912109e+01
2.037467498779296875e+02
5.554407119750976562e+00
1.774450898170471191e+00
5.839363336563110352e-01
1.477163391113281250e+02
4.175480041503906250e+02
8.808972835540771484e-01
4.721092987060546875e+01
3.544662353515625000e+03
1.203931045532226562e+02
1.392358899116516113e+00
2.138205909729003906e+01
6.013073730468750000e+02
2.957112312316894531e+01
4.680170593261718750e+02
9.099806547164916992e-01
8.234581756591796875e+01
2.443016510009765625e+02
4.708839111328125000e+02
4.988018417358398438e+01
7.085834741592407227e-01
6.434072875976562500e+01
1.302212047576904297e+01
5.360183715820312500e+01
5.104051971435546875e+01
5.904388183593750000e+03
1.739869117736816406e+01
8.902250976562500000e+02
1.021413146972656250e+03
2.836370849609375000e+02
1.235477924346923828e+00
8.795278930664062500e+01
9.134049415588378906e+00
1.775572204589843750e+02
1.270635833740234375e+02
1.932170152664184570e+00
3.706546020507812500e+01
4.360840988159179688e+01
2.299352884292602539e+00
4.060958251953125000e+03
3.187672119140625000e+02
5.905254364013671875e+00
1.685566425323486328e+00
2.561158142089843750e+02
1.092364013671875000e+03
1.980349578857421875e+02
2.119473388671875000e+03
3.004076957702636719e+01
1.952531372070312500e+03
9.709043502807617188e+00
1.857062530517578125e+02
8.756296539306640625e+01
8.436409831047058105e-01
