8.247949600219726562e+00
7.531317901611328125e+01
2.391128540039062500e+01
5.875662326812744141e+00
2.525738477706909180e+00
6.828535556793212891e+00
2.558253669738769531e+01
4.292805175781250000e+02
4.412722015380859375e+01
4.819631195068359375e+01
2.797743606567382812e+01
1.394797420501708984e+01
4.169413757324218750e+01
5.892045974731445312e+01
1.661967163085937500e+02
7.675905704498291016e+00
1.376659965515136719e+01
2.921836853027343750e+01
6.268625640869140625e+01
6.634934544563293457e-01
5.067109298706054688e+01
7.816094875335693359e+00
7.158522129058837891e+00
8.855869293212890625e+01
1.101145553588867188e+01
5.134108352661132812e+01
1.859413146972656250e+01
1.164618968963623047e+01
1.465753650665283203e+01
1.727531051635742188e+01
8.438367843627929688e+00
1.987920570373535156e+01
2.532252883911132812e+01
4.891685009002685547e+00
8.833936691284179688e+00
5.219178676605224609e+00
1.431430912017822266e+01
4.953919982910156250e+01
3.464431381225585938e+01
1.591226768493652344e+01
7.198414802551269531e+00
5.594330596923828125e+01
5.834783554077148438e+00
1.751176261901855469e+01
4.810255432128906250e+01
6.601933002471923828e+00
1.721219024658203125e+02
1.442963790893554688e+01
4.717788314819335938e+01
3.617438125610351562e+01
3.006427764892578125e+00
2.166000938415527344e+01
1.704627075195312500e+02
3.753672409057617188e+01
1.579078674316406250e+01
1.510534572601318359e+01
9.870828628540039062e+00
3.717154846191406250e+02
1.494243025779724121e+00
8.993192762136459351e-02
2.826867103576660156e-01
4.008217334747314453e+00
3.014929580688476562e+01
3.475673294067382812e+01
1.834454154968261719e+01
4.299611282348632812e+01
1.234534549713134766e+01
1.642132568359375000e+01
8.874739074707031250e+01
1.435587310791015625e+01
1.188350677490234375e+00
2.246675968170166016e+00
1.721189689636230469e+01
4.812201538085937500e+02
1.050408782958984375e+02
6.252379417419433594e-01
7.075431823730468750e+00
4.306487274169921875e+01
1.817844963073730469e+01
4.746518135070800781e-01
8.889334106445312500e+01
7.650109767913818359e+00
2.957593727111816406e+01
6.074271392822265625e+01
6.160552501678466797e+00
1.838385391235351562e+01
2.392059631347656250e+02
8.190399169921875000e+01
5.559642791748046875e+01
6.022491455078125000e+01
9.392797851562500000e+01
5.262361526489257812e+00
3.866411590576171875e+01
3.121549034118652344e+01
2.075726318359375000e+01
3.537201690673828125e+01
1.268440246582031250e+00
1.110716857910156250e+02
2.769723176956176758e+00
1.016026401519775391e+01
3.726890563964843750e+00
6.907768249511718750e+01
3.289641418457031250e+02
3.354540252685546875e+01
2.297657251358032227e+00
2.066053390502929688e+01
1.181247787475585938e+02
5.011037902832031250e+02
2.127499008178710938e+01
1.363824653625488281e+01
2.109283065795898438e+01
7.344222545623779297e+00
1.440274810791015625e+02
2.469769287109375000e+02
2.028655548095703125e+02
3.471477127075195312e+01
4.018645477294921875e+01
8.588584899902343750e+01
1.923213043212890625e+02
2.002728843688964844e+01
1.779216957092285156e+01
4.425877571105957031e+00
1.890313911437988281e+01
7.248524169921875000e+02
9.321755218505859375e+01
2.323457717895507812e+00
4.358437538146972656e+00
1.224005432128906250e+02
3.084651184082031250e+01
4.115428447723388672e+00
3.440709838867187500e+02
8.963484954833984375e+01
5.519336700439453125e+01
5.150332641601562500e+01
7.683387279510498047e+00
9.620298385620117188e+00
5.841443634033203125e+01
2.289831237792968750e+02
3.859872436523437500e+02
2.363990173339843750e+02
2.056569290161132812e+01
1.429272918701171875e+02
6.737691497802734375e+01
1.624410705566406250e+02
1.068998641967773438e+02
2.622031402587890625e+01
9.420924377441406250e+01
1.813697814941406250e+01
2.393072700500488281e+01
9.217897796630859375e+01
9.930545806884765625e+00
7.174369812011718750e+01
4.661361694335937500e+02
2.971804618835449219e+01
1.247691268920898438e+02
5.428342437744140625e+01
8.671035766601562500e+01
7.044940185546875000e+02
5.617689132690429688e+00
4.989875316619873047e+00
5.318223953247070312e+00
3.744679260253906250e+01
7.457827148437500000e+02
3.305338134765625000e+02
3.185209655761718750e+02
3.783033447265625000e+02
8.762494659423828125e+01
3.570899047851562500e+02
2.136907653808593750e+02
3.403140258789062500e+01
6.132512092590332031e+00
3.456655740737915039e+00
8.590129852294921875e+01
8.351381225585937500e+02
2.040111083984375000e+02
1.593950462341308594e+01
1.618793106079101562e+01
1.145437545776367188e+02
5.055445480346679688e+01
8.146641540527343750e+01
1.380293579101562500e+02
3.050684547424316406e+01
7.000003814697265625e+01
1.054575157165527344e+01
1.956150770187377930e+00
5.096135711669921875e+01
1.518526306152343750e+02
1.672924499511718750e+02
4.036425170898437500e+02
1.833358764648437500e+02
1.036870765686035156e+01
3.113377380371093750e+01
3.699455261230468750e+01
1.236144943237304688e+02
4.383611297607421875e+01
7.936499595642089844e+00
7.422163391113281250e+01
1.573337173461914062e+01
1.056860809326171875e+02
1.142888336181640625e+02
1.196100616455078125e+01
5.911613845825195312e+01
6.667687225341796875e+01
1.590812835693359375e+02
1.133633995056152344e+01
1.987296676635742188e+01
1.303200531005859375e+02
1.059366577148437500e+03
2.133679389953613281e+01
9.317654418945312500e+01
1.205506801605224609e+00
3.536465835571289062e+01
9.657262802124023438e+00
5.972902679443359375e+01
2.736555671691894531e+01
6.866719055175781250e+01
1.363745880126953125e+01
2.774716186523437500e+02
9.043699264526367188e+00
2.623854255676269531e+01
7.203457641601562500e+01
2.068599128723144531e+01
1.451161575317382812e+01
5.498374023437500000e+02
5.145594787597656250e+01
1.102631282806396484e+01
9.298578262329101562e+00
4.474095764160156250e+02
1.193065834045410156e+01
8.418305397033691406e+00
6.455554008483886719e+00
1.069059677124023438e+02
4.528060150146484375e+01
1.025881004333496094e+01
7.234848022460937500e+00
5.306938934326171875e+01
3.332255859375000000e+02
4.708487701416015625e+01
2.164659118652343750e+01
4.089086151123046875e+01
2.341626358032226562e+01
1.411102294921875000e+02
9.387043952941894531e+00
3.537927865982055664e+00
4.121361923217773438e+01
5.773022460937500000e+01
1.909040451049804688e+01
4.514120483398437500e+01
4.011724472045898438e+01
3.499016571044921875e+01
2.955375862121582031e+01
1.586714019775390625e+02
1.573628082275390625e+02
1.951671409606933594e+01
1.936588439941406250e+02
4.985386276245117188e+01
1.103301162719726562e+02
9.171270751953125000e+02
1.341395378112792969e+01
3.160077095031738281e+01
9.475660324096679688e+00
5.338159942626953125e+01
5.302125244140625000e+02
1.118854827880859375e+02
2.073442840576171875e+02
1.358816680908203125e+02
2.118725128173828125e+02
2.634370422363281250e+02
2.145108947753906250e+02
9.107019424438476562e+00
1.033102035522460938e+01
2.823036766052246094e+01
6.480453491210937500e+01
2.199813690185546875e+02
1.379580230712890625e+02
4.181377410888671875e+01
3.788210678100585938e+01
6.810065460205078125e+01
3.195635223388671875e+01
1.449760589599609375e+02
2.200809097290039062e+01
3.297099304199218750e+01
1.006558151245117188e+02
9.301220893859863281e+00
1.667719078063964844e+01
4.952679443359375000e+01
2.582634582519531250e+02
9.897699737548828125e+01
5.433025741577148438e+01
3.108006858825683594e+01
1.091938781738281250e+01
4.713564300537109375e+01
2.019170761108398438e+01
2.791498565673828125e+01
3.996308135986328125e+01
9.014854431152343750e+00
5.356828308105468750e+01
2.519442749023437500e+01
1.510153656005859375e+02
1.179522399902343750e+02
1.621436595916748047e+00
2.214680938720703125e+02
9.523970031738281250e+01
2.422160148620605469e+01
3.251518249511718750e+01
3.973552942276000977e+00
5.349831771850585938e+01
7.497420043945312500e+02
2.123870086669921875e+01
3.719687271118164062e+01
3.149124145507812500e+00
1.579884648323059082e+00
2.298204040527343750e+01
1.034585380554199219e+01
1.046088790893554688e+02
2.921150684356689453e+00
9.170533752441406250e+01
3.450534820556640625e+01
9.962974548339843750e+01
1.281851887702941895e+00
4.402707290649414062e+01
1.841592216491699219e+01
1.108672904968261719e+01
5.292361450195312500e+01
1.378651714324951172e+01
4.035726165771484375e+01
3.001709222793579102e+00
3.571683502197265625e+01
1.123177528381347656e+01
3.962683105468750000e+01
8.584133148193359375e+00
2.566852378845214844e+01
3.229496383666992188e+01
2.189029884338378906e+01
8.133971214294433594e+00
1.559291839599609375e+01
1.578898620605468750e+02
5.724924850463867188e+01
1.693408012390136719e+01
4.222945022583007812e+01
2.586902999877929688e+01
1.308636779785156250e+02
2.843419265747070312e+01
1.059023952484130859e+01
5.480006790161132812e+01
1.058908271789550781e+01
4.954679870605468750e+01
9.946884155273437500e+00
3.640796279907226562e+01
8.517174530029296875e+01
2.034140777587890625e+01
8.778126716613769531e+00
2.480340423583984375e+02
7.179669189453125000e+01
8.037913322448730469e+00
1.860718154907226562e+01
6.346413040161132812e+01
8.681182861328125000e+02
2.945252990722656250e+01
6.887431335449218750e+01
4.237494468688964844e+00
1.023063812255859375e+02
3.908141708374023438e+01
4.776440429687500000e+02
1.686355209350585938e+01
1.054085540771484375e+02
1.719117736816406250e+01
1.707997283935546875e+02
7.821897888183593750e+01
3.159133911132812500e+01
3.664453506469726562e+01
1.928360939025878906e+01
5.486835002899169922e+00
1.224337036132812500e+03
8.502438354492187500e+01
2.245932960510253906e+01
6.285983657836914062e+01
3.527107543945312500e+02
3.822060394287109375e+01
1.308500957489013672e+01
3.228213500976562500e+02
2.560882568359375000e+01
2.080974960327148438e+01
2.756464004516601562e+01
1.018036270141601562e+01
1.773584365844726562e+01
1.133026885986328125e+02
9.059258270263671875e+01
1.034043884277343750e+02
2.005353240966796875e+02
4.277266311645507812e+01
3.078228569030761719e+01
3.764155960083007812e+01
7.079206085205078125e+01
6.244789505004882812e+01
2.470259666442871094e+01
4.331985473632812500e+01
1.331204833984375000e+02
2.744624328613281250e+01
3.558512878417968750e+01
1.158676910400390625e+01
4.652644729614257812e+01
4.479460754394531250e+02
3.547487258911132812e+01
5.302024459838867188e+01
1.971047019958496094e+01
1.397236785888671875e+02
1.347258056640625000e+03
1.209472656250000000e+01
5.243408203125000000e+00
1.782099914550781250e+01
4.252071857452392578e+00
1.781257781982421875e+02
1.392991790771484375e+02
4.191854553222656250e+02
2.379234924316406250e+02
7.795717620849609375e+01
3.926361694335937500e+02
3.137547912597656250e+02
6.321517467498779297e+00
1.417810821533203125e+01
1.362882804870605469e+01
1.960754013061523438e+01
1.040603637695312500e+03
3.290736389160156250e+01
5.265011787414550781e+00
9.416746139526367188e+00
4.005509185791015625e+01
5.887865066528320312e+00
4.593321990966796875e+01
7.917586517333984375e+01
2.033827781677246094e+01
6.863188934326171875e+01
1.718768501281738281e+01
7.470686912536621094e+00
1.730817985534667969e+01
3.263893127441406250e+02
3.091120910644531250e+02
1.968454284667968750e+02
8.273188781738281250e+01
4.537795639038085938e+01
3.308722686767578125e+01
2.270345687866210938e+01
5.671982192993164062e+01
2.473365402221679688e+01
1.425092315673828125e+01
5.713005828857421875e+01
7.746752166748046875e+01
1.330238037109375000e+02
1.832507171630859375e+02
1.736026382446289062e+01
2.392579650878906250e+01
1.783619537353515625e+02
1.350422210693359375e+02
6.064785766601562500e+01
4.458577346801757812e+01
2.739860839843750000e+02
1.748258056640625000e+03
3.289141082763671875e+01
1.373424224853515625e+02
2.095191717147827148e+00
1.192012557983398438e+02
1.755744171142578125e+02
3.408014526367187500e+02
5.862255096435546875e+01
3.312109985351562500e+02
4.968133163452148438e+01
6.166206665039062500e+02
9.691521453857421875e+01
4.679978179931640625e+01
8.879071044921875000e+01
5.266743659973144531e+00
1.267103576660156250e+01
1.433491943359375000e+03
1.639959564208984375e+02
1.635988616943359375e+01
4.389030456542968750e+01
5.295975341796875000e+02
3.068572998046875000e+01
6.670769500732421875e+01
5.031979751586914062e+01
9.820048522949218750e+01
2.440014266967773438e+01
1.463144969940185547e+01
1.094830036163330078e+01
2.817643356323242188e+01
4.161548461914062500e+02
6.501120758056640625e+01
3.710502243041992188e+01
4.012679672241210938e+01
1.874432182312011719e+01
7.351594543457031250e+01
2.921227455139160156e+00
4.147463607788085938e+01
1.356540203094482422e+01
2.630990409851074219e+01
1.381637268066406250e+02
9.707980346679687500e+01
1.200191650390625000e+02
1.146772689819335938e+02
