2.570431518554687500e+01
1.225108337402343750e+02
2.354787254333496094e+01
2.091836929321289062e+01
1.358591613769531250e+02
1.083194656372070312e+02
1.050440216064453125e+01
3.242734680175781250e+02
1.039352416992187500e+02
1.207338142395019531e+01
1.220122051239013672e+01
2.629977035522460938e+01
4.065561294555664062e+00
4.856303787231445312e+01
2.561445312500000000e+02
3.402223968505859375e+01
2.480596542358398438e+01
2.186251373291015625e+02
2.471872329711914062e+01
2.116975402832031250e+01
2.952973556518554688e+01
5.251896858215332031e+00
5.212830810546875000e+02
3.979328155517578125e+00
3.174982604980468750e+02
8.345561981201171875e+00
2.660865068435668945e+00
4.152184486389160156e+00
9.774015808105468750e+01
2.687495231628417969e+01
7.532116699218750000e+01
4.129012298583984375e+01
6.549244374036788940e-02
1.041972637176513672e-01
1.105340347290039062e+02
1.441220092773437500e+02
1.300514221191406250e+02
1.464827656745910645e-01
5.086880207061767578e+00
6.110345458984375000e+02
6.289226561784744263e-02
1.193478584289550781e+00
3.473575973510742188e+01
1.264433670043945312e+01
3.924024105072021484e-02
1.317284393310546875e+02
3.563692474365234375e+01
2.965305328369140625e+01
4.018080749511718750e+02
4.146235961914062500e+02
4.675587081909179688e+01
5.261993789672851562e+01
4.553573226928710938e+01
9.689275026321411133e-01
9.353757858276367188e+00
3.294174957275390625e+01
8.669012039899826050e-02
4.507217407226562500e+01
8.071630859375000000e+01
4.432621002197265625e+01
5.817881393432617188e+01
1.295933532714843750e+02
3.504949569702148438e+01
1.140375442504882812e+02
2.345213012695312500e+02
2.703946113586425781e+01
4.246413269042968750e+02
3.009433937072753906e+01
9.454002380371093750e+00
2.321851959228515625e+02
2.940865478515625000e+02
3.711266174316406250e+02
6.964145660400390625e+01
1.852251589298248291e-01
1.538025360107421875e+02
7.020700454711914062e+00
8.921395111083984375e+01
1.490770936012268066e+00
3.191503601074218750e+02
4.195499420166015625e-02
6.785878753662109375e+01
1.286023864746093750e+02
1.581030152738094330e-02
5.431132763624191284e-02
8.150115013122558594e-01
5.044922828674316406e-01
5.298907470703125000e+01
8.046180754899978638e-02
8.152845458984375000e+02
3.984205322265625000e+02
1.682280004024505615e-02
3.375437483191490173e-02
1.274547457695007324e+00
2.060766143798828125e+02
2.654870972037315369e-02
3.484595336914062500e+02
7.756230926513671875e+01
6.201473236083984375e+01
1.679628133773803711e+00
4.435826301574707031e+00
1.824011383056640625e+02
3.987711715698242188e+01
4.511204910278320312e+01
4.494156360626220703e+00
5.238178253173828125e+01
4.795949096679687500e+02
3.494020938873291016e+00
3.546446228027343750e+02
1.262785110473632812e+02
3.081481361389160156e+01
3.661794281005859375e+01
3.891672058105468750e+02
1.285471038818359375e+02
5.757847900390625000e+02
2.359610290527343750e+02
2.124294281005859375e+01
1.031370239257812500e+02
1.155437545776367188e+02
3.513929367065429688e+01
3.329069519042968750e+02
3.828196105957031250e+02
1.657528533935546875e+02
7.045029296875000000e+02
9.017428755760192871e-01
3.489609069824218750e+02
7.426303100585937500e+01
3.430586624145507812e+01
1.697385072708129883e+00
1.085472656250000000e+03
5.204012870788574219e+00
4.497887878417968750e+02
8.034237060546875000e+02
9.576774388551712036e-02
1.749550551176071167e-01
1.205828666687011719e+01
7.421589660644531250e+01
7.966654968261718750e+01
2.662952542304992676e-01
6.742131958007812500e+02
1.000300781250000000e+03
1.463077664375305176e-01
1.201738119125366211e+00
4.067920684814453125e+01
6.746020507812500000e+01
6.431145220994949341e-02
9.217291870117187500e+02
2.199907836914062500e+02
9.123851013183593750e+01
8.133900451660156250e+01
6.498051147460937500e+02
4.296462707519531250e+02
7.765602111816406250e+01
5.374030151367187500e+02
5.996827602386474609e+00
1.634665985107421875e+02
2.815281372070312500e+02
3.121780776977539062e+01
3.592866516113281250e+02
1.746352996826171875e+02
9.345983505249023438e+00
4.443025588989257812e+01
4.834627685546875000e+02
2.562850036621093750e+02
5.881755371093750000e+02
8.643536376953125000e+02
1.268752517700195312e+02
1.603118164062500000e+03
6.063102340698242188e+01
6.045320129394531250e+01
1.189187927246093750e+02
1.775953369140625000e+02
4.374119949340820312e+01
1.728622436523437500e+03
6.887477636337280273e-01
2.454194335937500000e+02
2.181362152099609375e+01
1.432305335998535156e+01
9.486535787582397461e-01
1.363125854492187500e+03
4.889212131500244141e+00
9.106703186035156250e+01
4.498477783203125000e+02
6.666803359985351562e-02
3.008669018745422363e-01
3.322502136230468750e+01
3.753064346313476562e+01
5.694212036132812500e+02
2.733880579471588135e-01
5.632647705078125000e+02
7.758851318359375000e+02
6.694708764553070068e-02
7.993441820144653320e-01
1.315217208862304688e+01
5.101319503784179688e+01
7.759200781583786011e-02
1.481317626953125000e+03
4.811862182617187500e+01
4.464559020996093750e+02
9.228923797607421875e+01
7.058182525634765625e+01
9.388699340820312500e+02
3.085289001464843750e+01
6.144900512695312500e+01
1.850677371025085449e+00
1.567716979980468750e+02
3.752252101898193359e+00
1.001433563232421875e+01
5.272894668579101562e+01
1.601347534179687500e+03
1.429897785186767578e+01
1.688904113769531250e+02
1.289438171386718750e+02
1.230507736206054688e+02
1.119630126953125000e+02
2.968470573425292969e+01
3.260813903808593750e+01
6.979053344726562500e+02
1.074017868041992188e+02
4.162108993530273438e+01
5.581191635131835938e+01
7.643048858642578125e+01
8.568943023681640625e+01
2.425194091796875000e+03
8.626732826232910156e-01
4.792966308593750000e+02
3.771318664550781250e+02
8.532958984375000000e+01
2.305765628814697266e+00
1.687293434143066406e+01
8.538287353515625000e+01
2.731045837402343750e+02
3.000939750671386719e+01
1.464199423789978027e-01
1.667509227991104126e-01
8.538222503662109375e+01
7.077230453491210938e+00
1.427268123626708984e+01
6.189819574356079102e-01
6.342856445312500000e+02
6.015473022460937500e+02
2.182220816612243652e-01
2.554613828659057617e+00
3.071608543395996094e+00
2.085964660644531250e+02
3.236632794141769409e-02
2.793004455566406250e+02
7.909906616210937500e+02
7.235736846923828125e+01
9.390879821777343750e+01
8.039882812500000000e+02
1.203324356079101562e+02
2.602172546386718750e+02
4.885755920410156250e+02
1.188347625732421875e+01
3.361940307617187500e+02
6.509111022949218750e+01
6.943675994873046875e+01
3.738353576660156250e+02
2.864695129394531250e+02
9.420169067382812500e+01
7.398818206787109375e+01
1.008816680908203125e+02
6.031629180908203125e+01
1.042760848999023438e+02
8.820194702148437500e+02
4.013526916503906250e+02
1.291606933593750000e+03
1.344441375732421875e+02
1.466914367675781250e+02
4.346309814453125000e+02
1.669567871093750000e+02
3.199257659912109375e+01
2.023964355468750000e+03
1.307487845420837402e+00
1.134853637695312500e+03
6.888023376464843750e+01
2.204445838928222656e+01
3.888792276382446289e+00
7.843212280273437500e+02
1.959143066406250000e+01
1.159523010253906250e+02
1.765745086669921875e+02
1.197781115770339966e-01
2.942080199718475342e-01
1.637729644775390625e+02
2.734981536865234375e+01
9.258052368164062500e+02
4.511971771717071533e-01
2.347093505859375000e+02
1.000998229980468750e+03
1.407407224178314209e-01
1.826984882354736328e+00
1.681965065002441406e+01
9.070682525634765625e+01
5.879213288426399231e-02
5.038665161132812500e+02
2.154306030273437500e+02
3.847239990234375000e+02
1.729632568359375000e+02
1.354615173339843750e+02
1.587581062316894531e+01
1.942483367919921875e+02
2.106374549865722656e+01
1.159005832672119141e+01
4.120831298828125000e+02
2.889880752563476562e+01
6.893089771270751953e+00
1.138062210083007812e+02
1.064404754638671875e+02
9.569289207458496094e+00
1.371492385864257812e+01
3.871791076660156250e+01
9.690467834472656250e+00
6.269908142089843750e+01
3.674505004882812500e+02
1.197030868530273438e+02
1.119047698974609375e+02
3.134861450195312500e+02
8.522972106933593750e+00
3.423348693847656250e+02
2.022401733398437500e+02
1.627960205078125000e+01
6.711795043945312500e+02
3.172688245773315430e+00
1.200788574218750000e+03
4.943998718261718750e+01
1.172777843475341797e+01
3.540969133377075195e+00
1.728560028076171875e+02
2.268976211547851562e+01
4.225613403320312500e+02
1.734095764160156250e+01
9.380266815423965454e-02
1.157382875680923462e-01
1.007319641113281250e+01
3.121973609924316406e+01
2.634862976074218750e+02
2.561703622341156006e-01
1.473713226318359375e+02
6.501036987304687500e+02
1.141417920589447021e-01
2.281733989715576172e+00
9.391523361206054688e+00
9.655076599121093750e+01
2.262641675770282745e-02
3.078446960449218750e+01
4.360853576660156250e+02
3.553014755249023438e+01
2.142222290039062500e+02
5.068338928222656250e+02
1.253656982421875000e+03
1.186419868469238281e+01
8.024565887451171875e+01
1.605479621887207031e+01
6.133331680297851562e+01
9.506781768798828125e+01
6.907597541809082031e+00
3.118571853637695312e+01
8.303280029296875000e+02
2.009840774536132812e+01
2.681263427734375000e+02
5.387951660156250000e+02
1.493325500488281250e+02
2.482028808593750000e+02
3.286330795288085938e+01
4.484196090698242188e+01
2.459135589599609375e+02
4.231951141357421875e+01
1.099234619140625000e+02
4.477507781982421875e+01
2.197307395935058594e+01
2.986208190917968750e+02
9.822444458007812500e+02
1.406193733215332031e+00
5.504429626464843750e+01
5.991327667236328125e+01
6.343978118896484375e+01
4.052891254425048828e+00
9.075719451904296875e+01
8.657080078125000000e+01
9.987985229492187500e+01
7.181663208007812500e+02
1.894798725843429565e-01
1.977509260177612305e-01
3.358833923339843750e+02
3.735346221923828125e+01
5.870555496215820312e+01
5.236960053443908691e-01
7.388178100585937500e+02
6.132137451171875000e+02
1.108983084559440613e-01
6.533917188644409180e-01
4.341585159301757812e+00
3.442067718505859375e+01
4.497009143233299255e-02
9.019332275390625000e+02
1.016319427490234375e+02
6.614362335205078125e+01
1.048762054443359375e+02
1.131866912841796875e+02
3.111705932617187500e+02
1.877891845703125000e+02
2.090689086914062500e+02
2.770501613616943359e+00
8.637032318115234375e+01
2.636270141601562500e+02
1.989160346984863281e+01
6.824201049804687500e+02
5.398761596679687500e+02
6.785917663574218750e+01
4.855649185180664062e+01
1.634123535156250000e+02
1.883404083251953125e+02
2.897650146484375000e+02
1.907432098388671875e+02
1.684227142333984375e+02
1.030220214843750000e+03
7.719084167480468750e+01
9.107342529296875000e+01
6.965099487304687500e+02
3.532283630371093750e+02
2.195455017089843750e+02
2.953231933593750000e+03
5.036041736602783203e-01
1.164003173828125000e+03
7.478553009033203125e+01
5.168191909790039062e+01
1.678896903991699219e+00
7.014838256835937500e+02
2.927219152450561523e+00
1.203771896362304688e+02
3.664989624023437500e+02
5.042878910899162292e-02
2.161038070917129517e-01
2.805514335632324219e+01
3.970926284790039062e+01
1.504016876220703125e+02
1.991390734910964966e-01
1.247792358398437500e+03
2.421876464843750000e+03
5.763389542698860168e-02
1.129243850708007812e+00
1.385778713226318359e+01
1.390252838134765625e+02
4.646761342883110046e-02
1.671475341796875000e+03
2.162873840332031250e+02
7.207881927490234375e+01
1.064266967773437500e+02
1.490740356445312500e+02
2.027498413085937500e+03
2.175112152099609375e+01
2.882518310546875000e+02
1.480678844451904297e+01
5.754326629638671875e+01
5.318627548217773438e+01
3.304320144653320312e+01
5.695569229125976562e+01
2.112026367187500000e+03
5.842937946319580078e+00
3.632282409667968750e+02
3.825214843750000000e+02
2.575720520019531250e+02
3.690496444702148438e+01
7.395626068115234375e+01
1.360464630126953125e+02
1.230846069335937500e+03
9.143006134033203125e+01
1.391856689453125000e+02
8.412590026855468750e+01
7.803308105468750000e+01
1.424183197021484375e+02
3.842564453125000000e+03
7.430363893508911133e-01
2.419827575683593750e+02
2.414924926757812500e+02
6.110760498046875000e+01
2.024774312973022461e+00
4.569747924804687500e+01
8.652288818359375000e+01
5.118815231323242188e+01
2.026573028564453125e+02
2.963904738426208496e-01
3.284010887145996094e-01
2.567500305175781250e+02
5.168582534790039062e+01
1.041248245239257812e+02
6.148343682289123535e-01
8.807422485351562500e+02
1.525579711914062500e+03
1.756689846515655518e-01
1.128090143203735352e+00
3.824418067932128906e+00
7.761347961425781250e+01
3.616918250918388367e-02
9.791141967773437500e+02
5.787475585937500000e+02
8.095559692382812500e+01
2.107891235351562500e+02
6.135108642578125000e+02
