7.630629730224609375e+01
3.760523223876953125e+01
3.922821044921875000e+01
4.784357547760009766e+00
2.177424316406250000e+02
2.145843658447265625e+02
1.947076416015625000e+01
2.513163452148437500e+02
4.632561111450195312e+01
9.345321655273437500e+00
2.819530105590820312e+01
2.230303764343261719e+01
1.464678406715393066e+00
4.410618209838867188e+01
8.892971038818359375e+01
9.855402374267578125e+01
8.702212524414062500e+01
3.044277000427246094e+01
6.763674736022949219e+00
9.395919799804687500e+01
4.742467403411865234e+00
3.122612714767456055e+00
3.445787048339843750e+02
4.219787597656250000e+00
4.369184265136718750e+02
4.075373458862304688e+01
3.285066127777099609e+00
1.584086060523986816e+00
2.361306152343750000e+02
8.264003753662109375e+00
2.012469787597656250e+02
4.504943084716796875e+01
3.724726140499114990e-01
7.085105180740356445e-01
4.648499145507812500e+02
1.247248687744140625e+02
2.257776489257812500e+02
6.478129029273986816e-01
1.580274772644042969e+01
1.681544555664062500e+03
7.854186892509460449e-01
1.934683799743652344e+00
7.814107513427734375e+01
1.591533064842224121e+00
2.252565175294876099e-01
4.252448120117187500e+02
4.493475723266601562e+01
9.738183021545410156e+00
2.875566711425781250e+02
2.671124877929687500e+02
1.116284942626953125e+02
4.498530864715576172e+00
1.788504219055175781e+01
2.560132145881652832e-01
9.808459281921386719e+00
6.166359329223632812e+01
3.417961001396179199e-01
2.419880485534667969e+01
1.323182487487792969e+01
8.191503906250000000e+01
2.451650238037109375e+01
1.231286315917968750e+02
3.860192871093750000e+01
2.090639343261718750e+02
2.959180297851562500e+02
1.153182506561279297e+01
6.704324951171875000e+02
1.274775981903076172e+00
6.450051307678222656e+00
8.352514648437500000e+02
2.556955413818359375e+02
4.060253601074218750e+02
6.457072448730468750e+01
4.789800047874450684e-01
7.448207855224609375e+01
1.926097488403320312e+01
1.326685180664062500e+02
9.117675423622131348e-01
5.392795410156250000e+02
1.276366561651229858e-01
1.030770034790039062e+02
1.055106658935546875e+02
1.600199788808822632e-01
2.392006367444992065e-01
1.076971149444580078e+01
1.882337182760238647e-01
1.117455768585205078e+01
1.262953579425811768e-01
1.362743530273437500e+03
4.225037841796875000e+02
5.101244449615478516e-01
6.310443878173828125e-01
1.243633627891540527e+00
1.126721572875976562e+02
1.002619639039039612e-01
4.431528320312500000e+02
2.647518348693847656e+01
5.261105060577392578e+00
6.928710341453552246e-01
1.462489843368530273e+00
5.198740234375000000e+02
1.169162273406982422e+01
3.200890350341796875e+01
2.285147190093994141e+00
2.024756164550781250e+02
9.438455200195312500e+02
5.986400127410888672e+00
2.584401855468750000e+02
8.189662170410156250e+01
6.244634628295898438e+01
2.102320480346679688e+01
4.811820373535156250e+02
3.689235687255859375e+01
8.217149047851562500e+02
2.062609405517578125e+02
1.368053150177001953e+01
2.106853179931640625e+02
3.567945861816406250e+01
6.698113441467285156e+00
8.535835571289062500e+02
1.618800811767578125e+02
2.999733276367187500e+02
7.345474853515625000e+02
4.067324638366699219e+00
5.310057373046875000e+02
3.307282714843750000e+02
8.398417663574218750e+01
1.590650439262390137e+00
2.621008300781250000e+03
1.708320975303649902e+00
1.351548828125000000e+03
6.427541503906250000e+02
1.421037077903747559e+00
9.759144783020019531e-01
6.690231323242187500e+01
4.345564270019531250e+01
5.922831344604492188e+01
7.547535300254821777e-01
1.332948730468750000e+03
2.175072509765625000e+03
2.763633966445922852e+00
4.879402637481689453e+00
5.703499603271484375e+01
2.238310432434082031e+01
5.338303446769714355e-01
1.406317626953125000e+03
5.463951416015625000e+02
1.913304138183593750e+01
6.856007385253906250e+01
7.747905273437500000e+02
9.743706665039062500e+02
1.837892723083496094e+01
2.997007141113281250e+02
1.652176380157470703e+00
2.581927795410156250e+02
5.966107788085937500e+02
5.870020294189453125e+01
1.344907073974609375e+02
7.188039398193359375e+01
1.823115539550781250e+01
3.550149536132812500e+01
6.241470947265625000e+02
5.343773269653320312e+01
8.748217773437500000e+02
6.901253662109375000e+02
1.760566253662109375e+02
2.496362548828125000e+03
8.115365982055664062e+00
7.556063652038574219e+00
2.818844299316406250e+02
7.074036407470703125e+01
6.538317108154296875e+01
1.307733642578125000e+03
2.736950397491455078e+00
2.490939636230468750e+02
7.985751342773437500e+01
1.813387680053710938e+01
6.015326976776123047e-01
3.719619384765625000e+03
3.840214967727661133e+00
1.810274810791015625e+02
3.394966430664062500e+02
4.429364502429962158e-01
1.913987398147583008e+00
1.708439331054687500e+02
2.695202445983886719e+01
7.048313598632812500e+02
1.297258257865905762e+00
9.354436645507812500e+02
1.641467285156250000e+03
9.197016954421997070e-01
1.838935852050781250e+00
1.921900558471679688e+01
2.871691703796386719e+01
5.213294029235839844e-01
3.705995849609375000e+03
5.421707534790039062e+01
1.035296249389648438e+02
7.273188018798828125e+01
3.720011901855468750e+01
2.312309570312500000e+03
4.193162918090820312e+00
2.512657737731933594e+01
7.664419412612915039e-01
9.433491516113281250e+01
1.327172851562500000e+01
7.307855129241943359e+00
4.259914016723632812e+01
1.207643432617187500e+03
4.954872608184814453e+00
8.134220123291015625e+01
1.004233474731445312e+02
1.037798786163330078e+01
8.026228332519531250e+01
2.306670379638671875e+01
1.465385818481445312e+01
8.923461914062500000e+02
1.405725002288818359e+01
7.147401332855224609e+00
1.072903289794921875e+02
1.716653633117675781e+01
2.724093246459960938e+01
2.650673339843750000e+03
1.581626415252685547e+00
2.699288024902343750e+02
1.209156005859375000e+03
9.372325897216796875e+00
8.164074420928955078e-01
5.263945770263671875e+01
4.448742866516113281e+00
3.537729187011718750e+02
3.754146957397460938e+01
1.840691566467285156e+00
8.374677896499633789e-01
1.803051452636718750e+02
2.942168951034545898e+00
2.048860931396484375e+01
1.141811728477478027e+00
4.567001037597656250e+02
6.145198364257812500e+02
2.859521389007568359e+00
4.851517200469970703e+00
6.426490306854248047e+00
1.309255599975585938e+01
2.915689647197723389e-01
2.628387756347656250e+02
1.045022216796875000e+03
4.367693901062011719e+00
1.357085227966308594e+01
8.142551269531250000e+02
3.300635986328125000e+02
6.542552185058593750e+01
3.389585266113281250e+02
3.058777332305908203e+00
4.478708496093750000e+02
8.025623321533203125e+01
9.325032043457031250e+01
2.403411865234375000e+02
1.421978912353515625e+02
5.866105651855468750e+01
9.123592376708984375e+01
9.034133911132812500e+01
1.554972839355468750e+01
1.327997131347656250e+02
6.995635986328125000e+02
4.082293701171875000e+02
2.288763671875000000e+03
1.875728607177734375e+01
2.103802871704101562e+01
7.291256103515625000e+02
5.087452697753906250e+01
2.086558532714843750e+01
1.698634887695312500e+03
2.936976432800292969e+00
1.301548706054687500e+03
2.786441650390625000e+02
2.064753341674804688e+01
1.664739370346069336e+00
1.857479614257812500e+03
8.675145149230957031e+00
2.108375701904296875e+02
1.237432861328125000e+02
9.594914913177490234e-01
2.305760145187377930e+00
7.496981811523437500e+02
4.987540435791015625e+01
1.078225097656250000e+03
1.833856344223022461e+00
3.408690795898437500e+02
2.369683593750000000e+03
1.683783650398254395e+00
4.099090099334716797e+00
4.589045333862304688e+01
3.253054046630859375e+01
4.456723034381866455e-01
1.798624389648437500e+03
1.356986694335937500e+02
9.295122528076171875e+01
1.935873718261718750e+02
9.380154418945312500e+01
4.837969207763671875e+01
1.603690528869628906e+01
1.230413341522216797e+01
3.387086153030395508e+00
5.349802856445312500e+02
5.215005874633789062e+01
2.014183521270751953e+00
6.758056640625000000e+01
3.685017013549804688e+01
8.150177955627441406e+00
4.431522846221923828e+00
4.685242843627929688e+01
1.324781775474548340e+00
9.556383514404296875e+01
2.498837890625000000e+02
2.280686759948730469e+01
2.202020568847656250e+02
6.056452941894531250e+01
1.256121993064880371e+00
5.034838867187500000e+02
7.395751190185546875e+01
6.473858356475830078e+00
4.015264892578125000e+02
3.631800889968872070e+00
1.201451416015625000e+03
1.771268005371093750e+02
3.250531911849975586e+00
1.293073415756225586e+00
3.324720764160156250e+02
1.966488122940063477e+00
1.381492675781250000e+03
3.488825988769531250e+01
1.127903938293457031e+00
5.194900035858154297e-01
6.321970748901367188e+01
1.500822639465332031e+01
6.148779296875000000e+01
5.046502947807312012e-01
1.822711029052734375e+02
1.027714355468750000e+03
1.551442503929138184e+00
2.599862813949584961e+00
1.253198528289794922e+01
9.134626388549804688e+00
2.529842555522918701e-01
4.187995147705078125e+01
7.286365356445312500e+02
1.096878623962402344e+01
1.096919555664062500e+02
4.046004333496093750e+02
3.416816894531250000e+03
8.332530021667480469e+00
7.398619079589843750e+01
3.947786808013916016e+00
2.856777954101562500e+01
1.499341583251953125e+02
7.629776954650878906e+00
2.637319946289062500e+01
6.953142089843750000e+02
1.416360855102539062e+01
3.985340881347656250e+02
6.828815307617187500e+02
2.135186767578125000e+01
2.192485656738281250e+02
3.476683044433593750e+01
5.482696533203125000e+01
4.331057128906250000e+02
6.909128189086914062e+00
2.596337699890136719e+01
1.302429199218750000e+02
1.423407077789306641e+01
2.396204833984375000e+02
9.788027343750000000e+02
2.150172233581542969e+00
2.503894996643066406e+01
9.461094665527343750e+01
3.309761428833007812e+01
1.710051298141479492e+00
1.867495574951171875e+02
1.877542114257812500e+01
1.006578521728515625e+02
6.740584106445312500e+02
1.722514986991882324e+00
9.284710288047790527e-01
7.110439453125000000e+02
2.663763809204101562e+01
1.034388427734375000e+02
1.613463878631591797e+00
8.036796875000000000e+02
6.277553710937500000e+02
1.198132872581481934e+00
1.513072609901428223e+00
7.362039566040039062e+00
1.134663200378417969e+01
2.327506393194198608e-01
1.028153442382812500e+03
9.208833312988281250e+01
5.378782272338867188e+00
3.741842651367187500e+01
1.018227386474609375e+02
5.137795410156250000e+02
3.724562454223632812e+01
1.117771301269531250e+02
4.408590495586395264e-01
9.794248199462890625e+01
3.339105224609375000e+02
2.833278846740722656e+01
3.664470825195312500e+02
2.764828491210937500e+02
5.455213928222656250e+01
2.694378471374511719e+01
1.515841979980468750e+02
3.815511322021484375e+01
3.973162231445312500e+02
2.204505462646484375e+02
1.570220489501953125e+02
1.768663208007812500e+03
8.862834930419921875e+00
9.848550796508789062e+00
1.546607299804687500e+03
2.108192291259765625e+02
1.543861083984375000e+02
2.664298828125000000e+03
9.590675830841064453e-01
1.065637695312500000e+03
2.867620239257812500e+02
5.415036010742187500e+01
6.856164932250976562e-01
1.793004882812500000e+03
1.382095575332641602e+00
2.090665893554687500e+02
2.223652343750000000e+02
5.453252792358398438e-01
1.256773829460144043e+00
1.069599990844726562e+02
1.715726470947265625e+01
2.088295135498046875e+02
5.773509740829467773e-01
2.087985595703125000e+03
4.351265136718750000e+03
1.240809559822082520e+00
3.616008758544921875e+00
1.808063888549804688e+01
4.894598388671875000e+01
2.339765876531600952e-01
3.060580566406250000e+03
2.055311584472656250e+02
1.373086738586425781e+01
6.742272186279296875e+01
1.885202026367187500e+02
5.486152832031250000e+03
7.678794384002685547e+00
1.543410491943359375e+02
2.040603399276733398e+00
3.082922172546386719e+01
6.215319824218750000e+01
2.645508193969726562e+01
4.698397064208984375e+01
1.747840209960937500e+03
3.008159637451171875e+00
4.100271606445312500e+02
4.489095764160156250e+02
2.206914520263671875e+01
9.770938873291015625e+01
6.628654479980468750e+01
1.095979766845703125e+02
1.892129028320312500e+03
9.719038963317871094e+00
1.998976516723632812e+01
1.735830841064453125e+02
3.108520889282226562e+01
7.613638305664062500e+01
3.953832763671875000e+03
1.251304864883422852e+00
1.312699737548828125e+02
7.507847900390625000e+02
5.916809558868408203e+00
9.374673366546630859e-01
7.272381591796875000e+01
1.190870571136474609e+01
7.616232299804687500e+01
2.232725830078125000e+02
2.853264331817626953e+00
1.523942470550537109e+00
4.437742614746093750e+02
1.321937465667724609e+01
1.695184631347656250e+02
1.934333324432373047e+00
8.169228515625000000e+02
1.722881469726562500e+03
2.035406351089477539e+00
3.422315120697021484e+00
2.908304929733276367e+00
1.629775810241699219e+01
2.791460454463958740e-01
1.246362548828125000e+03
7.415079956054687500e+02
6.105633735656738281e+00
4.628380584716796875e+01
6.283622436523437500e+02
