1.562086105346679688e+01
1.314585571289062500e+02
4.575513839721679688e+01
6.555087566375732422e+00
2.167194557189941406e+01
1.013316512107849121e+00
3.098864936828613281e+01
7.514491577148437500e+02
2.040055847167968750e+02
9.039789581298828125e+01
3.770065689086914062e+01
2.780600929260253906e+01
1.335869750976562500e+02
2.352169799804687500e+02
2.431247863769531250e+02
1.772921752929687500e+01
4.358800888061523438e+01
1.007744827270507812e+02
2.396496582031250000e+02
9.993018954992294312e-02
1.904587249755859375e+02
3.131686401367187500e+01
4.222924804687500000e+01
8.436833190917968750e+01
1.080297660827636719e+01
5.872458815574645996e-01
6.638324737548828125e+01
2.178748893737792969e+01
2.431265115737915039e-01
6.122778701782226562e+01
2.750914382934570312e+01
3.185345649719238281e+01
3.455502700805664062e+01
3.114080905914306641e+00
2.210616320371627808e-01
8.467037677764892578e-01
4.484501266479492188e+01
9.663256835937500000e+01
1.745663452148437500e+02
2.714644622802734375e+01
7.070446014404296875e-01
2.559252777099609375e+02
8.626839637756347656e+00
8.788851165771484375e+01
4.455371379852294922e+00
2.718309640884399414e+00
4.749512329101562500e+02
7.104999542236328125e+00
3.110479736328125000e+01
2.254084968566894531e+01
5.119393348693847656e+00
3.067369842529296875e+01
4.773809509277343750e+02
2.023465538024902344e+01
3.335857391357421875e+01
1.282110571861267090e+00
6.117395877838134766e+00
1.060136718750000000e+02
1.185244083404541016e+00
2.550142705440521240e-01
2.112363874912261963e-01
1.148132801055908203e+00
9.908432769775390625e+01
6.466571044921875000e+01
2.263796997070312500e+01
5.822101974487304688e+01
2.937944412231445312e+01
4.144517135620117188e+01
1.769499816894531250e+02
3.620717525482177734e-01
1.439414739608764648e+00
2.880190372467041016e+00
6.588868713378906250e+01
4.673807983398437500e+02
1.209175720214843750e+02
3.609202057123184204e-02
4.872555732727050781e+00
1.100989685058593750e+02
7.512377947568893433e-02
7.567206621170043945e-01
1.793235015869140625e+02
6.954953670501708984e+00
1.475762653350830078e+01
5.303234863281250000e+01
8.640988171100616455e-02
3.059682130813598633e+00
5.218900756835937500e+02
2.033214874267578125e+02
1.209733276367187500e+02
1.250369720458984375e+02
1.055293884277343750e+02
8.835204124450683594e+00
6.907817077636718750e+01
4.277392578125000000e+01
8.884477615356445312e+00
5.289622116088867188e+01
2.075575828552246094e+00
1.829250030517578125e+02
8.381208181381225586e-01
6.561006546020507812e+00
5.347636222839355469e+00
1.539430999755859375e+02
1.180753784179687500e+03
3.943044281005859375e+01
1.099964714050292969e+01
1.545151710510253906e+00
1.245844039916992188e+02
6.275408325195312500e+02
4.898397064208984375e+01
2.763712882995605469e+01
1.418586063385009766e+01
1.102857589721679688e+01
2.499142608642578125e+02
6.472473754882812500e+02
1.796620635986328125e+02
8.551396179199218750e+01
1.382461090087890625e+02
2.405352172851562500e+02
6.081959838867187500e+02
6.074815988540649414e-01
4.089802932739257812e+01
1.146931171417236328e+01
1.072447967529296875e+02
1.102332031250000000e+03
6.632815551757812500e+01
3.753890097141265869e-01
2.004673385620117188e+01
3.454146118164062500e+02
2.329267710447311401e-01
1.387916374206542969e+01
7.668602905273437500e+02
1.775893707275390625e+02
4.204912185668945312e+01
4.977869415283203125e+01
1.880908459424972534e-01
4.316217899322509766e+00
1.493377838134765625e+02
6.378701171875000000e+02
1.025584350585937500e+03
7.997019042968750000e+02
4.448789596557617188e+01
6.523529052734375000e+02
1.392085266113281250e+02
5.066803588867187500e+02
7.546604156494140625e+01
4.666876983642578125e+01
1.412252960205078125e+02
3.510464096069335938e+01
1.818777656555175781e+01
7.270963287353515625e+01
9.044563293457031250e+00
9.035770416259765625e+01
1.748083984375000000e+03
3.666834259033203125e+01
2.804360656738281250e+02
4.713492870330810547e+00
5.369515228271484375e+01
7.196369018554687500e+02
3.547695541381835938e+01
7.157932281494140625e+00
4.034116744995117188e+00
3.348668670654296875e+01
1.696595336914062500e+03
9.412150878906250000e+02
2.552744750976562500e+02
9.076731567382812500e+02
2.660965881347656250e+02
1.541301757812500000e+03
6.144567871093750000e+02
9.072238802909851074e-01
1.281268692016601562e+01
3.679301834106445312e+01
4.269880371093750000e+02
1.196443237304687500e+03
1.542473449707031250e+02
2.174139767885208130e-01
4.660337448120117188e+01
4.361472778320312500e+02
3.778848648071289062e-01
1.481327514648437500e+02
3.889999084472656250e+02
3.417058181762695312e+01
4.029885101318359375e+01
1.158684253692626953e+01
1.393185406923294067e-01
1.818913269042968750e+01
4.732114562988281250e+02
5.270421142578125000e+02
1.169963256835937500e+03
5.785094604492187500e+02
2.348776054382324219e+01
9.980285644531250000e+01
5.418551254272460938e+01
3.539043884277343750e+02
9.345296859741210938e+00
1.299070930480957031e+01
7.806729888916015625e+01
2.081053733825683594e+01
4.988578796386718750e+01
5.911640167236328125e+01
3.043497085571289062e+01
1.374639587402343750e+02
1.739422760009765625e+02
2.996134338378906250e+02
4.465264511108398438e+01
2.062055110931396484e+00
1.410068817138671875e+02
1.503187377929687500e+03
8.491668701171875000e+01
1.301574859619140625e+02
6.342308521270751953e+00
5.636657333374023438e+01
2.392781448364257812e+01
2.527507629394531250e+02
3.800876617431640625e+01
1.910816497802734375e+02
1.288715744018554688e+01
1.732000488281250000e+03
2.684911918640136719e+01
1.508062481880187988e-01
1.889456787109375000e+02
6.537195587158203125e+01
4.695166015625000000e+01
1.443719116210937500e+03
6.194167709350585938e+01
8.850420117378234863e-01
4.859285354614257812e+01
1.701068237304687500e+03
8.126800507307052612e-02
3.222557830810546875e+01
6.755213260650634766e+00
3.254687500000000000e+02
7.592420196533203125e+01
1.125293922424316406e+01
1.204296201467514038e-01
4.614109039306640625e+00
1.169911132812500000e+03
1.454843292236328125e+02
5.972492980957031250e+01
1.314566802978515625e+02
1.277187252044677734e+01
7.865614624023437500e+02
1.113266849517822266e+01
1.569923400878906250e+01
4.351810836791992188e+01
8.611997222900390625e+01
5.058567810058593750e+01
3.560028839111328125e+01
2.002159118652343750e+01
8.708168792724609375e+01
7.373075103759765625e+01
2.806818847656250000e+02
4.179439697265625000e+02
2.839784812927246094e+01
4.578998718261718750e+02
5.438478946685791016e+00
6.472959136962890625e+01
1.362004272460937500e+03
7.474501037597656250e+01
3.444258117675781250e+01
1.312193584442138672e+01
9.813542938232421875e+01
1.377154296875000000e+03
3.433172912597656250e+02
2.404813232421875000e+02
3.088153686523437500e+02
4.255290527343750000e+02
1.134249633789062500e+03
7.367822875976562500e+02
6.434390544891357422e-01
2.846615600585937500e+01
1.190583572387695312e+02
3.197931518554687500e+02
2.133764343261718750e+02
1.483658447265625000e+02
6.908893585205078125e-01
1.435587005615234375e+02
2.042688598632812500e+02
2.995498478412628174e-01
3.536698303222656250e+02
3.384329605102539062e+01
4.855625915527343750e+01
1.589380798339843750e+02
1.153713226318359375e+01
3.431137800216674805e-01
1.711961746215820312e+01
7.264417724609375000e+02
2.918428344726562500e+02
1.591852416992187500e+02
8.322741699218750000e+01
2.214088630676269531e+01
1.558765411376953125e+02
2.886112976074218750e+01
6.675576782226562500e+01
1.377055931091308594e+01
1.469029331207275391e+01
7.912535858154296875e+01
7.676692199707031250e+01
8.208370208740234375e+01
8.522499084472656250e+01
7.481172084808349609e+00
5.482958374023437500e+02
2.236351470947265625e+02
3.956132125854492188e+01
1.065648193359375000e+02
6.116495728492736816e-01
2.176702690124511719e+01
1.189495971679687500e+03
6.899648284912109375e+01
4.025332641601562500e+01
4.679174423217773438e+00
5.216641902923583984e+00
5.595479965209960938e+01
2.161237144470214844e+01
1.075428466796875000e+02
5.035096168518066406e+00
1.784243164062500000e+02
8.636553192138671875e+01
3.578951721191406250e+02
9.727089107036590576e-02
1.517793579101562500e+02
7.913026428222656250e+01
5.676670837402343750e+01
4.695576858520507812e+01
3.134624671936035156e+01
5.502970218658447266e-01
2.414142608642578125e+00
1.153326492309570312e+02
2.663776651024818420e-02
4.128573608398437500e+01
1.140265750885009766e+01
4.009952163696289062e+01
2.939516258239746094e+01
1.942033958435058594e+01
1.437715440988540649e-01
3.487704038619995117e+00
4.189109497070312500e+02
1.272747879028320312e+02
5.955027008056640625e+01
2.069782257080078125e+02
3.296520996093750000e+01
6.452033691406250000e+02
5.233077239990234375e+01
3.117103385925292969e+01
5.038039398193359375e+01
2.212135314941406250e+01
9.184074401855468750e+01
1.510585117340087891e+01
1.882724380493164062e+01
1.021785507202148438e+02
4.619875717163085938e+01
1.457719039916992188e+01
7.918543701171875000e+02
8.804667663574218750e+01
8.527165412902832031e+00
2.121284723281860352e+00
8.508826446533203125e+01
5.717540283203125000e+02
1.368924255371093750e+02
1.374256439208984375e+02
9.940406799316406250e+00
2.134501342773437500e+02
7.501644897460937500e+01
1.560580322265625000e+03
1.453978633880615234e+01
2.795106811523437500e+02
1.687994194030761719e+01
8.190341796875000000e+02
1.244754486083984375e+02
6.036638617515563965e-01
8.824728393554687500e+01
7.740309143066406250e+01
1.518606853485107422e+01
2.101095703125000000e+03
6.141553878784179688e+01
9.527609348297119141e-01
2.637777404785156250e+02
1.174613525390625000e+03
9.837312698364257812e-01
5.148860549926757812e+01
7.239622192382812500e+02
4.716272735595703125e+01
1.962919616699218750e+01
1.142998600006103516e+01
1.782281696796417236e-01
1.919852137565612793e+00
2.747902221679687500e+02
2.118826446533203125e+02
9.922908020019531250e+01
6.163650512695312500e+02
1.835372734069824219e+01
8.842755126953125000e+01
2.304014015197753906e+01
1.610442352294921875e+02
4.376497650146484375e+01
3.332526779174804688e+01
1.086309051513671875e+02
1.143182449340820312e+02
8.918674468994140625e+00
3.858200073242187500e+01
3.268881988525390625e+01
7.794490051269531250e+01
1.782463256835937500e+03
6.169863128662109375e+01
1.213828506469726562e+02
2.352391242980957031e+00
1.174365386962890625e+02
2.057047363281250000e+03
4.434133148193359375e+01
7.620662689208984375e+00
8.838739395141601562e+00
6.257017135620117188e+00
3.198938293457031250e+02
5.854794921875000000e+02
4.378662414550781250e+02
5.326763916015625000e+02
1.260862426757812500e+02
1.742449829101562500e+03
1.009799865722656250e+03
3.011765480041503906e-01
2.734120941162109375e+01
5.327022552490234375e+01
8.399686431884765625e+01
1.903621704101562500e+03
3.550973892211914062e+01
1.346549242734909058e-01
4.432598114013671875e+01
2.355136108398437500e+02
1.273992657661437988e-01
9.474954223632812500e+01
1.604872131347656250e+02
1.877123260498046875e+01
7.698159790039062500e+01
1.786724853515625000e+01
1.547332704067230225e-01
2.796653985977172852e+00
1.134632202148437500e+03
1.105476684570312500e+03
5.410693359375000000e+02
2.462015533447265625e+02
3.710264205932617188e+01
1.025998306274414062e+02
3.001971626281738281e+01
2.110036163330078125e+02
2.293694305419921875e+01
2.898157501220703125e+01
9.033692932128906250e+01
1.373481750488281250e+02
4.896221923828125000e+01
9.013620758056640625e+01
2.366962242126464844e+01
3.506574630737304688e+01
4.935606079101562500e+02
2.434660339355468750e+02
9.617024230957031250e+01
3.519365072250366211e+00
2.828175659179687500e+02
2.018476318359375000e+03
1.177255401611328125e+02
2.277838134765625000e+02
3.776183128356933594e+00
1.971076660156250000e+02
2.012818908691406250e+02
1.402251953125000000e+03
4.274693298339843750e+01
6.525256347656250000e+02
3.871191024780273438e+01
3.175740966796875000e+03
1.223529891967773438e+02
4.695639908313751221e-01
3.043696289062500000e+02
2.267164421081542969e+01
3.389349365234375000e+01
3.020209960937500000e+03
1.348632202148437500e+02
7.575834989547729492e-01
1.647802429199218750e+02
2.079533935546875000e+03
6.589748859405517578e-01
2.016993255615234375e+02
1.160550765991210938e+02
2.568543395996093750e+02
2.714397048950195312e+01
7.039484977722167969e+00
1.072036996483802795e-01
4.102227687835693359e+00
1.453928588867187500e+03
1.667568664550781250e+02
1.081667175292968750e+02
1.432976684570312500e+02
1.735013580322265625e+01
3.934069213867187500e+02
5.119160652160644531e+00
1.277943954467773438e+02
1.245682430267333984e+01
4.811904144287109375e+01
3.495942382812500000e+02
6.341481018066406250e+01
3.901712417602539062e+01
1.432452392578125000e+02
