1.469909429550170898e+00
2.381001281738281250e+01
3.962204895019531250e+02
5.306563377380371094e+00
1.056547393798828125e+02
7.096885681152343750e+00
3.426753234863281250e+02
8.697709655761718750e+01
4.306634140014648438e+01
4.356231689453125000e+02
1.779463386535644531e+01
6.839188575744628906e+00
1.115424060821533203e+01
4.627629852294921875e+01
4.329747772216796875e+01
5.046255111694335938e+01
1.087502059936523438e+02
7.768658638000488281e+00
1.128981628417968750e+02
1.876654815673828125e+01
8.032357788085937500e+01
5.666645812988281250e+01
1.533295288085937500e+02
1.239453125000000000e+01
1.458268737792968750e+02
1.118724899291992188e+02
4.056698608398437500e+01
6.908267211914062500e+01
3.692623615264892578e+00
2.370089912414550781e+01
2.069522094726562500e+01
4.577088317871093750e+02
6.610275268554687500e+01
6.166108608245849609e+00
4.747204895019531250e+02
2.874698877334594727e+00
7.372965087890625000e+02
1.855597114562988281e+01
9.747002410888671875e+01
1.167108893394470215e+00
1.516171722412109375e+02
1.134345092773437500e+02
3.376260757446289062e+01
6.014440059661865234e+00
1.154042339324951172e+01
1.243323822021484375e+02
6.581197261810302734e+00
1.053641033172607422e+01
1.007007980346679688e+02
2.628426626324653625e-02
3.901885747909545898e-01
9.909446716308593750e+01
1.694494476318359375e+02
3.130966377258300781e+01
1.093918533325195312e+02
2.957744407653808594e+01
7.951641082763671875e+01
2.937184524536132812e+01
9.188157320022583008e-01
3.889940679073333740e-01
1.360572509765625000e+02
2.166922950744628906e+01
1.118702030181884766e+01
2.606178283691406250e+01
9.678375244140625000e+01
5.286958217620849609e+00
8.296176910400390625e+01
1.114913463592529297e+01
2.764336585998535156e+01
2.037557678222656250e+02
1.747601699829101562e+01
1.345292282104492188e+01
1.817003326416015625e+02
4.828148651123046875e+01
9.978600311279296875e+01
4.825267028808593750e+01
3.816139831542968750e+02
7.544168233871459961e-01
2.382226715087890625e+02
1.606461639404296875e+02
1.108640213012695312e+02
1.289936542510986328e+01
6.723392963409423828e+00
1.108683395385742188e+02
2.281892061233520508e+00
1.894499778747558594e+01
1.712514404296875000e+03
1.037067413330078125e+02
4.431631088256835938e+01
2.182108116149902344e+01
1.149934291839599609e+00
1.292929534912109375e+02
7.844511032104492188e+00
6.741323852539062500e+01
6.262186050415039062e+01
5.418261528015136719e+00
1.939366722106933594e+01
4.672953033447265625e+01
2.373956680297851562e+00
4.686958342790603638e-02
3.040311634540557861e-01
5.903432006835937500e+02
3.313488769531250000e+02
5.667251586914062500e+01
3.939003601074218750e+02
4.236684036254882812e+01
1.801121520996093750e+02
1.801628875732421875e+02
8.159033775329589844e+00
1.133894729614257812e+02
1.352826843261718750e+02
1.046104888916015625e+02
1.417902755737304688e+01
4.148020172119140625e+01
9.435123443603515625e+01
4.152821731567382812e+01
1.891938934326171875e+02
2.120555114746093750e+01
4.347622299194335938e+01
3.235562515258789062e+01
1.438276062011718750e+02
1.786368713378906250e+02
3.389188842773437500e+02
9.722325134277343750e+01
3.835428161621093750e+02
3.584355468750000000e+02
2.657881164550781250e+02
3.610728073120117188e+01
5.576659393310546875e+01
2.567107849121093750e+02
7.091012573242187500e+01
1.105202941894531250e+02
3.776182174682617188e+01
2.207538223266601562e+01
4.394101867675781250e+02
5.218575954437255859e+00
2.051974609375000000e+03
4.086849060058593750e+02
1.503929748535156250e+02
2.969876289367675781e+01
1.716472625732421875e+01
6.460909423828125000e+02
4.343273162841796875e+01
2.495059013366699219e+01
7.689849376678466797e+00
3.212210998535156250e+02
2.133204460144042969e+01
4.164048767089843750e+01
1.891494560241699219e+01
1.178362369537353516e-01
3.088285207748413086e+00
4.925403137207031250e+02
2.825722045898437500e+02
3.629156494140625000e+01
9.567805175781250000e+02
1.384686431884765625e+02
5.073672180175781250e+02
1.838938293457031250e+02
5.572584152221679688e+01
2.086936492919921875e+02
7.955381774902343750e+01
3.781828613281250000e+02
1.347467956542968750e+02
2.363679199218750000e+02
1.284580078125000000e+02
1.313596038818359375e+02
1.403732452392578125e+02
3.923245906829833984e+00
1.749122772216796875e+02
4.802623748779296875e+01
9.059869384765625000e+01
3.619691467285156250e+01
5.564877929687500000e+02
1.292351531982421875e+02
1.279037719726562500e+03
1.092032241821289062e+02
2.841447143554687500e+02
2.264583969116210938e+01
3.548999786376953125e+01
9.878200531005859375e+01
3.362404479980468750e+02
2.525617523193359375e+02
6.178487396240234375e+01
1.827831840515136719e+01
1.645951690673828125e+02
1.379940152168273926e+00
4.048455810546875000e+03
3.002775268554687500e+02
1.661268157958984375e+02
4.793910503387451172e+00
1.466092586517333984e+01
8.442274169921875000e+02
2.023201370239257812e+01
5.993172607421875000e+02
1.477075481414794922e+01
9.801580047607421875e+01
1.196461868286132812e+02
1.550543670654296875e+02
1.716172218322753906e+01
1.187275648117065430e-01
5.485867500305175781e+00
1.312721920013427734e+01
2.150824890136718750e+02
8.119934201240539551e-01
7.508244991302490234e+00
7.465048828125000000e+02
2.049927520751953125e+01
8.187518119812011719e+00
5.337938690185546875e+01
3.128921203613281250e+02
8.598824501037597656e+00
1.022290039062500000e+02
1.714641189575195312e+01
4.755886077880859375e+01
2.990584411621093750e+02
6.706422424316406250e+01
1.394888153076171875e+02
1.308864879608154297e+01
1.431541919708251953e+01
4.518302307128906250e+02
3.104931354522705078e+00
1.441723937988281250e+02
1.423746093750000000e+03
4.049653244018554688e+01
2.740806884765625000e+02
7.452631225585937500e+02
3.311697082519531250e+02
7.182444763183593750e+01
1.530311279296875000e+02
8.839631080627441406e+00
6.185599517822265625e+01
8.066370391845703125e+01
2.965909957885742188e+01
8.486011505126953125e+01
1.439328002929687500e+02
1.701566338539123535e+00
2.741024902343750000e+03
1.609768486022949219e+01
6.116098022460937500e+01
1.414409351348876953e+01
2.395394134521484375e+02
5.398323974609375000e+02
5.635092544555664062e+01
1.634324035644531250e+02
9.561383819580078125e+01
5.971724853515625000e+02
4.127487564086914062e+01
1.696558380126953125e+01
6.206455230712890625e+01
4.137069359421730042e-02
7.110792636871337891e+00
3.793612289428710938e+01
3.478456420898437500e+02
7.435832023620605469e+00
6.759174804687500000e+02
2.558721466064453125e+02
7.711382446289062500e+02
4.666636657714843750e+01
1.727161865234375000e+02
2.858380737304687500e+02
3.062113571166992188e+01
8.891358947753906250e+01
1.393122253417968750e+02
7.771657104492187500e+02
7.407102203369140625e+01
2.474920654296875000e+02
2.023251800537109375e+02
9.511221885681152344e+00
2.720012817382812500e+02
2.700070571899414062e+01
1.255822219848632812e+02
3.653030014038085938e+01
3.815553588867187500e+02
5.429698944091796875e+01
8.293499755859375000e+02
3.394082031250000000e+02
1.135067062377929688e+02
3.332471466064453125e+01
3.659078216552734375e+01
1.123339233398437500e+02
2.387364044189453125e+02
2.729349975585937500e+02
9.381030273437500000e+01
6.439477539062500000e+01
1.268310394287109375e+02
5.284340858459472656e+00
3.050450683593750000e+03
6.082873535156250000e+01
1.625092926025390625e+02
2.331458854675292969e+01
4.758419418334960938e+01
1.130870895385742188e+02
1.034414138793945312e+02
4.733756408691406250e+02
3.504991531372070312e+01
2.720667724609375000e+02
1.117949676513671875e+02
4.996941375732421875e+01
6.557808685302734375e+01
5.879547074437141418e-02
1.115853190422058105e+00
4.284136581420898438e+01
5.307010498046875000e+02
3.857081413269042969e+00
1.151618576049804688e+02
3.182887840270996094e+01
2.350238800048828125e+02
2.265268516540527344e+01
9.082270812988281250e+01
2.245499267578125000e+02
3.224225616455078125e+01
9.925469398498535156e+00
1.244212436676025391e+01
5.084907531738281250e+02
9.186061859130859375e+01
1.190451622009277344e+01
3.564479675292968750e+02
3.992747306823730469e+00
9.126769256591796875e+01
1.409196472167968750e+01
7.017933654785156250e+01
1.220685195922851562e+02
1.907062988281250000e+02
2.363457870483398438e+01
1.369164428710937500e+02
4.975375061035156250e+02
2.119256134033203125e+02
1.545353126525878906e+01
1.690921592712402344e+01
1.173890838623046875e+02
4.941665267944335938e+01
3.819381408691406250e+02
1.559877586364746094e+01
4.418216705322265625e+01
1.712681121826171875e+02
1.925816535949707031e+00
1.259870361328125000e+03
3.893345832824707031e+00
8.395774841308593750e+01
1.044013214111328125e+01
1.568728485107421875e+02
3.049189758300781250e+01
7.000867366790771484e+00
3.444269895553588867e+00
3.296765136718750000e+01
2.405077362060546875e+02
9.648107528686523438e+00
4.911477088928222656e+00
2.925803947448730469e+01
2.969984523952007294e-02
5.202085018157958984e+00
3.034588012695312500e+02
1.147800598144531250e+02
2.685101509094238281e+01
9.254153251647949219e+00
2.445349731445312500e+02
4.694641113281250000e+01
4.914894485473632812e+01
4.058200073242187500e+01
2.656243286132812500e+02
8.767453765869140625e+01
2.662700500488281250e+02
2.230059432983398438e+01
1.544194889068603516e+01
1.200486755371093750e+02
2.530456085205078125e+02
8.633780670166015625e+01
1.398231410980224609e+01
6.925320434570312500e+01
2.994430541992187500e+02
6.426001739501953125e+01
4.099863433837890625e+01
1.026177001953125000e+03
9.162980651855468750e+01
2.112498626708984375e+02
9.656130218505859375e+01
1.848215332031250000e+02
5.030495071411132812e+01
2.598712768554687500e+02
7.651437759399414062e+00
5.724753570556640625e+01
6.827943420410156250e+01
2.157515716552734375e+02
1.795763778686523438e+01
6.833640289306640625e+01
1.479452228546142578e+01
2.353489501953125000e+03
4.593164367675781250e+02
2.706138229370117188e+01
1.457435894012451172e+01
1.489758911132812500e+02
7.605037841796875000e+02
1.455588378906250000e+02
8.944141387939453125e+01
4.952681350708007812e+01
1.138297882080078125e+02
4.339113235473632812e+01
2.994454002380371094e+01
1.468341522216796875e+02
9.859088063240051270e-02
2.151989459991455078e+00
3.023478393554687500e+02
8.979450683593750000e+02
6.148745059967041016e+00
2.447919616699218750e+02
4.396513671875000000e+02
6.441879272460937500e+02
7.420291137695312500e+01
4.645781707763671875e+01
2.008314819335937500e+02
1.308817291259765625e+02
1.659123382568359375e+02
1.172400093078613281e+01
3.826921997070312500e+02
1.923008117675781250e+02
1.627083892822265625e+02
1.738255310058593750e+02
4.435910034179687500e+01
7.039761352539062500e+01
7.963761138916015625e+01
1.391771697998046875e+02
2.926200103759765625e+01
5.125158081054687500e+02
3.817135238647460938e+01
1.090088012695312500e+03
2.500847015380859375e+02
3.191017456054687500e+02
2.107943725585937500e+01
2.243701782226562500e+02
1.972219085693359375e+02
4.099836730957031250e+02
3.206187744140625000e+02
1.902833938598632812e+01
1.030736999511718750e+02
2.963100280761718750e+02
2.955472946166992188e+00
6.278836914062500000e+03
1.867364654541015625e+02
5.808893966674804688e+01
2.154325294494628906e+01
1.934520339965820312e+01
9.246590576171875000e+02
5.837181854248046875e+01
1.312043457031250000e+02
3.543699264526367188e+01
3.518779602050781250e+02
2.775769805908203125e+01
6.660040283203125000e+01
1.471000957489013672e+01
6.279645115137100220e-02
4.675014972686767578e+00
3.288732147216796875e+01
2.959825744628906250e+02
3.203834295272827148e+00
7.911166381835937500e+01
9.844241943359375000e+02
1.108799667358398438e+02
7.983776092529296875e+01
8.971427154541015625e+01
7.559973754882812500e+02
1.099083995819091797e+01
2.829524841308593750e+02
3.348245239257812500e+01
1.290191192626953125e+02
2.257557983398437500e+02
3.310466918945312500e+02
4.202896118164062500e+01
9.790794372558593750e+00
8.952272796630859375e+01
6.099406738281250000e+02
4.468843841552734375e+01
4.865697860717773438e+01
2.083371337890625000e+03
8.458023071289062500e+01
7.757878417968750000e+02
4.541902770996093750e+02
2.182045745849609375e+02
1.263645935058593750e+02
2.795939025878906250e+02
1.888785362243652344e+01
1.737265625000000000e+02
2.039341583251953125e+02
1.707064666748046875e+02
6.042009735107421875e+01
2.342900848388671875e+02
6.920036792755126953e+00
5.100051757812500000e+03
1.758473358154296875e+02
2.305570983886718750e+01
7.858496189117431641e+00
2.556744079589843750e+02
1.312348876953125000e+03
9.878458404541015625e+01
4.744065551757812500e+02
6.084213638305664062e+01
7.343829956054687500e+02
8.087568664550781250e+01
4.937170410156250000e+01
1.348299255371093750e+02
4.862985014915466309e-02
