2.495803451538085938e+01
1.697773437500000000e+02
1.468086910247802734e+01
8.063058471679687500e+01
2.056020660400390625e+02
9.445468902587890625e+01
2.663856697082519531e+01
3.122153930664062500e+02
1.163733520507812500e+02
1.373436927795410156e+01
1.189299869537353516e+01
4.359531784057617188e+01
6.500532627105712891e+00
5.350631332397460938e+01
2.915858764648437500e+02
3.734313583374023438e+01
1.150524044036865234e+01
2.263193206787109375e+02
1.730078125000000000e+01
1.744918441772460938e+01
3.142911529541015625e+01
3.510659790039062500e+01
5.662475585937500000e+02
9.351820373535156250e+01
1.908451538085937500e+02
5.422698974609375000e+00
1.298071002960205078e+01
1.390017890930175781e+01
1.422588806152343750e+02
5.650543975830078125e+01
9.857078552246093750e+01
3.753176116943359375e+01
1.234377503395080566e+00
1.012808074951171875e+02
9.441599273681640625e+01
1.478771820068359375e+02
3.866354370117187500e+01
1.115022659301757812e+01
8.942212104797363281e+00
5.833861694335937500e+02
4.574738070368766785e-02
2.683244705200195312e+01
7.363014221191406250e+01
1.816414833068847656e+01
1.204368751496076584e-02
1.283298950195312500e+02
3.954708099365234375e+01
1.271391201019287109e+01
2.826473999023437500e+02
3.021748962402343750e+02
3.504198455810546875e+01
1.520636444091796875e+02
3.091929626464843750e+01
7.214315032958984375e+01
7.794248580932617188e+00
4.341531753540039062e+01
1.837284564971923828e-01
4.008705520629882812e+01
9.721222686767578125e+01
3.356167984008789062e+01
1.186966323852539062e+02
1.373249511718750000e+02
6.955578613281250000e+01
9.517736816406250000e+01
8.887983703613281250e+01
3.164306831359863281e+01
2.550347137451171875e+02
4.407088851928710938e+01
5.557018280029296875e+00
9.943931579589843750e+01
2.256542510986328125e+02
4.399046325683593750e+02
9.834204864501953125e+01
5.730486869812011719e+00
1.389982147216796875e+02
7.505890846252441406e+00
7.856182098388671875e+01
4.007009887695312500e+01
1.820725555419921875e+02
1.074088662862777710e-01
6.269572448730468750e+01
1.061118164062500000e+02
2.163339219987392426e-02
1.990807652473449707e+00
1.750939369201660156e+00
2.901829183101654053e-01
2.617978668212890625e+01
1.350532913208007812e+01
4.341665649414062500e+02
5.272167968750000000e+02
5.325559992343187332e-03
3.966629981994628906e+00
4.234070777893066406e+00
2.337487182617187500e+02
2.405958017334342003e-03
4.560296936035156250e+02
1.073092422485351562e+02
6.204993057250976562e+01
2.132134288549423218e-01
6.104980945587158203e+00
1.366867065429687500e+02
6.328538513183593750e+01
4.790959548950195312e+01
1.300854949951171875e+02
7.071873474121093750e+01
3.244508666992187500e+02
7.962255477905273438e+00
3.432260742187500000e+02
1.348359222412109375e+02
2.580596542358398438e+01
6.343002319335937500e+01
3.238975830078125000e+02
2.604332275390625000e+02
4.558871765136718750e+02
1.838470153808593750e+02
3.193793487548828125e+01
7.421568298339843750e+01
1.590619506835937500e+02
2.597706794738769531e+01
1.916055145263671875e+02
2.327296447753906250e+02
2.262291412353515625e+02
7.307496948242187500e+02
3.494226455688476562e+01
2.103483276367187500e+02
3.542830276489257812e+01
3.134530448913574219e+01
1.872871398925781250e+01
6.010639038085937500e+02
3.458405017852783203e+00
2.819426269531250000e+02
6.183787231445312500e+02
2.695071995258331299e-01
4.325734710693359375e+01
1.304007720947265625e+01
8.604415893554687500e+01
2.801699066162109375e+01
4.439799499511718750e+01
3.261581420898437500e+02
9.490592651367187500e+02
1.787631399929523468e-02
3.920447158813476562e+01
1.160815734863281250e+02
8.220568847656250000e+01
1.274456176906824112e-02
7.742901000976562500e+02
2.160747985839843750e+02
7.159413909912109375e+01
8.014859771728515625e+01
3.710276489257812500e+02
3.291080627441406250e+02
1.262773742675781250e+02
4.668201293945312500e+02
1.111043853759765625e+02
2.185775451660156250e+02
2.512437133789062500e+02
7.193386077880859375e+01
3.710194091796875000e+02
2.012014465332031250e+02
1.208952617645263672e+01
7.306857299804687500e+01
4.713947753906250000e+02
5.270323486328125000e+02
4.920986022949218750e+02
6.992558593750000000e+02
1.509697723388671875e+02
9.758858032226562500e+02
9.142602539062500000e+01
9.984732055664062500e+01
1.166786346435546875e+02
1.699714508056640625e+02
6.547380828857421875e+01
1.817511474609375000e+03
3.256885528564453125e+01
2.553844299316406250e+02
2.184202575683593750e+01
2.182927703857421875e+01
1.696502494812011719e+01
8.861058349609375000e+02
5.637532234191894531e+00
8.382670593261718750e+01
3.775805053710937500e+02
1.409764885902404785e-01
2.142298126220703125e+02
2.934153747558593750e+01
4.461958312988281250e+01
2.922875671386718750e+02
6.007209300994873047e+00
3.551210021972656250e+02
1.112894165039062500e+03
2.600937895476818085e-02
1.548606395721435547e+01
6.831732940673828125e+01
7.091440582275390625e+01
1.814971677958965302e-02
1.117453247070312500e+03
9.610184478759765625e+01
2.877011413574218750e+02
1.125818252563476562e+02
1.030162582397460938e+02
5.450361938476562500e+02
8.852567291259765625e+01
3.095041465759277344e+01
6.528687000274658203e+00
1.155548782348632812e+02
1.596202254295349121e+00
1.635770416259765625e+01
7.225820922851562500e+01
8.990848999023437500e+02
1.701796722412109375e+01
2.186271514892578125e+02
1.132547607421875000e+02
2.543491973876953125e+02
8.405616760253906250e+01
3.321286773681640625e+01
2.579160499572753906e+01
4.117546997070312500e+02
1.276765213012695312e+02
2.660543823242187500e+01
4.086829757690429688e+01
1.304942626953125000e+02
1.495890350341796875e+02
1.655027587890625000e+03
4.983136367797851562e+01
3.204881591796875000e+02
1.766950378417968750e+02
1.313263397216796875e+02
8.752754211425781250e+00
2.648098945617675781e+01
7.586500549316406250e+01
1.896061553955078125e+02
1.889389038085937500e+01
6.246266961097717285e-01
3.285043334960937500e+01
6.031021118164062500e+01
7.614686012268066406e+00
1.069383430480957031e+01
3.965455245971679688e+01
2.839884948730468750e+02
6.184406738281250000e+02
5.074093490839004517e-02
4.912620162963867188e+01
1.007456970214843750e+01
2.230419464111328125e+02
3.816223936155438423e-03
2.730849914550781250e+02
6.528786621093750000e+02
5.619472885131835938e+01
9.042944335937500000e+01
4.796542663574218750e+02
7.712424468994140625e+01
3.246983642578125000e+02
3.818255310058593750e+02
7.101900482177734375e+01
3.991493835449218750e+02
6.432373809814453125e+01
1.224854125976562500e+02
2.877871093750000000e+02
2.422729339599609375e+02
6.785343933105468750e+01
8.452674865722656250e+01
1.297708129882812500e+02
1.175078964233398438e+02
9.971134948730468750e+01
6.287078857421875000e+02
5.117874450683593750e+02
7.239564208984375000e+02
1.166278533935546875e+02
1.658267517089843750e+02
2.899416503906250000e+02
1.401740722656250000e+02
5.579418563842773438e+01
1.736781860351562500e+03
1.395545673370361328e+01
6.105649414062500000e+02
5.254015350341796875e+01
2.322673988342285156e+01
3.550483703613281250e+01
5.762426757812500000e+02
2.540616416931152344e+01
8.814906311035156250e+01
1.569026336669921875e+02
3.759032785892486572e-01
2.032398529052734375e+02
1.281635589599609375e+02
4.209936523437500000e+01
4.794447937011718750e+02
2.526421165466308594e+01
1.358695983886718750e+02
9.023529052734375000e+02
3.861916810274124146e-02
4.316361618041992188e+01
5.504724121093750000e+01
8.522048950195312500e+01
2.465474978089332581e-02
3.371343688964843750e+02
2.382560119628906250e+02
2.370346527099609375e+02
1.202535781860351562e+02
1.053126907348632812e+02
1.099725055694580078e+01
2.901993408203125000e+02
1.334599494934082031e+01
5.925517272949218750e+01
4.662341613769531250e+02
3.867752838134765625e+01
2.662530326843261719e+01
1.185538330078125000e+02
6.372489166259765625e+01
6.275876045227050781e+00
2.318547439575195312e+01
4.816412734985351562e+01
4.022045516967773438e+01
6.253334808349609375e+01
2.458170623779296875e+02
2.500271759033203125e+02
7.066667175292968750e+01
2.516341857910156250e+02
5.324391841888427734e+00
2.176322631835937500e+02
1.411479339599609375e+02
3.956554031372070312e+01
7.150462036132812500e+02
7.493265533447265625e+01
6.085925292968750000e+02
2.942284965515136719e+01
2.858180618286132812e+01
3.711158370971679688e+01
1.692906341552734375e+02
2.742341613769531250e+01
2.407169799804687500e+02
1.966872978210449219e+01
4.853065013885498047e-01
3.278499221801757812e+01
9.250786781311035156e+00
6.405878448486328125e+01
1.569817810058593750e+02
7.197391510009765625e+00
9.180751037597656250e+01
6.175699462890625000e+02
2.279893495142459869e-02
2.284625053405761719e+01
2.621244049072265625e+01
1.148517913818359375e+02
7.905120961368083954e-03
5.433464050292968750e+01
3.969880676269531250e+02
1.399480533599853516e+01
1.609907989501953125e+02
3.248035583496093750e+02
6.963751831054687500e+02
3.050639915466308594e+01
3.816556549072265625e+01
7.207823181152343750e+01
6.226667785644531250e+01
8.375996398925781250e+01
1.861822891235351562e+01
4.871901702880859375e+01
6.040522460937500000e+02
2.023959159851074219e+01
3.023495178222656250e+02
4.590179748535156250e+02
2.951062622070312500e+02
2.661937255859375000e+02
4.671261596679687500e+01
4.098554611206054688e+01
1.859728088378906250e+02
1.485358428955078125e+02
1.146471023559570312e+02
4.783782958984375000e+01
4.337297058105468750e+01
3.380799255371093750e+02
8.493699951171875000e+02
4.368227767944335938e+01
9.999581146240234375e+01
3.701525878906250000e+01
6.534777832031250000e+01
2.407895851135253906e+01
1.106912994384765625e+02
9.710534667968750000e+01
8.516601562500000000e+01
5.201154174804687500e+02
4.297310113906860352e-01
4.433475494384765625e+01
2.752797851562500000e+02
2.732038879394531250e+01
2.146178436279296875e+01
5.070934677124023438e+01
4.158508911132812500e+02
7.828624267578125000e+02
4.480460286140441895e-02
3.829137039184570312e+01
2.092894363403320312e+01
4.811272811889648438e+01
3.980880137532949448e-03
8.415183715820312500e+02
1.091521606445312500e+02
6.925949096679687500e+01
1.314675598144531250e+02
9.211608886718750000e+01
1.827295227050781250e+02
3.000121154785156250e+02
1.296306762695312500e+02
1.923955535888671875e+01
1.481822662353515625e+02
1.345107727050781250e+02
3.783790588378906250e+01
6.236560058593750000e+02
3.866367797851562500e+02
5.798067474365234375e+01
7.587841796875000000e+01
1.955643157958984375e+02
3.419993591308593750e+02
2.379873657226562500e+02
1.608749694824218750e+02
1.862454223632812500e+02
6.264686279296875000e+02
8.629091644287109375e+01
1.061148681640625000e+02
4.043200073242187500e+02
2.676027221679687500e+02
4.221870422363281250e+02
2.240520751953125000e+03
1.801688194274902344e+01
7.902384033203125000e+02
3.546803665161132812e+01
3.795813369750976562e+01
2.368638610839843750e+01
4.191460266113281250e+02
2.380940198898315430e+00
1.051251144409179688e+02
2.793761291503906250e+02
1.044996082782745361e-01
8.992860412597656250e+01
1.724752235412597656e+01
5.479998016357421875e+01
5.962506866455078125e+01
1.923954582214355469e+01
6.530783691406250000e+02
2.119428222656250000e+03
1.278465799987316132e-02
6.516606903076171875e+01
7.193443298339843750e+01
1.793943786621093750e+02
5.924812052398920059e-03
1.285444580078125000e+03
2.372272338867187500e+02
4.652584075927734375e+01
9.510958862304687500e+01
7.966802215576171875e+01
1.130294433593750000e+03
5.392261886596679688e+01
2.302075500488281250e+02
3.306393432617187500e+01
7.149020385742187500e+01
6.316987609863281250e+01
6.423656463623046875e+01
8.076799011230468750e+01
1.269239746093750000e+03
9.967948913574218750e+00
4.083071594238281250e+02
3.597383728027343750e+02
5.463585205078125000e+02
3.245241546630859375e+01
1.102811584472656250e+02
1.514725341796875000e+02
8.372261352539062500e+02
1.788075256347656250e+02
1.514109191894531250e+02
1.083111038208007812e+02
1.635118255615234375e+02
2.368175354003906250e+02
3.054879882812500000e+03
6.041148757934570312e+01
2.177369842529296875e+02
1.433982238769531250e+02
8.651177978515625000e+01
1.274265861511230469e+01
1.064374160766601562e+02
1.110993270874023438e+02
4.713132476806640625e+01
1.270429534912109375e+02
1.556334137916564941e+00
1.276846084594726562e+02
2.211615905761718750e+02
5.047271347045898438e+01
5.942283248901367188e+01
2.146041488647460938e+01
4.296962890625000000e+02
1.702438476562500000e+03
5.448046699166297913e-02
3.124232482910156250e+01
1.830985641479492188e+01
8.718576812744140625e+01
1.475711353123188019e-02
9.120449218750000000e+02
4.723648071289062500e+02
7.058518981933593750e+01
2.298530731201171875e+02
4.219057922363281250e+02
