1.373954772949218750e+01
1.067539215087890625e+02
3.872086334228515625e+01
7.982277393341064453e+00
7.057265758514404297e+00
1.103675079345703125e+01
5.938352966308593750e+01
6.481295776367187500e+02
1.035302505493164062e+02
9.974394226074218750e+01
5.719109344482421875e+01
2.691427230834960938e+01
9.465135192871093750e+01
1.232876739501953125e+02
2.727266845703125000e+02
1.379062461853027344e+01
3.047808647155761719e+01
5.826899337768554688e+01
1.182663345336914062e+02
2.516696453094482422e+00
1.185407714843750000e+02
2.263836669921875000e+01
1.599380874633789062e+01
1.139532470703125000e+02
2.195885848999023438e+01
7.693361663818359375e+01
4.499683380126953125e+01
2.192768669128417969e+01
1.097110939025878906e+01
3.492982101440429688e+01
1.832253646850585938e+01
3.972096633911132812e+01
3.828288650512695312e+01
8.568293571472167969e+00
5.020095348358154297e+00
1.009131813049316406e+01
2.431510353088378906e+01
8.705155181884765625e+01
8.484098815917968750e+01
2.787776374816894531e+01
3.014878749847412109e+00
1.225852661132812500e+02
1.287359428405761719e+01
4.045387268066406250e+01
4.830792999267578125e+01
9.171338081359863281e+00
3.130645751953125000e+02
1.436143016815185547e+01
8.868335723876953125e+01
4.148551559448242188e+01
3.423833608627319336e+00
3.456088638305664062e+01
3.136174926757812500e+02
5.574254989624023438e+01
2.648896789550781250e+01
1.966394233703613281e+01
1.715285301208496094e+01
3.127920837402343750e+02
9.826821684837341309e-01
3.718935251235961914e-01
6.225436925888061523e-01
4.982112884521484375e+00
6.680965423583984375e+01
6.051888656616210938e+01
3.428992843627929688e+01
5.083978271484375000e+01
1.991221618652343750e+01
3.515548706054687500e+01
1.555672302246093750e+02
2.421373176574707031e+01
1.210447549819946289e+00
3.257036924362182617e+00
3.859849929809570312e+01
6.017274169921875000e+02
1.674841918945312500e+02
6.806150078773498535e-01
8.410635948181152344e+00
7.635250091552734375e+01
7.783351898193359375e+00
7.900349497795104980e-01
1.541093292236328125e+02
1.131437492370605469e+01
2.322462844848632812e+01
8.867527008056640625e+01
1.267655372619628906e+00
2.128895187377929688e+01
3.456179504394531250e+02
1.558472900390625000e+02
1.134304733276367188e+02
9.836663055419921875e+01
1.251768341064453125e+02
8.501187324523925781e+00
8.162466430664062500e+01
3.930295944213867188e+01
2.894516754150390625e+01
6.513880920410156250e+01
1.012170791625976562e+00
1.823596954345703125e+02
4.242611885070800781e+00
1.473794746398925781e+01
5.094176769256591797e+00
1.261079330444335938e+02
7.115582275390625000e+02
4.916084289550781250e+01
5.924104690551757812e+00
3.811898040771484375e+01
2.348006134033203125e+02
7.134213867187500000e+02
4.823788070678710938e+01
2.683514976501464844e+01
4.341795349121093750e+01
1.581335449218750000e+01
2.786374816894531250e+02
4.745350036621093750e+02
2.933120727539062500e+02
5.690364837646484375e+01
8.768270874023437500e+01
1.824507293701171875e+02
4.067476196289062500e+02
4.029603576660156250e+01
2.898727226257324219e+01
8.183022499084472656e+00
4.543107223510742188e+01
1.130981811523437500e+03
1.499266204833984375e+02
5.364804744720458984e+00
1.367476940155029297e+01
2.882229003906250000e+02
1.113113689422607422e+01
1.044775772094726562e+01
6.145768432617187500e+02
1.793843231201171875e+02
8.776911163330078125e+01
9.213748168945312500e+01
2.517733097076416016e+00
1.749953842163085938e+01
9.540866088867187500e+01
4.738942871093750000e+02
7.710876464843750000e+02
5.035848083496093750e+02
3.698799133300781250e+01
3.083163146972656250e+02
1.336401977539062500e+02
3.036297302246093750e+02
1.930983428955078125e+02
6.240049362182617188e+01
1.456680450439453125e+02
3.368898010253906250e+01
4.731514358520507812e+01
1.291387176513671875e+02
1.489645767211914062e+01
1.119462661743164062e+02
9.421413574218750000e+02
4.958297729492187500e+01
2.287209777832031250e+02
7.935064697265625000e+01
1.705615692138671875e+02
8.687191162109375000e+02
1.613234901428222656e+01
1.008165073394775391e+01
1.316696643829345703e+01
7.020377349853515625e+01
1.373458862304687500e+03
6.497004394531250000e+02
4.523507690429687500e+02
6.109427490234375000e+02
1.547875518798828125e+02
8.038285522460937500e+02
4.196579895019531250e+02
5.424082946777343750e+01
1.269429016113281250e+01
9.300069808959960938e+00
1.922839202880859375e+02
1.264554321289062500e+03
2.999534301757812500e+02
1.685474205017089844e+01
3.607850646972656250e+01
2.465139923095703125e+02
2.298333549499511719e+01
1.177243652343750000e+02
2.466534729003906250e+02
7.643270874023437500e+01
1.162803268432617188e+02
2.116794204711914062e+01
1.835932374000549316e+00
7.610838317871093750e+01
2.556993713378906250e+02
3.802781066894531250e+02
7.972570800781250000e+02
4.069712829589843750e+02
1.880602455139160156e+01
6.549424743652343750e+01
6.588793945312500000e+01
2.386263122558593750e+02
7.883145904541015625e+01
1.757182312011718750e+01
1.082607498168945312e+02
2.922205352783203125e+01
1.782813873291015625e+02
1.351561126708984375e+02
1.823670959472656250e+01
9.852001953125000000e+01
1.225429840087890625e+02
2.538123931884765625e+02
2.329946327209472656e+01
3.496216583251953125e+01
2.486302795410156250e+02
1.538724121093750000e+03
3.967734909057617188e+01
1.707425689697265625e+02
3.225246191024780273e+00
7.886080169677734375e+01
1.386231040954589844e+01
1.299228515625000000e+02
4.799071502685546875e+01
1.091506881713867188e+02
2.168412208557128906e+01
6.339205322265625000e+02
1.099172019958496094e+01
3.060990142822265625e+01
1.344633178710937500e+02
4.481526184082031250e+01
2.841146469116210938e+01
8.382410278320312500e+02
6.996900939941406250e+01
2.333708953857421875e+01
1.717213439941406250e+01
9.078348388671875000e+02
5.942222595214843750e+00
1.631425666809082031e+01
8.182984352111816406e+00
2.186690979003906250e+02
7.106416320800781250e+01
1.747524833679199219e+01
1.730001449584960938e+00
8.378129577636718750e+01
5.301544799804687500e+02
9.369223022460937500e+01
4.344081497192382812e+01
8.231025695800781250e+01
2.427813720703125000e+01
3.038553161621093750e+02
1.279138469696044922e+01
5.978532791137695312e+00
7.740856933593750000e+01
1.060348815917968750e+02
4.300660705566406250e+01
6.712763977050781250e+01
7.867190551757812500e+01
6.881888580322265625e+01
5.626236724853515625e+01
2.875506286621093750e+02
2.944024963378906250e+02
3.909198379516601562e+01
3.638665466308593750e+02
7.661415100097656250e+01
2.072467193603515625e+02
1.375559082031250000e+03
3.505987167358398438e+01
5.841741180419921875e+01
1.792166709899902344e+01
1.203728103637695312e+02
1.026665893554687500e+03
2.243036499023437500e+02
3.469899291992187500e+02
2.284036865234375000e+02
3.862665100097656250e+02
5.651923828125000000e+02
4.284020385742187500e+02
1.579781246185302734e+01
2.311541175842285156e+01
6.343906021118164062e+01
1.398069610595703125e+02
3.004312744140625000e+02
2.141799621582031250e+02
5.535255813598632812e+01
8.188579559326171875e+01
1.462588806152343750e+02
1.479577732086181641e+01
2.546042785644531250e+02
3.512488937377929688e+01
7.859321594238281250e+01
1.903457794189453125e+02
1.636633110046386719e+01
9.362740516662597656e+00
7.499497985839843750e+01
4.465981445312500000e+02
2.173654937744140625e+02
1.204427261352539062e+02
6.648992919921875000e+01
1.942571449279785156e+01
1.125066375732421875e+02
4.275167465209960938e+01
5.349541854858398438e+01
6.690523529052734375e+01
1.901987648010253906e+01
8.173210906982421875e+01
5.593679809570312500e+01
2.559154357910156250e+02
1.437296142578125000e+02
2.474279403686523438e+00
4.128451843261718750e+02
1.938735351562500000e+02
3.884384155273437500e+01
7.824665832519531250e+01
7.556979179382324219e+00
9.315056610107421875e+01
1.158709350585937500e+03
4.243197250366210938e+01
7.347146606445312500e+01
5.049922943115234375e+00
3.825523614883422852e+00
4.612459564208984375e+01
1.819738388061523438e+01
1.614512634277343750e+02
4.107880592346191406e+00
1.952440185546875000e+02
6.096894836425781250e+01
2.188137054443359375e+02
2.786642074584960938e+00
1.058282928466796875e+02
4.837995910644531250e+01
2.412895202636718750e+01
6.225590515136718750e+01
2.886565780639648438e+01
5.664475631713867188e+01
4.367652416229248047e+00
7.049176788330078125e+01
2.462790250778198242e+00
7.090007781982421875e+01
1.415980720520019531e+01
5.384333419799804688e+01
5.740652465820312500e+01
2.968402481079101562e+01
3.345684766769409180e+00
2.613984870910644531e+01
2.731229248046875000e+02
1.117718124389648438e+02
3.379931640625000000e+01
9.587244415283203125e+01
4.283433532714843750e+01
2.791060791015625000e+02
6.119880676269531250e+01
2.097378921508789062e+01
9.798372650146484375e+01
2.595814704895019531e+01
9.154549407958984375e+01
1.958353805541992188e+01
6.448529815673828125e+01
1.184323883056640625e+02
3.520693206787109375e+01
1.613584518432617188e+01
4.641263732910156250e+02
1.173989868164062500e+02
1.173875999450683594e+01
3.228326034545898438e+01
1.419557647705078125e+02
1.060284667968750000e+03
5.594413375854492188e+01
1.327130279541015625e+02
9.549080848693847656e+00
1.957794952392578125e+02
6.333179092407226562e+01
9.466823730468750000e+02
2.947085380554199219e+01
1.756071166992187500e+02
2.627474975585937500e+01
4.211527099609375000e+02
1.369230346679687500e+02
4.946854019165039062e+01
5.839004516601562500e+01
4.848462677001953125e+01
8.086559295654296875e+00
1.921417480468750000e+03
1.018268508911132812e+02
3.668798065185546875e+01
1.266852951049804688e+02
7.248423461914062500e+02
2.597550773620605469e+01
2.863452720642089844e+01
5.569448242187500000e+02
5.509417343139648438e+01
2.622591590881347656e+01
3.650831222534179688e+01
3.146008014678955078e+00
3.040906333923339844e+01
1.641662902832031250e+02
1.901145935058593750e+02
1.680934600830078125e+02
3.814151000976562500e+02
5.046786880493164062e+01
5.657014465332031250e+01
5.359354782104492188e+01
9.900314331054687500e+01
1.289350585937500000e+02
4.928027725219726562e+01
8.786801910400390625e+01
2.099955749511718750e+02
4.068588256835937500e+01
5.493896484375000000e+01
1.955648994445800781e+01
6.811888122558593750e+01
8.602406005859375000e+02
5.748543167114257812e+01
9.627826690673828125e+01
2.442811965942382812e+01
2.339028015136718750e+02
1.901050292968750000e+03
2.346552658081054688e+01
8.990365028381347656e+00
2.704611206054687500e+01
9.914813995361328125e+00
2.518604736328125000e+02
2.910683898925781250e+02
6.232271118164062500e+02
3.418928222656250000e+02
1.324468383789062500e+02
8.476231079101562500e+02
6.191546020507812500e+02
1.253921413421630859e+01
2.524963760375976562e+01
2.892696762084960938e+01
3.749409103393554688e+01
1.665992675781250000e+03
5.608730697631835938e+01
8.569067955017089844e+00
2.278412246704101562e+01
8.435305786132812500e+01
4.263917446136474609e+00
7.414676666259765625e+01
1.342260589599609375e+02
3.866688537597656250e+01
9.449372100830078125e+01
2.691567802429199219e+01
2.085774898529052734e+00
2.544955825805664062e+01
5.219546508789062500e+02
6.659520874023437500e+02
3.660493774414062500e+02
1.702251586914062500e+02
6.324542236328125000e+01
6.636272430419921875e+01
3.898006820678710938e+01
9.224533843994140625e+01
3.898095321655273438e+01
2.576350784301757812e+01
9.527120208740234375e+01
1.312934265136718750e+02
1.898622283935546875e+02
1.921152954101562500e+02
2.358126449584960938e+01
3.316552734375000000e+01
3.164992980957031250e+02
2.086176605224609375e+02
1.042329177856445312e+02
6.665137481689453125e+01
4.888521728515625000e+02
2.346607666015625000e+03
5.869721603393554688e+01
2.458475341796875000e+02
4.723936080932617188e+00
2.266285247802734375e+02
2.340585327148437500e+02
7.195888061523437500e+02
9.366059875488281250e+01
4.865431823730468750e+02
7.990803527832031250e+01
1.380983032226562500e+03
1.308666534423828125e+02
6.018725585937500000e+01
1.690379791259765625e+02
1.219984722137451172e+01
2.532342338562011719e+01
2.244107666015625000e+03
2.123153839111328125e+02
3.025717163085937500e+01
8.200608062744140625e+01
1.037820434570312500e+03
1.914869880676269531e+01
1.164651031494140625e+02
9.569176483154296875e+01
2.007374114990234375e+02
3.555252838134765625e+01
2.495347976684570312e+01
1.339728593826293945e+00
4.636771392822265625e+01
6.522544555664062500e+02
1.234000701904296875e+02
8.093186950683593750e+01
9.242960357666015625e+01
2.445104217529296875e+01
1.594974975585937500e+02
5.549323558807373047e+00
6.963699340820312500e+01
2.385892105102539062e+01
4.524204635620117188e+01
2.532780761718750000e+02
1.433767242431640625e+02
1.946993103027343750e+02
1.486145782470703125e+02
