2.661684036254882812e+00
9.445024490356445312e+00
2.292464599609375000e+02
6.342262744903564453e+00
5.286571502685546875e+01
3.343749523162841797e+00
1.647045593261718750e+02
3.898435211181640625e+01
2.248147201538085938e+01
2.004962463378906250e+02
1.034652805328369141e+01
3.155275583267211914e+00
7.151700019836425781e+00
2.644333076477050781e+01
2.005011367797851562e+01
2.024171447753906250e+01
5.535107803344726562e+01
7.032810211181640625e+00
4.454104995727539062e+01
1.143936443328857422e+01
3.705413055419921875e+01
2.615789222717285156e+01
8.724578857421875000e+01
6.556694984436035156e+00
8.320370483398437500e+01
6.383617019653320312e+01
2.554968070983886719e+01
4.145894241333007812e+01
1.310840606689453125e+00
1.291918754577636719e+01
1.038487243652343750e+01
2.697658691406250000e+02
3.627924346923828125e+01
3.257019519805908203e+00
2.465944824218750000e+02
3.605038404464721680e+00
4.770771789550781250e+02
6.118289470672607422e+00
6.142245101928710938e+01
5.261182188987731934e-01
6.272619247436523438e+01
5.576222991943359375e+01
1.229546737670898438e+01
2.718726396560668945e+00
7.257113933563232422e+00
5.728305053710937500e+01
2.437570571899414062e+00
6.519489765167236328e+00
5.109334182739257812e+01
6.980921328067779541e-02
2.995991706848144531e+00
4.861336135864257812e+01
9.817536926269531250e+01
3.390542984008789062e+01
5.790130996704101562e+01
1.463925933837890625e+01
4.434387588500976562e+01
1.674209403991699219e+01
2.688274085521697998e-01
9.093900024890899658e-02
8.127130889892578125e+01
1.386056423187255859e+01
1.633051872253417969e+01
1.545458889007568359e+01
4.367877960205078125e+01
4.821416854858398438e+00
5.172550201416015625e+01
1.181116294860839844e+01
1.114276027679443359e+01
1.386434783935546875e+02
1.071489143371582031e+01
6.266196727752685547e+00
1.476472625732421875e+02
2.425855636596679688e+01
5.351716232299804688e+01
3.518565750122070312e+01
1.909518585205078125e+02
7.391949892044067383e-01
1.227425231933593750e+02
8.199472808837890625e+01
8.394746398925781250e+01
8.905469894409179688e+00
5.903187274932861328e+00
7.143959808349609375e+01
1.598262071609497070e+00
1.681353759765625000e+01
1.201240966796875000e+03
6.046665191650390625e+01
2.246278381347656250e+01
1.424710273742675781e+01
4.768532514572143555e-01
7.322329711914062500e+01
4.740316867828369141e+00
3.868118667602539062e+01
2.694165611267089844e+01
4.311773300170898438e+00
1.501503276824951172e+01
2.729901313781738281e+01
2.861760616302490234e+00
2.861369848251342773e+00
1.105029702186584473e+00
2.732931518554687500e+02
1.857048187255859375e+02
8.352468109130859375e+01
2.031234130859375000e+02
2.064986228942871094e+01
9.672469329833984375e+01
8.208646392822265625e+01
4.705726146697998047e+00
4.370980834960937500e+01
6.945783996582031250e+01
4.748189544677734375e+01
1.073775291442871094e+01
2.147414779663085938e+01
4.012791442871093750e+01
2.092637825012207031e+01
1.161720962524414062e+02
2.648323440551757812e+01
1.729906463623046875e+01
2.886524581909179688e+01
7.381443786621093750e+01
7.823190307617187500e+01
2.023582763671875000e+02
4.695319747924804688e+01
2.042783508300781250e+02
1.795937652587890625e+02
1.275967712402343750e+02
2.314606285095214844e+01
2.659514617919921875e+01
1.282452392578125000e+02
4.496964645385742188e+01
6.994448852539062500e+01
2.474030113220214844e+01
1.544005489349365234e+01
2.557587280273437500e+02
4.131540775299072266e+00
1.340163208007812500e+03
1.861061248779296875e+02
7.892421722412109375e+01
1.464075183868408203e+01
6.206628799438476562e+00
3.539270629882812500e+02
1.633645439147949219e+01
1.872341918945312500e+01
3.047663450241088867e+00
1.492907409667968750e+02
1.531051445007324219e+01
1.791637039184570312e+01
1.061547660827636719e+01
1.901796913146972656e+01
5.466108322143554688e+00
2.261188659667968750e+02
1.573667449951171875e+02
4.642739105224609375e+01
5.057202758789062500e+02
5.962471389770507812e+01
2.648397827148437500e+02
9.130323028564453125e+01
3.300294876098632812e+01
9.330828094482421875e+01
3.963678741455078125e+01
1.699570312500000000e+02
8.570592498779296875e+01
1.275910720825195312e+02
5.224399948120117188e+01
7.274759674072265625e+01
8.247894287109375000e+01
6.093550205230712891e+00
6.871855163574218750e+01
3.474473190307617188e+01
4.298776245117187500e+01
1.808918952941894531e+01
3.774713439941406250e+02
6.032496643066406250e+01
6.531533203125000000e+02
6.870666503906250000e+01
1.400830383300781250e+02
1.238638687133789062e+01
1.599174880981445312e+01
6.787920379638671875e+01
2.001750946044921875e+02
1.736018676757812500e+02
4.803468322753906250e+01
1.324000453948974609e+01
9.622830200195312500e+01
7.280709743499755859e-01
2.610010986328125000e+03
1.345595092773437500e+02
9.195226287841796875e+01
4.167550563812255859e+00
5.269391059875488281e+00
4.165760498046875000e+02
8.950087547302246094e+00
3.324107055664062500e+02
5.287038326263427734e+00
4.963471221923828125e+01
7.960527038574218750e+01
6.716948699951171875e+01
1.155029869079589844e+01
1.896783828735351562e+01
1.389613056182861328e+01
5.644442558288574219e+00
1.157862548828125000e+02
1.191257357597351074e+00
4.435343742370605469e+00
3.350181274414062500e+02
8.813550949096679688e+00
4.290730476379394531e+00
2.711398506164550781e+01
1.324107818603515625e+02
7.704522132873535156e+00
4.471935272216796875e+01
1.578408241271972656e+01
1.955350494384765625e+01
1.504612426757812500e+02
2.916531562805175781e+01
7.602294921875000000e+01
1.259086513519287109e+01
5.962294578552246094e+00
2.505005493164062500e+02
1.486017823219299316e+00
5.625494003295898438e+01
7.270111694335937500e+02
1.995190238952636719e+01
1.212406997680664062e+02
4.013637084960937500e+02
1.482458953857421875e+02
4.280494689941406250e+01
8.100143432617187500e+01
8.612527847290039062e+00
4.077754211425781250e+01
4.627897262573242188e+01
1.698507881164550781e+01
5.584841537475585938e+01
6.939855957031250000e+01
1.622211575508117676e+00
1.775167968750000000e+03
1.604824447631835938e+01
3.298838806152343750e+01
8.565172195434570312e+00
9.447483062744140625e+01
2.536569976806640625e+02
2.249699592590332031e+01
7.611247253417968750e+01
4.106072998046875000e+01
2.784879150390625000e+02
2.216873741149902344e+01
8.297573089599609375e+00
2.635420227050781250e+01
5.081205844879150391e+00
1.169129276275634766e+01
1.975691413879394531e+01
2.072976074218750000e+02
1.126938629150390625e+01
3.551786193847656250e+02
1.198521270751953125e+02
3.703036193847656250e+02
2.543537712097167969e+01
9.518652343750000000e+01
1.366709289550781250e+02
1.971203422546386719e+01
5.178188323974609375e+01
9.073316192626953125e+01
4.336538085937500000e+02
3.067008590698242188e+01
1.381030426025390625e+02
1.092468338012695312e+02
1.613774108886718750e+01
1.130736312866210938e+02
1.585027885437011719e+01
7.171469879150390625e+01
1.586730861663818359e+01
2.513812255859375000e+02
2.587816810607910156e+01
4.714951477050781250e+02
1.824186248779296875e+02
5.013232040405273438e+01
2.319119262695312500e+01
1.737455749511718750e+01
7.839630889892578125e+01
1.347414855957031250e+02
1.778739471435546875e+02
5.894809341430664062e+01
4.492972183227539062e+01
6.538352966308593750e+01
4.499855518341064453e+00
2.034953857421875000e+03
3.712677764892578125e+01
8.941432952880859375e+01
1.692221450805664062e+01
1.843469429016113281e+01
5.812202453613281250e+01
4.145447158813476562e+01
2.718723144531250000e+02
1.638217735290527344e+01
1.500369567871093750e+02
6.604241180419921875e+01
2.199211883544921875e+01
3.873007202148437500e+01
2.564639806747436523e+00
2.443836450576782227e+00
2.072159194946289062e+01
3.431383056640625000e+02
4.642127037048339844e+00
5.836724090576171875e+01
1.551238250732421875e+01
1.275895004272460938e+02
1.425369644165039062e+01
4.774793243408203125e+01
1.149838638305664062e+02
2.941411972045898438e+01
5.696463584899902344e+00
7.081229686737060547e+00
2.850004272460937500e+02
4.456223297119140625e+01
6.072050094604492188e+00
1.787619628906250000e+02
7.736107826232910156e+00
3.945740509033203125e+01
7.877053260803222656e+00
4.867626571655273438e+01
4.694380950927734375e+01
1.177481384277343750e+02
1.217615985870361328e+01
8.175762939453125000e+01
2.702184448242187500e+02
1.024760131835937500e+02
6.238006591796875000e+00
8.102177619934082031e+00
7.048567199707031250e+01
3.954858398437500000e+01
2.476711120605468750e+02
8.794195175170898438e+00
2.912190628051757812e+01
9.348033905029296875e+01
1.717810273170471191e+00
9.256835937500000000e+02
2.148153543472290039e+00
4.641096878051757812e+01
8.908340454101562500e+00
6.394068145751953125e+01
1.972415733337402344e+01
2.773898839950561523e+00
1.660690546035766602e+00
2.068987274169921875e+01
1.218676528930664062e+02
5.076252460479736328e+00
4.327993869781494141e+00
1.581289482116699219e+01
2.114682197570800781e+00
1.480453777313232422e+01
1.361940612792968750e+02
6.464651489257812500e+01
4.438224792480468750e+01
5.640115261077880859e+00
1.046564025878906250e+02
2.650162506103515625e+01
2.475753593444824219e+01
1.885647010803222656e+01
1.152650375366210938e+02
4.732489776611328125e+01
1.116832275390625000e+02
1.540248107910156250e+01
6.999778270721435547e+00
5.509689712524414062e+01
1.199426345825195312e+02
4.535100555419921875e+01
1.513658332824707031e+01
2.688010406494140625e+01
2.013857421875000000e+02
2.934347343444824219e+01
1.658748054504394531e+01
5.788005981445312500e+02
3.654600524902343750e+01
9.928200531005859375e+01
5.223212051391601562e+01
9.745336914062500000e+01
2.992010116577148438e+01
1.433963623046875000e+02
6.692188262939453125e+00
4.211986923217773438e+01
3.841921997070312500e+01
1.364874877929687500e+02
1.823580741882324219e+01
3.856375503540039062e+01
1.393136978149414062e+01
1.543264404296875000e+03
2.144428100585937500e+02
1.341379547119140625e+01
9.215818405151367188e+00
5.631600189208984375e+01
3.523416137695312500e+02
5.362503814697265625e+01
4.424853897094726562e+01
2.294174385070800781e+01
5.484305953979492188e+01
3.026948547363281250e+01
2.135427093505859375e+01
7.006141662597656250e+01
4.999724388122558594e+00
4.697543621063232422e+00
1.460941925048828125e+02
5.156189575195312500e+02
3.422129631042480469e+00
1.705026855468750000e+02
2.080086059570312500e+02
2.965450439453125000e+02
3.670055770874023438e+01
3.033752441406250000e+01
9.935512542724609375e+01
8.508521270751953125e+01
8.613696289062500000e+01
7.649188995361328125e+00
2.461026153564453125e+02
8.055379486083984375e+01
8.488236236572265625e+01
1.190185546875000000e+02
4.978929519653320312e+01
2.856112098693847656e+01
5.087128067016601562e+01
8.030942535400390625e+01
1.737317276000976562e+01
3.099840087890625000e+02
2.017207908630371094e+01
5.628053588867187500e+02
1.441843109130859375e+02
1.694080657958984375e+02
9.816602706909179688e+00
1.073500289916992188e+02
1.634561157226562500e+02
2.622057800292968750e+02
2.585403747558593750e+02
1.423233318328857422e+01
6.969219207763671875e+01
1.657224578857421875e+02
1.780415773391723633e+00
3.854486083984375000e+03
9.267438507080078125e+01
3.303992080688476562e+01
1.440755462646484375e+01
9.954586029052734375e+00
4.447072753906250000e+02
2.705620956420898438e+01
6.341473007202148438e+01
1.909311676025390625e+01
1.979112243652343750e+02
1.863736724853515625e+01
3.581043624877929688e+01
1.137797927856445312e+01
3.011742591857910156e+00
7.646563053131103516e+00
1.372903537750244141e+01
1.511392211914062500e+02
3.056898593902587891e+00
6.753610992431640625e+01
4.488292846679687500e+02
6.509386444091796875e+01
4.420823287963867188e+01
5.375947952270507812e+01
3.470891113281250000e+02
5.545537948608398438e+00
1.304017333984375000e+02
2.345940971374511719e+01
6.992551422119140625e+01
1.200238342285156250e+02
1.617679138183593750e+02
2.720877838134765625e+01
6.775814533233642578e+00
4.058280563354492188e+01
3.390393066406250000e+02
2.323991394042968750e+01
2.238014221191406250e+01
1.113385986328125000e+03
3.604983520507812500e+01
4.106723022460937500e+02
2.554340972900390625e+02
9.330205535888671875e+01
8.538673400878906250e+01
1.590027465820312500e+02
4.084342193603515625e+01
1.096655273437500000e+02
1.435130615234375000e+02
1.172724456787109375e+02
4.049591445922851562e+01
1.292215728759765625e+02
7.651245117187500000e+00
3.397103027343750000e+03
9.326112365722656250e+01
1.480835056304931641e+01
5.388682365417480469e+00
1.065690917968750000e+02
6.278084106445312500e+02
3.910739517211914062e+01
2.467274627685546875e+02
2.502529907226562500e+01
3.686762084960937500e+02
4.846511459350585938e+01
2.926649856567382812e+01
6.804339599609375000e+01
7.110882282257080078e+00
