9.516704559326171875e+00
2.818081970214843750e+02
1.441382503509521484e+01
4.785851955413818359e+00
6.158066940307617188e+01
1.808777570724487305e+00
4.855582237243652344e+00
1.369442138671875000e+03
4.581970520019531250e+02
3.441860198974609375e+00
3.006392669677734375e+01
2.087534523010253906e+01
3.971752624511718750e+02
4.295250244140625000e+02
3.337966918945312500e+01
1.584105300903320312e+01
7.044329071044921875e+01
1.730458068847656250e+02
7.022418212890625000e+02
7.307778000831604004e-01
1.011702728271484375e+02
8.113292694091796875e+00
4.199030303955078125e+01
7.681145477294921875e+01
9.308705329895019531e+00
1.134744048118591309e+00
1.024931411743164062e+02
3.456682968139648438e+01
1.523370742797851562e+00
2.014624633789062500e+02
4.407823181152343750e+01
1.139270210266113281e+01
8.032358551025390625e+01
6.916173696517944336e-01
2.061841487884521484e+00
1.112952709197998047e+00
4.937669754028320312e+01
2.046419067382812500e+02
2.824708862304687500e+02
3.107459640502929688e+01
8.061639070510864258e-01
3.651506652832031250e+02
2.050495338439941406e+01
5.481705474853515625e+01
2.107042551040649414e+00
2.437037467956542969e+00
3.221440429687500000e+02
1.839081001281738281e+01
3.222163438796997070e+00
4.224799633026123047e+00
4.161082744598388672e+00
4.044039535522460938e+01
4.680103149414062500e+02
5.769001960754394531e+00
2.751023674011230469e+01
7.516916394233703613e-01
3.945436239242553711e+00
1.078910217285156250e+02
2.504928112030029297e+00
1.543083935976028442e-01
2.003254145383834839e-01
3.007828474044799805e+00
7.882838439941406250e+01
6.402122497558593750e+01
3.385562002658843994e-01
5.879428100585937500e+01
6.648437500000000000e+00
7.911646270751953125e+01
6.857657623291015625e+01
9.024624824523925781e-01
2.485542774200439453e+00
1.000469684600830078e+00
8.720318603515625000e+01
5.802370605468750000e+02
9.531318664550781250e+01
2.281204164028167725e-01
1.168247795104980469e+01
4.989351272583007812e+01
4.343864023685455322e-01
4.091808497905731201e-01
2.813039550781250000e+02
1.712566137313842773e+00
3.765478134155273438e+01
2.698382949829101562e+01
2.644710838794708252e-01
8.478813171386718750e-01
7.228600463867187500e+02
3.520150451660156250e+02
1.609158172607421875e+02
1.558389739990234375e+02
1.286187438964843750e+02
5.901170730590820312e+00
5.922566604614257812e+01
2.324227523803710938e+01
4.911120414733886719e+00
8.804013824462890625e+01
2.200122356414794922e+00
2.485784454345703125e+02
4.202835857868194580e-01
8.863599300384521484e-01
4.930371284484863281e+00
2.896918334960937500e+02
5.331288452148437500e+02
4.453252410888671875e+01
3.244493484497070312e+01
1.280570149421691895e+00
1.701496315002441406e+01
8.769146728515625000e+02
5.170218658447265625e+01
2.248446702957153320e+00
7.524147033691406250e+00
5.236415386199951172e+00
4.476028747558593750e+02
5.680967407226562500e+02
1.126431751251220703e+01
1.044442901611328125e+02
7.953844451904296875e+01
3.797761840820312500e+02
7.667960815429687500e+02
1.696719288825988770e+00
1.074683151245117188e+02
3.672869920730590820e+00
6.492635345458984375e+01
1.116159423828125000e+03
1.931932258605957031e+01
1.283848762512207031e+00
2.198047637939453125e+01
2.519578857421875000e+02
1.130718469619750977e+00
1.990578460693359375e+01
8.140065307617187500e+02
1.011735687255859375e+02
6.792267608642578125e+01
8.978430747985839844e+00
1.235122442245483398e+00
2.386958599090576172e+00
2.235596008300781250e+02
1.428548950195312500e+03
1.516331542968750000e+03
9.297546386718750000e+02
3.205739593505859375e+01
1.086630493164062500e+03
2.132153320312500000e+02
2.907720031738281250e+02
1.268027973175048828e+01
4.278329467773437500e+01
1.352150726318359375e+02
6.397111892700195312e+01
2.919195652008056641e+00
8.713990211486816406e+00
4.014809131622314453e+00
1.585093231201171875e+02
9.396825561523437500e+02
3.931527709960937500e+01
2.046273803710937500e+02
2.551800251007080078e+00
8.305290222167968750e+00
8.175391845703125000e+02
6.098334884643554688e+01
2.224305868148803711e+00
4.844397544860839844e+00
4.646576309204101562e+01
3.053664794921875000e+03
9.413702392578125000e+02
3.854195833206176758e+00
8.677042846679687500e+02
2.682544250488281250e+02
2.831394287109375000e+03
5.204217529296875000e+02
2.841982126235961914e+00
1.012621402740478516e+01
1.055273151397705078e+01
4.288773193359375000e+02
1.041082641601562500e+03
8.790515136718750000e+01
7.356565594673156738e-01
7.297273254394531250e+01
4.269667053222656250e+02
2.032146453857421875e+00
1.585108642578125000e+02
4.156596679687500000e+02
9.784574508666992188e+00
6.317461776733398438e+01
8.126015663146972656e+00
1.107873916625976562e+00
4.772095203399658203e+00
4.293725585937500000e+02
1.030175292968750000e+03
1.807606567382812500e+03
5.167708740234375000e+02
4.902994155883789062e+01
1.126364517211914062e+02
7.215102386474609375e+01
1.491537933349609375e+02
6.364135742187500000e+00
8.909237861633300781e+00
4.284590911865234375e+01
1.898708534240722656e+01
6.909274578094482422e+00
3.038016319274902344e+00
1.451568412780761719e+01
3.148146972656250000e+02
9.040502929687500000e+01
6.444848022460937500e+02
6.480236816406250000e+01
9.536212086677551270e-01
1.528985404968261719e+01
1.650841796875000000e+03
5.680892562866210938e+01
8.194272994995117188e+00
2.752612113952636719e+00
6.456059265136718750e+01
3.340561294555664062e+01
4.747118530273437500e+02
1.842593312263488770e+00
1.253397750854492188e+02
7.136802196502685547e+00
4.863695312500000000e+03
4.850458145141601562e+01
2.852579057216644287e-01
4.535357055664062500e+02
1.734412956237792969e+01
4.037917327880859375e+01
2.484261230468750000e+03
3.453406524658203125e+01
2.295967578887939453e+00
1.395848846435546875e+02
2.233695068359375000e+03
7.955793142318725586e-01
4.549898910522460938e+01
1.764942359924316406e+01
2.295466766357421875e+02
1.404914093017578125e+02
2.492063522338867188e+00
7.017120122909545898e-01
1.467583894729614258e+00
1.465407714843750000e+03
3.217259521484375000e+02
5.865753936767578125e+01
1.780149688720703125e+02
8.531337738037109375e+00
1.834714477539062500e+03
1.123161792755126953e+01
1.235835266113281250e+01
4.425110816955566406e+00
9.993416786193847656e+00
1.527591037750244141e+01
2.663706970214843750e+01
2.353702783584594727e+00
1.400827980041503906e+01
3.101655578613281250e+01
4.891511230468750000e+02
2.310526733398437500e+02
4.896947860717773438e+01
4.399012145996093750e+02
3.994479179382324219e+00
1.298945522308349609e+01
2.476846923828125000e+03
2.013554687500000000e+02
5.404135704040527344e+00
2.389630317687988281e+01
8.797205352783203125e+01
2.803701904296875000e+03
6.177463378906250000e+02
2.183844184875488281e+01
2.702040405273437500e+02
3.727474975585937500e+02
2.956115722656250000e+03
1.235411865234375000e+03
2.353115797042846680e+00
3.830649566650390625e+01
2.054971694946289062e+01
3.389700622558593750e+02
2.595276184082031250e+02
1.026951293945312500e+02
1.467080950736999512e+00
2.810953979492187500e+02
2.209923858642578125e+02
2.187612533569335938e+00
5.465028076171875000e+02
3.973477172851562500e+01
1.732467460632324219e+01
3.226197509765625000e+02
4.889543056488037109e+00
2.792053222656250000e+00
4.407714366912841797e+00
7.078653564453125000e+02
7.174608154296875000e+02
4.352596435546875000e+02
1.004123458862304688e+02
2.460342216491699219e+01
1.781939849853515625e+02
3.035214424133300781e+01
3.932893371582031250e+01
9.585416793823242188e+00
2.225300407409667969e+01
1.312536468505859375e+02
1.291360778808593750e+02
9.077687263488769531e+00
6.118350028991699219e+00
4.988051414489746094e+00
1.034699951171875000e+03
8.439874267578125000e+01
6.004360580444335938e+01
9.436012268066406250e+01
4.535421431064605713e-01
4.205057621002197266e+00
1.693005615234375000e+03
9.549919891357421875e+01
1.597938776016235352e+00
2.053326129913330078e+00
3.494246482849121094e+00
9.237252807617187500e+01
4.627182769775390625e+01
7.177868366241455078e+00
6.501776218414306641e+00
4.724206542968750000e+01
2.124356079101562500e+02
5.032565612792968750e+02
5.044872164726257324e-01
3.740873107910156250e+02
1.012722396850585938e+01
4.182455062866210938e+01
1.191301879882812500e+02
4.680230331420898438e+01
1.657385587692260742e+00
1.194797325134277344e+01
1.171895217895507812e+02
3.159371316432952881e-01
1.703981208801269531e+01
3.299329376220703125e+01
3.516426467895507812e+01
4.919116973876953125e+01
3.165777683258056641e+00
9.715284705162048340e-01
1.786890268325805664e+00
4.382798461914062500e+02
2.184652404785156250e+02
1.052524948120117188e+02
4.112216796875000000e+02
1.613480377197265625e+01
1.429768676757812500e+03
1.137572402954101562e+02
1.228587150573730469e+01
1.256525135040283203e+01
1.627816390991210938e+01
5.545789337158203125e+01
3.407519531250000000e+01
9.642533063888549805e-01
1.652401351928710938e+01
9.789752006530761719e+00
2.187203788757324219e+01
4.022152099609375000e+02
8.234164428710937500e+01
1.176353168487548828e+01
8.806331157684326172e-01
1.603563308715820312e+01
3.952267761230468750e+02
2.069196777343750000e+02
8.575335502624511719e+00
4.259905338287353516e+00
2.798105773925781250e+02
1.423540344238281250e+02
2.211457031250000000e+03
2.044116497039794922e+00
2.238802032470703125e+02
7.870491504669189453e+00
1.877367675781250000e+03
5.178480148315429688e+01
9.247025847434997559e-01
1.188860397338867188e+02
1.900513458251953125e+01
1.880670738220214844e+01
3.221875000000000000e+03
2.280631446838378906e+01
1.389606356620788574e+00
4.240243835449218750e+02
2.148021728515625000e+03
3.719012975692749023e+00
9.618948364257812500e+01
7.915412597656250000e+02
2.141481971740722656e+01
4.065822219848632812e+01
5.500419139862060547e+00
8.047128319740295410e-01
1.510064840316772461e+00
3.280332641601562500e+02
2.748200683593750000e+02
1.866787109375000000e+02
4.003702697753906250e+02
2.626397895812988281e+01
1.754808044433593750e+02
1.114254379272460938e+01
1.025014877319335938e+02
3.514299631118774414e+00
2.199559402465820312e+01
3.198647308349609375e+01
6.977738189697265625e+01
1.687306523323059082e+00
4.836702346801757812e+00
1.397485351562500000e+01
1.744271545410156250e+02
1.239945434570312500e+03
4.790040206909179688e+01
1.194137115478515625e+02
1.456721305847167969e+00
2.637634658813476562e+01
3.095024169921875000e+03
3.839628982543945312e+01
1.512017607688903809e+00
2.944359779357910156e+00
7.377098560333251953e+00
5.835037841796875000e+02
7.895101928710937500e+02
6.867347240447998047e+00
4.629894409179687500e+02
1.033722839355468750e+02
3.487171142578125000e+03
9.812335815429687500e+02
7.911800146102905273e-01
3.276667022705078125e+01
4.908723354339599609e+00
7.924610900878906250e+01
1.832129150390625000e+03
4.307420730590820312e+01
4.395992457866668701e-01
8.269150543212890625e+01
2.546965332031250000e+02
7.715734243392944336e-01
1.472147369384765625e+02
2.657195434570312500e+02
7.835071563720703125e+00
1.499345245361328125e+02
1.060970211029052734e+01
8.981635570526123047e-01
1.152400493621826172e+00
1.642727905273437500e+03
2.577315429687500000e+03
9.254842529296875000e+02
3.815035400390625000e+02
3.679908370971679688e+01
1.126276626586914062e+02
3.133663177490234375e+01
1.356103973388671875e+02
1.192986392974853516e+01
2.969724273681640625e+01
3.641689300537109375e+01
1.384874267578125000e+02
4.667737960815429688e+00
3.720957040786743164e+00
8.544307708740234375e+00
1.072835083007812500e+02
3.183095092773437500e+02
5.505501098632812500e+02
5.827610015869140625e+01
1.574836134910583496e+00
3.442271423339843750e+01
1.867721557617187500e+03
7.328829956054687500e+01
1.104984474182128906e+01
1.504483222961425781e+00
2.687580871582031250e+02
2.237044372558593750e+02
2.641678710937500000e+03
1.801915645599365234e+00
5.104215698242187500e+02
2.142863464355468750e+01
8.174872070312500000e+03
8.791189575195312500e+01
8.967222571372985840e-01
3.826395263671875000e+02
1.355332565307617188e+01
4.163024520874023438e+01
5.328136230468750000e+03
5.573538970947265625e+01
1.536430954933166504e+00
2.941175537109375000e+02
3.725068115234375000e+03
2.803832769393920898e+00
2.689926452636718750e+02
2.600846862792968750e+02
1.445374450683593750e+02
6.650968170166015625e+01
3.730692863464355469e+00
7.840940356254577637e-01
1.584510922431945801e+00
1.708355468750000000e+03
5.108564758300781250e+02
2.112049255371093750e+02
2.045348052978515625e+02
1.822536468505859375e+01
8.936441040039062500e+02
4.674208164215087891e+00
6.345706939697265625e+01
3.710210084915161133e+00
7.627649784088134766e+00
4.694853591918945312e+01
3.322175979614257812e+01
4.955210208892822266e+00
1.383337116241455078e+01
